0.03482184,13.01857004,0.95412166
-2.19105456,13.41958774,0.83335532
0.01528694,12.98108116,1.08858465
-2.22130008,13.37784678,0.95880147
-4.29345724,13.81841089,0.77455569
-4.33472012,13.78281986,0.89000758
-6.31614302,14.18717439,0.82235934
-6.37040975,14.15996652,0.93871993
-8.40432594,14.47704434,1.01140754
-8.47297328,14.45344172,1.14568518
-5.92248808,35.78673310,2.52597307
-4.47407825,35.71255690,2.41424448
-5.95055774,35.86867783,2.67690815
-4.49869510,35.78711593,2.56409860
-3.12127951,35.70565460,2.31724104
-3.14079418,35.77580455,2.46498712
-1.86110172,35.71813407,2.29026295
-1.87298720,35.78971725,2.43482223
-0.61741817,35.72429238,2.33588809
-0.61880776,35.80017873,2.47629853
-10.20177062,14.79971904,1.29511443
-10.27985030,14.77634599,1.43972230
-11.95410119,15.20633145,1.58153992
-12.03552736,15.19453051,1.72111555
-13.60318515,15.73442391,1.79727677
-13.68715593,15.73059721,1.92997372
-15.16202095,16.19534054,1.91519462
-15.24505831,16.19221055,2.04186784
-11.60525143,35.44563655,2.48669747
-10.20059180,35.50756318,2.53175774
-11.65856224,35.50244238,2.62508784
-10.24752581,35.57537179,2.67144846
-8.76843798,35.53532872,2.55830070
-8.80729694,35.61113430,2.70118015
-7.33707677,35.60124354,2.55815881
-7.36864049,35.68177530,2.70521681
-16.33311110,16.80232523,1.99578599
-16.41512664,16.79991567,2.12286848
-17.42422019,17.31254676,1.97347809
-17.50588047,17.31453489,2.10517674
-18.40893095,17.82924881,1.87252673
-18.49494879,17.83980948,2.01363927
-19.29353408,18.42427789,1.70974408
-19.38500285,18.44999003,1.86231326
-19.75744466,18.99482214,1.58683232
-19.84654339,19.03301510,1.74899743
-20.24202407,19.59527983,1.44183907
-20.32568630,19.64209486,1.60646451
-20.75712555,20.23439138,1.29646713
-20.83230994,20.28558468,1.45955854
-21.28281050,20.91726244,1.16165236
-21.34787072,20.97009911,1.32360133
-15.78781924,34.39026169,2.05220057
-14.68920496,34.67909335,2.14444704
-15.85039423,34.40066319,2.17644847
-14.74568539,34.69817620,2.27164264
-13.65342638,34.95308514,2.25009613
-13.70823436,34.98289538,2.38057504
-12.63399655,35.20863721,2.37058402
-12.68819761,35.25115360,2.50469892
-21.10317799,21.86201253,1.12748317
-21.16696553,21.90687386,1.29431414
-21.00618267,22.87331743,1.04732232
-21.06554147,22.90352184,1.21869166
-21.01839353,23.98759247,0.93828057
-21.07757066,23.99904242,1.10980377
-21.14132006,25.23213568,0.86737001
-21.20710086,25.22798131,1.02059265
-20.38976739,26.27401550,0.90872040
-20.45713389,26.23761369,1.03809544
-19.68746217,27.54517033,1.04633604
-19.75898270,27.48232204,1.15365867
-18.97844230,28.98466360,1.21908670
-19.06115943,28.91486681,1.32343778
-18.21822651,30.46534262,1.35470653
-18.30891903,30.41396643,1.46844139
-17.52070913,31.48692140,1.50666518
-17.60397759,31.45169923,1.62628955
-16.86367699,32.45662523,1.66157465
-16.93814666,32.43797915,1.78258392
-16.28165063,33.41648559,1.84261711
-16.34890566,33.41252773,1.96428844
0.05425206,13.10223802,0.83156213
-2.16016611,13.53857170,0.73331297
-4.25618464,13.93299945,0.68736658
-6.27061479,14.27934384,0.73199233
-8.35339816,14.54586621,0.90112256
-5.89115987,35.70922937,2.35880169
-4.44985470,35.64543341,2.25307462
-3.10186427,35.64598310,2.15918402
-1.84691885,35.65712073,2.13454288
-0.61579499,35.65804876,2.18386564
-10.11431859,14.88343929,1.16801765
-11.86605289,15.25381691,1.44495801
-13.51650502,15.74323090,1.65480049
-15.05645541,16.22306943,1.78541517
-11.54996249,35.38374392,2.34006061
-10.14643818,35.43246450,2.38919050
-8.72772973,35.45814305,2.41195056
-7.30417768,35.52190320,2.39999074
-16.25658745,16.78923971,1.85726508
-17.33346900,17.31830724,1.83179131
-18.29675291,17.85659099,1.71329196
-19.17759623,18.44152035,1.53539358
-19.65009294,18.98369960,1.41603653
-20.11479957,19.56361159,1.28882629
-20.58269093,20.19265369,1.15907608
-21.06758342,20.87319175,1.02547138
-15.66448572,34.29339568,1.91054426
-14.59604650,34.59911586,2.00244750
-13.58511017,34.89789166,2.10986306
-12.58094046,35.16153725,2.22752216
-20.95742837,21.82339933,0.96800740
-20.90671895,22.84936037,0.88116068
-20.92515086,23.97826904,0.77734925
-21.00456949,25.22672162,0.72841899
-20.27178653,26.30335452,0.78838911
-19.54294790,27.58494180,0.94378476
-18.79429139,29.00303300,1.11264320
-18.03907595,30.44303616,1.23313144
-17.36941391,31.45868542,1.38194534
-16.75306942,32.43660135,1.53892676
-16.18670829,33.37949844,1.71594807
2.08872862,12.57793336,1.16459692
2.10005001,12.60280110,1.02206201
3.94687185,12.23464013,1.27072736
3.94997207,12.23998286,1.11514150
5.77422602,11.91160882,1.46133410
5.76294393,11.88986750,1.28789751
7.72895636,11.57590587,1.66907431
7.70193381,11.53054731,1.47058918
5.02830752,34.68077893,2.38525126
3.53036413,34.98156982,2.45188860
5.00204481,34.60518874,2.25658741
3.50219565,34.90724355,2.32770637
2.08529724,35.32171021,2.50990112
2.06228293,35.24565661,2.38343843
0.69911395,35.59454039,2.50515018
0.68769620,35.51806710,2.37097770
9.40199299,11.53591214,1.77379617
9.36414455,11.48951636,1.56089615
10.84793611,11.89791547,1.85541026
10.80088643,11.85255946,1.64806608
12.00102042,12.55950884,1.90483781
11.94961108,12.51107803,1.71335243
12.98783543,13.26798276,1.89264981
12.94395774,13.20975194,1.71224568
10.10638655,33.45797005,2.39136889
9.08568771,33.71926297,2.43418384
10.09671943,33.40291428,2.24951707
9.07684992,33.65494700,2.28622876
7.87125934,33.95132779,2.40891772
7.85929048,33.87993727,2.26159834
6.48434113,34.22001308,2.35745302
6.46551045,34.14568972,2.22026372
13.80197281,14.04573111,1.81794175
13.77546030,13.99181467,1.64074882
14.78105437,14.81263841,1.75540809
14.77907211,14.77395523,1.56968958
15.91155023,15.70225655,1.63637281
15.93176312,15.67694114,1.43513477
17.12427154,16.79045129,1.46164469
17.15968768,16.77963315,1.27170556
17.92922143,17.69874790,1.33161183
17.97384536,17.70837141,1.15224849
18.71764465,18.59133532,1.20601271
18.75543422,18.58157404,1.03239904
19.38846213,19.34301033,1.10665312
19.40899873,19.30340352,0.94411374
19.91570147,19.97381551,1.06813673
19.92288672,19.91645421,0.91582298
13.28071532,32.36832986,1.93504114
12.35815410,32.60086205,2.01900924
13.26984477,32.35893205,1.80895132
12.34952613,32.57926455,1.89334379
11.55794018,32.83266287,2.12655036
11.54932357,32.80136245,1.99774113
10.81965627,33.12061988,2.25898842
10.81041773,33.07833534,2.12446671
19.90997326,20.68744063,0.98601273
19.88115672,20.62399191,0.83432575
19.84993182,21.40215237,0.92360576
19.79480520,21.33889715,0.76972107
19.80431047,22.14676968,0.89177893
19.73170819,22.08797240,0.73192952
19.83692940,22.93959766,0.89116629
19.75617010,22.88814979,0.72161021
18.87370994,23.67144665,0.72885873
18.76577837,23.67134776,0.55749362
17.79415944,24.80155121,0.64843825
17.69165884,24.88075716,0.50212033
16.75402053,26.44770290,0.76452680
16.67263653,26.57820762,0.65958522
15.79700070,28.31028198,1.03700599
15.73682339,28.41766461,0.94616056
14.96668080,29.58529434,1.31812550
14.92385169,29.65024275,1.21481760
14.26654227,30.61836141,1.53469230
14.23901855,30.64744185,1.42194513
13.71224513,31.51301469,1.72984708
13.69448658,31.51941796,1.61152324
2.11349109,12.70376690,0.89844645
3.95929962,12.32317316,0.98166460
5.76351589,11.93375740,1.13587371
7.69460627,11.53056599,1.29142935
4.97399582,34.53419710,2.11558311
3.47489648,34.83657984,2.19318675
2.03953849,35.17665438,2.24557830
0.67419377,35.45007326,2.22675110
9.32127481,11.50408977,1.35916197
10.74729150,11.84586901,1.44149674
11.89668486,12.47534536,1.51406737
12.88864874,13.17602698,1.52292125
10.09220471,33.34801314,2.09860633
9.06500427,33.58756989,2.13494805
7.84760842,33.80930179,2.11032755
6.44747523,34.07500779,2.07378170
13.75544717,13.94519961,1.46071085
14.77712590,14.76438553,1.37096401
15.95557414,15.70893306,1.20467687
17.20403524,16.84604211,1.05971983
18.00800404,17.75907674,0.96571805
18.73710227,18.57480606,0.86603509
19.32838820,19.25726817,0.78609087
19.80561951,19.85668029,0.75087810
13.21101527,32.27884512,1.66798460
12.31897249,32.50915697,1.75244052
11.53820088,32.75372453,1.85923517
10.81057779,33.03741540,1.98054412
19.76951176,20.56128208,0.67021253
19.68988991,21.28027010,0.61175007
19.61659866,22.03631763,0.56893167
19.59410797,22.84592155,0.54206579
18.59477806,23.69313618,0.38117134
17.50010744,24.99820394,0.36792905
16.46798915,26.74151712,0.57617010
15.57202518,28.51145388,0.86107847
14.80887722,29.68349582,1.11169539
14.18169781,30.65162688,1.30840717
13.65874463,31.49679382,1.48773439
-1.77611444,35.25156602,1.32442833
-0.57574469,35.21356551,1.37993334
-1.70949639,35.14284155,0.73454921
-0.52073404,35.07369433,0.78226483
0.67384999,34.98439333,1.44141159
0.71269565,34.82232167,0.83218636
-3.01289990,35.26393197,1.34432684
-2.93553500,35.17869900,0.75759110
2.00291801,34.70535701,1.47891444
2.02519655,34.53710930,0.85697741
-4.35661799,35.24834712,1.43155452
-4.27198771,35.16318191,0.85170273
3.42818679,34.37415490,1.43708166
3.44494585,34.21654830,0.81291760
-5.80151502,35.26259967,1.52623020
-5.71946641,35.15194979,0.94741007
4.95055756,34.08029749,1.34499373
4.98321382,33.94054200,0.72568264
-7.21929959,35.03590938,1.57749571
-7.15081536,34.87093300,0.99165413
6.47546123,33.62121523,1.29333482
6.54300392,33.46325004,0.68967651
-8.63147267,34.95511926,1.61849781
-8.56623634,34.74470183,1.04403608
7.92772933,33.35735189,1.30167284
8.04044922,33.18468389,0.69764802
-10.03111349,34.93267589,1.62770509
-9.96068238,34.69373414,1.07599692
9.17949585,33.16131730,1.32346750
9.33076176,32.99870316,0.71607245
-11.41956337,34.90213681,1.59928466
-11.34425423,34.64894069,1.07071715
10.23244622,32.96992671,1.31201967
10.42135039,32.83799936,0.71314000
-12.45342210,34.72012003,1.51220482
-12.38307546,34.47569791,1.00508409
10.97790818,32.71791181,1.23707878
11.19843710,32.61998340,0.65999044
-13.46941510,34.49723781,1.41952371
-13.41033009,34.26487265,0.93128262
11.74060558,32.48940067,1.15311476
11.99791040,32.41811746,0.59897528
-14.49245540,34.23418797,1.33543699
-14.44370278,34.01136448,0.86216565
12.56285759,32.28721836,1.07471858
12.85974018,32.22504253,0.54227214
-15.56342057,33.95245062,1.26808671
-15.51532150,33.73138140,0.80692954
13.49440022,32.08085546,1.01254364
13.82603146,32.00635443,0.50712908
-16.11132409,33.11917912,1.11447111
-16.07460901,32.93347308,0.67974208
13.94193473,31.35600432,0.90666590
14.26036356,31.28940222,0.46184807
-16.69244237,32.25099925,0.96816161
-16.66423524,32.10589787,0.55544111
14.46284537,30.56978400,0.78844076
14.76465845,30.52288911,0.40041504
-17.30996251,31.34765336,0.83536489
-17.28256812,31.24578937,0.43744535
15.08200291,29.66731386,0.64192593
15.36233310,29.65275060,0.30494111
-17.96961799,30.40476696,0.71509118
-17.93297913,30.34826777,0.33128768
15.82045900,28.57712181,0.44024375
16.06757469,28.61651383,0.14779224
-18.71525878,29.05889069,0.63150614
-18.66253471,29.07126149,0.26932136
16.64514689,26.91403280,0.16360783
16.83873108,27.04150339,-0.09794302
-19.48168981,27.67786957,0.49168384
-19.42817923,27.74036769,0.16466528
17.57913044,25.18231399,-0.11558624
17.70745875,25.36176756,-0.39041310
-20.22954413,26.37185313,0.31916444
-20.18703583,26.44310373,0.00596930
18.57267645,23.73899309,-0.21997599
18.62760399,23.87737761,-0.57361513
-20.97546735,25.22752143,0.18886120
-20.93785120,25.27099437,-0.14750366
19.53355492,22.71744982,-0.10999804
19.52559097,22.74161894,-0.55378738
-20.91407851,23.91608715,0.14649073
-20.89131312,23.93022624,-0.24695072
19.52522278,21.84726569,-0.05646760
19.47118326,21.80975692,-0.51628178
-20.90493883,22.71677420,0.20603337
-20.89768585,22.68656785,-0.25172035
19.59633737,21.04541677,0.03563042
19.51060347,20.95108984,-0.41016839
-20.95108910,21.61819594,0.30635689
-20.95219959,21.53660420,-0.17741637
19.71164070,20.30618508,0.13654552
19.62198360,20.16949062,-0.27163903
-21.05704765,20.61380796,0.38819997
-21.05795310,20.47418258,-0.08770587
19.81608716,19.60434651,0.24234180
19.75714120,19.44940683,-0.13365077
-20.55295762,19.91263347,0.52781308
-20.53947751,19.74561918,0.05684725
19.36139281,19.04330676,0.27248459
19.29397039,18.90060653,-0.09648281
-20.06764517,19.26924605,0.65705064
-20.04227482,19.08516341,0.19249661
18.85072843,18.44583630,0.33430460
18.80942775,18.33922365,-0.03546457
-19.58996936,18.67728728,0.77615132
-19.55539073,18.47740322,0.31074111
18.21232470,17.75334803,0.42405585
18.24676336,17.72777173,0.04790138
-19.10921941,18.13467862,0.89355772
-19.06833733,17.91687395,0.41553724
17.44206499,16.91102931,0.51607334
17.54770833,16.99032921,0.14187981
-18.21940249,17.56835849,1.07793782
-18.16783083,17.34294566,0.57506046
16.16407135,15.71178142,0.60508907
16.27999813,15.84068909,0.22086023
-2.10083704,13.34994980,0.29930949
0.08097906,12.91832823,0.36684740
-2.04953437,13.25350373,-0.01078070
0.09743271,12.82958860,0.02938230
-17.25666286,17.05116615,1.22968834
-17.19809234,16.83147519,0.71716815
2.12857630,12.52103823,0.41502559
2.12898747,12.44257651,0.06241771
14.93015482,14.70853070,0.76109860
15.03822573,14.78093420,0.33289160
-4.17689918,13.73000950,0.28032561
-4.10853872,13.62135827,-0.00927301
-16.18034388,16.53259679,1.29582353
-16.11469838,16.32290193,0.79360268
3.97998688,12.13169196,0.48422903
3.98571817,12.06294396,0.12452188
13.82355052,13.82114997,0.89000611
13.87792343,13.87324085,0.46515265
-6.18020472,14.06202362,0.32871733
-6.10531278,13.93991594,0.04261694
-14.97468849,15.96616416,1.24969662
-14.89712730,15.76728029,0.76745944
5.78316409,11.71605661,0.61774378
5.79241877,11.65463667,0.25044950
12.89345688,12.98535451,0.96355714
12.89248826,12.96987063,0.54937431
-8.24916112,14.32082540,0.46370334
-8.16356608,14.18649223,0.15630788
-13.41807341,15.49287642,1.12022299
-13.32202330,15.31728002,0.66155243
7.69357797,11.28540834,0.73231330
7.68280465,11.23507962,0.35079308
11.86274321,12.28678824,0.95293954
11.82350025,12.25496502,0.54728222
-10.00079294,14.66208758,0.68147638
-9.90335588,14.52482598,0.33154234
-11.75662600,15.02191076,0.92328901
-11.65417146,14.87264247,0.51703617
9.29429388,11.29816607,0.78470577
9.25274092,11.28131447,0.39995403
10.70477575,11.66284651,0.87204122
10.65012854,11.64585018,0.47816059
-1.60932906,35.28092308,-0.00996441
-0.40331236,35.19468863,0.02295102
0.84311931,34.93018815,0.04534424
-2.84185463,35.33340513,0.01798494
2.16333972,34.65281030,0.04163277
-4.16613350,35.32463507,0.12677884
3.58527269,34.35319481,-0.00179889
-5.60043125,35.31379994,0.24677381
5.12987662,34.10881743,-0.05302144
-7.04035635,34.97600715,0.29727576
6.69759658,33.58761480,-0.06052202
-8.47329472,34.77047739,0.34267973
8.22760972,33.27742184,-0.04879449
-9.88013661,34.64145724,0.38741647
9.56115260,33.08844800,-0.04394464
-11.27212561,34.53443577,0.40982327
10.71032195,32.94631858,-0.05864893
-12.32359436,34.33237598,0.37500973
11.53672851,32.73318325,-0.09813472
-13.36940058,34.10572794,0.32737767
12.38938633,32.52217993,-0.13709515
-14.41887370,33.83971830,0.27620373
13.30309045,32.29462555,-0.16003551
-15.49266446,33.54081785,0.23258957
14.31045242,32.02205825,-0.15479728
-16.05388007,32.74513980,0.13127045
14.73471268,31.25567243,-0.13464995
-16.64285785,31.93422077,0.02927976
15.21648292,30.47643956,-0.12599587
-17.25850991,31.10678900,-0.07266028
15.77709722,29.62700573,-0.15322489
-17.89840250,30.25493004,-0.16850710
16.42875109,28.65074835,-0.24326687
-18.60316762,29.05451861,-0.21878003
17.13179921,27.19479376,-0.42700518
-19.34904726,27.79218323,-0.28152332
17.92431547,25.61205558,-0.70106320
-20.11127940,26.53164642,-0.39789728
18.76467405,24.13231563,-0.93924692
-20.86570465,25.34981756,-0.55004753
19.58521915,22.90680658,-1.03538413
-20.83705592,23.99762451,-0.68339872
19.46149388,21.88957436,-1.05913376
-20.86174814,22.71526685,-0.76581959
19.42838705,20.94300066,-0.98477477
-20.93813077,21.51388457,-0.76344167
19.49200773,20.08229442,-0.83116016
-21.05724732,20.38470514,-0.69951678
19.62285620,19.30655643,-0.64503355
-20.52220273,19.60810613,-0.56150521
19.12803612,18.75574745,-0.58588410
-20.00810703,18.91430603,-0.41475664
18.64687371,18.21704362,-0.51231781
-19.50910514,18.28324759,-0.28577545
18.13892702,17.66749819,-0.42601363
-19.01387288,17.69828721,-0.18281589
17.54778877,17.05699429,-0.32969582
-18.09989184,17.09425221,-0.06134592
16.35194803,16.08987627,-0.23597695
-1.97111690,13.17430540,-0.41812619
0.12523739,12.76207461,-0.41333597
-17.11549412,16.56565023,0.02666071
2.13082672,12.39734670,-0.39912951
15.13125742,15.01065632,-0.15303367
-4.00829392,13.53255875,-0.39198017
-16.01189603,16.06297260,0.07225232
3.99369578,12.04978292,-0.34367294
13.94170619,14.08768042,-0.05908768
-6.00071576,13.83741927,-0.33430013
-14.76812283,15.53321611,0.05580099
5.80580197,11.68410103,-0.22228730
12.87980302,13.16227500,0.02129000
-8.04707750,14.06456183,-0.24004567
-13.16906359,15.13238419,0.01649783
7.66351483,11.31848769,-0.12353102
11.75346349,12.40455085,0.03384489
-9.76802405,14.39484941,-0.11597617
-11.50179592,14.72828900,-0.01870401
9.18402856,11.41566154,-0.06921632
10.55928271,11.78713972,-0.00873422
-1.47489530,35.80180528,-0.91134938
-0.18414986,35.73431755,-0.90086131
1.13508079,35.47842032,-0.90506424
-2.77609310,35.84428929,-0.87803074
2.50120764,35.22056559,-0.91907215
-4.12393179,35.82479611,-0.77235035
3.92451764,34.94386170,-0.92863005
-5.53950225,35.81564169,-0.63671998
5.43536628,34.74748729,-0.92148231
-6.94220687,35.44250533,-0.55487225
6.94333525,34.22699295,-0.90894181
-8.37059895,35.19030941,-0.49369194
8.43800486,33.90884056,-0.90767725
-9.79646487,34.99584091,-0.43574991
9.79502231,33.69987010,-0.93181045
-11.21650611,34.81043117,-0.38286587
11.02343735,33.52809095,-0.96606123
-12.29502155,34.52957539,-0.37777553
11.92085073,33.25277608,-0.99725734
-13.37239071,34.23102438,-0.39203156
12.84159303,32.96689342,-1.01117888
-14.44863417,33.90286512,-0.42423363
13.81446647,32.65341201,-1.00384308
-15.53156661,33.54567690,-0.46212595
14.86619036,32.29071305,-0.96657485
-16.07767245,32.66797586,-0.54780817
15.28833167,31.37059134,-0.90788438
-16.64956256,31.81298941,-0.63120190
15.76697187,30.49495633,-0.83586629
-17.24672376,30.97178327,-0.72043160
16.30234715,29.62280549,-0.78591322
-17.86702766,30.13506748,-0.81202546
16.89793697,28.69367668,-0.79422686
-18.54465495,28.99997495,-0.86862609
17.52821378,27.36099377,-0.88755237
-19.24965589,27.81598210,-0.90726935
18.23841218,25.91792118,-1.09820267
-19.98506033,26.61262428,-0.96709021
18.99610317,24.50603047,-1.34476018
-20.73328010,25.44952966,-1.07487324
19.74384455,23.24930707,-1.52806568
-20.73160413,24.11799451,-1.19636421
19.56239930,22.15641160,-1.61538330
-20.76779339,22.82029658,-1.32149053
19.43519086,21.10790812,-1.63161186
-20.86273323,21.58128847,-1.40887277
19.39057008,20.13294344,-1.54201429
-21.01200426,20.40210173,-1.42998994
19.44312503,19.25350822,-1.35524529
-20.47980514,19.58531927,-1.33619425
18.88163509,18.67167799,-1.26398163
-19.95070105,18.84108153,-1.20552043
18.36277907,18.12443294,-1.15624525
-19.43301364,18.16963319,-1.06211192
17.87101884,17.60193594,-1.04638411
-18.92390980,17.55607137,-0.93714800
17.35670646,17.06835271,-0.93978070
-17.99192952,16.92869455,-0.80589511
16.30499110,16.34083468,-0.82191524
-1.85029560,13.12510532,-0.98048244
0.18693392,12.72180646,-1.01163581
-16.99053782,16.36996278,-0.75737572
2.16290286,12.39162859,-1.01466874
15.15485502,15.41714931,-0.70842021
-3.86431140,13.48763708,-0.92836892
-15.86230196,15.85131750,-0.77172413
4.03630804,12.10093661,-0.96602415
13.98922698,14.47623910,-0.63811574
-5.85911968,13.79071263,-0.86427714
-14.58745180,15.34071824,-0.80632880
5.85495442,11.81965714,-0.85157696
12.86330453,13.60769897,-0.60201044
-7.89993317,14.00379590,-0.78322894
-12.97095604,14.99657182,-0.76642693
7.66423127,11.56989907,-0.74004181
11.66088237,12.86279692,-0.59610041
-9.60153886,14.32149949,-0.70374609
-11.31023478,14.63795278,-0.68958461
9.11603063,11.75529717,-0.66980976
10.44898662,12.19400563,-0.62017719
-1.34525809,36.39958371,-1.87879921
0.02971343,36.33881929,-1.88834741
1.42107491,36.08572358,-1.92950361
-2.72692103,36.45195839,-1.84191033
2.82929443,35.83287402,-1.96301289
-4.13557025,36.45613806,-1.76256912
4.25984814,35.57298526,-1.95604869
-5.58185881,36.46690806,-1.67017897
5.74612288,35.41836001,-1.91084295
-6.97292374,36.06131402,-1.63803646
7.19743780,34.94352247,-1.91088405
-8.38053843,35.77457617,-1.57491808
8.64070659,34.63442642,-1.91997857
-9.79816865,35.54965852,-1.47775273
10.01524088,34.39530196,-1.93994032
-11.23114314,35.34306615,-1.36630673
11.32894841,34.17481730,-1.95309573
-12.32912706,35.03674937,-1.30135619
12.30225807,33.84236815,-1.96346787
-13.44117168,34.71395100,-1.26070540
13.29459301,33.49414404,-1.95751900
-14.55705177,34.35649773,-1.25475385
14.33278970,33.12090552,-1.93625817
-15.66787395,33.96581949,-1.27816529
15.44396125,32.71597871,-1.89562196
-16.18809852,32.95011093,-1.36450419
15.85315455,31.70462641,-1.86535503
-16.72380610,31.95602658,-1.44709232
16.31010938,30.71682455,-1.78070796
-17.27992238,31.00301641,-1.53263350
16.82549001,29.76134464,-1.67072270
-17.86016237,30.09680536,-1.62270574
17.39403840,28.82168326,-1.58433827
-18.49837959,28.94579530,-1.70473029
17.98920080,27.57168519,-1.56178846
-19.16271284,27.81260148,-1.75762130
18.62982219,26.26502633,-1.67120414
-19.84201890,26.67388521,-1.78812051
19.30543671,24.95738738,-1.86476269
-20.54383460,25.54617913,-1.83463221
19.98648907,23.73415684,-2.06954832
-20.55578123,24.26127626,-1.88205602
19.77310060,22.60426527,-2.18597929
-20.59866057,22.98298236,-1.98031290
19.59208816,21.48840171,-2.26596050
-20.68932489,21.73648362,-2.10679388
19.44885347,20.41211250,-2.28394633
-20.84175598,20.53516504,-2.21888508
19.36260019,19.40443129,-2.20908789
-20.34240441,19.71593035,-2.19997705
18.71538741,18.77214309,-2.12998970
-19.82649399,18.94872573,-2.14179439
18.12385663,18.18187316,-2.01207275
-19.30276440,18.24025274,-2.04587589
17.58365078,17.62899104,-1.87823665
-18.77719691,17.58990709,-1.92845149
17.07012284,17.09240466,-1.74768164
-17.81670180,16.93854778,-1.75448937
16.13604688,16.45787193,-1.61573076
-1.68649943,13.10130370,-1.80130583
0.29630423,12.70785588,-1.85384346
-16.79171411,16.37093825,-1.65651777
2.24635393,12.42003250,-1.86593682
15.11323238,15.75338595,-1.47898587
-3.67857167,13.47750624,-1.73249208
-15.64858190,15.83882550,-1.65305036
4.13601528,12.20225051,-1.82734426
14.01219425,14.93764521,-1.34520613
-5.68015664,13.79494001,-1.66656824
-14.37252440,15.31373898,-1.68246036
5.96853618,12.02576226,-1.72964881
12.88430613,14.09650048,-1.29963121
-7.72550634,14.01627300,-1.59234733
-12.76885282,14.97064229,-1.63326218
7.73111300,11.93211691,-1.59943152
11.62099138,13.43023131,-1.33629148
-9.42148271,14.32763049,-1.53789997
-11.11655407,14.63147408,-1.54536536
9.10402446,12.24794135,-1.49171384
10.38448366,12.77511161,-1.40160190
-1.17347541,36.94984972,-2.79951372
0.25416423,36.90205570,-2.77250383
1.69762262,36.65196006,-2.82463983
-2.59932907,37.00133821,-2.82098086
3.14760907,36.40243110,-2.87926911
-4.05098078,37.01308735,-2.79717044
4.60237149,36.15619424,-2.88505410
-5.54108792,37.04145928,-2.74131081
6.10119782,36.03898188,-2.82995718
-6.97428351,36.62799278,-2.76437004
7.53159315,35.56074861,-2.84950802
-8.42524325,36.34973120,-2.75862155
8.95910544,35.23537760,-2.85239721
-9.87978178,36.13849087,-2.69242718
10.35397369,34.98009349,-2.84763732
-11.33742458,35.92336865,-2.56132747
11.72870089,34.74206618,-2.83456210
-12.43655538,35.55977386,-2.45285234
12.74817789,34.36406360,-2.84573835
-13.54987587,35.18785597,-2.36498967
13.79024427,33.96565330,-2.84920881
-14.68057194,34.82399190,-2.31795295
14.88112732,33.54879799,-2.84555752
-15.81581065,34.46667071,-2.30074548
16.04654960,33.12349189,-2.82542942
-16.33435717,33.46100829,-2.37843835
16.44651296,32.06014474,-2.88435313
-16.85866582,32.45355720,-2.45502580
16.88072232,31.03824731,-2.87356065
-17.38244781,31.43230348,-2.54027017
17.34944891,30.04954654,-2.79676677
-17.91147513,30.41219570,-2.63185028
17.86109813,29.08589268,-2.67495253
-18.48121211,29.11381205,-2.73864875
18.41499005,27.86350282,-2.54323382
-19.10467167,27.89586724,-2.82440913
19.02326841,26.65651025,-2.49945106
-19.76211877,26.75374740,-2.87968616
19.65260857,25.45415748,-2.56746815
-20.41858975,25.65306190,-2.90670588
20.28240311,24.28547685,-2.71200831
-20.36988802,24.40759907,-2.85676209
20.03172449,23.13970798,-2.83528965
-20.37250637,23.15429154,-2.86796171
19.82158067,22.00607541,-2.94426330
-20.43102485,21.92287786,-2.95313602
19.64801684,20.89129991,-3.01595830
-20.54864778,20.72651065,-3.09034276
19.49741426,19.80755559,-3.03585737
-20.06845604,19.92787574,-3.11212051
18.79737217,19.13062462,-2.99515922
-19.57349872,19.16636134,-3.12562398
18.13906590,18.49102794,-2.93189379
-19.06460091,18.45055650,-3.12201326
17.53300262,17.88993480,-2.84279637
-18.54198805,17.78421659,-3.09893299
16.96830395,17.31278928,-2.73655567
-17.56623099,17.09531028,-3.01831087
16.04568518,16.65546262,-2.61430819
-1.51207208,13.06605509,-2.99082984
0.44085499,12.69942217,-3.04026184
-16.51586543,16.49533667,-2.94285692
2.36813854,12.44239917,-3.07725630
15.09830693,15.96572785,-2.53706357
-3.48675184,13.42566303,-2.93443024
-15.35911969,15.93267410,-2.90876533
4.24930771,12.29329355,-3.08658477
14.08405836,15.24057252,-2.46255016
-5.48121273,13.72899824,-2.89941811
-14.09660492,15.35922913,-2.91196276
6.06743379,12.25075724,-3.02241622
12.99798411,14.47373182,-2.37546652
-7.51875547,13.93988995,-2.87585338
-12.52683277,14.93627455,-2.90306335
7.80596234,12.30838687,-2.85285565
11.72491601,13.82764868,-2.39429039
-9.20898849,14.23964083,-2.86267844
-10.89509624,14.54926280,-2.86981395
9.15795313,12.69106595,-2.67243938
10.44905492,13.21152064,-2.50393900
-0.98711463,37.36160738,-3.41311744
0.47010255,37.30431680,-3.34168196
1.94495028,37.04910073,-3.38366638
-2.43620092,37.43509782,-3.51031699
3.42122655,36.80116990,-3.44847647
-3.91679549,37.46737610,-3.54944071
4.89267228,36.57314808,-3.45766282
-5.44243798,37.50586595,-3.52876326
6.40684561,36.49274236,-3.39687310
-6.91496319,37.07894297,-3.56330945
7.83740998,36.03299851,-3.39883040
-8.39982669,36.78040659,-3.54451266
9.27386089,35.71624317,-3.38351199
-9.88054794,36.55354353,-3.46213772
10.69582747,35.46841832,-3.36800805
-11.36102147,36.34098566,-3.32874263
12.10880239,35.22370857,-3.35531556
-12.47702468,35.97234888,-3.21893376
13.14865192,34.81375791,-3.36901319
-13.59491046,35.57626737,-3.11078325
14.20930859,34.37558779,-3.38504963
-14.72755229,35.17516614,-3.03802163
15.31598277,33.91476544,-3.40185591
-15.87055792,34.79186095,-3.00346734
16.49220045,33.44938808,-3.41604087
-16.38914628,33.74443677,-3.09469790
16.87647418,32.35703657,-3.50871360
-16.91401140,32.73137354,-3.17736381
17.28425020,31.29594423,-3.55157037
-17.43763123,31.73266055,-3.25950303
17.72147280,30.27543061,-3.52640986
-17.95669291,30.73204067,-3.34402924
18.19337900,29.29726547,-3.43331920
-18.48631352,29.41576713,-3.46524346
18.68446619,28.07507871,-3.30092002
-19.05777951,28.12093084,-3.56259403
19.24219714,26.89358517,-3.17884569
-19.69475575,26.89991115,-3.63770624
19.84441871,25.74060406,-3.14013693
-20.37101498,25.76155219,-3.68578092
20.45995946,24.61509484,-3.19797127
-20.31016666,24.51602815,-3.60334410
20.19751490,23.47946447,-3.29776616
-20.26004989,23.26864500,-3.55813522
19.96722854,22.34500593,-3.41271133
-20.26532524,22.03599081,-3.58812745
19.77356199,21.22492035,-3.50869756
-20.33954444,20.83766288,-3.69851859
19.61490081,20.13094270,-3.56095867
-19.85233302,20.05149369,-3.72121628
18.92704499,19.44763973,-3.52774599
-19.35878256,19.29695956,-3.76059309
18.26537047,18.79016250,-3.48211897
-18.85507588,18.57899713,-3.80317027
17.63987154,18.16683642,-3.42801381
-18.33615115,17.90228893,-3.84179160
17.04689034,17.57090430,-3.36156534
-17.35768665,17.18963392,-3.84432517
16.10152471,16.90983230,-3.27277577
-1.38368607,13.07218534,-3.74587982
0.55191732,12.73186238,-3.80482358
-16.29212853,16.56195177,-3.83932574
2.46157587,12.50110267,-3.88761417
15.14333290,16.22932047,-3.23128332
-3.34253623,13.41221759,-3.70508387
-15.12238181,15.96988425,-3.85068460
4.32821736,12.39943176,-3.96358026
14.14021228,15.50808938,-3.23581749
-5.32186205,13.69677837,-3.71581799
-13.86036901,15.36043287,-3.88687449
6.13277732,12.44036102,-3.94839845
13.08312255,14.74719465,-3.25615355
-7.34281190,13.87866369,-3.78725605
-12.30198112,14.89111153,-3.90954701
7.86323277,12.58399826,-3.79582161
11.81899405,14.12779248,-3.32078268
-9.01552627,14.16232805,-3.84691648
-10.68485894,14.47090678,-3.89509157
9.21986277,13.00787372,-3.60644939
10.52755638,13.53031735,-3.43407445
-0.83279447,37.62241496,-3.92732256
0.64868100,37.55295411,-3.84011791
2.14772878,37.29593020,-3.87141276
-2.30195108,37.71415511,-4.04854370
3.64576792,37.05681907,-3.93280654
-3.80040709,37.76679236,-4.09503886
5.13488941,36.85661491,-3.93377497
-5.34230205,37.81471417,-4.07356627
6.66464488,36.80809349,-3.86571521
-6.83421883,37.39487091,-4.11673630
8.09607904,36.36976512,-3.83537290
-8.33625921,37.08929621,-4.10149267
9.53994465,36.05959902,-3.80472727
-9.82702961,36.84521972,-4.00752375
10.97914350,35.80727673,-3.78834773
-11.31318240,36.61664445,-3.85339295
12.41078018,35.53995448,-3.78371246
-12.44369675,36.24437086,-3.73740797
13.45686919,35.10487543,-3.79455481
-13.57519436,35.84730314,-3.63058937
14.52013850,34.63749852,-3.81248252
-14.71627174,35.43981115,-3.54682410
15.62509250,34.14482422,-3.83973910
-15.87189901,35.04916744,-3.49977257
16.79409412,33.64933766,-3.87581062
-16.40617341,33.98506502,-3.58386947
17.18034369,32.56704818,-3.96507180
-16.93600912,32.94323283,-3.67622619
17.58353344,31.50326608,-4.01863163
-17.46038026,31.92768936,-3.76387565
18.00455409,30.46778669,-4.02059331
-17.97780465,30.92795740,-3.84588732
18.44885203,29.46936145,-3.95719068
-18.49295687,29.63134648,-3.97441092
18.90269051,28.24110397,-3.85058957
-19.02752514,28.33618722,-4.07756406
19.40861201,27.05923101,-3.70613302
-19.62016523,27.07248914,-4.15690369
19.97062666,25.91857001,-3.60423631
-20.28469201,25.88398402,-4.21719889
20.56711326,24.81371071,-3.59039919
-20.25623318,24.61104359,-4.14182883
20.29636291,23.69339430,-3.65528133
-20.20571539,23.35908989,-4.07172834
20.05948020,22.56967358,-3.75459240
-20.17489436,22.12140233,-4.06274241
19.85401061,21.45190135,-3.85913351
-20.20589143,20.91386854,-4.13919202
19.68299118,20.35557061,-3.93414977
-19.70242309,20.13054754,-4.15028047
19.00436871,19.67433578,-3.92065925
-19.20033787,19.37707836,-4.19394491
18.35834663,19.01470523,-3.87983680
-18.69270120,18.65627373,-4.25717671
17.73830303,18.38277614,-3.83338589
-18.17179517,17.97178637,-4.33083851
17.13952405,17.77823830,-3.78701998
-17.19101126,17.24334545,-4.38785080
16.18136854,17.11719199,-3.72445867
-1.28509701,13.11263880,-4.22613069
0.63421089,12.79321855,-4.30448330
-16.11507812,16.59718903,-4.43327466
2.52821100,12.58831336,-4.43401055
15.20132923,16.45457412,-3.70302157
-3.22807064,13.44089958,-4.18671256
-14.93276024,15.99097341,-4.48527552
4.38182605,12.52381844,-4.55685262
14.17619934,15.75815470,-3.73276095
-5.19166551,13.71932295,-4.22503967
-13.66254695,15.37320771,-4.55137437
6.17526853,12.61913630,-4.56596810
13.10793348,15.01536775,-3.80074252
-7.19402815,13.89169608,-4.36067503
-12.10209435,14.90563881,-4.58101991
7.89561729,12.81884609,-4.42757941
11.84223429,14.40649862,-3.91687464
-8.84560423,14.17536848,-4.47324945
-10.49366462,14.48591645,-4.55894070
9.24523756,13.27620460,-4.24157539
10.55124662,13.81079867,-4.06328080
-0.71761811,37.77277577,-4.39485842
0.78573833,37.69452518,-4.31836837
2.30453540,37.44037782,-4.34094547
-2.20527577,37.87717359,-4.49965109
3.82043926,37.21677004,-4.39177437
-3.71456665,37.94559904,-4.51864800
5.32610753,37.04557068,-4.37685129
-5.26036235,38.00104629,-4.47605464
6.86768418,37.01851626,-4.29674146
-6.75624083,37.58630055,-4.50522028
8.30054613,36.59496721,-4.22883751
-8.26290062,37.27508889,-4.49741575
9.74819616,36.28432015,-4.18225714
-9.75834029,37.02284471,-4.42224583
11.19557118,36.01752278,-4.16469638
-11.24571745,36.78567731,-4.26888376
12.63351895,35.72244901,-4.16437036
-12.38309127,36.41297228,-4.13458116
13.67956453,35.26861763,-4.16759488
-13.52511083,36.02063828,-4.02067951
14.73868218,34.78217485,-4.17936549
-14.67674930,35.61633501,-3.93350362
15.83489425,34.27169456,-4.20777013
-15.84369139,35.22608433,-3.88189151
16.99083493,33.76081764,-4.25296034
-16.39651866,34.16553643,-3.94513840
17.38244568,32.69638751,-4.32444239
-16.94018971,33.11939082,-4.03148403
17.78988981,31.64406818,-4.37396796
-17.46998625,32.08809460,-4.12358785
18.20982174,30.61178425,-4.38130278
-17.98745382,31.07423327,-4.20807008
18.64392388,29.60792129,-4.33200633
-18.49624772,29.77945273,-4.33975115
19.07534089,28.37204382,-4.25272337
-19.01157067,28.49056911,-4.44471102
19.54992437,27.18800214,-4.10918397
-19.56657879,27.21964752,-4.52571132
20.07283036,26.04483408,-3.97200191
-20.19777286,25.99981130,-4.58736812
20.64299911,24.94513721,-3.90680504
-20.18101476,24.69729539,-4.52561434
20.35975346,23.83397526,-3.93803239
-20.15667145,23.43298604,-4.44880985
20.11690331,22.72097008,-4.01639569
-20.11958273,22.19001968,-4.41578118
19.90631690,21.61005578,-4.11698237
-20.12258727,20.97453851,-4.46533320
19.72715288,20.51433079,-4.20294571
-19.60082466,20.19062074,-4.46155960
19.05019539,19.83607777,-4.21260213
-19.08761654,19.43529694,-4.49973546
18.41150010,19.17573619,-4.18622402
-18.57264971,18.71181234,-4.57066963
17.80205136,18.54149745,-4.14395121
-18.04665578,18.02178480,-4.66050247
17.20812154,17.93335872,-4.10155252
-17.06141322,17.28468506,-4.74844055
16.24703140,17.27244986,-4.05708090
-1.21316860,13.15876121,-4.58733897
0.69280687,12.85314459,-4.68644196
-15.97821054,16.62817290,-4.82724594
2.57372816,12.66842270,-4.85254590
15.25312565,16.62200858,-4.04747778
-3.14273634,13.48100351,-4.54149870
-14.78761345,16.01582491,-4.90907507
4.41527524,12.63403214,-4.99287258
14.20602349,15.94841582,-4.08619986
-5.09272797,13.75850449,-4.59176411
-13.50964499,15.40054601,-4.99591947
6.19670585,12.76922285,-4.99311455
13.11625554,15.22827980,-4.16845638
-7.07868176,13.93035826,-4.75901758
-11.94390939,14.94934683,-5.02724516
7.90480227,13.00790358,-4.84827326
11.83883043,14.63151070,-4.30261163
-8.71155314,14.22190784,-4.89821438
-10.34088951,14.53836856,-4.99957234
9.24542081,13.48871692,-4.65744519
10.54635743,14.03540588,-4.46927933
-0.63786868,37.85961385,-4.81184139
0.88282549,37.77720026,-4.76281352
2.41699820,37.53051503,-4.78288522
-2.14024110,37.97240494,-4.88233337
3.94720223,37.32570642,-4.82340416
-3.65526961,38.05412047,-4.86688852
5.46673439,37.17883332,-4.78797638
-5.19931148,38.11798480,-4.80246771
7.01633234,37.16399696,-4.69172293
-6.69195324,37.70766374,-4.81204590
8.45167197,36.74689808,-4.58255190
-8.19627731,37.38841314,-4.80562097
9.90107005,36.42925850,-4.51492864
-9.69206382,37.12510043,-4.74987112
11.35132375,36.14533978,-4.49111056
-11.18047693,36.88207632,-4.61744933
12.79016578,35.82552608,-4.49030581
-12.32165199,36.51404065,-4.46716158
13.83540095,35.35875159,-4.48408448
-13.46988971,36.12840098,-4.33680173
14.88994740,34.86107255,-4.48824220
-14.62896797,35.73051054,-4.24177034
15.97719971,34.34137590,-4.51186789
-15.80491741,35.34416910,-4.18535048
17.12050619,33.82336245,-4.55819587
-16.37435579,34.29302804,-4.22464464
17.51630323,32.77528412,-4.61247965
-16.93140927,33.25027901,-4.29823798
17.92893745,31.73570882,-4.65117092
-17.47080225,32.21690233,-4.38750940
18.35313292,30.71196099,-4.65647207
-17.99122377,31.19258831,-4.47454525
18.78620720,29.71057916,-4.61066498
-18.49670851,29.89182208,-4.61002773
19.20860051,28.47509873,-4.54983432
-19.00156258,28.60320324,-4.71412542
19.66420081,27.28714557,-4.41634515
-19.53281874,27.33097046,-4.79379267
20.16115805,26.14271183,-4.26252957
-20.13078686,26.09721019,-4.85539489
20.70382485,25.03950161,-4.16046008
-20.10604135,24.77238758,-4.80238553
20.40505238,23.93210231,-4.16422195
-20.10364687,23.49412997,-4.72645588
20.15532333,22.82663403,-4.22062857
-20.07607628,22.24540815,-4.68019127
19.94038627,21.72186364,-4.31111578
-20.06672465,21.02390761,-4.70970280
19.75657263,20.62906323,-4.40174259
-19.53160791,20.23968378,-4.69344536
19.07970893,19.95407635,-4.42930426
-19.00712818,19.48255208,-4.72399570
18.44358558,19.29416771,-4.41945530
-18.48449277,18.75589238,-4.79328439
17.83903903,18.65796423,-4.38588458
-17.95289180,18.06144608,-4.88940417
17.25186097,18.04798964,-4.34569163
-16.96246884,17.31978065,-4.99424548
16.29308362,17.38711941,-4.30841289
-1.16146242,13.20059958,-4.87976988
0.73407938,12.90343090,-4.99693115
-15.87362236,16.65762417,-5.09342867
2.60503059,12.73478518,-5.17963957
15.29184198,16.74488538,-4.30722918
-3.08008200,13.52080178,-4.82429673
-14.67766500,16.04258512,-5.19470263
4.43750003,12.72589243,-5.31658807
14.23018270,16.08733504,-4.35026064
-5.01900582,13.79972447,-4.87433446
-13.39411506,15.43267654,-5.29731012
6.20948105,12.88968999,-5.29772159
13.12233763,15.38594526,-4.43621410
-6.99149676,13.97474851,-5.05221128
-11.82407952,14.99833369,-5.33023107
7.90682564,13.15491824,-5.13980370
11.83266549,14.80160039,-4.57673303
-8.60971189,14.27513996,-5.19905008
-10.22476240,14.59716846,-5.30281148
9.23977134,13.65227520,-4.94418225
10.53690204,14.20683420,-4.75058726
-1.81879171,35.45138788,1.78226028
-0.60223858,35.43769532,1.83630263
0.66862507,35.22330886,1.89150431
-3.06546252,35.44812287,1.80268478
2.01721512,34.94842475,1.92336496
-4.41135405,35.43931865,1.89194903
3.44825835,34.61142367,1.87692006
-5.85353177,35.48107947,1.99363470
4.95741248,34.30996776,1.79193095
-7.26701688,35.28201454,2.04152495
6.45229638,33.85309903,1.73982001
-8.68413894,35.21674553,2.06716730
7.87262883,33.59010349,1.76188028
-10.09348901,35.19817718,2.05688896
9.10186320,33.38105301,1.78411183
-11.48976621,35.16274356,2.01471169
10.13620456,33.16234965,1.75927364
-12.52162007,34.96159808,1.91209449
10.86350934,32.87768026,1.66081206
-13.53050580,34.71834525,1.80596428
11.60341948,32.61868986,1.55684875
-14.54640955,34.43758533,1.70928658
12.39930873,32.39507915,1.46217875
-15.61599679,34.14393549,1.62974818
13.30611471,32.17966020,1.38680638
-16.14972154,33.26735477,1.45260947
13.75735301,31.42759889,1.23550623
-16.72275896,32.35943378,1.28906683
14.28268758,30.61236350,1.07975124
-17.33971942,31.41599849,1.14342330
14.90912554,29.67637833,0.90289019
-18.00549736,30.43248627,1.00815765
15.66446928,28.54143843,0.67215022
-18.75920878,29.03203544,0.90386827
16.52937000,26.81514519,0.38538519
-19.51749556,27.62412468,0.74381455
17.51794389,25.06581896,0.13824643
-20.25509689,26.32646289,0.57507512
18.57175953,23.68981231,0.10545317
-20.99464119,25.21608670,0.47911878
19.56404737,22.76758238,0.25626349
-20.92189249,23.93859656,0.49147967
19.57820722,21.93591694,0.29970763
-20.90548798,22.77795603,0.58348594
19.65625984,21.16554880,0.36522033
-20.95226392,21.72228914,0.68238582
19.75556316,20.44238242,0.43959234
-21.06064515,20.75333048,0.75013387
19.82441626,19.74278228,0.52872576
-20.56726255,20.06597293,0.88595514
19.36326923,19.16373241,0.55940354
-20.09138088,19.43182603,1.01390291
18.81115306,18.52282156,0.62926327
-19.62123377,18.84942884,1.13891809
18.11454354,17.75798139,0.72550208
-19.14535471,18.31083470,1.26063703
17.31616391,16.86114542,0.81673818
0.06710428,13.01298151,0.62823142
-2.13574415,13.44842562,0.54193091
-18.26171361,17.73720757,1.44756607
2.12294870,12.61340953,0.68734374
16.04924573,15.68645512,0.93455335
-4.22378847,13.83735211,0.50743897
-17.30013729,17.20887669,1.58561143
3.97077182,12.22603010,0.76366437
14.84181377,14.71831556,1.10580140
-6.23319055,14.17843163,0.55357714
-16.22461051,16.68336191,1.62930920
5.77325749,11.82060610,0.90718276
13.78347994,13.86582023,1.21533880
-8.31019788,14.44324100,0.70740508
-15.02311735,16.11535203,1.56645136
7.69622240,11.40019220,1.04159191
12.89064898,13.07601281,1.28094612
-10.06812280,14.78409909,0.95514060
-13.47741044,15.63520990,1.43405383
9.31420695,11.38984938,1.10136868
11.88437517,12.37714985,1.26920128
-11.82283014,15.15102657,1.22378852
10.73349680,11.74633154,1.18902311
-0.58593435,37.91131091,-5.16956017
0.94693444,37.82897133,-5.15543628
2.49258454,37.59173757,-5.17897259
-2.09861523,38.02888990,-5.20027494
4.03438257,37.40392714,-5.20890658
-3.61636025,38.12154760,-5.15408064
5.56543335,37.27534856,-5.15194330
-5.15668587,38.19441942,-5.07382174
7.12028806,37.26653201,-5.03543688
-6.64315317,37.78899181,-5.06449679
8.55807582,36.85176582,-4.88949789
-8.14222546,37.46228618,-5.05693549
10.00792129,36.52555859,-4.79827184
-9.63539035,37.18666473,-5.01762743
11.45845213,36.22540172,-4.76388869
-11.12407458,36.93449275,-4.90926774
12.89638170,35.88644066,-4.75881781
-12.26840005,36.57111102,-4.75138108
13.94193313,35.41053883,-4.74288752
-13.42022181,36.19389598,-4.60169217
14.99389574,34.90621561,-4.73990771
-14.58393501,35.80343926,-4.49405883
16.07467046,34.38236016,-4.75903597
-15.76557943,35.42187645,-4.43018915
17.20808878,33.86165316,-4.80486264
-16.34817961,34.38200592,-4.44467533
17.60650753,32.82483061,-4.84055206
-16.91711231,33.34508420,-4.50355925
18.02306615,31.79572866,-4.86923024
-17.46544604,32.31378307,-4.58755003
18.45239913,30.78063211,-4.86924581
-17.99097542,31.28634278,-4.67387080
18.88788192,29.78419093,-4.82270767
-18.49507768,29.98011274,-4.81418520
19.30834295,28.55326577,-4.77213784
-18.99393284,28.68831288,-4.91570707
19.75355826,27.36344593,-4.64950599
-19.51075879,27.41463707,-4.99266569
20.23385777,26.21770571,-4.48996974
-20.08339385,26.17448487,-5.05341057
20.75549178,25.11146966,-4.36304262
-20.04402905,24.83579719,-5.00802837
20.43959635,24.00314117,-4.34308014
-20.05075535,23.54461099,-4.93274898
20.18257109,22.90268877,-4.38048565
-20.03811710,22.29001995,-4.87895112
19.96351938,21.80289639,-4.46018101
-20.02542968,21.06376331,-4.89394983
19.77658026,20.71298446,-4.55010210
-19.48263948,20.27882244,-4.86576772
19.09941300,20.04146249,-4.59132089
-18.94948831,19.52057770,-4.88865991
18.46394250,19.38231928,-4.59487191
-18.41969553,18.79179383,-4.95599617
17.86147379,18.74477774,-4.57106843
-17.88252889,18.09457353,-5.05471041
17.27770526,18.13295329,-4.53543458
0.76362474,12.94505575,-5.24365304
-1.12400452,13.23636592,-5.11621043
-16.88741336,17.34978145,-5.16759630
2.62729091,12.78949463,-5.43003707
16.32331090,17.47203121,-4.50206119
-3.03422549,13.55557993,-5.04989849
-15.79415550,16.68400065,-5.27816868
4.45338953,12.79920390,-5.55615747
15.31868685,16.83508601,-4.50468402
-4.96414034,13.83747284,-5.09514391
-14.59450250,16.06819366,-5.39416699
6.21851457,12.98301798,-5.52077662
14.24765954,16.18938407,-4.55089324
-6.92596512,14.01620630,-5.27208138
-13.30718033,15.46277691,-5.50663338
7.90779265,13.26686710,-5.35215011
13.12748196,15.50173159,-4.63752104
-8.53324004,14.32394307,-5.41783914
-11.73442488,15.04257166,-5.54320048
9.23501946,13.77570380,-5.15323171
11.82848257,14.92778473,-4.78063095
-10.13813843,14.64952250,-5.51758814
10.52952197,14.33550182,-4.95708069
