0.00238929,13.64545957,2.82679231
-1.14566719,13.75592817,2.81858147
-0.02094327,13.50035506,2.99428504
-1.17023434,13.61264265,2.98435458
-2.33489788,13.84488595,2.81087975
-2.35989733,13.70336885,2.97956074
-3.55763021,13.84935078,2.81035381
-3.58263834,13.71107097,2.97893554
-4.81723999,13.74612986,2.81153761
-4.84263317,13.61358579,2.97922878
-4.34059504,32.70466313,2.52859584
-3.14219173,32.79728222,2.52489428
-4.39199971,32.69287218,2.78724401
-3.19435404,32.79263892,2.78420354
-2.03333464,32.85621100,2.51647707
-2.08224348,32.85631944,2.76485171
-1.00149715,32.90154253,2.51743084
-1.04481566,32.90068511,2.74993647
-0.03369804,32.95157599,2.53608849
-0.07165926,32.94615390,2.75848309
-5.90651980,13.72951349,2.78668909
-5.93460520,13.60376562,2.95583752
-7.00289400,13.62250264,2.77229793
-7.03419205,13.50606837,2.94546329
-8.09076252,13.43830444,2.78377677
-8.12418169,13.33459054,2.95853368
-9.15562766,13.20135837,2.82154795
-9.19065220,13.10925647,3.00230270
-9.21058772,31.07556131,2.57687445
-7.99844884,31.46566833,2.54029788
-9.25904113,31.01897604,2.80129195
-8.04580624,31.42207799,2.77759872
-6.76626482,31.83918883,2.52095295
-6.81378773,31.81009844,2.76774398
-5.53234763,32.25030387,2.51600893
-5.58205296,32.23108613,2.77307118
-10.03478681,13.43159032,2.85932361
-10.07253799,13.34239175,3.04735752
-10.85054539,13.66369014,2.89595590
-10.89229511,13.57353345,3.09560505
-11.60474978,13.92516830,2.92293749
-11.65528105,13.82651010,3.13673368
-12.36643130,14.18220743,2.95429602
-12.43060525,14.07071040,3.18396172
-12.89282958,14.52331118,2.96701294
-12.96756183,14.40431279,3.21015276
-13.49194645,14.82534294,2.99387045
-13.57819321,14.69742541,3.24724624
-14.19399140,15.06455462,3.02965753
-14.28961779,14.93207915,3.28510888
-15.02947505,15.24625473,3.05483159
-15.13056932,15.11381170,3.30708434
-13.19884075,29.23140397,2.69595368
-12.05453672,29.70791626,2.61573834
-13.25099320,29.12972566,2.91747714
-12.10940733,29.61954562,2.83871691
-11.04160940,30.18084332,2.56507897
-11.09581492,30.10245230,2.79028574
-10.10309191,30.63838672,2.55173783
-10.15484447,30.57049778,2.77711597
-15.35370678,16.37296514,2.98096056
-15.46329555,16.23857623,3.24705807
-15.74461791,17.47742412,2.92587092
-15.86395168,17.34020630,3.20704464
-16.21106705,18.56788340,2.88996770
-16.33965113,18.43105213,3.16974779
-16.76138555,19.64582955,2.86201576
-16.89667664,19.50879879,3.13950322
-16.12834741,21.29030273,2.67754160
-16.25954944,21.15291523,2.97869870
-15.60620810,22.82466717,2.52417828
-15.72858103,22.69180280,2.83607449
-15.17135454,24.24975190,2.43233693
-15.28202935,24.12691783,2.72962092
-14.77775313,25.59549769,2.36683478
-14.87841653,25.47939607,2.65412599
-14.37709858,26.53885970,2.49841891
-14.46399025,26.42838324,2.76285017
-13.97515821,27.45627891,2.59317687
-14.04811721,27.34952505,2.83816788
-13.59111668,28.35620791,2.65886638
-13.65136472,28.25212921,2.88965263
0.02232325,13.78782846,2.65711878
-1.12389781,13.89467449,2.65078894
-2.31285418,13.97537225,2.64678949
-3.53491419,13.97842636,2.64472478
-4.79298700,13.87161697,2.64308535
-4.28781012,32.71054265,2.24769459
-3.09091408,32.79485224,2.24956172
-1.98633842,32.84957902,2.25498620
-0.95975826,32.89640499,2.26866896
0.00173222,32.95348296,2.30304082
-5.87855751,13.85250139,2.61367447
-6.97168885,13.73407675,2.59708801
-8.05626283,13.53478349,2.60085290
-9.11977399,13.28521662,2.63158262
-9.16149726,31.13533926,2.33966395
-7.95184989,31.51323202,2.28999638
-6.71702432,31.86853699,2.25280160
-5.48094914,32.26685473,2.23609781
-9.99798091,13.50996490,2.66401388
-10.80986294,13.74524698,2.69166310
-11.55963758,14.01101951,2.70367185
-12.31140319,14.27868291,2.71758075
-12.82609819,14.63122442,2.71776367
-13.41324442,14.94103413,2.73319371
-14.11150092,15.18553615,2.76418081
-14.94645008,15.36657702,2.79561264
-13.15190975,29.34202625,2.46233758
-12.00497055,29.80321711,2.38511547
-10.98867870,30.26363728,2.33186040
-10.05564433,30.71330815,2.31873990
-15.24755435,16.50459169,2.70657505
-15.62102712,17.61727838,2.63389827
-16.07903032,18.70862180,2.58770844
-16.63043385,19.78302218,2.56903174
-15.99343412,21.42994552,2.35269926
-15.48821385,22.95569178,2.20021508
-15.06653625,24.37436208,2.11511312
-14.68129434,25.71417097,2.06767396
-14.29465028,26.65307431,2.22290692
-13.90798310,27.56724501,2.33797587
-13.52628103,28.46299172,2.41656985
1.07325989,13.35394150,3.03153928
1.09402980,13.49258553,2.86372226
2.11029184,13.23758203,3.07806355
2.12758382,13.36767197,2.90579441
3.08262031,13.11445601,3.13321420
3.09559648,13.23615464,2.95734231
3.98768612,12.95936585,3.21230601
3.99666390,13.07366869,3.03001034
3.48824613,32.84569742,2.86578292
2.62927864,32.81058363,2.81241762
3.50114322,32.89697281,2.65404783
2.64863299,32.84828340,2.59842279
1.76030616,32.81786911,2.76898219
1.78583329,32.84265619,2.55462752
0.86376402,32.86586869,2.75539379
0.89578967,32.87957321,2.53525760
4.71869536,12.95252990,3.26816037
4.72306359,13.05991449,3.08197241
5.40631392,12.89854276,3.33423359
5.40667597,12.99595390,3.14903101
6.05662055,12.78648468,3.41915690
6.05378256,12.87520709,3.22770647
6.67962126,12.60807050,3.51911905
6.67377444,12.68827164,3.32394373
6.91437299,31.57123018,3.06962553
6.00268952,31.94047393,2.98484742
6.89653785,31.65658476,2.85014523
5.99367475,32.02214102,2.76542700
5.13993720,32.27023946,2.93202979
5.13882805,32.34438241,2.71334995
4.30801794,32.56147035,2.89900142
4.31425231,32.62652635,2.68031272
7.22799385,12.82810314,3.60666155
7.21830931,12.90417739,3.40567755
7.78451349,13.00007432,3.69309845
7.76977147,13.07453629,3.48883537
8.36942486,13.14868107,3.78251761
8.34744893,13.22547019,3.56935369
9.01119810,13.28812198,3.87258013
8.98120485,13.36589662,3.65256629
9.46316191,13.58167009,3.90248123
9.42925261,13.65632479,3.67605876
9.96940062,13.88237414,3.94512307
9.93057058,13.95546980,3.70757559
10.55782347,14.18166490,3.99936369
10.51399062,14.25384299,3.75952930
11.28511518,14.47074501,4.08623990
11.23519213,14.54485136,3.84353648
10.06255845,29.70623335,3.30706334
9.14358382,30.21563916,3.20887757
10.02234185,29.80933794,3.08734398
9.10655072,30.31234427,2.99253635
8.35362405,30.70488856,3.13132153
8.32347215,30.79857444,2.91584831
7.61827926,31.15509949,3.08385503
7.59438422,31.24581145,2.86514029
11.61125313,15.63787085,4.05368298
11.55268660,15.71484550,3.80222096
12.02194630,16.80419283,4.06367426
11.95470354,16.88457647,3.80416539
12.52756515,17.97867113,4.09532839
12.44998462,18.06254668,3.83847979
13.13803350,19.16555531,4.13626354
13.05245423,19.25432545,3.87875686
12.54449934,20.83518723,3.93620932
12.45665728,20.92127899,3.66871886
12.01607958,22.46063880,3.73202457
11.92853563,22.54484975,3.45777144
11.57477743,24.03718874,3.50824489
11.48978135,24.11992370,3.23539883
11.21562532,25.56536447,3.28492257
11.13576869,25.64813733,3.02757053
10.87487689,26.66770590,3.28090111
10.80195672,26.75637026,3.03394838
10.57488039,27.72633533,3.27363281
10.51281396,27.81987624,3.04151503
10.31555602,28.74300302,3.28111714
10.26575806,28.84079791,3.05892096
1.11098354,13.62823980,2.69181891
2.14038351,13.49309917,2.73135312
3.10429570,13.35285421,2.78130588
4.00153560,13.18229765,2.84829541
3.51261187,32.95018152,2.43577655
2.66600558,32.88851592,2.37673656
1.80862439,32.86720918,2.33408662
0.92491602,32.89128586,2.30823980
4.72400785,13.16477241,2.89417434
5.40437873,13.09173087,2.95831592
6.04909026,12.95753322,3.03574697
6.66725973,12.76210513,3.12626899
6.87971777,31.74587468,2.62997008
5.98625512,32.11224015,2.53838185
5.13795267,32.42539138,2.48626160
4.31997982,32.69595251,2.45670723
7.20953963,12.97215818,3.20279119
7.75656827,13.14344256,3.27723021
8.33073054,13.29142319,3.34898373
8.95932468,13.43196693,3.42186618
9.40312449,13.72224182,3.44173905
9.90172280,14.01658242,3.46711414
10.48583799,14.31458755,3.51224206
11.20496838,14.60871257,3.59058295
9.99046041,29.91685076,2.87123471
9.07517892,30.41468602,2.77436542
8.29596629,30.89653287,2.69663293
7.57502182,31.34251283,2.64753551
11.50426741,15.78699824,3.54100750
11.88969194,16.96426694,3.53938477
12.37674129,18.14621426,3.56923137
12.97790376,19.34158295,3.61397094
12.37111793,21.00681093,3.38962045
11.85097586,22.62788054,3.17256643
11.41724594,24.20206831,2.95913476
11.06541281,25.73181807,2.76333434
10.73776134,26.84549848,2.78423469
10.45816666,27.91527564,2.80428038
10.21343832,28.93882708,2.83249681
-0.94255196,13.82761543,-6.46409092
-1.78969189,13.85646847,-6.49351350
-0.95354864,14.03287163,-6.10848660
-1.80137610,14.06234148,-6.14060118
-2.62791612,13.83794293,-6.51171153
-2.63860851,14.04512147,-6.16103793
-3.46270873,13.78178155,-6.52706914
-3.47067855,13.98533347,-6.17885424
-4.30260226,13.68684635,-6.55288335
-4.30574115,13.88380610,-6.20932951
-0.09971556,14.06395545,-6.06803204
-0.08951917,13.85924123,-6.42835609
0.74688929,14.05509386,-6.04432312
0.75756701,13.85100058,-6.40891832
1.57742442,14.02196518,-6.03804355
1.59093431,13.82200402,-6.40604087
2.40143689,13.96976714,-6.05056702
2.41910878,13.77633963,-6.42052626
-0.49987986,33.82944239,-9.24237349
-1.38712552,33.57892004,-9.24653161
-0.51070798,33.86682255,-8.92631378
-1.39592191,33.61732317,-8.92660336
-2.26154855,33.36201529,-9.28434886
-2.26801700,33.40165760,-8.96047789
-3.14676490,33.17201512,-9.34602357
-3.15046067,33.21404521,-9.02400754
-4.07839778,33.01506006,-9.43701646
-4.07852538,33.06056764,-9.11916399
0.38029919,33.75813252,-8.83883192
0.39276616,33.72208545,-9.15588512
1.30278701,33.68515896,-8.77450525
1.31668236,33.64876032,-9.09448524
2.28022418,33.64068814,-8.74307191
2.29404621,33.59994526,-9.06559989
3.34002706,33.62247205,-8.75808553
3.35241057,33.57286502,-9.08125188
-5.03969132,13.91356598,-6.56924021
-5.03661126,14.09957399,-6.22264436
-5.78457186,14.11998238,-6.60503855
-5.77412336,14.29242600,-6.25628546
-6.55486579,14.32374891,-6.65713405
-6.53745898,14.47897162,-6.30565665
-7.37386324,14.52815643,-6.74753174
-7.34990888,14.66906376,-6.38869978
3.13486605,14.24735667,-6.02858217
3.15605171,14.06295151,-6.40894289
3.87708836,14.51023859,-6.02351319
3.90097881,14.33582395,-6.41184470
4.62879895,14.75966347,-6.03301851
4.65431722,14.59769967,-6.42545083
5.38377312,14.99133739,-6.05625820
5.41105300,14.84183855,-6.44891810
-5.04682351,32.53028913,-9.40296256
-5.04289528,32.58172723,-9.08920389
-6.10180866,32.07826977,-9.41204612
-6.09378959,32.13901757,-9.10118131
-7.27188953,31.63528387,-9.43620987
-7.26076191,31.70946529,-9.12905652
-8.60080216,31.15788257,-9.44822486
-8.58650301,31.24864557,-9.13722411
4.40043263,33.22078887,-8.63963000
4.41123837,33.15759745,-8.96907209
5.51878350,32.78567403,-8.53649785
5.53031190,32.71182600,-8.87011899
6.69469854,32.27489092,-8.47315792
6.71072674,32.19774373,-8.80636996
7.97215108,31.67964294,-8.44023018
7.99670323,31.60648174,-8.76719849
-8.22157523,14.92693386,-6.90288792
-8.19313126,15.05856359,-6.52887737
-9.13918081,15.32435408,-7.12500236
-9.10767517,15.45132628,-6.73562322
-10.13185641,15.72990846,-7.36883286
-10.09875037,15.85495668,-6.96527356
-11.21417319,16.13712862,-7.60681312
-11.17776415,16.26357139,-7.18707650
6.12101270,15.39170070,-6.09943371
6.15063292,15.25359888,-6.49637267
6.86799477,15.75969994,-6.19395063
6.90254919,15.63264007,-6.58561902
7.64450341,16.09710349,-6.33917431
7.68885231,15.98118591,-6.72222133
8.48462103,16.39985737,-6.53590836
8.54624298,16.29613333,-6.90511237
-11.20528502,29.37257553,-9.50660495
-10.47908258,29.86685027,-9.44375719
-11.19996703,29.48739466,-9.17984154
-10.46921277,29.97934676,-9.11788611
-9.80665670,30.32745022,-9.41675562
-9.79456901,30.43491063,-9.09544294
-9.18290380,30.75671925,-9.42113263
-9.16927323,30.85653615,-9.10473281
10.30703681,29.74878570,-8.34472879
9.64489605,30.25446824,-8.32598591
10.33832981,29.68469716,-8.66170022
9.67492556,30.18696358,-8.64817593
9.04708901,30.74547257,-8.34719680
9.07501870,30.67523749,-8.67151181
8.49381567,31.22043583,-8.39002836
8.51981850,31.14838650,-8.71592000
-11.77097630,16.58378640,-7.75121333
-11.73608713,16.70689233,-7.31676021
-12.37918719,16.99904425,-7.93555168
-12.34255354,17.11871837,-7.49711867
-13.05291339,17.37440491,-8.16149674
-13.01226674,17.48528613,-7.74109595
-13.79979262,17.71066749,-8.40977504
-13.75478283,17.80444404,-8.03108687
8.93750843,16.79177442,-6.64380460
9.00896868,16.69881549,-7.01236007
9.44169581,17.16173604,-6.77649765
9.52680795,17.07961337,-7.14231618
10.02977000,17.50682094,-6.94667936
10.13294604,17.43777193,-7.30316487
10.74431181,17.83059313,-7.16262889
10.86529878,17.77606382,-7.49937057
-13.80180844,18.63032432,-8.55094102
-13.74876830,18.72700755,-8.15442156
-13.83354959,19.54490852,-8.68237135
-13.77278932,19.64365340,-8.27469891
-13.89511223,20.45184430,-8.80857669
-13.82793065,20.55128652,-8.39433839
-13.98717286,21.34774177,-8.93679175
-13.91470249,21.44673219,-8.52213550
10.84243106,18.76410299,-7.26413342
10.97521624,18.70890360,-7.61449139
10.99071914,19.68292084,-7.38808041
11.13515623,19.62880953,-7.74648443
11.19621610,20.58764500,-7.53763525
11.34997024,20.53653081,-7.89884281
11.45955457,21.48349452,-7.70937141
11.61923361,21.43693259,-8.06679579
-13.57002728,22.63939784,-8.93488688
-13.50394699,22.74543080,-8.49097453
-13.19371575,23.89315204,-8.94119287
-13.13548224,24.00211563,-8.49430406
-12.85760055,25.09673859,-8.99503150
-12.80449202,25.20600209,-8.56400506
-12.55212415,26.24756224,-9.10894067
-12.50445105,26.35702235,-8.70517717
11.25171161,22.75909764,-7.75937625
11.39979987,22.71328868,-8.13364186
11.10676917,24.00795034,-7.81718804
11.24048547,23.96326168,-8.19718092
11.01378302,25.22682422,-7.89102997
11.13279389,25.18288851,-8.26895563
10.96298768,26.41802271,-7.99377912
11.06577231,26.37314787,-8.35971115
-12.18920553,27.07013037,-9.16641795
-12.15147184,27.18139316,-8.78308331
-11.84270995,27.86395306,-9.25597893
-11.81641548,27.97671768,-8.89308221
-11.51337580,28.63058410,-9.36990216
-11.49868136,28.74491182,-9.02603610
10.77906771,27.27324186,-8.03496003
10.86263182,27.22477370,-8.39117868
10.61096466,28.11274385,-8.10966968
10.67512158,28.05975474,-8.45407385
10.45422408,28.93729225,-8.21447806
10.50007386,28.87911163,-8.54465316
3.33245229,33.68543041,-8.42927314
4.39463195,33.29754744,-8.30447199
5.51230586,32.87372252,-8.19595379
6.68398138,32.36620919,-8.13208947
7.95402521,31.76560973,-8.10560941
2.38702793,14.14655021,-5.65483132
3.11793880,14.41423685,-5.62223606
3.85841429,14.66547921,-5.61037227
4.60946600,14.90135702,-5.61725984
5.36360469,15.12075377,-5.64087779
10.28378172,29.82340027,-8.02245785
9.62311015,30.33287442,-7.99865977
9.02645385,30.82722004,-8.01667979
8.47478548,31.30499156,-8.05752447
8.43820477,16.49055329,-6.14200161
8.88217817,16.87373051,-6.24895140
9.37325238,17.23511903,-6.38315346
9.94240647,17.57273107,-6.55723976
10.63643270,17.88586275,-6.78858606
10.72030423,18.82248504,-6.87327199
10.85577950,19.74230612,-6.98564465
11.04932609,20.64597631,-7.13185766
11.30490711,21.53838373,-7.30909146
-13.72331604,17.90080909,-7.61233255
-13.70890066,18.82906522,-7.71274172
-13.72568307,19.74925260,-7.81778587
-13.77436472,20.65828859,-7.93414747
-13.85466001,21.55457575,-8.06599504
11.10958900,22.81402823,-7.34776112
10.97985100,24.06106189,-7.40517751
10.90441702,25.27896344,-7.49141078
10.86918767,26.47077102,-7.61172181
-13.45201566,22.85861858,-8.01195398
-13.09030149,24.11593183,-8.02129806
-12.76392637,25.31982759,-8.11870016
-12.46664223,26.47257719,-8.29137971
10.70548785,27.33052578,-7.66733232
10.55603421,28.17493775,-7.75722162
10.41642775,29.00566175,-7.87700444
-12.12272421,27.29991457,-8.39162628
-11.79789910,28.09790668,-8.52233110
-11.49141487,28.86824848,-8.67553042
-11.20181810,29.61299936,-8.84564066
-0.51893616,33.91796225,-8.60681815
0.37121574,33.80730967,-8.51788476
1.29328003,33.73396680,-8.45065563
2.27118866,33.69454824,-8.41668806
-0.96275450,14.22033397,-5.73000954
-0.10776094,14.25084685,-5.68389748
0.73832904,14.24170843,-5.65516877
1.56651474,14.20462170,-5.64509131
-1.81138138,14.25177170,-5.76466742
-2.64801382,14.23562216,-5.78751957
-3.47801650,14.17231515,-5.80886187
-4.30955045,14.06440544,-5.84399271
-1.40303551,33.66935945,-8.60284817
-2.27388804,33.45397034,-8.63305397
-3.15492772,33.26874078,-8.69686799
-4.08065217,33.11683098,-8.79771612
-5.04178896,32.64351869,-8.77130099
-6.09018325,32.20877933,-8.78629575
-7.25502545,31.79249764,-8.81606140
-8.57902687,31.34869632,-8.81971150
-5.03538293,14.26924128,-5.85472827
-5.76723917,14.44705327,-5.88814852
-6.52532617,14.61681965,-5.93464759
-7.33333286,14.79211505,-6.01023590
6.10041968,15.50839304,-5.68463518
6.84429799,15.86694916,-5.78291166
7.61328528,16.19572598,-5.93631510
-8.17462161,15.17087781,-6.13385039
-9.08862612,15.55950826,-6.32248315
-10.08006466,15.96241825,-6.53429340
-11.15957454,16.37405323,-6.73784444
-11.71987616,16.81681942,-6.84938243
-12.32544544,17.22977628,-7.02044270
-12.98804997,17.59392904,-7.27821906
-10.46646759,30.10173795,-8.78552855
-9.78946395,30.55201491,-8.76626649
-9.16296830,30.96595211,-8.78179976
1.03771234,33.54350072,-0.83163076
0.14705124,33.51602248,-0.96806821
1.04619583,33.14458326,0.70847963
0.14700370,33.13739014,0.62193731
-0.77051738,33.34066534,-1.14705542
-0.78689794,32.99596012,0.47048960
1.91047677,33.64444616,-0.71181292
1.91424744,33.20629114,0.78555891
-1.72956679,33.22324427,-1.32346269
-1.77659880,32.89639711,0.31158941
2.77742803,33.82500003,-0.61086947
2.76344379,33.32510684,0.85587312
-2.75384680,33.15596945,-1.47262657
-2.84488308,32.83248878,0.17290509
3.65161554,34.06730932,-0.52334864
3.60837208,33.48838535,0.92121320
-3.87912811,33.12795951,-1.56005152
-4.02359732,32.79229809,0.10019923
-5.04253480,32.76286602,-1.53714376
-5.22852028,32.41392638,0.11217595
4.48285294,33.93249309,-0.45872760
4.41210371,33.30566057,0.94790348
5.33299968,33.73896634,-0.38612148
5.22867026,33.08240428,0.98714772
-6.30307500,32.49173877,-1.41249654
-6.50206252,32.11670786,0.23901705
-7.61650755,32.31201202,-1.19285946
-7.78610471,31.87882625,0.44163422
6.21614675,33.44147527,-0.28449797
6.07395428,32.78165810,1.06409969
-8.91896904,32.10747628,-0.94903789
-9.03504785,31.59353016,0.64012894
7.14134040,33.03658034,-0.14976019
6.95845177,32.39575780,1.18911090
-9.74284926,31.79025059,-0.87027215
-9.88470338,31.22876502,0.68025733
7.76559455,32.60336992,-0.11115896
7.59719656,31.98188759,1.22644410
-10.60570580,31.43858608,-0.80833213
-10.76984115,30.83015327,0.72468301
8.41491954,32.11912551,-0.07124476
8.25520858,31.52000632,1.28107276
-11.56693485,31.09265534,-0.76134343
-11.74240998,30.42695268,0.78234101
9.13538012,31.60309854,-0.02999030
8.96981822,31.02211304,1.35431011
-12.69921737,30.78576544,-0.72743574
-12.86086776,30.04155278,0.84657159
10.02945013,31.10590887,0.02702818
9.83571483,30.52388318,1.44746483
10.29362641,30.05909962,-0.05096427
10.05295440,29.51933908,1.38168275
-13.04234405,29.85357633,-0.81287595
-13.20892703,29.16360369,0.75673585
-13.40952645,28.89358213,-0.92989178
-13.56580902,28.26371883,0.62735162
10.60865188,28.97064199,-0.14375980
10.31101940,28.46753753,1.30894380
0.94675716,34.07565224,-2.10706663
0.05334219,34.08642393,-2.23655147
-0.85716807,33.90536795,-2.36496949
-1.79577516,33.77847615,-2.48513464
1.83477909,34.14915063,-1.98570337
2.73192985,34.32225483,-1.87175404
-2.78370607,33.69701263,-2.58441842
-3.85486556,33.65461636,-2.65353511
3.65101483,34.58288233,-1.76860156
-4.95941935,33.25819563,-2.62766911
4.52960777,34.45279046,-1.66043085
-13.80746135,27.90729869,-1.07651469
-13.93497303,27.34142339,0.45744027
10.98262591,27.84763867,-0.25182926
10.62857295,27.37207776,1.22551785
5.43608900,34.25900078,-1.55710181
-6.17270977,32.95302113,-2.54191743
-7.47629252,32.75052115,-2.38865820
6.38639328,33.94742314,-1.44938679
-8.81084985,32.55529714,-2.20705792
7.39211095,33.51286944,-1.33865608
11.41152970,26.69381861,-0.36352214
11.01659035,26.23696589,1.13184514
-14.24027950,26.89414693,-1.24507645
-14.32050934,26.38983484,0.25198583
-9.60697964,32.24857699,-2.14381949
8.02405000,33.05285723,-1.31800634
-10.44747921,31.91380108,-2.10525769
8.69337025,32.54195911,-1.31233728
11.75671900,25.10256824,-0.35678464
11.35894955,24.67697452,1.20153474
-14.61200704,25.47284668,-1.31820826
-14.65485336,25.03848319,0.18751404
-15.01526179,24.01393739,-1.35061997
-15.02219734,23.62755357,0.17678683
12.13092091,23.48700447,-0.28921641
11.75854789,23.08829643,1.32779642
-11.39679057,31.58917955,-2.09301646
9.45138424,32.00421010,-1.31607831
12.51573928,21.85875517,-0.12744808
12.20726206,21.47542818,1.53387265
-15.44185809,22.51023258,-1.28988603
-15.44320220,22.13990779,0.28526272
-12.53551542,31.31436037,-2.11715086
10.39592923,31.50352790,-1.31995054
-15.88753704,20.96141254,-1.09532856
-15.94852744,20.55439405,0.56221845
12.90065235,20.22440276,0.13517495
12.70414971,19.83648126,1.82323411
-12.88161498,30.34105845,-2.15986253
10.67072371,30.43616639,-1.37060166
12.42239027,18.91645088,0.11288307
12.18463350,18.59232863,1.75344429
-15.47069176,19.79106614,-1.02968199
-15.46807568,19.44725683,0.57895208
-15.12015972,18.61919518,-0.89281232
-15.08159317,18.31908378,0.68107660
12.01653341,17.62927665,0.15299651
11.76605705,17.36124594,1.74193176
-13.26020514,29.34084946,-2.22195692
10.98252877,29.33434086,-1.42680773
0.81858759,34.52636932,-3.14712083
-0.07962413,34.58038261,-3.25285752
-0.98581749,34.38723555,-3.32687572
1.72173414,34.55339530,-3.04264224
-1.90808195,34.24098285,-3.39696210
-14.82730849,17.44809363,-0.70646556
-14.77226822,17.17312850,0.84508837
11.67339491,16.36909391,0.25209136
11.42610123,16.14463389,1.79784554
2.64707121,34.68575089,-2.94027663
-2.86615188,34.13704253,-3.46464642
-13.67562153,28.31578648,-2.30288900
11.33141799,28.20446490,-1.48854816
3.60977504,34.92407888,-2.84386044
-3.89145536,34.07180563,-3.53194884
-4.94333390,33.64434303,-3.51312336
4.53885397,34.77157316,-2.70656114
11.38709255,15.14493737,0.40179723
11.15115254,14.94675050,1.92080900
-14.58823258,16.27864160,-0.49406014
-14.52929983,16.00943096,1.04324163
-6.10444014,33.30397359,-3.46685432
5.50451745,34.55793749,-2.58571390
6.52377033,34.21806219,-2.48199178
-7.37677974,33.06162893,-3.37776587
11.71041828,27.05007101,-1.54528315
-14.12855733,27.26685877,-2.39360720
10.67573360,14.71985361,0.40868675
10.46165521,14.58482787,1.88358923
-13.83874038,15.88018622,-0.44754957
-13.77459766,15.70925127,1.02691243
-8.71850791,32.84063146,-3.26914015
7.61211500,33.74148876,-2.40578831
10.05950736,14.34961082,0.46534590
9.88314711,14.25033305,1.90004671
-13.17880339,15.45853101,-0.35527655
-13.13978558,15.35412160,1.05945579
-9.47544476,32.52151572,-3.22935727
8.24368928,33.25348814,-2.40199700
-12.59302337,15.02473539,-0.22954244
-12.59510509,14.96157207,1.12920482
9.51641090,14.02456600,0.54431173
9.38172201,13.94144832,1.93482125
-14.52776015,25.80854118,-2.39458531
11.99509743,25.46163834,-1.50261289
9.02924548,13.73347670,0.62759393
8.93395522,13.65120194,1.97465317
-12.05880311,14.59811501,-0.09488377
-12.10434224,14.55753541,1.21790070
8.92050001,32.71777536,-2.42158651
-10.27947680,32.17592376,-3.21619454
8.30510126,13.64134447,0.69837992
8.28411116,13.53196159,1.97037048
-11.20452668,14.28698669,0.07657935
-11.34272274,14.25493313,1.31568010
12.30544662,23.84930846,-1.41919560
-14.95872940,24.32531646,-2.37608066
-10.35079697,14.06079240,0.22025054
-10.56667998,13.99912349,1.39257009
7.65051425,13.56937756,0.76047544
7.69206638,13.41913546,1.95977181
9.69143188,32.16144582,-2.46333362
-11.18803754,31.83328096,-3.24217150
-9.46283296,13.91502486,0.33075711
-9.72780646,13.80252617,1.43664227
7.03573147,13.48418508,0.80826020
7.12921684,13.28868163,1.93991023
-15.40457798,22.81086591,-2.31121652
12.63214511,22.22410754,-1.27714139
-8.55172949,13.79922107,0.41709307
-8.83573855,13.63007514,1.46577415
6.43533434,13.36318761,0.83905921
6.57212557,13.12175895,1.91289282
10.63593526,31.64587199,-2.52541425
-12.27807087,31.52946858,-3.32757660
12.96612693,20.59377824,-1.07117206
-15.85245240,21.26752636,-2.18021417
-5.50162307,14.57553801,0.63438161
-4.49691199,14.63771262,0.69901652
-5.67487052,14.32250510,1.58002575
-4.62275965,14.36554362,1.62883882
3.70891197,13.93210595,0.83938405
4.41861328,13.87367437,0.83454183
3.90947075,13.62949073,1.76964275
4.61998826,13.58641551,1.78863447
-3.32969548,14.80979728,0.73585268
-3.40120566,14.50130052,1.64839549
2.85424160,14.18079347,0.82964728
3.03746509,13.84447433,1.73553729
-6.50929325,14.39080985,0.56615898
-6.73168038,14.16524373,1.53240014
5.10472034,13.75864776,0.83665109
5.29594910,13.48847265,1.82029182
5.77438720,13.58773457,0.83988280
5.94413699,13.33310245,1.86304984
-7.52187882,14.11879971,0.49466476
-7.78532261,13.92232147,1.49356928
1.95335956,14.37946076,0.82616571
2.10655935,14.01740641,1.71571785
-2.18919432,14.85138116,0.76364841
-2.21043339,14.51307150,1.66209310
0.99862666,14.54515770,0.81878287
1.11340309,14.17095552,1.69753055
-1.07998677,14.80045986,0.78525061
-1.05291665,14.44030331,1.67025558
-0.01405091,14.69429836,0.80107937
0.05896670,14.32801926,1.67722588
10.88584403,30.58424908,-2.51457960
-15.48983956,20.08487860,-2.04629147
12.52126545,19.27531275,-1.02189584
-12.61893216,30.55172077,-3.29844333
-15.18402217,18.90602613,-1.88144755
12.14342652,17.97333553,-0.94294650
11.16048776,29.49371675,-2.50599155
-12.99412260,29.54832043,-3.28096325
-14.92616962,17.73018926,-1.69777837
11.82574804,16.69448384,-0.83597269
0.67938260,34.77388308,-4.06984612
-0.22318380,34.85953871,-4.16104290
-1.12663599,34.65248885,-4.19739762
1.59480765,34.75963476,-3.98172358
-2.03626644,34.48681594,-4.24057270
-13.40639859,28.51980985,-3.27393294
11.45805214,28.37893639,-2.49979028
-2.97031140,34.35955726,-4.29916008
2.54286408,34.84371083,-3.89811720
-14.71268395,16.56009901,-1.50938839
11.56241111,15.44967955,-0.70633570
3.54202658,35.03909052,-3.82157386
-3.95914412,34.26980890,-4.38134509
4.51625785,34.85234878,-3.67434178
-4.97082796,33.82243206,-4.37830662
-13.85555825,27.46791057,-3.27522273
5.53325311,34.60810621,-3.54794515
11.77493622,27.24434181,-2.49411450
-6.08743667,33.45629913,-4.36588787
10.84267460,14.97983639,-0.67735041
-13.95015697,16.12148310,-1.38978832
6.60840439,34.23153036,-3.45586473
-7.32286104,33.17826680,-4.32194923
-13.25754947,15.66692870,-1.25578964
10.20739178,14.57232555,-0.60932993
-12.62834087,15.20488805,-1.11317605
9.63886295,14.21783833,-0.51810361
7.76261887,33.70652368,-3.41728093
-8.65580056,32.92139587,-4.25844607
11.99360720,25.69397386,-2.39100519
-14.26514010,26.01717704,-3.17745851
9.12271725,13.90647174,-0.41771601
-12.04910381,14.75432519,-0.97337570
-9.36526711,32.58398919,-4.22455827
8.38085149,33.19669462,-3.42708222
8.32201583,13.81505566,-0.28675999
-11.09351793,14.41956364,-0.78143371
12.24096221,24.12219307,-2.27559236
-14.71200361,24.54761656,-3.09082369
-10.15995819,14.19370702,-0.61580022
7.59668136,13.75642233,-0.16111102
9.04709158,32.64421866,-3.46465915
-10.12150557,32.21730628,-4.21756526
6.92030998,13.69028086,-0.05380715
-9.22516430,14.05816664,-0.47797522
-15.17622899,23.05316260,-3.00546589
12.51455204,22.53622935,-2.13813845
6.26845449,13.58911557,0.02896524
-8.29909911,13.95528288,-0.36367392
-10.96856905,31.83870862,-4.25976397
9.80094551,32.07263878,-3.53382271
-7.29333977,14.25193171,-0.26838667
5.56937776,13.80335270,0.07486921
-6.32201425,14.50858875,-0.18797055
4.87274351,13.96504057,0.10376263
-5.36548689,14.68406012,-0.11433828
4.17027703,14.07148919,0.12444563
-4.41388790,14.74084596,-0.04541193
3.45411070,14.12064824,0.14317179
2.60963832,14.38036292,0.14199381
-3.31223997,14.93724374,-0.00134423
-2.23362113,15.00612945,0.03613439
1.73136174,14.58670677,0.13816045
12.81113236,20.94377317,-1.97839675
-15.63921682,21.53397697,-2.91632489
0.80898512,14.75200261,0.12554601
-1.18110577,14.97928199,0.07039147
-0.16405409,14.88485997,0.10000577
10.69680323,31.52746849,-3.63972582
-11.96848804,31.47310130,-4.37972805
12.41030915,19.66681362,-1.87235833
-15.34940048,20.37858456,-2.72603452
10.91787302,30.48994273,-3.56562909
-12.29801919,30.51504252,-4.28067468
-15.10901667,19.22584303,-2.54329184
12.07386710,18.39764614,-1.77219957
-12.66078763,29.53079583,-4.19068197
11.15382901,29.43058736,-3.49584499
11.79510090,17.14335276,-1.67394258
-14.90750634,18.07216904,-2.37123949
-13.06068884,28.52164179,-4.11005893
11.40271131,28.35343006,-3.43172499
-0.36787506,34.85349346,-5.18639333
-1.26752368,34.63575417,-5.19613153
0.53610608,34.74988561,-5.10082652
11.56721584,15.91467008,-1.57419804
-14.74051774,16.92041063,-2.21358299
-2.16418208,34.45294953,-5.22513341
1.46046629,34.70483806,-5.02210985
2.42593454,34.74076706,-4.95721410
-3.07577155,34.30116350,-5.28923257
-4.03249330,34.18218287,-5.39853806
3.45511904,34.87770773,-4.91003451
-13.49903699,27.49024123,-4.03875180
11.66112578,27.26234564,-3.37383981
-13.98275841,16.46791504,-2.02599737
10.85911210,15.42109353,-1.52721011
-5.01236707,33.72545532,-5.41048036
4.47023970,34.64938198,-4.76012872
10.22958330,14.98428024,-1.45526697
-13.27875638,15.99496932,-1.85963167
-6.09043571,33.34196504,-5.42682609
5.53069803,34.36600918,-4.63527681
-12.62769157,15.51234647,-1.71127968
9.66050053,14.59786550,-1.36448362
11.81684884,25.78181327,-3.21225554
6.64647337,33.94446328,-4.55965575
-13.91162445,26.07718738,-3.85358484
-7.28820043,33.03250234,-5.41780539
9.13763262,14.25382397,-1.25835401
-12.02251066,15.03950627,-1.57685387
7.84708496,33.36460604,-4.55915230
-8.60614878,32.73661379,-5.37809257
-10.98783153,14.67071450,-1.38453282
8.28668202,14.12592291,-1.08434679
11.99936500,24.28243270,-3.06215235
-14.36754823,24.64721548,-3.70420549
-9.99294504,14.41721334,-1.21795049
7.50644754,14.04021182,-0.90845118
8.43861194,32.84031234,-4.57504235
-9.26662884,32.38392443,-5.33674802
-9.02331361,14.25294130,-1.07524214
6.77753685,13.95493191,-0.75300170
12.21176948,22.76925422,-2.92149194
-14.84326290,23.19614144,-3.59776052
9.07342346,32.27859982,-4.61643393
-9.97189646,31.99642605,-5.32137589
-8.08759953,14.12147710,-0.95688167
6.07842836,13.83946841,-0.63141843
-7.10765332,14.35395269,-0.85820491
5.34605766,14.01082404,-0.54744570
-6.17561138,14.55700956,-0.77636325
4.62400708,14.13400805,-0.48951623
3.90374377,14.20475041,-0.44966460
-5.26753147,14.68992554,-0.70337341
-4.36929922,14.71653883,-0.63589927
3.17803421,14.21998412,-0.41999276
-3.33598913,14.91902882,-0.59066799
2.34004202,14.46694317,-0.41472318
-15.31447318,21.72159672,-3.54038099
12.45670851,21.24874948,-2.79422590
-2.32244066,15.00517616,-0.54990731
1.47869436,14.66163313,-0.42010835
-10.75111187,31.57895149,-5.35727727
9.77555460,31.69568824,-4.68746167
-1.32761717,14.99861228,-0.50965977
0.58147784,14.81168189,-0.43914666
-0.35716552,14.91873855,-0.47076140
10.57472738,31.11639403,-4.79729266
-11.64651398,31.14161240,-5.47335352
12.10291922,20.05306643,-2.64660682
-15.10631318,20.61722045,-3.31802559
10.76055909,30.13716147,-4.66327631
-11.96519640,30.23307390,-5.31458761
11.80924492,18.85687454,-2.53292724
-14.93746220,19.51136812,-3.12878471
10.95202797,29.14082112,-4.54005792
-12.31382993,29.29557726,-5.16656071
-14.79680938,18.40056341,-2.97467669
11.56754194,17.66945030,-2.44622172
-12.69644731,28.33196303,-5.02886242
11.14740088,28.13158565,-4.42962484
-14.67982347,17.28830175,-2.85432685
11.37085439,16.50285237,-2.37714391
0.40287610,34.31627321,-6.56740683
-0.49219685,34.42074584,-6.65305214
-1.37929716,34.19633606,-6.64438831
10.69786671,16.00880316,-2.30643196
-13.94712602,16.83273126,-2.59800625
-2.25635757,33.99946968,-6.66928087
1.32569158,34.25609930,-6.49559140
-13.11443749,27.34555423,-4.90441824
11.34370082,27.11212664,-4.33515516
2.29905880,34.25046607,-6.44759646
-3.14218960,33.82654802,-6.73918088
10.09805476,15.55954709,-2.23075040
-13.25038816,16.35028715,-2.40379665
-4.06793378,33.68022668,-6.86338321
3.34851732,34.31005538,-6.43643119
-5.02259290,33.22679549,-6.87076855
4.39649716,34.02385684,-6.29112366
9.55176549,15.14970102,-2.14179991
-12.59342267,15.85416138,-2.25407605
11.43337582,25.73451185,-4.12755627
-13.51704923,25.99801211,-4.64536936
5.49064126,33.68732664,-6.16958091
-6.06723769,32.83019529,-6.90203125
-11.97488666,15.36490671,-2.13309258
9.04405802,14.77434053,-2.03849395
-10.87845346,14.95740485,-1.95106684
8.18047020,14.57756605,-1.83651993
6.63022304,33.22157530,-6.10345623
-7.22807805,32.48475388,-6.92669890
11.54455752,24.33905349,-3.95059738
-13.96133549,24.62961975,-4.44410959
-9.83625543,14.65997631,-1.79361649
7.37230935,14.42572385,-1.62650842
7.85311151,32.60936926,-6.11056768
-8.53152890,32.14162047,-6.91016917
-8.84109093,14.44461404,-1.65801735
6.60718400,14.28386244,-1.43828450
-14.42184724,23.23964060,-4.32678363
11.68548354,22.92926021,-3.80763267
5.87059350,14.12141796,-1.29026667
-7.90114853,14.26238002,-1.54714670
8.40295204,32.10507287,-6.10158568
-9.14836644,31.78523734,-6.86153785
-6.95106259,14.40699603,-1.44885365
5.11165953,14.21654174,-1.17500771
4.36661208,14.27284931,-1.09279109
-6.05946339,14.53384762,-1.36678859
3.62908527,14.28368307,-1.03694133
-5.19958682,14.60501869,-1.29367750
8.98602279,31.57413927,-6.10641391
-9.80860686,31.39074063,-6.83585530
2.89273834,14.24427730,-1.00154466
-4.35418492,14.58567350,-1.22935163
-14.87199718,21.82789216,-4.31113752
11.86700692,21.51074491,-3.70484334
-3.38800023,14.78040227,-1.18193097
2.05987653,14.45826510,-0.98914445
-2.43844469,14.87394882,-1.14108067
1.21141629,14.62464984,-0.99598191
0.33490812,14.74677380,-1.01915547
-1.49952795,14.88307324,-1.09868805
-0.57324865,14.81946959,-1.05591687
-10.52824428,30.95353841,-6.85414156
9.61670411,31.02313432,-6.13421177
11.56037528,20.42864755,-3.52618833
-14.73818204,20.79084569,-4.07697878
-11.32833884,30.47312243,-6.93636840
10.31424997,30.46131871,-6.20298661
-14.63159808,19.74845165,-3.89576074
11.31174845,19.34045912,-3.40638458
10.46167348,29.57381405,-6.03156088
-11.63625602,29.65679627,-6.74088391
-14.54243639,18.70074219,-3.76981033
11.11157648,18.25507204,-3.33132700
-11.96644543,28.80797304,-6.55748031
10.60999471,28.67075246,-5.87957906
10.95158188,17.18336734,-3.28875605
-14.46559706,17.65224729,-3.69710757
-12.32180375,27.92880878,-6.38882794
10.75838235,27.75470930,-5.75122762
-13.78529554,17.20038529,-3.35384721
10.33665315,16.72260932,-3.18631784
10.90695413,26.82764906,-5.65175887
-12.70318832,27.02286105,-6.24092837
-13.11710682,16.71726711,-3.12643817
9.78874215,16.28836767,-3.10161420
-12.46967786,16.21933903,-2.98056416
9.28613876,15.87742300,-3.01594498
10.93337966,25.57025423,-5.43926051
-13.06110340,25.77937773,-5.95557769
-11.84935975,15.72673529,-2.88443623
8.81351926,15.48616608,-2.92176582
7.97751346,15.21603919,-2.71427851
-10.71323118,15.28699778,-2.72639466
-13.45033317,24.50217977,-5.74429315
10.98464332,24.29423261,-5.26963603
-9.64217313,14.93981508,-2.58838017
7.17743071,14.97553181,-2.49998905
6.40426260,14.74579489,-2.30742376
-8.63773703,14.66237851,-2.46943512
11.07601809,22.99931135,-5.14888805
-13.85275206,23.19392385,-5.64945346
5.64891337,14.50611382,-2.15824442
-7.70715967,14.42056838,-2.37965980
4.87505895,14.48878473,-2.02770834
-6.79837824,14.46122597,-2.28645761
-5.95447924,14.49685990,-2.20624943
4.11280270,14.44678938,-1.93185232
3.36163390,14.37307386,-1.86978106
-5.14673632,14.49348665,-2.13353441
11.22735087,21.68510015,-5.08463031
-14.25258190,21.85690756,-5.69371497
-4.35497316,14.42135975,-2.07620258
2.61802176,14.26247050,-1.84037269
1.78970502,14.41902392,-1.81892014
-3.45277353,14.59131320,-2.02122241
-2.56259982,14.68101136,-1.97939391
0.95220887,14.53910365,-1.82503312
0.09242404,14.61993848,-1.85153340
-1.67542785,14.69932807,-1.93793509
-0.78891586,14.65304326,-1.89373974
10.95438649,20.73501749,-4.87950017
-14.15546959,20.90636584,-5.48464110
-14.08219655,19.94685206,-5.33256724
10.74893242,19.77097202,-4.74405739
-14.02733711,18.98042633,-5.24049476
10.59819980,18.79556402,-4.66743397
10.49228717,17.81447755,-4.63636330
-13.98817368,18.01017229,-5.20440297
9.90817215,17.43126806,-4.46159681
-13.34142247,17.60649313,-4.78132569
-12.70880696,17.15490435,-4.52330534
9.40432908,17.04243828,-4.34214853
-12.08872253,16.68424903,-4.38884201
8.94605805,16.65260273,-4.24659059
8.51346914,16.26272548,-4.15937334
-11.48912220,16.21490690,-4.32752386
-10.36786918,15.77377909,-4.20052622
7.71827635,15.95396493,-3.96168547
-9.32468079,15.38711792,-4.07179461
6.94933241,15.64838709,-3.78116846
6.19446387,15.34227050,-3.63466325
-8.36039371,15.04784378,-3.95846933
5.44576391,15.02683703,-3.53767072
-7.47724233,14.74424901,-3.88665933
4.67689541,14.90088689,-3.45016472
-6.63153390,14.67756465,-3.81108534
-5.84687620,14.61575009,-3.74775201
3.91428265,14.75821212,-3.39254623
3.16393917,14.59789522,-3.36957394
-5.09500101,14.53407152,-3.69067547
-4.35393423,14.41177348,-3.65780903
2.42563388,14.41841056,-3.38504510
1.60310963,14.51131844,-3.37134513
-3.50382248,14.54800450,-3.59877173
-2.65759696,14.62825042,-3.56055185
0.77300062,14.58077566,-3.38626329
-1.80567993,14.65144395,-3.52368922
-0.07797100,14.61987597,-3.42297227
-0.94367982,14.61923976,-3.47872944
0.09320319,33.04070743,1.47998655
-0.85413858,32.94252020,1.38572068
1.00315394,33.01155604,1.52219199
-1.86406908,32.87083270,1.29901694
1.87644251,33.02911999,1.57235105
2.72634800,33.09752975,1.62619473
-2.95498260,32.81350927,1.22746128
3.56787549,33.20769315,1.68710542
-4.15029388,32.75210956,1.19589927
-5.35594378,32.33804618,1.19550402
4.36931784,32.98877414,1.70521801
-6.61354646,31.98741698,1.26850648
5.18231981,32.74261752,1.73404454
-7.87135198,31.68635185,1.38820338
6.02423055,32.43607880,1.79686436
6.90821633,32.05925100,1.90731680
-9.09631759,31.34901522,1.51105731
7.57049822,31.65190290,1.93437151
-9.96444625,30.95426059,1.51568157
-10.86945083,30.52906916,1.54274259
8.25427501,31.19904334,1.98720988
8.99389730,30.71035500,2.06449653
-11.85867636,30.09582329,1.59716869
-12.98612025,29.67025260,1.67160746
9.87682416,30.21305443,2.16188762
10.08861779,29.22565580,2.10710846
-13.34483567,28.79955216,1.59847960
-13.70991450,27.91052042,1.48879821
10.32960296,28.19139355,2.05752016
-14.08084922,27.00363617,1.33536654
10.61491864,27.11221134,2.00537392
-14.45701121,26.07023573,1.14299663
10.95959444,25.99015229,1.94778596
-14.80136928,24.73869629,1.12803660
11.29331758,24.44907508,2.08391849
-15.17868213,23.33692556,1.16210265
11.70184020,22.87254457,2.25992284
-15.62970970,21.83649214,1.30425767
12.18715048,21.25947078,2.48087731
12.75157454,19.60714152,2.74647648
-16.20475492,20.21143462,1.58151941
12.18892393,18.39568486,2.68515758
-15.67873433,19.13584242,1.59004249
11.74441061,17.19488278,2.65714797
-15.25637813,18.03569727,1.66066754
11.39401467,15.99978753,2.68381569
-14.92230971,16.90828109,1.78520790
11.11888095,14.81099537,2.77064046
-14.66085326,15.75394226,1.93658225
-13.87264925,15.52163612,1.90530192
10.42537302,14.48405161,2.70936152
9.85436250,14.16718201,2.69411635
-13.21970047,15.21986357,1.90213635
-12.66871443,14.86218653,1.92904895
9.36302953,13.86444585,2.69843906
8.92468018,13.57243936,2.70795129
-12.17889116,14.47688655,1.97497470
-11.43698262,14.18424986,2.01808047
8.29467852,13.44024279,2.66704749
-10.68373330,13.91661943,2.04883742
7.71901927,13.30720472,2.62175240
7.16994604,13.15393787,2.57225368
-9.86314235,13.69514351,2.05482427
-8.97914717,13.49200123,2.04873303
6.62471286,12.96358038,2.51603944
-4.70246174,14.14854533,2.13418539
-3.45996015,14.26794960,2.14296244
3.08825039,13.61848949,2.24949920
3.97182387,13.42518118,2.30122220
4.68661724,13.39518745,2.33362739
-5.77334787,14.11864871,2.09481318
2.14099221,13.77483943,2.21578479
-2.25095920,14.26910847,2.15038644
-1.07523607,14.19005356,2.15472082
1.12890416,13.91977699,2.18708281
0.05579751,14.07845370,2.16087224
5.36246805,13.30982473,2.38297989
-6.85076166,13.98144128,2.06360120
-7.92152263,13.76139579,2.04600010
6.00571513,13.16586692,2.44415409
0.36517850,34.01223665,-7.50898542
-0.52392025,34.11699055,-7.59625553
-1.40531689,33.88406500,-7.58676113
-2.27429051,33.68032572,-7.61286069
1.28508383,33.94767675,-7.43891758
2.25942456,33.92553879,-7.39806591
-3.15198609,33.50227706,-7.68062714
3.31523390,33.94870237,-7.40086212
-4.07087842,33.35365149,-7.79635701
4.37285082,33.61729635,-7.26364909
-5.02249314,32.89883694,-7.78827665
5.47974135,33.24207780,-7.14629917
-6.06117351,32.49071925,-7.81518008
6.63114870,32.75728697,-7.08107133
-7.21494901,32.11718068,-7.84790793
-8.52045065,31.73325810,-7.84274868
7.86883030,32.15088819,-7.07426699
-9.11902613,31.36937867,-7.79679924
8.39985699,31.67134762,-7.04438048
-9.76094301,30.96975119,-7.77311995
8.96180079,31.17028534,-7.02386672
-10.45755344,30.52856263,-7.78883588
9.56851694,30.65091596,-7.02565783
10.24062411,30.11709251,-7.07106491
-11.22202640,30.04323163,-7.85636088
-11.52017468,29.27203908,-7.66414069
10.37415652,29.27044960,-6.90395024
-11.83711458,28.47070315,-7.48602266
10.51057838,28.40962607,-6.76083018
-12.17467362,27.63928276,-7.32606962
10.65141891,27.53543712,-6.64708682
-12.53352979,26.77939445,-7.19194757
10.80011177,26.64807893,-6.56810641
-12.85485308,25.59313162,-6.94354859
10.81757695,25.43509890,-6.39346988
-13.20351349,24.36386152,-6.77473081
10.86967946,24.20006589,-6.26348679
-13.57433079,23.09109510,-6.72214483
10.97396835,22.93963954,-6.18093799
-13.96735837,21.77404317,-6.79379217
11.14830024,21.65147658,-6.14653758
10.87771412,20.74831699,-5.94288677
-13.87323506,20.86333935,-6.62135746
-13.80884893,19.93933227,-6.49172011
10.67913684,19.82934902,-5.79697358
-13.77251862,19.00320208,-6.40451906
10.54184877,18.89168665,-5.70597479
-13.76284734,18.05705138,-6.35285738
10.45586853,17.93719804,-5.65906767
9.82839771,17.60776906,-5.43071226
-13.07631046,17.72143379,-5.93491859
-12.43932891,17.31706868,-5.66643152
9.30703795,17.25514437,-5.27269591
-11.83455083,16.87528880,-5.52319240
8.84601422,16.88533151,-5.15454031
-11.25935129,16.41996854,-5.45437230
8.41832313,16.50198215,-5.05845637
-10.16934986,15.98899947,-5.30916044
7.62346120,16.20250756,-4.85302695
6.86406304,15.88472559,-4.68853920
-9.16151679,15.58740189,-5.15289349
-8.23155220,15.21772070,-5.01366458
6.12032802,15.55205016,-4.57271254
5.38054773,15.20142845,-4.51230890
-7.37838924,14.87522427,-4.92750721
4.62059966,15.03052760,-4.46515931
-6.56088586,14.75491349,-4.85908239
3.86489663,14.84330729,-4.44307094
-5.79876817,14.64253376,-4.80923430
-5.06567481,14.51794008,-4.76762861
3.12103604,14.64061944,-4.45055641
-4.33968190,14.36199276,-4.75120034
2.38872399,14.42160822,-4.49001388
1.56915246,14.49537112,-4.48501339
-3.50469760,14.48619355,-4.70237842
0.74070679,14.54719694,-4.50438880
-2.67010769,14.56087397,-4.67238032
-1.82691253,14.58377254,-4.64215788
-0.10881211,14.57044114,-4.54314794
-0.97072036,14.55457286,-4.59974773
