0.98225667,14.47746833,-0.35175725
-0.20873095,14.64082741,-0.30363964
0.98712330,14.50975933,-0.18934942
-0.21107139,14.67514652,-0.14833044
-1.42850556,14.76278039,-0.24631000
-1.43974862,14.80242570,-0.09829371
-2.68216644,14.82729482,-0.20272089
-2.70267909,14.87351109,-0.05846384
-3.97908739,14.81858381,-0.18749366
-4.00788361,14.86993048,-0.04051044
-4.55502768,31.08565418,2.50559449
-3.56066340,31.10596271,2.60177607
-4.57075029,31.08404864,2.67768533
-3.56879078,31.10862176,2.77079376
-2.59573485,31.10709449,2.69011887
-2.59594513,31.11601303,2.85591221
-1.63998644,31.09118027,2.77476715
-1.63257193,31.10748936,2.93806665
-0.67458169,31.05996642,2.86266171
-0.66075170,31.08311302,3.02458170
-5.12365454,14.89367337,-0.18899068
-5.15598261,14.94183562,-0.03678382
-6.31265091,14.92572366,-0.21244784
-6.34444365,14.97383285,-0.05164306
-7.56251584,14.92748206,-0.25772944
-7.58748148,14.98015463,-0.08771752
-8.88361970,14.90568646,-0.32699677
-8.89494775,14.96894100,-0.14958916
-8.48199450,29.09176045,2.00000720
-7.41059155,29.61267703,2.16645532
-8.54303870,29.13007815,2.21172043
-7.45973462,29.63488565,2.36648039
-6.41016332,30.14088332,2.29703147
-6.44707660,30.14973411,2.48659444
-5.46378283,30.63785872,2.40516061
-5.48928993,30.63820305,2.58539348
-10.00369296,15.46178461,-0.24300483
-10.00722497,15.51788740,-0.07130321
-11.08270224,16.08040214,-0.19245041
-11.08171836,16.13179431,-0.03058447
-12.12045929,16.75042072,-0.18049297
-12.12131021,16.79044673,-0.02999980
-13.12325546,17.41316501,-0.19327726
-13.13051025,17.43359439,-0.05495849
-13.71269708,18.01653142,-0.17243142
-13.72249030,18.02751956,-0.04000073
-14.32135534,18.51653535,-0.17664464
-14.33261402,18.52156690,-0.04803106
-14.95381449,18.93037934,-0.19900876
-14.96658903,18.93021460,-0.07274005
-15.63102501,19.26271753,-0.24421101
-15.64307564,19.25997259,-0.11736661
-12.26881513,27.61896422,1.06547146
-11.17867131,27.85654833,1.26492796
-12.30004795,27.68922699,1.24694124
-11.22494016,27.93287353,1.47428257
-10.19165906,28.18153730,1.50232881
-10.25087076,28.25297990,1.73136525
-9.29807958,28.59928848,1.75967615
-9.36238150,28.65520970,1.98825882
-15.65209627,20.24148884,-0.13483752
-15.68126137,20.24065013,-0.00868660
-15.73831621,21.09593363,-0.04396804
-15.78048683,21.09563285,0.08002425
-15.91846920,21.86376185,0.03640097
-15.96911402,21.85963400,0.15693142
-16.18641637,22.56571283,0.12440412
-16.24065549,22.55455367,0.24166324
-15.59196292,23.42742339,0.27855131
-15.64225171,23.42893521,0.39255259
-15.04149161,24.19997023,0.41356234
-15.08651061,24.21419623,0.52543433
-14.51535022,24.90428727,0.52089664
-14.55662529,24.93283306,0.63314377
-14.01051861,25.54645040,0.58762468
-14.04837322,25.59302795,0.70539335
-13.52475953,26.05063117,0.71103955
-13.55927494,26.10479138,0.83826581
-13.07239207,26.54719596,0.82275460
-13.10457861,26.60912798,0.96405995
-12.64487164,27.05670982,0.93671607
-12.67587609,27.12457980,1.09618825
0.96419712,14.43597240,-0.51966462
-0.22049041,14.59731615,-0.46664596
-1.43213835,14.71288535,-0.40346129
-2.67639889,14.77150582,-0.35421802
-3.96455266,14.75300581,-0.34057682
-4.54639602,31.08835394,2.32806252
-3.55979056,31.10569822,2.42976207
-2.60209029,31.09881397,2.52247126
-1.65301394,31.07312521,2.61010222
-0.69326308,31.03356029,2.69910791
-5.10504357,14.83318101,-0.34481002
-6.29378827,14.86526725,-0.37477926
-7.54958185,14.85654448,-0.42954526
-8.88277607,14.82203502,-0.50687976
-8.42551152,29.03469443,1.75514829
-7.36823315,29.58243079,1.93816727
-6.38132922,30.13086111,2.08805226
-5.44552008,30.63706950,2.21360342
-10.00873967,15.38475239,-0.41788439
-11.09174162,16.00551043,-0.35914971
-12.12499817,16.68784427,-0.33449975
-13.12568399,17.36165784,-0.33828579
-13.70835163,17.97871894,-0.31011737
-14.31276056,18.48660358,-0.30982542
-14.94710876,18.90038701,-0.33377345
-15.61648752,19.24089628,-0.37454510
-12.24850203,27.53548963,0.88099164
-11.14552903,27.76298660,1.04698888
-10.14214836,28.08680353,1.25623106
-9.24266652,28.52094561,1.50341754
-15.61521698,20.22304844,-0.26218752
-15.69324252,21.07423669,-0.17473209
-15.86761945,21.84714273,-0.08980029
-16.13400432,22.55882469,0.00378563
-15.54471558,23.41069620,0.16186514
-14.99712471,24.17218499,0.30047132
-14.47651554,24.86329010,0.40751759
-13.97899649,25.48850088,0.46800988
-13.49873314,25.98571469,0.58224048
-13.04417843,26.47232222,0.68049369
-12.62283530,26.97553593,0.77452301
2.15794302,14.28037276,-0.20070096
2.14868108,14.24251342,-0.36983300
3.28928655,14.02868336,-0.21106427
3.27509716,13.98507687,-0.38394778
4.36203082,13.75856938,-0.25407562
4.34107623,13.71020498,-0.42861272
5.37154686,13.48553587,-0.33261395
5.34298075,13.43317642,-0.50730738
3.48367818,30.44546613,3.20496214
2.39445535,30.55025465,3.16839303
3.45687489,30.40855083,3.02618816
2.36851197,30.51253699,2.99455861
1.34667298,30.70745637,3.12316156
1.32280911,30.67183222,2.95416385
0.33129002,30.89188221,3.07456331
0.31148934,30.86132852,2.90986589
6.18729460,13.38006335,-0.39008185
6.15267300,13.33289957,-0.56033276
6.97712710,13.29824173,-0.43317319
6.93883060,13.26158194,-0.59877102
7.75870535,13.24168845,-0.45324373
7.71777247,13.21883021,-0.61673752
8.54756991,13.20031498,-0.44660128
8.50430611,13.19537002,-0.61024055
7.78764380,29.14350939,3.12941511
6.67006212,29.43665144,3.14582919
7.74094317,29.13623381,2.92784634
6.63226723,29.42408749,2.94260492
5.57973146,29.73107158,3.16296314
5.54792396,29.70998486,2.96457351
4.51625031,30.05568523,3.18553357
4.48762532,30.02574968,2.99614948
9.22964354,13.51865432,-0.27410710
9.18156593,13.54022938,-0.44048787
9.92570102,13.81014495,-0.08431732
9.87217199,13.85471323,-0.25406019
10.64556646,14.10251947,0.12347497
10.58915836,14.16169284,-0.04904500
11.41165795,14.40266940,0.34256788
11.35820769,14.46431793,0.16952367
11.89912140,14.80242999,0.53191760
11.85343290,14.85402382,0.36303369
12.40880541,15.23509514,0.71187974
12.37083650,15.27649533,0.54866572
12.95393064,15.67979823,0.87691546
12.92188184,15.71476161,0.71814324
13.53135792,16.13294200,1.02948755
13.50227958,16.16656103,0.87225778
11.21905804,27.62479191,2.74378864
10.30512804,28.01553281,2.83945970
11.15890271,27.61519757,2.54857946
10.24313550,28.00369671,2.63823643
9.43927321,28.40341325,2.94090700
9.37952507,28.39362921,2.73609322
8.60543416,28.78151508,3.03965263
8.55142234,28.77441544,2.83466983
13.61414026,17.33656979,1.22459744
13.57053719,17.37330013,1.07430970
13.71100954,18.51980040,1.39121006
13.65001709,18.55714096,1.24528206
13.85254327,19.64240192,1.54562106
13.77641952,19.67969889,1.40037262
14.09235617,20.68117084,1.72039330
14.00599323,20.72134168,1.57395746
13.60955926,21.92604536,1.87181014
13.52836935,21.95381370,1.72827907
13.23303846,23.03131675,2.04088493
13.16088532,23.04996930,1.89757552
12.89094473,24.02565894,2.17852805
12.82378050,24.03430147,2.03046886
12.53010099,24.92877339,2.24974680
12.46489626,24.92370376,2.09187554
12.17099805,25.59568998,2.38271573
12.10780680,25.58814203,2.21317298
11.82441936,26.25133771,2.50245115
11.76155820,26.24110431,2.32098534
11.50124105,26.92004232,2.62196184
11.43906498,26.90862872,2.43115913
2.12644556,14.19259668,-0.54322192
3.24818385,13.92735179,-0.56007585
4.30821557,13.64850024,-0.60443852
5.30445763,13.36958442,-0.68057687
3.42826370,30.36773822,2.84006282
2.33982974,30.47152553,2.81587386
1.29537155,30.63309797,2.78234038
0.28730229,30.82739595,2.74308092
6.11017927,13.28079564,-0.72690608
6.89402617,13.22205444,-0.76135007
7.67197146,13.19298715,-0.77755510
8.45773262,13.18915809,-0.77072376
7.69401789,29.12008152,2.70972846
6.59608035,29.40637574,2.72355711
5.51631642,29.68339677,2.75144771
4.45874575,29.99206506,2.79573499
9.12885175,13.55824902,-0.60344357
9.80888164,13.90105081,-0.42258805
10.51911908,14.22330778,-0.22617252
11.28187457,14.53750136,-0.01138509
11.78051144,14.92150223,0.18227812
12.30811511,15.33051668,0.36972556
12.86527540,15.76229132,0.54477140
13.45665501,16.20447035,0.70403729
11.10876564,27.60012356,2.34951575
10.18479133,27.98339619,2.42835390
9.32337219,28.37557469,2.51999348
8.50029312,28.75902189,2.61531860
13.51302512,17.41081887,0.91070925
13.57640191,18.58893286,1.08531522
13.68958748,19.70751282,1.24534745
13.91549249,20.74867103,1.42162039
13.44792352,21.96737720,1.58248113
13.08792307,23.05488281,1.75354217
12.75657571,24.02941847,1.88205144
12.40621010,24.90678319,1.93329447
12.05010087,25.56875743,2.04322407
11.70388817,26.21918881,2.13797337
11.38460902,26.88733465,2.23646326
-1.27562803,16.46849277,-7.83324898
-2.35605712,16.39670046,-7.87275751
-1.29961096,16.43837038,-7.64409224
-2.38187555,16.36435776,-7.68167369
-3.39124753,16.25213141,-7.91054847
-3.41840737,16.21810958,-7.71650750
-4.39259457,16.05724921,-7.94851486
-4.42110615,16.02134842,-7.75150957
-5.36696187,15.84603765,-7.99301249
-5.39741498,15.80741269,-7.79417019
-0.16342022,16.46339393,-7.59528735
-0.14291240,16.49126268,-7.78588793
1.03842020,16.41340695,-7.56435449
1.05510317,16.43588327,-7.75730962
2.31351412,16.30543217,-7.56554131
2.32482586,16.31805747,-7.75981075
3.63662766,16.16881780,-7.60685569
3.63918537,16.16744363,-7.79877094
-1.10695550,32.32879471,-7.21567622
-2.33251436,31.95472960,-7.28488146
-1.14008444,32.15641686,-7.00320026
-2.36293087,31.79838146,-7.06445684
-3.55284273,31.70055967,-7.32921570
-3.58448853,31.56632051,-7.10166425
-4.81123993,31.53681330,-7.36424811
-4.84740981,31.42248329,-7.13461785
-6.14295558,31.43669788,-7.40821180
-6.18405408,31.33502414,-7.18509257
0.10407256,31.70717163,-7.03525133
0.13794137,31.89132257,-7.24612567
1.32952567,31.39485165,-7.04810593
1.36810866,31.58476213,-7.25987390
2.56343606,31.20752253,-7.05097019
2.61037205,31.40119307,-7.26340680
3.85163375,31.13805162,-7.05469418
3.91020819,31.33554310,-7.26367054
-6.21205340,15.78227013,-8.00613143
-6.24389496,15.73679871,-7.80342245
-7.04009129,15.76923959,-8.04573677
-7.07484756,15.71750842,-7.84204388
-7.85809412,15.82487530,-8.11674149
-7.89543699,15.76772970,-7.91588813
-8.66934334,15.95344242,-8.21530719
-8.70702454,15.89148681,-8.02203097
4.78456318,16.13970967,-7.62882620
4.77798683,16.13001027,-7.81915679
5.87200784,16.11425325,-7.66974432
5.85731836,16.09743132,-7.85592924
6.87439918,16.10564792,-7.71870128
6.85510768,16.08579869,-7.90077562
7.78588993,16.12878580,-7.77152885
7.76745703,16.11129730,-7.95210997
-7.36034049,30.50556443,-7.57611880
-7.39320312,30.40934160,-7.35887514
-8.63428007,29.62693844,-7.78710729
-8.65264519,29.51641409,-7.58127887
-10.01919456,28.84960787,-8.00056583
-10.02577565,28.71611476,-7.80776601
-11.52281164,28.21121474,-8.15482103
-11.52046788,28.06303413,-7.97334545
5.01379296,30.21482217,-7.17696192
5.08495058,30.41863496,-7.38741626
6.27851261,29.37295127,-7.30941248
6.36141810,29.58187306,-7.50931099
7.70579631,28.59671129,-7.42239895
7.79680699,28.80464703,-7.60178566
9.39263804,27.89813996,-7.44147656
9.48427284,28.09533856,-7.60176919
-9.44881320,16.21042390,-8.31709321
-9.48413483,16.14311743,-8.13473563
-10.23117097,16.51380688,-8.42486107
-10.26027572,16.44163043,-8.25619275
-11.03208002,16.85544815,-8.52790063
-11.05118696,16.77809703,-8.37285260
-11.87389885,17.23522629,-8.62038302
-11.87926590,17.15208551,-8.47666570
8.59793599,16.25631539,-7.81902419
8.58608248,16.24946393,-8.00353663
9.37148378,16.43315764,-7.87890847
9.37190441,16.44091658,-8.07029197
10.13732771,16.66677197,-7.95088037
10.15607195,16.69227712,-8.15049901
10.92925890,16.96001926,-8.03436861
10.97189297,17.00521399,-8.23845671
-13.81621351,26.59412813,-8.47706689
-13.24595840,26.90531482,-8.40736153
-13.80644776,26.45222639,-8.29836070
-13.23711297,26.76109055,-8.22673795
-12.66817403,27.27687367,-8.33427256
-12.66139663,27.13050009,-8.15245052
-12.09079589,27.71154757,-8.25222935
-12.08624055,27.56357917,-8.07035185
12.47051235,26.11045758,-7.49407343
11.62618577,26.45740275,-7.48553049
12.52330598,26.27517457,-7.64767594
11.69185712,26.62572930,-7.63836159
10.81747454,26.87228357,-7.48321425
10.89393549,27.04827164,-7.63664193
10.07003400,27.35373473,-7.47267584
10.15534001,27.53981753,-7.62849127
-12.30609054,17.53361293,-8.64471344
-12.30448062,17.44571451,-8.50446442
-12.77042340,17.85677430,-8.67168920
-12.76020936,17.76395813,-8.53384304
-13.27873594,18.21243243,-8.70395230
-13.25833960,18.11523365,-8.56757705
-13.84308126,18.60816839,-8.74516465
-13.81150682,18.50725754,-8.60848425
11.34122618,17.20300096,-8.05981930
11.39666897,17.26064899,-8.26470877
11.78797616,17.46104644,-8.09223899
11.85764131,17.53112783,-8.29588502
12.28195884,17.73769127,-8.13270332
12.36728304,17.81961911,-8.33223164
12.83684954,18.03714604,-8.18038979
12.93896510,18.13009238,-8.37395043
-13.89507356,19.10938214,-8.71298169
-13.84903282,19.00432633,-8.56923312
-13.98331386,19.66227836,-8.69387518
-13.92087406,19.55434942,-8.54121811
-14.11863346,20.26180845,-8.69439591
-14.03918698,20.15226755,-8.53131615
-14.31061838,20.89980438,-8.72145298
-14.21601971,20.78939209,-8.54705049
12.90552046,18.37880497,-8.14556481
13.01830250,18.48519388,-8.34278377
13.01106185,18.75486110,-8.12211789
13.13401005,18.87553568,-8.32197106
13.16116305,19.17547607,-8.11083999
13.29240393,19.31165379,-8.31053845
13.36192658,19.65287765,-8.10853415
13.49851634,19.80610620,-8.30459962
-14.18733661,21.62306856,-8.73860241
-14.08582567,21.51206648,-8.55125647
-14.13905859,22.37711147,-8.77526798
-14.03899259,22.26177236,-8.57893527
-14.14919976,23.16747192,-8.80758535
-14.06110112,23.04206054,-8.60845786
-14.19400318,23.99787428,-8.80178868
-14.12391110,23.86082396,-8.60670813
13.24190602,20.25451953,-8.07843734
13.36671284,20.42312667,-8.27342991
13.16288965,20.97294552,-8.04669521
13.27353606,21.15433635,-8.23560746
13.11445075,21.82465442,-7.99687139
13.21141459,22.01496732,-8.17618344
13.08481564,22.81336516,-7.91183549
13.17148525,23.00674811,-8.08008348
-14.10389264,24.57010539,-8.74908207
-14.04894693,24.43035901,-8.55703559
-14.01685947,25.18078592,-8.67631599
-13.97715914,25.03972586,-8.48777134
-13.92292701,25.84703138,-8.58545349
-13.89822682,25.70522104,-8.40131513
12.90620323,23.54973798,-7.82471248
12.98253312,23.73395277,-7.98753505
12.73486156,24.34578181,-7.72434987
12.80306412,24.52038017,-7.88282609
12.58507082,25.19817628,-7.61297942
12.64594213,25.36571693,-7.76814331
3.82554414,31.02668492,-6.80331938
4.98396187,30.10980285,-6.91483992
6.23799654,29.25696706,-7.06152855
7.65017793,28.46315347,-7.20880755
9.32716008,27.76280495,-7.25739788
3.63876363,16.15772684,-7.39136934
4.79190363,16.13841249,-7.41344643
5.88579575,16.12202090,-7.46005394
6.89357807,16.11857579,-7.51725526
7.80652542,16.14173161,-7.57698268
12.42606962,25.99649195,-7.32254379
11.57390751,26.34339534,-7.31293183
10.75942339,26.75345043,-7.30895548
10.00764557,27.22674648,-7.29487700
10.90122512,16.92595327,-7.82663600
11.30116853,17.15916001,-7.84689665
11.73396750,17.40691332,-7.87710264
12.21219338,17.67209663,-7.91959848
12.74986881,17.95970022,-7.97406314
12.80742890,18.29445041,-7.92995652
12.90195702,18.66311294,-7.89931013
13.04253664,19.07442309,-7.88594176
13.23617619,19.53866315,-7.88769587
-13.79280312,18.41106109,-8.47462232
-13.81493935,18.90601350,-8.42759438
-13.86904444,19.45476471,-8.39060936
-13.96801147,20.05254974,-8.37072647
-14.12579058,20.68958941,-8.37530317
13.12590092,20.13452853,-7.85644087
13.05974394,20.84647127,-7.83095760
13.02435690,21.69208536,-7.79261778
13.00490562,22.67754462,-7.72065964
-13.98235270,21.41491199,-8.36539399
-13.92799367,22.16518354,-8.38122406
-13.95189460,22.94165627,-8.40372408
-14.02517616,23.75383755,-8.40189421
12.83709397,23.42360233,-7.63853728
12.67465864,24.22782865,-7.54329363
12.53276259,25.08491062,-7.43689524
-13.96140840,24.32436246,-8.35302097
-13.90218830,24.93525100,-8.28631602
-13.83802199,25.60269411,-8.20435372
-13.76363303,26.35053747,-8.10871038
-1.16708862,32.05044283,-6.75957075
0.08243933,31.60240459,-6.78874944
1.31069411,31.29389437,-6.79636664
2.54416004,31.10674330,-6.79485693
-1.30301855,16.39172081,-7.42959415
-0.16480265,16.42030229,-7.37933478
1.03754031,16.37690442,-7.34631025
2.31275068,16.27966982,-7.34671671
-2.38687232,16.31497657,-7.46550598
-3.42623520,16.16650617,-7.49850693
-4.43357090,15.96739093,-7.53254557
-5.41665226,15.75036102,-7.57531971
-2.39373899,31.71018595,-6.80954591
-3.62205454,31.49685056,-6.83940933
-4.89249304,31.36680785,-6.87313368
-6.23354761,31.28473120,-6.93671092
-7.43334854,30.37096381,-7.11733098
-8.67213302,29.46717461,-7.35241541
-10.02070207,28.64137447,-7.59453844
-11.49310245,27.96621435,-7.77540426
-6.26945688,15.67413890,-7.58001690
-7.10888524,15.65023786,-7.61674034
-7.93752327,15.69682632,-7.69170184
-8.75385040,15.81829544,-7.80513712
8.61490693,16.26220303,-7.62594536
9.37950896,16.42835084,-7.68342704
10.13047787,16.64851219,-7.74972613
-9.53123038,16.06869756,-7.93088624
-10.30230689,16.36604405,-8.07101740
-11.08336389,16.70010554,-8.20705352
-11.89760769,17.07018732,-8.32759303
-12.31577311,17.36018465,-8.36070853
-12.76292616,17.67482393,-8.39465730
-13.25086243,18.02234311,-8.43169614
-13.19294186,26.66065783,-8.03319012
-12.61972674,27.03098388,-7.95616102
-12.05071078,27.46503174,-7.87267281
-0.87975119,31.03042077,1.53070225
-1.83748357,31.11614749,1.42261767
-0.90806427,31.23804328,0.45596389
-1.90083614,31.29246940,0.31225675
0.10814471,30.74154482,1.54676676
0.12609031,30.94987479,0.48673615
-2.77774981,31.18642533,1.29469963
-2.88001519,31.33167623,0.14431871
1.14003958,30.49775245,1.53641305
1.20545294,30.73708407,0.48544815
2.22828856,30.32907220,1.50773250
2.34124201,30.62816153,0.46416739
-3.72375157,31.22225619,1.14381435
-3.87227749,31.33142722,-0.03963956
3.37774863,30.26568838,1.47724814
3.53682960,30.63961384,0.44264763
-4.69856878,31.20034985,0.96711480
-4.90420381,31.27181670,-0.22825705
-5.56798759,30.63108681,0.66674998
-5.83650294,30.64220175,-0.52176792
4.47169807,29.95940608,1.34040415
4.68605414,30.37727180,0.31839993
-6.46560575,29.92751150,0.33288795
-6.82147637,29.91887553,-0.78649726
5.57882272,29.72110904,1.23702625
5.85394178,30.15656249,0.22217338
6.68233224,29.47013676,1.17634588
7.02900018,29.89558260,0.15500576
-7.42539063,29.12762398,0.01997700
-7.88039555,29.14564978,-1.00181402
7.77939386,29.14565968,1.15132119
8.20320417,29.52591340,0.10756103
-8.49301114,28.33587535,-0.20335215
-9.03403078,28.38376596,-1.16644749
8.53424647,28.73741046,1.06310867
8.95622217,29.06526496,0.02281488
-9.30920563,27.71104276,-0.35356079
-9.83783531,27.79581900,-1.28752808
9.31473979,28.29110288,0.99767279
9.73176969,28.55897705,-0.04115146
-10.21982382,27.22873660,-0.42894123
-10.71436346,27.29441692,-1.37810348
10.15077589,27.84343675,0.96308822
10.55588493,28.04587694,-0.07581112
-11.22895707,26.90752909,-0.44310252
-11.67331781,26.89666705,-1.43385763
-12.33214708,26.73076424,-0.42158503
-12.71694796,26.61288329,-1.45723286
11.06701108,27.42851676,0.96241395
11.45176685,27.56353687,-0.07657475
11.33337193,26.65312661,0.91685772
11.68985568,26.69253470,-0.12182327
-12.71393630,26.21700604,-0.39110399
-13.08089493,25.99580657,-1.45885785
-13.12996911,25.77500884,-0.36960165
-13.46683187,25.46411523,-1.45126243
11.63656292,25.95375587,0.91150685
11.94502488,25.89793106,-0.12091135
11.95547119,25.29722067,0.90690709
12.20014658,25.16060556,-0.11429226
-13.56842690,25.35229930,-0.38197166
-13.86327256,24.98224061,-1.46699618
-14.02084004,24.91182035,-0.44329551
-14.26076199,24.51579803,-1.53171166
12.27159671,24.64281752,0.86586669
12.44354075,24.45247432,-0.14354908
-0.93114372,31.47229005,-0.45047162
-1.98635839,31.46312596,-0.59559612
0.15822783,31.21194074,-0.40977008
1.28220488,31.03406909,-0.39930563
-3.03573709,31.45894812,-0.75323854
2.45508666,30.96028354,-0.40875107
-4.10546839,31.43887449,-0.90894512
3.68744304,30.99998433,-0.42049808
-5.22228972,31.38846551,-1.04736987
-14.43115224,24.34736405,-0.46743802
-14.55748688,23.87608926,-1.57249286
12.51208474,23.79269031,0.85427675
12.54870208,23.54070015,-0.17379360
4.88550100,30.71691593,-0.51796418
-6.25062683,30.79031207,-1.25806699
12.71603442,22.85571069,0.71790148
12.63678414,22.61100522,-0.33099143
-14.84499429,23.69800244,-0.57662483
-14.85059830,23.19422338,-1.70259813
6.11709786,30.46524701,-0.59473182
-7.32135667,30.12026835,-1.44683314
-8.44133795,29.40157002,-1.62099373
7.36853670,30.16436144,-0.65515147
12.91036254,21.83363058,0.47902376
12.75929389,21.65588935,-0.58291572
-15.27099800,22.96283287,-0.74660489
-15.17256084,22.44956530,-1.89189242
8.62695477,29.74241366,-0.70938060
-9.62696639,28.67473534,-1.79651795
13.16128915,20.75828851,0.18554719
12.99118307,20.67659293,-0.86823074
-15.73825061,22.13650659,-0.95267225
-15.57129053,21.62497694,-2.10370366
9.37310015,29.24606755,-0.79614002
-10.37280071,28.10320508,-1.94936816
-15.45179287,21.36862610,-1.07625014
-15.32341896,20.84668022,-2.21694129
12.80846873,19.84172926,-0.08080299
12.69448050,19.81710062,-1.09931705
10.13881458,28.71450725,-0.86925821
-11.18627695,27.59925745,-2.08744978
-15.30311525,20.57930000,-1.17491127
-15.22628281,20.04354944,-2.29810804
12.59444818,18.90590032,-0.32216267
12.55074611,18.92800928,-1.30525889
10.94571223,28.18347034,-0.92009954
-12.08013694,27.18152521,-2.20599247
-15.29305526,19.73971913,-1.25821890
-15.25853929,19.18495745,-2.36353928
12.50429837,17.93152899,-0.53323052
12.53061743,18.00591758,-1.48246642
-13.05626477,26.86183159,-2.30475106
11.81457948,27.68547744,-0.94289126
-15.39454079,18.78331105,-1.35497929
-15.38796191,18.23033184,-2.43738344
12.52726916,16.89865230,-0.70084205
12.59941457,17.05716053,-1.62442952
12.03692229,26.78953660,-1.00168546
-13.41684813,26.19406353,-2.37909066
-14.79480253,18.39834756,-1.30311181
-14.80798241,17.79041816,-2.38163309
12.01476962,16.45914445,-0.79785517
12.10247012,16.61891631,-1.70433788
11.56089312,16.01206895,-0.89855752
11.65866701,16.17642546,-1.78527239
-14.23460735,17.93930718,-1.27821417
-14.26956874,17.28313617,-2.35040180
-13.70547230,17.37852041,-1.29092314
-13.76013902,16.69937576,-2.35057154
11.15214272,15.56539564,-1.00696465
11.25299252,15.73576459,-1.87111408
10.77476132,15.12420607,-1.12428492
10.87124210,15.30093563,-1.96256710
-13.19306186,16.71418609,-1.34302444
-13.26276028,16.05733756,-2.37675506
-13.79683250,25.60536603,-2.43938486
12.27334704,25.96165066,-1.01536958
10.11768280,14.70361527,-1.25526616
10.16867759,14.88234159,-2.06617085
-12.22945125,16.02541493,-1.36928489
-12.31619416,15.38958231,-2.36185521
9.47928782,14.28894562,-1.38743282
9.47679825,14.48309688,-2.16844394
-11.21383053,15.36729129,-1.41971249
-11.32791090,14.76990660,-2.36375917
8.83696958,13.87605709,-1.52275790
8.77974512,14.09585500,-2.27360562
-10.13695841,14.77317974,-1.48554074
-10.28640557,14.22189855,-2.38022581
-14.17414543,25.06091566,-2.50916835
12.50504781,25.18416164,-1.02049360
8.17725680,13.45782327,-1.65991533
8.06735734,13.71239913,-2.38238456
-9.01682017,14.21183599,-1.56066750
-9.20270780,13.74032671,-2.40997594
4.94898596,13.22326623,-1.67318309
5.76945503,13.24800421,-1.67598843
4.65238746,13.56014030,-2.42100939
5.50919505,13.57941947,-2.41602864
-4.14459079,14.28032690,-1.40130143
-2.89216329,14.39773699,-1.41591776
-4.45024971,14.13533996,-2.28951740
-3.19491001,14.37527817,-2.28602340
-5.26629826,14.31262829,-1.39808767
-5.57022012,14.05464501,-2.28877926
3.95537575,13.42213602,-1.63596192
3.63300377,13.74842686,-2.38931757
-6.44248145,14.29959455,-1.42704159
-6.73070440,13.93464371,-2.30907856
6.57388952,13.30064296,-1.67762786
6.35844819,13.61192203,-2.41109521
2.91184860,13.66800310,-1.61694257
2.58004535,13.96183985,-2.37389221
-1.67905219,14.41089910,-1.46851941
-1.97960873,14.48134488,-2.30570560
7.37364745,13.37262937,-1.67376206
7.20947008,13.65580984,-2.40173260
-7.69244802,14.25635279,-1.48377166
-7.94349187,13.81238860,-2.35042601
-0.49088457,14.33713743,-1.53100512
-0.79570534,14.47494126,-2.33373792
1.81293660,13.93767896,-1.60574696
1.48601233,14.18515410,-2.36798819
0.67294356,14.18556525,-1.58096873
0.35812507,14.37396779,-2.35805646
12.71719761,24.43772059,-1.05316182
-14.53176885,24.52878850,-2.60734506
0.14979145,31.52794059,-1.22445115
-0.99712754,31.77251957,-1.25940660
-2.11971129,31.71096507,-1.39159029
12.78022005,23.47554833,-1.08926793
-14.77129493,23.79596626,-2.68586659
-3.24211740,31.67436243,-1.53040216
1.32196472,31.36504171,-1.21515751
-4.38756466,31.63959415,-1.65960875
2.53616269,31.29537927,-1.22216386
-14.98837029,23.02816582,-2.81643123
12.82316898,22.52531199,-1.23191035
3.80784650,31.32072101,-1.23322029
-5.57936908,31.59023294,-1.76335856
5.04967407,30.96268116,-1.31403971
-6.67637207,30.98531911,-1.93665506
-15.23697037,22.21068610,-2.97661165
12.90980660,21.57054467,-1.44974917
-7.78987530,30.30798046,-2.10987440
6.33076877,30.62362725,-1.38879560
-15.57759371,21.33308321,-3.14296212
13.10869439,20.59453824,-1.69740846
7.63705697,30.22873247,-1.46964946
-8.92423227,29.57593826,-2.29540943
12.83807993,19.72868199,-1.90153682
-15.35528640,20.52934075,-3.23084495
8.95611027,29.71462243,-1.56515225
-10.10126735,28.82451274,-2.50933100
-10.77252803,28.23942847,-2.68442297
9.68006162,29.18460053,-1.67144284
12.72451854,18.83056069,-2.09178730
-15.27848504,19.70479315,-3.30060075
10.42347600,28.64118112,-1.76659848
-11.50479283,27.71327005,-2.85060134
12.73630565,17.90714882,-2.25807647
-15.31418769,18.83468542,-3.36387923
11.20360461,28.11387177,-1.84033378
-12.31063398,27.26432434,-3.00668475
-15.42152699,17.89676578,-3.43440123
12.83583113,16.97780916,-2.38867013
-13.19252254,26.90490898,-3.15260424
12.03611688,27.62705744,-1.88783389
12.35750146,16.51438886,-2.44930379
-14.84530203,17.42525765,-3.38546172
11.92177849,16.05782272,-2.50919626
-14.30273625,16.89558523,-3.34840216
-13.50646801,26.17507511,-3.26463577
12.22486251,26.73484427,-1.94513690
-13.78741504,16.30975515,-3.32279709
11.51423081,15.61293832,-2.57091631
11.12271789,15.18241013,-2.63572282
-13.28909014,15.68357982,-3.30570537
-12.35001728,15.01060886,-3.22967818
10.36896710,14.77374185,-2.70919261
12.42065963,25.90535542,-1.96572075
-13.83813220,25.52285926,-3.36381084
9.61561400,14.40203162,-2.78443019
-11.38726243,14.40511966,-3.17164583
-10.38079346,13.90148055,-3.13955376
8.85289687,14.05354819,-2.86733068
8.07415865,13.71598721,-2.96053724
-9.33221713,13.50202141,-3.13525746
-14.16127084,24.91501096,-3.46428529
12.61185228,25.12246918,-1.97999152
-5.80708867,13.92360480,-3.05181781
-4.69243898,14.05515332,-3.05251550
3.35851583,13.86215351,-3.07097926
4.42411930,13.64218012,-3.08222553
5.33486867,13.64274343,-3.05247380
-3.44363250,14.34414945,-3.04148308
6.24351310,13.65336591,-3.02403451
-6.95161413,13.75235960,-3.06399634
7.15626813,13.67632679,-2.99470259
-8.12946160,13.59061524,-3.09027362
-2.24020296,14.48593120,-3.04725622
2.27907209,14.07993182,-3.07010296
1.17962927,14.27795199,-3.07614786
-1.07416949,14.50470316,-3.06242358
0.06221574,14.42607007,-3.07713957
-14.45418442,24.32190635,-3.57737500
12.78590820,24.36993958,-2.01652315
-14.62832060,23.51956559,-3.66667795
12.81538271,23.39450271,-2.04812976
-14.78530318,22.69866225,-3.78104535
12.83005582,22.43797285,-2.16464404
0.12568197,31.86633566,-1.98362287
-1.07936713,32.11207742,-2.00744414
-2.26968121,31.98674234,-2.11881853
-3.46244411,31.90124350,-2.23516231
1.34737483,31.69286633,-1.97845703
12.89627374,21.48436044,-2.34505637
-14.99224813,21.85118431,-3.91142937
-4.67719187,31.83290330,-2.34403280
2.60349112,31.59672729,-1.98483853
-5.93219663,31.76523795,-2.43814612
3.91230985,31.57667911,-2.00038224
5.18860787,31.10879560,-2.06854070
-7.07808548,31.12172184,-2.60314275
13.08364776,20.51473453,-2.55928257
-15.31471339,20.97036474,-4.05009266
6.50782469,30.65651671,-2.15216821
-8.21299413,30.41277812,-2.79168056
12.86008740,19.65280079,-2.73106537
-15.14803547,20.16544989,-4.11766276
-9.34165542,29.65032570,-3.01364003
7.86004167,30.15594835,-2.27252525
12.79098261,18.76320021,-2.89664160
-15.11421966,19.34249678,-4.18220604
-10.49277566,28.86673617,-3.27667677
9.24039805,29.56147297,-2.43676105
9.94626181,29.02058592,-2.57247132
-11.08214762,28.27076206,-3.46719310
-15.17695214,18.48678279,-4.25214923
12.84585683,17.86099597,-3.03890252
-11.72088256,27.72586655,-3.65913582
10.67519423,28.48311301,-2.69939978
-15.29829881,17.58913674,-4.33468460
12.98482823,16.97279572,-3.14772972
-12.42052460,27.24929866,-3.85218920
11.43960851,27.96942113,-2.80583943
12.54217304,16.48420464,-3.16344620
-14.76896926,17.07352544,-4.28467312
-14.27435136,16.51683373,-4.24733645
12.13385198,16.01225595,-3.17930183
-13.18515710,26.85305864,-4.04431301
12.24997678,27.49595109,-2.88814978
-13.80478512,15.92563345,-4.21810627
11.74296094,15.56312253,-3.19936073
-13.34825553,15.31624582,-4.19128101
11.35708404,15.13962530,-3.22622068
-13.41532250,26.06356611,-4.18227205
12.42060962,26.60638636,-2.94516520
-12.44271073,14.65150808,-4.08900796
10.57100875,14.73578652,-3.25117602
9.76736645,14.39041807,-3.29123297
-11.50225640,14.08643307,-3.99049937
12.58667401,25.77341018,-2.98159307
-13.66229424,25.35151446,-4.31170432
-10.51179744,13.64631103,-3.91556095
8.94437176,14.08344188,-3.35046858
-9.47750279,13.31988427,-3.88050433
8.10086861,13.79615314,-3.43114659
7.13053151,13.75475499,-3.47362736
-8.31102545,13.39232577,-3.83819921
6.16148427,13.72536050,-3.52361203
-7.15678048,13.53848941,-3.81965606
-6.02529816,13.70015468,-3.81234445
5.19613519,13.69929428,-3.58514383
-4.91883790,13.82821069,-3.81317313
4.23004966,13.67287119,-3.65799023
3.11349629,13.86403057,-3.69091142
-3.68364835,14.12809831,-3.78839216
1.99980100,14.04389318,-3.72832975
-2.49585891,14.29383183,-3.77681706
-1.34760911,14.34066261,-3.77711748
0.88766125,14.19492093,-3.76100938
-0.22531133,14.29319116,-3.77925591
-13.90409824,24.69245279,-4.43727416
12.74275454,24.98635592,-3.01641200
-14.12495969,24.06322129,-4.56418514
12.88389760,24.23271638,-3.06707451
12.87243503,23.25385247,-3.10121315
-14.24709358,23.22138005,-4.66012417
12.87133560,22.30375656,-3.18811795
-14.38917070,22.38674569,-4.75945198
12.93653531,21.36381319,-3.32515079
-14.61053167,21.54486023,-4.86116961
-1.14555302,32.24947904,-2.75448103
-2.40155467,32.05554330,-2.83299499
0.11265413,32.00063054,-2.74801657
-14.95875100,20.68585259,-4.96908039
13.11885269,20.41900101,-3.50025156
1.37610554,31.82376472,-2.75554538
-3.66093074,31.92133263,-2.92461350
-4.93803726,31.82559568,-3.02591103
2.66268006,31.71553674,-2.77232236
-6.24224435,31.74643955,-3.14412251
3.99274069,31.66253291,-2.80733320
-14.86865606,19.89611553,-5.00159624
12.92756316,19.59436919,-3.63169071
-7.42122206,31.07759947,-3.33052485
5.28307961,31.08817478,-2.87204065
6.62037701,30.51637258,-2.98508162
-8.55661272,30.34958310,-3.56990413
12.87395573,18.76065845,-3.76580303
-14.88649347,19.09784081,-5.03996758
7.99996698,29.90597999,-3.17910240
-9.65406713,29.56710478,-3.86720973
-14.97868095,18.28967092,-5.09141316
12.92998581,17.93827525,-3.88687422
9.42307348,29.23614447,-3.44750886
-10.74898272,28.76307793,-4.21456779
10.09424367,28.68260890,-3.61544616
-11.23765150,28.16238867,-4.42531091
13.05736943,17.15317045,-3.99104173
-15.11377326,17.47473178,-5.15881166
10.79151387,28.14320359,-3.76439596
-11.76008852,27.60636619,-4.63443535
12.63894613,16.67494099,-3.96477294
-14.63736334,16.94628205,-5.07740146
12.25234923,16.21498609,-3.93552924
-14.19373670,16.39740895,-5.01746689
-12.32877756,27.11159252,-4.83836982
11.52650107,27.63349377,-3.88263183
11.87819025,15.77962900,-3.90872204
-13.77073842,15.83347792,-4.97445581
-13.35508745,15.26622046,-4.94225943
11.50287028,15.37339741,-3.88934231
-12.95373815,26.69001352,-5.03422673
12.30452168,27.16508647,-3.97243465
10.70844131,14.96228934,-3.83225799
-12.49328497,14.61180639,-4.84414792
-11.58283249,14.06982789,-4.74761160
9.87450864,14.62992303,-3.80725238
-13.06670421,25.86436443,-5.14754896
12.47052917,26.28977768,-4.00634110
-10.61211742,13.66515307,-4.66080583
9.00528235,14.35577937,-3.81912351
-9.59155996,13.38284007,-4.60471833
8.10669130,14.11720300,-3.86849900
12.62798547,25.46811975,-4.03801315
-13.20344399,25.12079545,-5.26415097
-8.45845231,13.41872889,-4.54478508
7.09358664,14.07299231,-3.89842964
-7.32770540,13.52978845,-4.50944663
6.07525703,14.03771842,-3.95505510
5.05906484,13.99746862,-4.04052985
-6.21354560,13.66405748,-4.48748110
4.04391957,13.94585363,-4.14957017
-5.12175007,13.77639879,-4.47669427
-3.90814174,14.06744916,-4.42896816
2.88426863,14.08303426,-4.21996502
1.74258334,14.20091246,-4.28917948
-2.73827745,14.25000107,-4.39836253
0.61940219,14.28756880,-4.34260333
-1.60502877,14.32887238,-4.38419710
-0.49215267,14.32451283,-4.37500863
12.77298125,24.69113008,-4.07690542
-13.35391556,24.44097999,-5.38384374
-13.51513805,23.80574774,-5.50536378
12.90162617,23.94878973,-4.12840739
-13.62584692,22.96357237,-5.60654035
12.88764790,22.98328961,-4.16383077
12.88483836,22.05611492,-4.22358132
-13.80397505,22.14656921,-5.69974653
12.93615500,21.15374028,-4.31339403
-14.07957387,21.33550450,-5.78684531
13.08139908,20.26872220,-4.43231218
-14.46826747,20.52013755,-5.87925459
12.89996568,19.52611341,-4.51991151
-14.44997562,19.77837503,-5.89700026
-1.15193952,31.94654955,-3.99204622
-2.43291990,31.66905938,-4.00468450
0.12106405,31.69840409,-4.01446829
1.38276804,31.53774077,-4.02975850
-3.71517932,31.48949659,-4.05822275
-5.00670705,31.38097047,-4.17202744
2.65179565,31.43814222,-4.03940056
-14.50556181,19.04310238,-5.92602946
12.82653741,18.79622919,-4.62182431
-6.30932950,31.31811198,-4.37208079
3.95259839,31.36960312,-4.07634970
5.19226992,30.67927743,-4.10323799
-7.47168131,30.64104719,-4.63719863
-8.56858043,29.91455769,-4.98035994
6.48648388,29.98805054,-4.25108818
-14.60525015,18.32211638,-5.97258498
12.83717975,18.09734212,-4.73281789
7.85157499,29.29306110,-4.55764428
-9.63495119,29.13172478,-5.35412539
-14.72449085,17.62375387,-6.03970703
12.90208110,17.44765718,-4.85454694
-10.74927211,28.34382290,-5.70458099
9.34145076,28.60937128,-4.93266056
10.00287872,28.06859821,-5.08494993
-11.19561413,27.76193751,-5.85678825
12.49972445,17.02895543,-4.83792459
-14.29331199,17.14280207,-5.91203751
12.13263999,16.62968041,-4.81442872
-13.89269078,16.66430182,-5.80435195
-11.68366593,27.23386871,-6.00176593
10.70252323,27.55890812,-5.18954492
11.78089734,16.25388812,-4.78369961
-13.50832134,16.18712052,-5.71675707
-13.12828123,15.71290008,-5.64768766
11.42924522,15.90401469,-4.74808532
-12.22549361,26.77056686,-6.14894395
11.44396751,27.08982161,-5.25584282
-12.32692707,15.12397178,-5.49976005
10.67862758,15.52373759,-4.61220527
9.86537485,15.21598895,-4.48993466
-11.47221587,14.61488613,-5.38199557
12.22697718,26.66656544,-5.30800465
-12.83054095,26.37848875,-6.30490825
8.99121468,14.97194003,-4.40889898
-10.55248111,14.22053551,-5.28485696
-9.57645234,13.94438228,-5.21222740
8.06702568,14.77519862,-4.38288235
12.35819562,25.82632795,-5.29556440
-12.84810912,25.57559578,-6.35844727
-8.50302442,13.92074490,-5.12737680
7.03210044,14.72781573,-4.36368165
-7.42002400,13.97781930,-5.06812615
5.97750097,14.68994506,-4.40212374
4.92075867,14.64150201,-4.49412218
-6.34477464,14.07042343,-5.03146310
-5.28556709,14.15902109,-5.01787109
3.86679415,14.57393615,-4.62569350
2.67264235,14.65129478,-4.72175319
-4.10677730,14.41136843,-4.96613814
1.50893556,14.70683168,-4.81152770
-2.96148979,14.58821037,-4.93682400
-1.84385825,14.68697186,-4.92404253
0.37555126,14.73529966,-4.87631760
-12.91817943,24.85841383,-6.44557987
12.49409560,25.03671179,-5.29328560
-0.73754929,14.72054975,-4.91500928
12.63003955,24.28601830,-5.30605748
-13.03446778,24.20533325,-6.55839755
12.76042479,23.56474863,-5.33392371
-13.18823814,23.59731727,-6.67971595
-13.26042323,22.76948773,-6.76093799
12.74290699,22.60306967,-5.32459936
-13.41428939,21.97619869,-6.83089532
12.74129906,21.69188438,-5.33793918
12.78731871,20.83438375,-5.38755544
-13.66186633,21.20113767,-6.90001620
-14.00296315,20.43712794,-6.98980553
12.91109823,20.03326663,-5.48940219
-13.96457932,19.75879704,-7.01204921
12.72190561,19.39771423,-5.55344176
12.61776589,18.79959128,-5.66784758
-13.98315172,19.10381947,-7.06084501
12.58160500,18.24657255,-5.83173451
-14.03330287,18.48177914,-7.13558640
12.59296036,17.74768561,-6.03815946
-14.09515146,17.90239576,-7.23257392
-13.64388962,17.50175867,-7.10275157
12.13505489,17.41732032,-6.01270034
11.73058986,17.10762217,-5.99830052
-13.23574061,17.12253618,-6.98492166
-12.85505368,16.75939361,-6.87909358
11.36044471,16.81972956,-5.98505552
11.00919690,16.55360993,-5.96708627
-12.48934291,16.40670265,-6.78526298
10.29432990,16.25918569,-5.79783665
-11.75100288,15.95677159,-6.55426122
-10.98654625,15.54494900,-6.35470688
9.55337832,16.02809847,-5.62277797
8.76029161,15.85128201,-5.46682934
-10.17161011,15.19525201,-6.18798374
7.90279882,15.71157875,-5.35387846
-9.30087718,14.92416391,-6.06199966
6.92581905,15.67232625,-5.25723849
-8.34479542,14.83858730,-5.94040545
5.89254187,15.63137906,-5.24709071
-7.36439453,14.82966943,-5.86717764
4.82968788,15.57731425,-5.32003704
-6.37792958,14.87154305,-5.83937381
3.75233206,15.51128761,-5.45177565
-5.39439111,14.93984295,-5.85112395
-4.28320132,15.15867877,-5.81207119
2.51842074,15.55626511,-5.54364901
-3.18120419,15.34188341,-5.78832308
1.31639769,15.58914645,-5.63120525
-2.08350031,15.47319304,-5.77101291
0.15376671,15.59398414,-5.70011624
-0.97657494,15.54790203,-5.75213453
-0.79112180,31.01499803,2.11274668
-1.74694213,31.08099639,2.01680483
0.18779347,30.76258509,2.14155625
1.20214953,30.53486302,2.15401973
-2.68796770,31.13303188,1.91288014
2.26242497,30.35629687,2.15174267
-3.63567358,31.16011765,1.79556527
-4.61161390,31.14772661,1.66099686
3.37586644,30.25622863,2.14045042
4.42956450,29.89618527,2.03093382
-5.49212742,30.64631640,1.45885804
5.50519913,29.61324238,1.94066493
-6.40068809,30.04624444,1.22128310
-7.35724921,29.36406500,0.96068728
6.58837913,29.34988418,1.89444656
7.67493540,29.05228261,1.88753966
-8.39869629,28.67339898,0.72376118
8.44530415,28.67321236,1.80141915
-9.20524587,28.07311625,0.50309618
-10.11252119,27.60674915,0.35439899
9.23981538,28.26778231,1.73031968
10.08565842,27.86143998,1.67618345
-11.12863027,27.30056915,0.27110763
11.00766664,27.47894288,1.64357238
-12.24247663,27.12313941,0.22629821
-12.62645451,26.60169416,0.20279955
11.28741709,26.75246850,1.56592868
11.61023268,26.08551189,1.51919678
-13.05032778,26.14254692,0.17610316
11.95475794,25.44617998,1.47601107
-13.50184319,25.69744146,0.12661356
-13.97338801,25.23466114,0.04256989
12.30194577,24.79809024,1.40699454
12.60985393,23.94899595,1.38455843
-14.43258804,24.65478414,0.00356663
-14.90772730,23.99528336,-0.10186587
12.88963852,22.99968795,1.26119653
13.17963783,21.94366665,1.06603802
-15.40304818,23.25589319,-0.25330894
13.55357545,20.78991203,0.84882849
-15.93788416,22.42556685,-0.43284271
-15.65936392,21.68177380,-0.54277154
13.27383611,19.79577917,0.63015588
13.11632761,18.75721966,0.42738286
-15.49300077,20.89896989,-0.63771059
-15.44699459,20.05844150,-0.72541593
13.03836328,17.67166936,0.22460713
-15.50016853,19.09492586,-0.83228967
13.01097152,16.54285902,0.02114414
12.43534342,16.11095925,-0.12327533
-14.86374573,18.73288669,-0.78843566
-14.26465365,18.29655004,-0.76701014
11.90519638,15.68423805,-0.27606297
-13.69693444,17.76011733,-0.77705516
11.41801861,15.26712936,-0.43411858
10.97043759,14.85785023,-0.59467317
-13.15067823,17.10910391,-0.82237066
10.26324594,14.48151863,-0.76698585
-12.16666582,16.41261669,-0.84296651
9.60020382,14.09350940,-0.92901151
-11.13775151,15.73063017,-0.89136489
-10.04958385,15.11699836,-0.96417548
8.95159732,13.69245670,-1.08622359
-8.91772526,14.54432729,-1.05401695
8.29662944,13.27585924,-1.23958559
-4.00183565,14.50502998,-0.87034580
-5.13040205,14.57834190,-0.87296909
5.12835248,13.19673718,-1.21278054
4.14139238,13.44910162,-1.15669860
5.93594611,13.16713435,-1.23339344
-2.73980851,14.56165002,-0.88549981
3.09593744,13.72413908,-1.12427094
-1.52006157,14.52900462,-0.94445554
-0.32754697,14.42497173,-1.01776342
1.98950688,14.00194198,-1.10798591
0.84149845,14.25845396,-1.07818561
-6.31453695,14.60189583,-0.90828680
6.72507487,13.17466008,-1.24751486
-7.57483679,14.58445014,-0.97106659
7.50860586,13.21405737,-1.25089719
-1.17934398,31.95864530,-5.36978219
-2.43443789,31.65184466,-5.35615638
0.09426230,31.63307480,-5.38628231
-3.69171099,31.45551271,-5.37035405
1.35313398,31.42066371,-5.37218989
2.61752057,31.29478007,-5.34903239
-4.97651596,31.34146550,-5.45213293
-6.31043388,31.28592382,-5.63363352
3.91653216,31.22825265,-5.37346574
-7.48637833,30.51779172,-5.87944423
5.12654684,30.47259643,-5.37647826
6.40942466,29.72966958,-5.53616639
-8.64300298,29.69692739,-6.19818456
7.78422569,28.94254701,-5.84368334
-9.83532000,28.84627317,-6.52763879
9.32037809,28.14366220,-6.11523080
-11.12487068,28.06958744,-6.80467273
9.97579446,27.57271377,-6.20976068
-11.62167779,27.52125617,-6.92402011
-12.15125857,27.03867323,-7.03517376
10.69064151,27.06444154,-6.26381409
-12.71641376,26.62209527,-7.14675342
11.46345118,26.61460156,-6.29575439
12.28341946,26.21307865,-6.33343706
-13.31587450,26.27034668,-7.26301439
12.39749354,25.37085604,-6.36586852
-13.34379947,25.50805094,-7.33275799
12.53417306,24.57260223,-6.40136581
-13.39975458,24.82120302,-7.41405763
12.68378757,23.80681859,-6.44258875
-13.48058874,24.18892153,-7.50093968
-13.58333848,23.59713884,-7.58229692
12.83654081,23.07016058,-6.49103293
-13.56202321,22.77284458,-7.61630280
12.83814384,22.13527407,-6.46671227
-13.61450101,21.98207023,-7.63916001
12.85537487,21.27384595,-6.45405389
12.91308232,20.47439423,-6.49567633
-13.75975099,21.21349921,-7.67170874
-13.99812012,20.46608707,-7.73233636
13.03171242,19.74023989,-6.61239718
-13.89583862,19.80580132,-7.75328270
12.83901069,19.19679350,-6.65608828
12.71371971,18.68915100,-6.75898885
-13.85099101,19.18238939,-7.80057232
-13.84351840,18.60689229,-7.86752684
12.64177887,18.22905462,-6.90119413
-13.85787915,18.08701433,-7.94605095
12.60768262,17.82228064,-7.05696325
12.11772758,17.53982394,-7.01648408
-13.36295189,17.70378841,-7.86859497
-12.91722205,17.35740435,-7.79317673
11.68331487,17.27303219,-7.00174106
11.28937294,17.02290864,-7.00103326
-12.50631439,17.03887277,-7.71867189
10.92238732,16.78984611,-7.00530225
-12.11851195,16.73939498,-7.64431624
10.19866782,16.52562337,-6.90869223
-11.35847273,16.35440034,-7.42506018
9.46712011,16.31431553,-6.78351104
-10.60663857,15.99288570,-7.21457390
8.69774446,16.15196474,-6.63746591
-9.83488278,15.66834180,-7.03426603
-9.02791686,15.40141944,-6.89740180
7.87150760,16.02856842,-6.49849272
6.92944173,15.99761483,-6.34851760
-8.15395942,15.28913490,-6.77687052
-7.25570978,15.25546266,-6.70589350
5.91225988,15.97820478,-6.26795370
4.83696598,15.95836408,-6.26747034
-6.34517647,15.28807875,-6.67796917
-5.42859310,15.36876058,-6.68369775
3.72065091,15.93526676,-6.32955035
2.43529346,16.01158703,-6.34684681
-4.37928804,15.59624750,-6.63165793
1.18890889,16.07049039,-6.39201291
-3.32069595,15.80134351,-6.58838292
-2.24696777,15.95561352,-6.54894462
-0.00246040,16.08836431,-6.44929821
-1.14577699,16.04350630,-6.51124098
