-0.09192803,14.98596176,1.54421887
-0.81982870,15.03525095,1.56501063
-0.08981528,14.92314706,1.68127621
-0.82465866,14.97455674,1.70365209
-1.54611314,15.09505328,1.58693026
-1.55787167,15.03640843,1.72754806
-2.27848979,15.16072800,1.61503884
-2.29724422,15.10395118,1.75789187
-3.02761435,15.22711430,1.65281189
-3.05345413,15.17210922,1.79795439
-3.21650479,31.69906411,1.49395814
-2.28684995,31.85747342,1.52778495
-3.24941557,31.75840667,1.62069497
-2.31247324,31.91412880,1.65340630
-1.38311583,32.03296567,1.53659718
-1.40177753,32.08659272,1.66056228
-0.49292702,32.21746954,1.51831657
-0.50497143,32.26823835,1.64021733
0.39398113,32.40741042,1.47336405
0.38825054,32.45490369,1.59298402
-3.64785438,15.42295640,1.67235443
-3.68032555,15.36878105,1.81925188
-4.28707192,15.61340373,1.69901554
-4.32658417,15.55966025,1.84771391
-4.96325433,15.79523532,1.73137823
-5.01043118,15.74159914,1.88156132
-5.69927648,15.96320803,1.76647798
-5.75509481,15.90903124,1.91752846
-6.57788198,29.76439635,1.42215559
-5.65838915,30.13699476,1.43849602
-6.64156143,29.82359668,1.55388917
-5.71362051,30.19588176,1.57001638
-4.80964662,30.59815770,1.46224312
-4.85703533,30.65719347,1.59302499
-4.00401536,31.12555114,1.48552306
-4.04398972,31.18487787,1.61478326
-6.22387304,16.52749845,1.82106847
-6.28624323,16.47631776,1.97468879
-6.81435098,17.06222160,1.86945230
-6.88376149,17.01337809,2.02487434
-7.49609617,17.56884291,1.89235271
-7.57341145,17.52173586,2.04824443
-8.29876012,18.04450935,1.86637879
-8.38468310,17.99844864,2.02155348
-8.79365599,18.51277763,1.82287326
-8.87932010,18.47227869,1.97867378
-9.36444204,18.95969324,1.75421555
-9.44990037,18.92463459,1.91035666
-10.02287664,19.38507662,1.66344954
-10.10743267,19.35513405,1.81961297
-10.78379705,19.78716503,1.55661961
-10.86685150,19.76223346,1.71273759
-9.75045432,28.75435976,1.23179805
-8.82206098,28.89728576,1.30556282
-9.82791823,28.79976838,1.36557804
-8.89712680,28.94728109,1.43898037
-8.00114338,29.11373853,1.35594280
-8.07249217,29.16691313,1.48894304
-7.25973866,29.40366514,1.39152267
-7.32738188,29.45990886,1.52397251
-10.74964166,20.76555723,1.50653408
-10.84219306,20.74624684,1.66277982
-10.87953728,21.66129386,1.45559112
-10.98159776,21.64852023,1.61079161
-11.15362471,22.49939066,1.39892099
-11.26640242,22.49349699,1.55230347
-11.56947680,23.29943684,1.33833725
-11.69407711,23.30048564,1.48939943
-10.97065921,24.11034717,1.34432965
-11.09217127,24.12401402,1.49380142
-10.55094452,24.84364342,1.33507468
-10.66957592,24.86847549,1.48229806
-10.26261091,25.54268071,1.30135700
-10.37896979,25.57712129,1.44562785
-10.07638465,26.23937598,1.23936630
-10.19087892,26.28246990,1.37997777
-9.92488017,26.80298576,1.28389663
-10.03078998,26.84807143,1.42292777
-9.82238110,27.39936699,1.29875010
-9.91970985,27.44582064,1.43590334
-9.76421253,28.04354486,1.28098526
-9.85206022,28.09016654,1.41630107
-0.09464211,15.04813681,1.40800270
-0.81578020,15.09530462,1.42719929
-1.53531540,15.15306224,1.44720631
-2.26095573,15.21667196,1.47312915
-3.00318592,15.28127962,1.50852103
-3.18426984,31.64035056,1.36759293
-2.26182043,31.80146147,1.40272882
-1.36489755,31.97978446,1.41323645
-0.48115589,32.16734757,1.39702548
0.39960816,32.36035500,1.35423912
-3.61700773,15.47626992,1.52601269
-4.24944536,15.66607729,1.55077280
-4.91817465,15.84769119,1.58151582
-5.64589743,16.01588984,1.61556362
-6.51543687,29.70603552,1.29093036
-5.60428233,30.07894580,1.30746388
-4.76329237,30.53986050,1.33195992
-3.96493574,31.06706110,1.35673169
-6.16430195,16.57728536,1.66759864
-6.74779103,17.10966127,1.71404566
-7.42188434,17.61452591,1.73620581
-8.21629068,18.08884541,1.71095393
-8.71119340,18.55156597,1.66701038
-9.28238468,18.99324512,1.59805722
-9.94132196,19.41360985,1.50722831
-10.70354256,19.81069688,1.40057234
-9.67428691,28.70927558,1.09834272
-8.74859198,28.84801264,1.17242651
-7.93104165,29.06118441,1.22320256
-7.19349029,29.34835730,1.25952958
-10.66029117,20.78326120,1.35027840
-10.78047516,21.67237891,1.30062330
-11.04394676,22.50378604,1.24563378
-11.44777624,23.29698977,1.18736578
-10.85194714,24.09558029,1.19491333
-10.43491319,24.81801079,1.18788737
-10.14875307,25.50783288,1.15701673
-9.96439039,26.19628194,1.09876646
-9.82106880,26.75811097,1.14501559
-9.72695126,27.35332093,1.16169412
-9.67786348,27.99723273,1.14579479
0.65459048,14.84168122,1.66865244
0.64567980,14.90463117,1.53210179
1.41429702,14.77599742,1.65646861
1.39881815,14.83893217,1.51974846
2.19088522,14.72509883,1.65424150
2.16912117,14.78796261,1.51659985
2.98587350,14.68709918,1.67166395
2.95821501,14.74963444,1.53233158
3.97017210,32.44389699,1.41365678
3.05089310,32.44974631,1.44193889
3.95359642,32.41300632,1.29492409
3.03971172,32.41478562,1.32373295
2.15947880,32.45043166,1.48829212
2.15370519,32.41136240,1.37009417
1.27702811,32.45087878,1.54218685
1.27684636,32.40765975,1.42344144
3.64816373,14.80705223,1.69004039
3.61472958,14.87047836,1.54923328
4.31707749,14.93431461,1.72442866
4.27794318,14.99860025,1.58172414
4.99937665,15.06659037,1.77223370
4.95465028,15.13162225,1.62745653
5.70542194,15.20000576,1.82985033
5.65507414,15.26588829,1.68305622
7.22633867,30.62855413,1.67495286
6.34053479,31.08888790,1.59827400
7.18907675,30.61052304,1.54586205
6.30933859,31.06933607,1.47162625
5.52468730,31.54735414,1.52847696
5.49870808,31.52479034,1.40445031
4.74301949,31.99834535,1.46720838
4.72184727,31.97196971,1.34583655
6.20555819,15.77020050,1.89501636
6.15050917,15.83546549,1.74533490
6.72993709,16.33771682,1.95099832
6.67099990,16.40168545,1.79873604
7.31162252,16.89044230,1.99655278
7.24903328,16.95275723,1.84229730
7.98858351,17.41172169,2.02730201
7.92217758,17.47232032,1.87156114
8.42157677,17.92907771,2.02679553
8.35752835,17.98328926,1.87010426
8.94419737,18.40248786,2.01872756
8.88239124,18.45054571,1.86152806
9.57382386,18.81755124,2.00622631
9.51407596,18.85969679,1.84906921
10.32487169,19.16244523,1.99204741
10.26709586,19.19900518,1.83528137
10.44316335,28.83359560,1.78975949
9.46057293,29.24558662,1.76743801
10.40127887,28.82459823,1.65541561
9.41898612,29.23494272,1.63387518
8.61836249,29.68825939,1.73758685
8.57812778,29.67589980,1.60521815
7.88364082,30.15152358,1.70628363
7.84475064,30.13666525,1.57536688
10.50621025,20.16312300,1.96039696
10.44471534,20.19551973,1.80295210
10.83016054,21.03957644,1.95250889
10.76348402,21.06816194,1.79508163
11.28273161,21.79969586,1.97747975
11.20851220,21.82463084,1.82089560
11.85932512,22.47309581,2.02498576
11.77528380,22.49395686,1.87030631
11.42156829,23.41739664,1.99633598
11.34142964,23.43057636,1.84217274
11.10163613,24.27912407,1.95833751
11.02424568,24.28533059,1.80612931
10.87876341,25.09759303,1.90444619
10.80324417,25.09711708,1.75541123
10.74157145,25.90945533,1.82596538
10.66719443,25.90237360,1.68113963
10.57658405,26.57727025,1.84274571
10.51008691,26.56799679,1.70076960
10.46900513,27.27605046,1.84006115
10.41014803,27.26538634,1.70092082
10.42311041,28.02334483,1.82059623
10.37244105,28.01277401,1.68401710
0.63633878,14.96714158,1.39638563
1.38304496,14.90163435,1.38394825
2.14724148,14.85059857,1.37994108
2.93055664,14.81204028,1.39395649
3.93757908,32.38237381,1.17696350
3.02891970,32.38029016,1.20638780
2.14815030,32.37275391,1.25269800
1.27671176,32.36479753,1.30544920
3.58143294,14.93375680,1.40913665
4.23914564,15.06273307,1.43966016
4.91043971,15.19649457,1.48322823
5.60547090,15.33150262,1.53669730
7.15339556,30.59316675,1.41774717
6.27942266,31.05025586,1.34592058
5.47377889,31.50279641,1.28133983
4.70147458,31.94616049,1.22533569
6.09663556,15.90026816,1.59617267
6.61344748,16.46498733,1.64693976
7.18826690,17.01409212,1.68833789
7.85818472,17.53154037,1.71614769
8.29592386,18.03622826,1.71381745
8.82322872,18.49712873,1.70470883
9.45712997,18.90035558,1.69213110
10.21210146,19.23387508,1.67869752
10.36148143,28.81614987,1.52170163
9.37965740,29.22485518,1.50104016
8.53973104,29.66399574,1.47357217
7.80773097,30.12238018,1.44540745
10.38628136,20.22622281,1.64563958
10.69989071,21.09496971,1.63800431
11.13760395,21.84787392,1.66446606
11.69464193,22.51341412,1.71560970
11.26458159,23.44276021,1.68808452
10.95008668,24.29074722,1.65406970
10.73085581,25.09624728,1.60645739
10.59590979,25.89530851,1.53652135
10.44646441,26.55885564,1.55920928
10.35395559,27.25505466,1.56219166
10.32409676,28.00243856,1.54789409
-1.76130903,14.53885581,-7.69914903
-2.56074954,14.50868860,-7.68253583
-1.76044782,14.62325460,-7.54982382
-2.54935436,14.59414537,-7.53387289
-3.34862540,14.47072957,-7.68312643
-3.32661255,14.55677012,-7.53476050
-4.13239142,14.43393624,-7.70448542
-4.10024601,14.51639455,-7.55580086
-4.91450216,14.40309183,-7.73216061
-4.87411347,14.47790332,-7.58386810
-0.95905620,14.69736295,-7.57831755
-0.94954491,14.61284223,-7.72933879
-0.13597829,14.76216068,-7.62291709
-0.11589725,14.67712909,-7.77682095
0.71459958,14.82303778,-7.67589200
0.74429928,14.74105056,-7.83206011
1.59443512,14.87956353,-7.72550612
1.63154460,14.80378417,-7.88318732
-0.21389555,33.61636938,-9.60929200
-1.41993643,33.23829024,-9.51839325
-0.20331951,33.63894730,-9.47419854
-1.40435156,33.24219941,-9.38086269
-2.59905171,32.94298667,-9.48096531
-2.57707196,32.93362989,-9.34251705
-3.74777869,32.68323204,-9.47809198
-3.72082211,32.67614408,-9.34287385
-4.88500335,32.47688457,-9.51089906
-4.85321399,32.47693719,-9.37947214
0.98006245,33.49581103,-9.49052023
0.97557870,33.48550298,-9.63190544
2.15137471,33.42319936,-9.52930314
2.15439423,33.41976806,-9.67669462
3.32463158,33.36730986,-9.59000750
3.33319176,33.35669956,-9.73822820
4.52773970,33.30889407,-9.67811900
4.54177046,33.28695743,-9.82495459
-5.60730211,14.56280737,-7.75038118
-5.56083236,14.62892630,-7.60169804
-6.29149575,14.73810025,-7.77897680
-6.24205539,14.79108404,-7.63164562
-6.97390405,14.92902439,-7.81988439
-6.92425428,14.96643437,-7.67297245
-7.67610636,15.11814178,-7.86475873
-7.62492859,15.14423777,-7.71762394
2.38986594,15.10550260,-7.74839277
2.43180013,15.03654455,-7.90741456
3.20597066,15.33133855,-7.77007824
3.25027178,15.27275912,-7.92978628
4.04437793,15.54966510,-7.79982699
4.08888509,15.50398833,-7.96132846
4.91368179,15.74265870,-7.83194352
4.96023065,15.70568470,-7.99644006
-5.84459781,31.75304441,-9.48217136
-5.80016467,31.74172339,-9.35003401
-6.77307798,31.07121597,-9.46040752
-6.71570396,31.06120109,-9.32830466
-7.72901002,30.46798962,-9.42654293
-7.66250522,30.46111046,-9.29547245
-8.79376469,29.96613280,-9.38952472
-8.70981416,29.96148452,-9.26091198
5.56437499,32.65331866,-9.62119828
5.59271182,32.63929714,-9.77629577
6.60995353,31.94859021,-9.57536108
6.65273573,31.93077889,-9.73835347
7.71871689,31.22016515,-9.55862129
7.77105546,31.19741034,-9.72746537
8.94799136,30.49039050,-9.61195962
9.01933383,30.46551446,-9.78516081
-8.37083778,15.43198658,-7.91797937
-8.31255439,15.45529149,-7.76930899
-9.07814443,15.77079198,-7.99418060
-9.01043015,15.79384250,-7.84358625
-9.82648745,16.13241974,-8.09229832
-9.75066913,16.15219837,-7.94124638
-10.61075025,16.53241274,-8.20291237
-10.52924607,16.54669280,-8.05301664
5.78950633,16.02712078,-7.87870915
5.84355119,15.98917045,-8.04828731
6.67451064,16.29126320,-7.96146754
6.73764267,16.24953556,-8.13874400
7.59018472,16.52207992,-8.09207661
7.66027663,16.47969396,-8.27689947
8.52849117,16.73621637,-8.26240166
8.60150399,16.69721860,-8.45292266
-11.11330352,28.16748056,-9.37050985
-10.41726755,28.55522204,-9.35700848
-11.05602157,28.13300879,-9.23017042
-10.34530810,28.52159350,-9.21889386
-9.82555186,28.97892529,-9.35559685
-9.74001999,28.94840445,-9.22026467
-9.29015302,29.44461416,-9.36643225
-9.20024717,29.42801200,-9.23408646
11.69021390,27.97252456,-9.85921640
10.89456885,28.53698584,-9.74286102
11.72010885,28.00405068,-10.04910360
10.94285327,28.56013860,-9.93352539
10.18796077,29.13969580,-9.65877755
10.25477281,29.15170169,-9.84840997
9.54198610,29.79274183,-9.61418003
9.61744490,29.78404326,-9.79775299
-10.96180937,16.93222521,-8.29667224
-10.87990317,16.94131942,-8.14639540
-11.35090384,17.33519137,-8.39367047
-11.27250346,17.33794500,-8.24368728
-11.74494128,17.74775803,-8.49503988
-11.67106328,17.74305564,-8.34686111
-12.21760827,18.18161871,-8.59956011
-12.14115074,18.16897371,-8.45302476
9.00118675,17.00318300,-8.38997079
9.07293305,16.96876097,-8.58503017
9.51017102,17.25556476,-8.53048125
9.57707809,17.22833901,-8.72853088
10.02291940,17.50859940,-8.68381612
10.08479891,17.49042096,-8.88288563
10.60125455,17.76820558,-8.85027224
10.66551817,17.75918608,-9.05024841
-12.13691986,18.92756246,-8.70399244
-12.03711552,18.91454369,-8.55316560
-12.12313566,19.66887997,-8.81769651
-12.00778257,19.65440093,-8.66231401
-12.10169731,20.42198097,-8.94559507
-11.98071720,20.40309022,-8.78753795
-12.13879035,21.18796010,-9.06720799
-12.01351182,21.16165837,-8.90904706
10.77069707,18.39544167,-8.96167057
10.85476934,18.38538549,-9.17030485
11.01588466,19.02236765,-9.08709072
11.11104889,19.01489797,-9.30415829
11.26317966,19.68187866,-9.22337862
11.36243108,19.68231060,-9.44478743
11.56161422,20.37725633,-9.36037034
11.66425765,20.38933252,-9.58298153
-11.89267903,22.01456046,-9.16395517
-11.76747980,21.97370295,-9.00330771
-11.68645725,22.89383061,-9.25205724
-11.56484828,22.83154105,-9.08967843
-11.56907251,23.72433651,-9.32255135
-11.44778726,23.65198161,-9.16202838
-11.48205608,24.65605414,-9.36544580
-11.36633851,24.55342754,-9.21013483
11.60174784,21.20250598,-9.43506526
11.70634254,21.23234258,-9.66292815
11.66298707,22.10219468,-9.51210780
11.76724006,22.15934058,-9.74490477
11.75373417,22.98254132,-9.59725343
11.85649373,23.05293304,-9.82991578
11.85162069,23.95685966,-9.67281224
11.94925295,24.06255802,-9.89992103
-11.26876774,25.49486362,-9.37059168
-11.15719653,25.39141393,-9.21958772
-11.12783814,26.34486071,-9.37188643
-11.02538947,26.26195394,-9.22371583
-11.07383058,27.21450425,-9.37551942
-10.99110263,27.15445307,-9.23004048
11.75508994,24.90123917,-9.69142513
11.84408349,25.00686476,-9.91272035
11.68173173,25.87333046,-9.72317500
11.75718263,25.95725568,-9.93820042
11.65340797,26.87947101,-9.78140141
11.70774650,26.93900692,-9.98716888
4.51485416,33.32266098,-9.54272223
5.53217401,32.65621434,-9.47546145
6.56581519,31.95996179,-9.42210434
7.66081138,31.23509586,-9.40327606
8.87372056,30.51049038,-9.44499084
1.55395117,14.97218969,-7.58399291
2.33999265,15.19081251,-7.60677723
3.15184734,15.40494824,-7.62800914
3.99024413,15.60962893,-7.64977409
4.85372704,15.79879475,-7.67804425
11.66273563,27.93232085,-9.68625934
10.85064991,28.50215623,-9.56631733
10.11677080,29.12652871,-9.48204875
9.46042133,29.79996252,-9.44236561
8.44316800,16.78741792,-8.09110812
8.92274149,17.04277592,-8.20625523
9.42107048,17.29210878,-8.34050887
9.94281603,17.53919342,-8.49299608
10.49388465,17.78891470,-8.66143527
10.67174424,18.41624851,-8.76751542
10.89115569,19.04746804,-8.88224967
11.15231216,19.69648623,-9.00867969
11.45564703,20.37661755,-9.14980523
-12.02257940,18.16003101,-8.32436176
-11.92360790,18.90895385,-8.42118794
-11.86332338,19.65147053,-8.52574968
-11.84815489,20.39457851,-8.64100552
-11.88476917,21.14410959,-8.76400847
11.49554117,21.19178897,-9.21843368
11.56285366,22.03959136,-9.29609730
11.65381138,22.92001203,-9.38024787
11.76725702,23.83044845,-9.46676866
-11.63828298,21.94853173,-8.85289397
-11.45416243,22.76129338,-8.93852520
-11.33191869,23.58691356,-9.01271929
-11.27507874,24.43000119,-9.06876146
11.68462318,24.78540956,-9.49554204
11.62780172,25.77485999,-9.53397297
11.61307133,26.81735436,-9.59424381
-11.07221523,25.28394071,-9.08615213
-10.94942626,26.16645465,-9.09237761
-10.92118868,27.09330735,-9.09517395
-11.00218207,28.08984421,-9.10288681
-0.19319164,33.66174108,-9.34834224
0.98360195,33.49918524,-9.35472682
2.14663947,33.41179867,-9.39392795
3.31588016,33.36435708,-9.45832605
-1.76035509,14.72431856,-7.41507639
-0.97007870,14.79852988,-7.44212550
-0.15830289,14.86452201,-7.48408597
0.68161692,14.92262872,-7.53380309
-2.53800538,14.69601349,-7.40050863
-3.30411364,14.65979834,-7.40338637
-4.06620236,14.61726495,-7.42114035
-4.83156002,14.57093292,-7.45086165
-1.38906030,33.24118652,-9.25289107
-2.55534431,32.91016152,-9.21314578
-3.69576641,32.65617425,-9.22041665
-4.82408220,32.46997043,-9.25882702
-5.75352480,31.72158264,-9.22729286
-6.65754490,31.04479412,-9.20395821
-7.59181425,30.44753804,-9.17487986
-8.62337434,29.95194338,-9.13878129
-5.50783841,14.71261997,-7.47023506
-6.18302032,14.86195527,-7.49869244
-6.86416939,15.02095275,-7.53473370
-7.55837190,15.19223844,-7.57806729
5.71623786,16.08423998,-7.72230414
6.60068240,16.34434149,-7.79736550
7.50808714,16.57779918,-7.91668067
-8.23457311,15.49954530,-7.63300527
-8.93121826,15.82987934,-7.70316511
-9.65971616,16.18672160,-7.79696709
-10.43585944,16.57275675,-7.92407938
-10.79455242,16.95473019,-8.01091662
-11.17384920,17.34598019,-8.10775029
-11.58043271,17.74742575,-8.21297294
-10.27786795,28.47753344,-9.09158845
-9.65149432,28.91634350,-9.09487810
-9.10574772,29.40746829,-9.11162516
1.33653792,32.47910352,-0.41676757
0.45371701,32.37093799,-0.39544413
1.31577153,32.49382617,0.41295984
0.43270828,32.40339795,0.46246646
-0.45206065,32.24317832,0.49174864
-0.42879429,32.17698034,-0.35733891
-1.34504101,32.09375768,0.49637162
-1.31618136,31.99894021,-0.34385056
2.22547346,32.59486221,-0.44389505
2.20355343,32.59026624,0.35931690
3.08773242,32.50167597,-0.47587776
3.06652740,32.48975614,0.33672571
-2.20890533,31.75938520,0.48946124
-2.16553068,31.62641177,-0.37716468
3.96143963,32.40275353,-0.49875154
3.94161862,32.38379799,0.32576807
-3.07965414,31.44393004,0.45513217
-3.01603479,31.27636829,-0.43714771
4.74439386,32.01925263,-0.45631714
4.72704287,32.00441840,0.36427576
-3.85883845,30.89890625,0.42925729
-3.77122984,30.70263022,-0.46497617
-4.65775402,30.40227676,0.39216930
-4.54291437,30.18237770,-0.50029408
5.54078765,31.61559704,-0.40854703
5.52697608,31.60938916,0.41071320
6.32189520,31.11321926,-0.36137985
6.31820315,31.12896553,0.46448932
-5.45814919,29.90322883,0.35897821
-5.30836987,29.65655771,-0.53365011
-6.32747769,29.49680307,0.33651008
-6.14049605,29.22601784,-0.55426256
7.16924011,30.59800187,-0.31057527
7.17640878,30.64035007,0.52372061
-7.03756383,29.21126348,0.30987115
-6.80505509,28.92644892,-0.58371780
7.85677410,30.16425692,-0.28930206
7.88804920,30.22372568,0.55800120
8.63342229,29.73791088,-0.26744314
8.69194051,29.81714681,0.59338145
-7.81997199,28.99973100,0.27691895
-7.53860719,28.69874966,-0.61858077
9.27337274,29.13338985,-0.26624422
9.36309643,29.23296990,0.60639902
-8.46664353,28.63228712,0.24212868
-8.13519267,28.32080863,-0.65455904
-9.20117828,28.34193610,0.18865700
-8.81662269,28.01972087,-0.70841079
10.02512279,28.56119636,-0.26781768
10.15041905,28.68120032,0.61634503
10.12138877,27.77338354,-0.25546256
10.25120692,27.89538557,0.61373300
-9.30772979,27.70118321,0.18934759
-8.91589620,27.39860852,-0.69174831
-9.46648818,27.12499162,0.15906180
-9.07215458,26.84211083,-0.70396948
10.28728682,27.04715789,-0.25403270
10.42205357,27.16763514,0.60001572
10.28127831,26.34538070,-0.29646983
10.44195073,26.46542449,0.59748625
-9.49432505,26.52724382,0.14971012
-9.07076262,26.24627629,-0.74845236
-9.57743720,25.96717759,0.11336791
-9.12882086,25.68899794,-0.81757960
10.33264711,25.68606051,-0.35890967
10.52011707,25.80378403,0.57519709
-9.70582388,25.31137037,0.13963814
-9.24229205,25.06430183,-0.80048936
10.38555316,24.94872695,-0.34442848
10.59728837,25.03860219,0.60612322
-9.93303887,24.66217207,0.14472001
-9.44852523,24.44837672,-0.79846502
10.50904112,24.21187044,-0.34144545
10.75280871,24.27265911,0.61964178
-10.23334721,23.97601699,0.16159106
-9.71444668,23.80033333,-0.79382839
10.64825510,23.44538610,-0.33782215
10.93455180,23.47196251,0.64303376
10.87446709,22.61863642,-0.32791009
11.21643050,22.60203528,0.66804812
-10.69387710,23.23221485,0.17002432
-10.12662946,23.10726258,-0.79250886
10.67802410,21.89929163,-0.38038848
11.01944521,21.85435323,0.62016945
-10.69099706,22.46098186,0.17794130
-10.14470726,22.38092647,-0.79158591
-1.31905321,31.92645164,-1.18299305
-0.43073616,32.13248859,-1.18812265
2.24540343,32.61514828,-1.24646281
1.34782967,32.48173534,-1.22881173
3.11254673,32.52746350,-1.26651167
-2.16256848,31.52260297,-1.21949705
0.45689551,32.35901096,-1.21849396
3.99058415,32.43283945,-1.28014411
-3.00225112,31.14636066,-1.28124855
10.56437307,21.09480286,-0.40645317
10.91708903,21.01293762,0.59775151
-10.82912133,21.62411885,0.18863925
-10.29454999,21.59483478,-0.78444595
4.77781373,32.04375763,-1.24266548
-3.74115231,30.54734351,-1.32008776
5.57760929,31.62998723,-1.20283423
-4.49214151,30.00603113,-1.36363811
6.35585080,31.10304916,-1.16095126
-5.22997749,29.45750783,-1.39634349
-10.38130376,20.81331982,0.28382208
-9.91222599,20.81758063,-0.68955349
9.95026879,20.40235792,-0.39293864
10.27131749,20.29781491,0.60313057
-6.03179792,29.00620802,-1.41580647
7.20060880,30.55905634,-1.11817920
-10.09851297,19.94323414,0.37956498
-9.67760967,19.98527292,-0.59255449
9.47535238,19.59834960,-0.34989343
9.78123765,19.45972508,0.63967453
7.87142459,30.10779670,-1.10446142
-6.65921839,28.69666858,-1.44334233
-9.48365867,19.48028808,0.47380990
-9.11539198,19.53107163,-0.50179771
8.84660277,19.19484013,-0.32495385
9.12745018,19.04527305,0.65783226
8.62890213,29.66204926,-1.09124508
-7.35277664,28.45633548,-1.47570729
-8.96246214,18.99454247,0.55456253
-8.63894908,19.05683099,-0.42251595
8.31985810,18.73170453,-0.29599884
8.58513092,18.56504789,0.67954906
-7.90996678,28.06914071,-1.50822898
9.24580107,29.03696013,-1.09682579
-8.34132016,18.63261659,0.62505742
-8.05956253,18.70274009,-0.36106307
7.75590327,18.38376178,-0.28336079
8.00861327,18.19997642,0.68980341
-7.79969588,18.25179480,0.67244337
-7.55421681,18.33201020,-0.31936521
7.27229152,17.99862235,-0.27512281
7.51847502,17.79451289,0.69445693
1.84974620,15.37055698,-0.35067019
2.56162264,15.38641579,-0.35425533
2.00075049,15.15966417,0.53623231
2.74136848,15.15824710,0.54155685
3.18791272,15.43461630,-0.35937149
3.38605865,15.18815133,0.52762622
-2.87141219,15.56021190,0.61947021
-3.48166276,15.65394131,0.60884333
-2.83010699,15.69971825,-0.30610538
-3.41820804,15.79703214,-0.31044579
-2.17702262,15.47334533,0.59920710
-2.16455175,15.61623657,-0.31170157
-7.10657116,17.72320647,0.69257267
-6.89434113,17.81740421,-0.28632232
6.65483214,17.45120250,-0.26933195
6.90480494,17.22188519,0.67946730
-1.49409619,15.38871445,0.58615042
-1.50910943,15.53458307,-0.31288331
1.15498401,15.36464101,-0.33887084
1.27716685,15.17276637,0.54367649
0.47389593,15.37779562,-0.32689972
0.56884773,15.19362759,0.55559591
-0.81370585,15.30391987,0.57630185
-0.85455881,15.46491767,-0.31466569
-0.19545674,15.40294430,-0.32226284
-0.12768203,15.22874047,0.56357271
-4.11911500,15.74171664,0.60594865
-4.03023443,15.89046636,-0.30749380
3.83121681,15.48562050,-0.35113889
4.04743047,15.22165190,0.52961635
-6.52388056,17.16350169,0.67644053
-6.33681335,17.27541304,-0.28255378
6.12909917,16.86845165,-0.27528108
6.38395789,16.61530294,0.65236297
9.97061828,28.44511952,-1.10625889
-8.54965650,27.75723382,-1.55811165
4.43483469,15.70735118,-0.34867285
4.67158860,15.43093872,0.54938474
-4.72785552,15.98707963,0.61038055
-4.61299288,16.13461961,-0.32082840
5.57565242,16.40391081,-0.30557427
5.83265996,16.13203577,0.61700049
-5.92004423,16.70357928,0.64950845
-5.75619005,16.83161801,-0.30554315
5.05587845,15.92957121,-0.34106394
5.31291954,15.64183306,0.57585018
-5.38139886,16.22177143,0.61988393
-5.23482750,16.37014802,-0.32857260
10.06217052,27.64509593,-1.10976321
-8.63623592,27.13753494,-1.55623039
-8.78427935,26.58262633,-1.58219524
10.22260800,26.90944214,-1.12587581
10.20022220,26.20352620,-1.17534180
-8.78020180,25.99049134,-1.62818508
-8.83922882,25.43473065,-1.69442639
10.23300447,25.54041212,-1.24285709
-8.94538912,24.82401343,-1.68627494
10.26473196,24.81797346,-1.24372762
-9.13865815,24.22243850,-1.68822309
10.35982367,24.09710672,-1.25211955
10.46315593,23.35106503,-1.26333132
-9.38364237,23.59205761,-1.69025677
-9.76124238,22.92516679,-1.69171294
10.64184502,22.55358911,-1.26675080
-9.80877527,22.22754366,-1.68747537
10.44926314,21.85203995,-1.31322220
10.33043721,21.07606551,-1.33607603
-9.97805466,21.47549344,-1.67553805
-1.39121720,31.86811910,-2.36292426
-0.48715448,32.10541068,-2.35371731
3.14414550,32.57849239,-2.39625006
2.25943759,32.66291089,-2.38497699
-2.24147530,31.42865383,-2.40774038
1.33744022,32.50899192,-2.37326318
0.42199141,32.37190784,-2.37118367
4.03845711,32.48604607,-2.40495310
-3.08000094,31.02513303,-2.47629167
-9.65741857,20.72452350,-1.58015615
9.74585213,20.40585129,-1.31233418
-3.81077313,30.40249984,-2.51721301
4.84161164,32.08530784,-2.36383977
5.65676966,31.65228486,-2.32408530
-4.54737776,29.84271933,-2.55972474
6.44261389,31.08416884,-2.28986301
-5.26066861,29.26869240,-2.59301271
9.28594172,19.63770295,-1.26449263
-9.46789048,19.92309784,-1.48295578
-6.03445334,28.79232322,-2.61398016
7.29766849,30.49330690,-2.25983277
8.67718089,19.25026380,-1.23660830
-8.95295882,19.47749701,-1.40035644
-6.62177401,28.47101268,-2.64225215
7.95483384,30.01349879,-2.25913067
-8.51493622,19.01476643,-1.32790831
8.16036169,18.81000568,-1.20616007
-7.27200899,28.21446298,-2.67581936
8.69648823,29.53830522,-2.26290152
-7.97188420,18.67027426,-1.26798471
7.60423975,18.48307998,-1.18466801
7.12176622,18.12172512,-1.16808136
-7.49598477,18.31143989,-1.22528248
9.29128829,28.88149664,-2.27554637
-7.78794269,27.81163125,-2.70173237
-6.85405760,17.81568373,-1.19082171
6.48663819,17.60874190,-1.15488390
-6.30648694,17.29710048,-1.18101508
5.94095741,17.05966379,-1.15424789
1.69510542,15.53345305,-1.17365765
2.38909838,15.56593462,-1.18420406
-2.22162575,15.70269057,-1.14913199
-2.87136572,15.77877262,-1.15413534
-3.44717378,15.87784988,-1.16584784
3.00302017,15.63579862,-1.19459898
1.01856583,15.50884344,-1.15847721
-1.58158588,15.62754725,-1.14223976
3.63412335,15.70763889,-1.19468412
-4.04412237,15.97414152,-1.17175280
5.37689321,16.61563464,-1.16619680
-5.73690115,16.87351665,-1.18565341
-0.94167452,15.57490519,-1.13886357
0.35414773,15.51381179,-1.14610555
4.23209162,15.93384196,-1.19137709
-4.61482922,16.20827560,-1.18368912
-0.29872462,15.52799542,-1.14337666
4.84858086,16.15923053,-1.18428602
-5.22064264,16.43638205,-1.19019016
9.98855728,28.26049278,-2.29674829
-8.38404754,27.48017646,-2.74502131
-8.47203575,26.85115876,-2.75113691
10.08350303,27.43329663,-2.30833766
-8.62870632,26.28498224,-2.78295139
10.24549554,26.67287190,-2.33529147
10.20457601,25.94523912,-2.38138149
-8.63544668,25.67874969,-2.82158078
-8.70940984,25.10425219,-2.87539984
10.21477065,25.25948995,-2.44301261
-8.82083447,24.48708663,-2.87303076
10.22258679,24.53750559,-2.45518426
10.28404598,23.81919409,-2.47219211
-9.01150962,23.87716902,-2.87525900
10.34653916,23.08324972,-2.48629603
-9.24741837,23.24311416,-2.87010675
10.47030294,22.30845800,-2.49452606
-9.59770474,22.58021530,-2.86117002
-9.69096091,21.89602688,-2.84997236
10.28724638,21.61868226,-2.52969957
-9.89197803,21.16471064,-2.83277938
10.16884949,20.87227984,-2.54998229
-9.65080245,20.43581597,-2.73407920
9.62739450,20.23362080,-2.51070400
9.19279328,19.51898490,-2.45941767
-9.52017646,19.66327559,-2.63783583
8.61038513,19.15901291,-2.42773847
-9.06704565,19.22457194,-2.56464689
8.10569473,18.75621613,-2.39791720
-8.67830359,18.77344069,-2.50182135
7.55249124,18.46673414,-2.36104794
-8.17236727,18.44552698,-2.43720853
7.06282265,18.14605904,-2.33136275
-7.72299368,18.10710938,-2.38814947
6.38747446,17.68974139,-2.30972336
-7.08722986,17.64227839,-2.35041580
5.79640042,17.19549814,-2.30366319
-6.53435890,17.16168505,-2.33543641
-5.95805342,16.77505659,-2.33398785
5.19355357,16.79170805,-2.30962498
-2.43417636,15.71286925,-2.26188916
-3.08129314,15.77214633,-2.27444621
1.45561096,15.66419726,-2.28311405
2.14402808,15.71887574,-2.29989366
-3.65748516,15.86651715,-2.29011695
2.75909333,15.81640355,-2.31315893
-4.25215264,15.95872864,-2.30236158
3.39246227,15.91476582,-2.31934080
0.78583850,15.61455582,-2.26477161
-1.79695093,15.65241313,-2.25030228
3.99984707,16.14532656,-2.32221419
-4.82477712,16.17189143,-2.31986897
4.62795013,16.37261447,-2.32336049
-5.42785492,16.38160986,-2.33363678
-1.15844046,15.62722241,-2.24049755
0.12750629,15.60669973,-2.24688879
-0.51932149,15.60352430,-2.24029687
3.15817624,32.63328652,-3.49951638
2.24593530,32.72202391,-3.49474886
-2.42052847,31.41715108,-3.53986130
-1.54634514,31.87356188,-3.49248824
-0.61048795,32.12548162,-3.47416788
1.28796107,32.55742230,-3.48356229
0.33549697,32.41783649,-3.48526439
-3.27454848,31.00409072,-3.61120872
4.07831024,32.53586591,-3.50512668
-4.01578952,30.37292615,-3.65353041
4.90789287,32.11939323,-3.45998701
5.74996990,31.66243305,-3.41864035
-4.75615687,29.80652673,-3.69603158
6.55591427,31.04826644,-3.37810131
-5.46246375,29.21541533,-3.72176650
-6.22784330,28.71993071,-3.73688027
7.43619786,30.40635809,-3.34828694
-6.79204249,28.38997894,-3.76011359
8.09130698,29.89762775,-3.35084874
-7.41838121,28.12028197,-3.78990999
8.82962652,29.39463373,-3.36437123
-7.91126742,27.69687219,-3.81353663
9.41627624,28.70646531,-3.38336317
-8.48446258,27.34001521,-3.85603444
10.10072936,28.05773574,-3.42000743
10.21041894,27.19529354,-3.42154331
-8.58427593,26.68430108,-3.85969896
-8.75999537,26.08847184,-3.88832440
10.38449635,26.39991204,-3.44398234
10.33409462,25.63330023,-3.47749753
-8.78188952,25.44453094,-3.92018913
10.33094938,24.90751850,-3.52721659
-8.87500107,24.82827194,-3.96374085
-9.00150363,24.18256018,-3.95815688
10.32460400,24.16733263,-3.53595914
10.36264904,23.43363155,-3.55078136
-9.20051713,23.54227223,-3.95341618
-9.43855174,22.88013413,-3.94023757
10.39461441,22.68943283,-3.56514969
-9.77645667,22.19480280,-3.92287641
10.47641688,21.91931379,-3.57909585
-9.91134971,21.50335442,-3.90524992
10.30828973,21.23289142,-3.60700624
-10.14165678,20.77240820,-3.88696986
10.19846355,20.50778494,-3.63087840
-9.96244214,20.04938568,-3.78448537
9.69802311,19.89820297,-3.57836396
9.28937561,19.23340210,-3.52589352
-9.87634736,19.29092788,-3.69146116
-9.46878745,18.85502702,-3.61539728
8.72907088,18.90319937,-3.48100847
8.23318578,18.53856677,-3.44368810
-9.11426152,18.41149241,-3.55136750
7.67693621,18.28719994,-3.40126554
-8.63426237,18.09389840,-3.48673360
-8.20114659,17.77059609,-3.43794259
7.17368546,18.00758856,-3.36947321
-7.55458525,17.33463562,-3.39498866
6.44597492,17.61021207,-3.34243996
-6.98014856,16.89086103,-3.37718928
5.79497319,17.17302429,-3.33608003
-6.37757388,16.54320272,-3.36423581
5.13574395,16.81171449,-3.33413827
4.51448196,16.43211889,-3.34232351
-5.81591059,16.19445593,-3.35491683
1.92042987,15.73607772,-3.31943222
2.55695957,15.85699019,-3.33523588
-3.41967401,15.63946224,-3.28627466
-4.01052340,15.72630289,-3.30604298
1.21513547,15.66266461,-3.29963628
-2.75997749,15.59786214,-3.27070295
3.21378382,15.97711076,-3.34561142
-4.61780654,15.81128713,-3.32506689
3.85296670,16.20720652,-3.34411622
-5.20353974,16.00322849,-3.34065681
0.53050322,15.59136647,-3.27982675
-2.10970423,15.55296052,-3.25902729
-1.45680382,15.55386943,-3.25027275
-0.14312703,15.57170770,-3.26011143
-0.80416077,15.55256038,-3.25247184
2.21648453,32.81755391,-4.62849726
1.21290163,32.65352401,-4.61207338
-1.76448033,31.96988451,-4.62671032
-0.78284433,32.22051404,-4.60305617
-2.67707755,31.51088596,-4.67226804
3.16541627,32.71539393,-4.62921884
0.21310634,32.52443689,-4.61393066
-3.56123313,31.10161708,-4.74506004
4.12056584,32.60474244,-4.63494128
-4.32734134,30.47026007,-4.78039343
4.98619200,32.16660038,-4.57663202
-5.08611769,29.90305545,-4.81609008
5.86581609,31.68028629,-4.52432847
6.70534385,31.01623117,-4.47521528
-5.80259450,29.29702332,-4.83744881
-6.57950692,28.78415808,-4.85024538
7.62669578,30.32070217,-4.44660723
-7.13644503,28.44531384,-4.87308579
8.29130394,29.78363796,-4.45672143
-7.75819236,28.16378715,-4.90421808
9.03881933,29.25579086,-4.48762866
9.62785324,28.53954254,-4.50801890
-8.24049440,27.71412459,-4.92089219
10.30964626,27.86759713,-4.55884417
-8.80649147,27.32733311,-4.95873505
-8.91992439,26.62651284,-4.96343488
10.44312795,26.96116656,-4.54927193
-9.11880485,25.98356746,-4.99310523
10.63850325,26.12094011,-4.56941758
10.58453666,25.30226707,-4.57886912
-9.15028760,25.28260295,-5.01232655
-9.25805623,24.60774001,-5.04018528
10.57243652,24.52424506,-4.60825440
10.55648688,23.75312648,-4.60679379
-9.39909044,23.91990466,-5.02653240
10.57538740,22.99301200,-4.61531729
-9.60800636,23.23709676,-5.01098495
10.58180882,22.23132513,-4.62739152
-9.85084471,22.53612947,-4.98728815
10.62932487,21.45751292,-4.64632339
-10.18197759,21.81810033,-4.96197347
10.47685974,20.77100466,-4.67412365
-10.34945941,21.11053011,-4.94252055
10.37679978,20.06324450,-4.70751189
-10.60002625,20.37266731,-4.92949722
9.91290800,19.47646831,-4.64111726
-10.46329837,19.64623714,-4.82541392
-10.40375950,18.89438962,-4.73775226
9.52738202,18.85309623,-4.58452135
-10.02871172,18.45420420,-4.66249740
8.98660997,18.54671816,-4.52814738
-9.69720928,18.01160592,-4.60058814
8.49799386,18.21453604,-4.48464182
7.93623762,17.99770759,-4.42811072
-9.23223590,17.69889892,-4.52813469
7.41702721,17.75663487,-4.38634676
-8.80553778,17.38617048,-4.47195833
6.63058541,17.41663436,-4.34526163
-8.13633046,16.97296677,-4.41436059
5.91152605,17.03469036,-4.33190243
-7.52948941,16.56085890,-4.38621354
-6.89697983,16.24382262,-4.36751162
5.18510295,16.71499305,-4.32962909
-6.30053417,15.93177111,-4.35575512
4.49492148,16.37376170,-4.34070272
-3.82845938,15.41846184,-4.27982813
-4.44168068,15.49888010,-4.30224002
1.72889727,15.64621824,-4.32655268
2.40310479,15.78633641,-4.34319265
-3.14950249,15.39082495,-4.26672295
0.98963350,15.55618645,-4.30890997
-5.67332740,15.75395465,-4.34057414
3.78577218,16.15267267,-4.34746620
3.10005118,15.92380219,-4.35516475
-5.06890683,15.57832525,-4.32687712
-2.47772140,15.35905977,-4.26055498
0.27326359,15.46561884,-4.29185264
-1.79806835,15.38359616,-4.24975017
-0.43003522,15.43553012,-4.26524954
-1.11805086,15.40278769,-4.25149837
-0.97903171,32.41943373,-5.81005928
0.07693926,32.72334047,-5.82686746
1.13195362,32.82886569,-5.82931328
-2.01800758,32.18203540,-5.83482738
2.18866117,32.98030114,-5.85762206
-2.98055388,31.72704925,-5.86795643
3.18224595,32.85256898,-5.85320892
4.18066086,32.71838500,-5.85872687
-3.90730547,31.32769605,-5.93393120
5.09255940,32.25184736,-5.79280391
-4.71524814,30.69912619,-5.96392129
-5.51054324,30.13370904,-5.99561084
6.02131451,31.73161916,-5.73564584
6.90720471,31.01606895,-5.67805560
-6.25430550,29.51205703,-6.01111542
7.88436435,30.26906643,-5.65557352
-7.06394233,28.98287014,-6.02072549
8.56553890,29.70884978,-5.67372062
-7.62633138,28.63426785,-6.03856073
9.32924651,29.16441520,-5.72551938
-8.25951089,28.34173507,-6.06660714
-8.74312565,27.86035349,-6.08235402
9.92675430,28.42478788,-5.75694811
-9.31634022,27.43927033,-6.12147239
10.61165788,27.73499503,-5.83340574
10.76980344,26.77934896,-5.81425155
-9.43965368,26.67848878,-6.13146833
-9.65961412,25.97498597,-6.16630116
10.98739334,25.88877576,-5.83597670
10.92792312,25.00584697,-5.81138223
-9.68506116,25.20046732,-6.17006224
-9.79334786,24.45397230,-6.17815139
10.90441637,24.16490001,-5.81172139
10.88136187,23.35088693,-5.80720779
-9.94501180,23.71612976,-6.16538197
10.88475100,22.55345376,-5.81721485
-10.16212873,22.98451478,-6.14807533
10.86595874,21.76973810,-5.81928035
-10.40132375,22.24254647,-6.10939667
-10.71805061,21.49195615,-6.07298095
10.88103114,20.99030954,-5.83535298
10.74254705,20.30156006,-5.86774871
-10.90388147,20.76864421,-6.05745733
-11.15956004,20.02580271,-6.05472958
10.65000049,19.60818733,-5.91267546
10.21890494,19.03298784,-5.82560950
-11.04580883,19.29223508,-5.94806576
9.85398880,18.43902970,-5.75518377
-10.99507789,18.54443234,-5.86125257
-10.64188943,18.09423355,-5.79108747
9.33387201,18.14432462,-5.68757299
8.85512252,17.83274618,-5.63673870
-10.32504172,17.64655377,-5.73405950
8.28891796,17.64322022,-5.55282681
-9.86650711,17.33207047,-5.64634310
7.75515151,17.43451749,-5.48830310
-9.43994227,17.02300398,-5.57462309
6.91210198,17.14470541,-5.42599589
-8.74727068,16.61908451,-5.50016558
-8.10780790,16.22626437,-5.45957991
6.12357457,16.81365068,-5.40080615
5.32401308,16.53534940,-5.38354084
-7.44025661,15.93160353,-5.42198580
4.55807268,16.23156185,-5.38421462
-6.80420618,15.64807015,-5.39506133
3.79422408,16.01542927,-5.39550647
-6.16101686,15.47534111,-5.37897479
3.05435006,15.78841952,-5.40891310
-5.53621151,15.30830562,-5.36713663
-3.54702677,15.13167779,-5.30677965
-4.25078773,15.14911661,-5.32069759
1.58499161,15.48105087,-5.38521323
2.30719165,15.63693061,-5.39916406
-4.88826258,15.22834955,-5.34138891
0.80300612,15.37801866,-5.36551702
-2.84690525,15.10997628,-5.30297549
0.04665462,15.27230269,-5.34698778
-2.13471610,15.15396423,-5.28967118
-0.69608096,15.23399402,-5.31204275
-1.41986447,15.19035434,-5.29091294
1.07438342,33.05960263,-6.94624554
-0.03117550,32.98796902,-6.94625081
-1.14047731,32.68795932,-6.90775346
2.17950860,33.18748701,-6.97867539
-2.23157815,32.46461114,-6.91724566
3.21534213,33.02763737,-6.98027819
-3.24485963,32.01372525,-6.93945844
4.25630206,32.86578241,-6.99674862
-4.21920844,31.62530959,-6.99968151
5.21281546,32.36767559,-6.92003021
-5.07173792,30.99401639,-7.01210637
-5.90807731,30.42585417,-7.02789139
6.18861468,31.81616393,-6.85499188
7.11706876,31.06035578,-6.78072397
-6.68258105,29.78482513,-7.02196292
-7.52890383,29.23779064,-7.01246659
8.14327496,30.27846870,-6.75565089
-8.10386727,28.87925465,-7.02087549
8.83952364,29.70732330,-6.78060747
-8.75432486,28.57626250,-7.03979742
9.61748319,29.15944774,-6.84909962
10.21659210,28.40810700,-6.87623526
-9.23676707,28.06267446,-7.04094902
-9.81164571,27.60823859,-7.06603858
10.89794275,27.71091491,-6.95643726
-9.92819251,26.79362164,-7.06780369
11.06194757,26.71856672,-6.91439118
11.28308549,25.79249479,-6.91995792
-10.14726447,26.03833543,-7.09239961
-10.15058733,25.20308227,-7.08234620
11.21056336,24.85712228,-6.86155321
11.17152341,23.96588321,-6.83015102
-10.24249153,24.39995913,-7.07125907
11.13298715,23.12472745,-6.79273894
-10.37841754,23.62907479,-7.03497230
11.11583653,22.30702615,-6.77176860
-10.57816912,22.86870915,-6.99173686
11.07716331,21.50824617,-6.74974869
-10.80085587,22.10199230,-6.93264235
-11.09448261,21.33359676,-6.87686841
11.06852862,20.72537115,-6.74460426
-11.27406799,20.60529864,-6.84751286
10.93271301,20.03853522,-6.75936068
10.83852055,19.35707585,-6.78834808
-11.51510694,19.86483025,-6.83182026
-10.98397532,17.93166786,-6.50602880
-11.33494863,18.38657534,-6.58435933
-11.39687183,19.12944124,-6.69841409
10.06159181,18.20768094,-6.54583529
10.42032734,18.78636825,-6.65709820
9.55061688,17.91612201,-6.45752679
9.07575407,17.61308403,-6.38759315
-10.66613054,17.48186463,-6.43979823
-9.77526068,16.85409632,-6.24540244
-10.20591544,17.16373925,-6.33498181
-9.06844125,16.44910723,-6.15707719
7.09563503,16.97310796,-6.09930023
7.96652547,17.24035377,-6.18340230
8.50750360,17.43424704,-6.27452984
-8.41025848,16.06139308,-6.10455547
6.27087140,16.66726442,-6.05850977
5.43169726,16.41079909,-6.02516635
-7.72379661,15.77295136,-6.05219190
4.62378611,16.12708203,-6.01326595
-7.06635486,15.49950283,-6.01246634
3.82920223,15.91510053,-6.01846150
-6.41151888,15.32700807,-5.98924097
-5.77281159,15.16230433,-5.97173754
3.05939236,15.69056812,-6.02670891
-5.11009225,15.08114803,-5.93658153
2.28418907,15.53474215,-6.00770427
-4.45610204,15.00210999,-5.90795802
1.53588250,15.37359296,-5.98491050
-3.74032103,14.98602305,-5.89885158
0.72988299,15.26428879,-5.96852341
-0.04970848,15.15128033,-5.95354658
-3.02542528,14.96646315,-5.90139104
-1.56153020,15.06096209,-5.89246567
-0.81600730,15.10935817,-5.91582540
-2.29582308,15.01770266,-5.88910215
-2.44366731,32.89339424,-8.15072897
-1.29230249,33.10000660,-8.16031085
3.28391019,33.30050750,-8.29060699
2.19690950,33.50834356,-8.27990078
1.03696054,33.41703153,-8.23271689
-3.51567011,32.44007180,-8.15009263
-0.12424924,33.39238400,-8.22221299
-8.08799678,29.60062870,-8.12351927
-7.18265135,30.16832721,-8.15077445
8.48991040,30.37331459,-8.10436104
7.40426401,31.17948521,-8.11404850
9.20155156,29.79910771,-8.13281422
-8.68115559,29.22524914,-8.11290303
4.37765702,33.09868549,-8.32027384
-4.54908071,32.05620724,-8.19058958
6.42310708,31.97302189,-8.18500273
-6.35722432,30.83545497,-8.17550133
5.38924923,32.55886127,-8.24523419
-5.46188728,31.41303726,-8.18034969
9.99386017,29.25726806,-8.20921848
-9.35132164,28.90413127,-8.11115410
-9.83606897,28.35240447,-8.10195570
10.59055306,28.49844601,-8.23851004
11.26587696,27.79696747,-8.32103682
-10.41403376,27.85886213,-8.11487013
-10.51338709,26.98289657,-8.10566078
11.41767645,26.76495478,-8.25538520
-10.71830885,26.16935722,-8.11404458
11.62690663,25.80047125,-8.23668055
11.52403707,24.80676497,-8.13997258
-10.68119080,25.26838604,-8.08851746
11.45595235,23.85945918,-8.06540533
-10.73755943,24.40460469,-8.05321492
-10.84630607,23.59987048,-7.99894812
11.39515549,22.98596884,-7.99475698
11.25927577,20.52648873,-7.83503394
11.29263459,21.32020479,-7.87794067
-11.62487928,20.49989277,-7.67976671
-11.47614513,21.23075225,-7.77029571
-11.21447719,22.01774411,-7.85092774
11.11501384,19.84244176,-7.76768680
-11.01902739,22.80940957,-7.93308627
11.35393074,22.14048716,-7.93727940
10.26768325,18.00286413,-7.46926966
10.61096335,18.58767419,-7.58306909
-11.65894231,18.27347994,-7.37719786
-11.71885973,19.02038304,-7.48146568
9.75992872,17.71204115,-7.32924479
-11.29744213,17.81535056,-7.26806405
-10.08657264,16.72025512,-6.98283286
-10.51319257,17.03724077,-7.06943093
7.28692551,16.79579900,-6.85355097
8.18467768,17.04370244,-6.98487777
-9.35883759,16.31176572,-6.86480726
8.72326153,17.23466898,-7.08569014
11.00877920,19.17423055,-7.71549011
-11.82964886,19.76438950,-7.60150214
-10.96764888,17.36467594,-7.16909407
9.28421478,17.41575872,-7.20888122
-8.67683595,15.92670416,-6.78346452
6.42732289,16.51385927,-6.77292975
3.88467246,15.80255003,-6.68319594
4.70871295,16.00844436,-6.69799863
-7.29963080,15.36818819,-6.67178458
-7.97498191,15.63794426,-6.72062163
-6.63042849,15.19409198,-6.63105417
5.55428377,16.27488345,-6.72265484
1.51144168,15.25286698,-6.63913984
2.28560007,15.42054243,-6.65791087
-3.90541729,14.84260603,-6.52708067
-4.63751462,14.85652169,-6.54507764
0.68317006,15.14164716,-6.61062993
-5.30357753,14.94102877,-6.56751071
3.08674799,15.58217952,-6.67307127
-5.97568816,15.02959419,-6.59737108
-3.17229695,14.82603561,-6.52187373
-0.11697387,15.02579966,-6.58382094
-2.42880481,14.87892027,-6.52665236
-0.90766973,14.97852241,-6.55865872
-1.67726454,14.92353735,-6.54827113
0.41761409,32.37804346,0.90264435
1.29192047,32.37660959,0.85980337
-0.45854812,32.15273975,0.94395609
-1.33402511,31.93483043,0.95792682
2.15927035,32.37987953,0.81282816
3.03479645,32.38306910,0.77147475
-2.21928773,31.72743045,0.94469843
3.93693169,32.38030266,0.74563733
-3.12689490,31.53835642,0.90697076
-3.89018634,30.94681020,0.89053110
4.69415656,31.94087588,0.79128396
-4.66968650,30.40430620,0.86213277
5.45874675,31.49260437,0.84336279
6.25569736,31.03269325,0.90326307
-5.49096568,29.93005757,0.83621932
-6.38219063,29.54574438,0.81996371
7.12053337,30.56560770,0.97015981
7.75637891,30.08584322,0.99450173
-7.03358140,29.18072405,0.79082388
8.46843306,29.61760846,1.01976040
-7.74333436,28.88614904,0.75729368
-8.53186486,28.66555492,0.71038496
9.28646246,29.16738002,1.04522130
-9.42800558,28.52099560,0.64145685
10.24427544,28.74649770,1.06542324
10.19783072,27.93499821,1.08499454
-9.41525415,27.81745100,0.68173637
10.22016344,27.19288387,1.09197910
-9.45171330,27.18394185,0.69047137
-9.53529441,26.60018879,0.66733262
10.30520346,26.50363570,1.08136861
10.44692249,25.84775636,1.05125574
-9.66976769,26.05039956,0.61572911
10.56167757,25.07037354,1.10536048
-9.83414674,25.38513940,0.66206794
-10.09768787,24.72205276,0.68420822
10.75713377,24.28790462,1.14052084
-10.48766415,24.03172726,0.68591827
11.04304583,23.46574016,1.16593778
11.43774884,22.56663390,1.18901841
-11.05050759,23.27313680,0.67536215
10.89699031,21.91715053,1.13526037
-10.67190326,22.50385779,0.73051159
10.46902698,21.18011538,1.10908972
-10.42934041,21.69778965,0.78384896
10.15783561,20.32976353,1.11866148
-10.32494493,20.83465206,0.83370514
-10.37945543,19.88817275,0.88693692
9.97988481,19.35805789,1.15558961
-9.64357394,19.49311305,0.98997858
9.24245859,19.02500549,1.16846845
-9.00917035,19.07611361,1.07764610
8.62210170,18.62497868,1.18220524
8.10525743,18.16909137,1.19394851
-8.46079954,18.63859178,1.14464134
-7.98699655,18.18057307,1.18854770
7.67588505,17.67062939,1.20040096
7.01362185,17.15913155,1.17840710
-7.21684214,17.70857042,1.21272074
6.44584200,16.61598128,1.14423311
-6.56476033,17.20777409,1.19414722
5.93647010,16.05588948,1.10172014
-6.00045077,16.68105912,1.15516155
-2.92935524,15.42548905,1.05896401
-3.52692597,15.61084152,1.06272256
2.83548582,14.98713308,0.96281945
3.47118622,15.10550250,0.96542474
-2.21272054,15.34760065,1.03120796
2.07462868,15.00577729,0.95328161
-1.50979593,15.27133895,1.01192091
1.33171736,15.03650510,0.95917073
0.60485815,15.08133538,0.97123137
-0.81068411,15.20110622,0.99686949
-0.10804900,15.14112673,0.98078786
4.11454185,15.23065380,0.98233618
-4.14220449,15.79169719,1.07353246
-5.49867101,16.12639709,1.11286263
5.45409162,15.48969427,1.05114784
4.77228348,15.35985289,1.01180992
-4.79221806,15.96510556,1.09091207
2.29912233,15.32473868,-7.11596027
3.09873177,15.53018636,-7.13259521
3.92525189,15.72603870,-7.14895444
-6.07335030,14.97706273,-7.03521837
-6.74694622,15.12101251,-7.07138513
-5.40771946,14.84128968,-7.00637343
-7.43583251,15.27577182,-7.11448985
4.77774185,15.90607179,-7.17052208
1.52564145,15.11454833,-7.09716564
-4.74292895,14.71158709,-6.98624390
-8.09876778,15.58199894,-7.16513684
5.62195339,16.19989774,-7.20176192
-3.99155949,14.74778324,-6.96060415
0.67015028,15.05276305,-7.05638540
6.49100403,16.46685694,-7.26137445
-8.78315783,15.90924729,-7.23100627
-0.15334473,14.98369528,-7.01661854
-3.24330272,14.77995458,-6.94727758
7.38715080,16.70415291,-7.36271391
-9.50051477,16.26097497,-7.32082651
-0.94981572,14.90800041,-6.98521138
-2.49084051,14.80617906,-6.94922789
8.31586294,16.91237445,-7.51812673
-10.26653857,16.63944588,-7.44588005
-10.62220180,17.01802665,-7.52980991
8.79741061,17.16546763,-7.62058136
-1.72649748,14.82478510,-6.96874926
-10.99888651,17.40506081,-7.62536534
9.29920808,17.40972614,-7.74352409
-11.40317794,17.80195114,-7.73117643
9.82563026,17.64908424,-7.88666218
-11.84405640,18.21003501,-7.84539160
10.38245100,17.88813844,-8.04889458
10.56109671,18.51240876,-8.13548135
-11.73526972,18.95886058,-7.93143467
-11.66780547,19.69883288,-8.02844300
10.78326884,19.13638754,-8.23296995
-11.64728856,20.43737832,-8.13900441
11.04851979,19.77438239,-8.34448472
-11.68048886,21.18070690,-8.26047972
11.35685117,20.43962569,-8.47412783
-11.41523424,21.97390591,-8.34261411
11.38263332,21.24250742,-8.52454433
11.43548500,22.07477989,-8.58846470
-11.21417738,22.77332061,-8.42442558
11.51072610,22.93808164,-8.66405545
-11.07502765,23.58408250,-8.49759543
11.60728574,23.83171568,-8.74854577
-11.00111548,24.41137655,-8.55575464
-10.79063600,25.24002738,-8.57074543
11.51349867,24.76440274,-8.77203501
11.44454577,25.73263407,-8.81257032
-10.66007447,26.09645009,-8.57862460
8.66966838,30.42954235,-8.75742235
7.49266622,31.15595137,-8.72941151
9.25260419,29.72144650,-8.74498980
-8.82275447,29.23785573,-8.59964766
-8.34806140,29.76729835,-8.62529385
-7.35495572,30.25718950,-8.65292706
-9.36102149,28.76168863,-8.58541570
9.90634200,29.04758905,-8.77821565
10.63961626,28.42208277,-8.86289492
-9.98083332,28.33871233,-8.58634108
-10.62450802,26.99720704,-8.58718111
11.41720552,26.75546273,-8.88237643
11.45397076,27.85254190,-8.99237966
-10.70080853,27.96869734,-8.60406342
-6.45524964,30.84681062,-8.67526314
6.43097094,31.87346916,-8.76498634
5.42829676,32.55454629,-8.83515528
-5.58330708,31.51343449,-8.69217538
-4.68516116,32.25046359,-8.71716659
4.44060631,33.20066462,-8.91974325
3.27280852,33.24036760,-8.84614116
2.13129553,33.28251506,-8.79375929
-3.58863667,32.45629463,-8.66815296
-2.47604273,32.72799171,-8.65181319
-1.33417493,33.07580064,-8.68417195
0.99335325,33.36184851,-8.76725383
-0.16015724,33.51386666,-8.77460445
