-1.34139815,13.68809372,0.73706413
-2.39483494,13.67904404,0.71824660
-1.35433326,13.54052375,0.84964798
-2.40671345,13.53855315,0.83374203
-3.42770988,13.67236916,0.72449957
-3.43938713,13.53691335,0.84708778
-4.44571956,13.69253352,0.76927493
-4.45837373,13.56437243,0.89723403
-5.45714955,13.77394427,0.84995059
-5.47255408,13.65660711,0.98114879
-3.75396442,35.39295143,1.63933759
-2.52098796,35.66481961,1.67460942
-3.75980668,35.37271787,1.81358912
-2.52255888,35.63806838,1.85129526
-1.29085697,35.95392343,1.71988226
-1.28940776,35.92054269,1.89538623
-0.04605559,36.21371562,1.76872140
-0.04326780,36.17228580,1.94172902
1.23876953,36.42565614,1.81815641
1.24065876,36.37721707,1.99135654
-6.31658967,14.01362024,0.92551765
-6.33742806,13.90680080,1.05872756
-7.20380708,14.28789324,1.00511262
-7.23164238,14.18995393,1.13766003
-8.13141777,14.57597987,1.07593201
-8.16627883,14.48546313,1.20261299
-9.08361673,14.85766158,1.12378476
-9.12653305,14.76825706,1.24705009
-8.52816314,33.44715251,1.84709333
-7.36960983,33.85942023,1.76641222
-8.57201835,33.44500023,2.02125933
-7.40057932,33.85345778,1.94188833
-6.18413165,34.29107014,1.69063200
-6.20425850,34.28103746,1.86320190
-4.97155065,34.78227754,1.64184853
-4.98378147,34.76676939,1.81500401
-9.93205053,15.44455371,1.17644357
-9.98410525,15.35069615,1.30268382
-10.79768158,15.98292913,1.23089375
-10.86003029,15.87757509,1.36452329
-11.68064607,16.49005983,1.29646615
-11.75368240,16.37007129,1.43714696
-12.59129187,16.99061741,1.36815636
-12.67324833,16.86055738,1.51070585
-13.20073866,17.48424791,1.42004900
-13.28577088,17.35323301,1.56082503
-13.82542149,17.99582793,1.45891911
-13.91378287,17.86495538,1.59442139
-14.45780060,18.51589468,1.48228498
-14.55057218,18.38714553,1.61101601
-15.09301857,19.04912603,1.49312839
-15.19155743,18.92196751,1.61932954
-12.40821987,31.84240490,2.01333388
-11.32718422,32.21387549,1.95001808
-12.49816660,31.83894220,2.19402040
-11.40419524,32.20858012,2.12822794
-10.33668660,32.60457301,1.90287573
-10.40130033,32.59889911,2.08138709
-9.40897012,33.01163755,1.86800709
-9.46225712,33.00709172,2.04456689
-15.34894225,20.08369720,1.53696752
-15.44774964,19.96677640,1.66779459
-15.60837137,21.13018872,1.59547456
-15.71207488,21.02272924,1.74037607
-15.87464368,22.19682958,1.68586923
-15.98639683,22.10387772,1.84856762
-16.14799021,23.28832046,1.81024416
-16.27111467,23.21171454,1.99224069
-15.80948637,24.47153048,1.88661773
-15.92833344,24.41081315,2.07702935
-15.41861595,25.67021122,1.95774233
-15.53566301,25.62403600,2.15493623
-14.96095088,26.88111059,1.99216557
-15.07387279,26.85067260,2.18684032
-14.43398148,28.10269371,1.95964057
-14.54492214,28.08427735,2.15519414
-13.92455193,29.03162154,2.00931537
-14.03082057,29.02114194,2.19922270
-13.39841425,29.96938135,2.02109988
-13.49942593,29.96213636,2.20668448
-12.89631718,30.91391597,2.02062567
-12.99098096,30.90836091,2.20263336
-1.32785710,13.83672548,0.62399835
-2.38285631,13.81993409,0.60272474
-3.41670008,13.80385876,0.60707289
-4.43433348,13.81993253,0.64638151
-5.44348177,13.89551785,0.72127768
-3.74844461,35.41873443,1.46650512
-2.51808065,35.69427996,1.50252410
-1.28984836,35.98757538,1.54750503
-0.04601345,36.25335100,1.59359569
1.23959629,36.47159242,1.64390029
-6.29786160,14.13000599,0.79264049
-7.17869151,14.39335944,0.87367993
-8.09871407,14.67182239,0.94584806
-9.04255629,14.95038234,0.99709602
-8.49359064,33.45859260,1.67118034
-7.34706281,33.87872222,1.59196249
-6.16879385,34.31203343,1.51674374
-4.96182657,34.80683107,1.46878175
-9.88259033,15.53817600,1.04979010
-10.73717240,16.08763646,1.10020693
-11.61155066,16.60671352,1.15893300
-12.51415263,17.11788076,1.22689675
-13.11812409,17.61477842,1.28058547
-13.73846645,18.12503927,1.32394921
-14.37142645,18.64572723,1.35327234
-15.00501784,19.17663084,1.36966442
-12.33104928,31.85681511,1.83031774
-11.26609216,32.23048876,1.77261110
-10.28548921,32.61955302,1.72507848
-9.37049169,33.02934052,1.69140913
-15.25281142,20.20140643,1.41175655
-15.50458185,21.23997830,1.45891107
-15.76367236,22.29580679,1.52896226
-16.03136136,23.37174232,1.63498587
-15.68924746,24.53950228,1.69650386
-15.30449259,25.72413887,1.76194589
-14.85226063,26.92340807,1.79188672
-14.32980691,28.13369301,1.76098349
-13.82847919,29.05427482,1.81850628
-13.31093255,29.98751366,1.83709484
-12.80744593,30.92442092,1.83780960
-0.27870587,13.48650653,0.90167053
-0.26501492,13.63756050,0.79220932
0.84584819,13.44443354,0.98854728
0.85993519,13.60041300,0.87916785
2.04651686,13.45402561,1.11703099
2.05959820,13.61394142,1.00789195
3.33465000,13.54450505,1.28963712
3.34566136,13.70902782,1.17806147
6.60436496,35.78676552,2.06769545
5.23247729,36.00907251,2.06263153
6.61934972,35.85272675,1.88836934
5.24356254,36.06843059,1.88353023
3.88693862,36.21222125,2.04754901
3.89369631,36.26805654,1.87061168
2.54996267,36.33412237,2.02401253
2.55201676,36.38748286,1.84741798
4.51940874,13.83461987,1.45096063
4.52744697,14.00056978,1.33731282
5.74639597,14.15435145,1.60917162
5.75201564,14.31842178,1.49696400
7.02058756,14.42841187,1.76196375
7.02474129,14.59706211,1.64702489
8.33746699,14.59032098,1.89861473
8.34124267,14.76403006,1.78182814
12.03870000,33.42995238,2.17926943
10.61468218,34.00526094,2.14813663
12.07776151,33.52983572,1.97814123
10.64167474,34.09605510,1.95094625
9.22439048,34.56341406,2.12196791
9.24460397,34.64394734,1.93251230
7.89208038,35.14632117,2.09573569
7.90945062,35.21973560,1.90977262
9.58021948,14.91330342,2.02974941
9.58569556,15.08966671,1.90542503
10.77571190,15.05800531,2.10983962
10.78518266,15.23445971,1.97852923
11.92385743,15.08199215,2.14058696
11.93900879,15.26094227,1.99879691
13.04400140,15.04169439,2.13037700
13.06440251,15.21716726,1.98212893
13.78046499,15.15052069,2.11481127
13.80614812,15.31709466,1.96239446
14.54616549,15.26955275,2.10366998
14.57698877,15.43021125,1.94561164
15.37585434,15.42277362,2.10055402
15.40885225,15.57466667,1.94328960
16.29832909,15.62960821,2.11891297
16.33095018,15.77578787,1.95943823
16.16914223,30.33623986,2.19206680
15.23115231,31.29632526,2.18405817
16.25718314,30.42982665,2.02497797
15.30858573,31.39416142,2.00460704
14.20003397,32.11770840,2.17223215
14.26774145,32.22131298,1.98401961
13.11572109,32.81342920,2.16592549
13.16963005,32.91844947,1.96856417
16.86121281,16.54285029,2.12490227
16.89156342,16.66828342,1.95887277
17.45532288,17.51941085,2.14697806
17.48463233,17.62376390,1.97172805
18.04076259,18.55074414,2.19277338
18.06583852,18.63493450,2.01189496
18.56940996,19.60565697,2.26916568
18.59456718,19.67831003,2.07684934
18.33464038,21.04007041,2.20874792
18.36935824,21.10078268,2.01770897
18.09028279,22.51031306,2.17469219
18.13413200,22.56809581,1.98463085
17.85830719,24.01100031,2.14909468
17.91204531,24.07348532,1.96467727
17.63245652,25.53237684,2.10872438
17.69592817,25.60329722,1.93936597
17.28815126,26.72981535,2.16868662
17.36420297,26.80924173,2.00718161
16.93660021,27.93703410,2.19225043
17.01841231,28.02094873,2.03737198
16.57244268,29.14540662,2.19557738
16.65761830,29.23241495,2.03936343
-0.25039879,13.79005257,0.68082823
0.87472601,13.75596880,0.76952771
2.07365816,13.77229473,0.90041028
3.35753986,13.87096187,1.06903629
6.63491035,35.91944520,1.71080102
5.25574827,36.12878563,1.70435792
3.90173363,36.32142491,1.69529922
2.55626837,36.43715832,1.67118263
4.53685953,14.16688481,1.22555919
5.75884209,14.48474643,1.38416355
7.02926918,14.76107851,1.53420283
8.34550793,14.93380615,1.66598749
12.12006432,33.63012117,1.78284345
10.67438595,34.19476291,1.75354985
9.26824112,34.73053051,1.74106565
7.92879452,35.29701650,1.72560528
9.59174573,15.26109671,1.78323823
10.79487793,15.41178604,1.84684768
11.95764779,15.43870757,1.85725686
13.08993363,15.39447574,1.83309464
13.83329018,15.48793282,1.81284301
14.60786105,15.59305503,1.79419585
15.44800283,15.73281557,1.78989079
16.37146753,15.93207808,1.80200072
16.35227315,30.52494790,1.86748721
15.39328891,31.49316210,1.83168723
14.34062542,32.32422849,1.80064861
13.23034609,33.02473366,1.77881346
16.91823992,16.80693631,1.79706356
17.50123480,17.74192078,1.80504441
18.08336455,18.73285328,1.83413704
18.61683068,19.75969710,1.89025733
18.39666397,21.16780357,1.82872382
18.17540386,22.62866884,1.79549289
17.96310438,24.13523938,1.78109140
17.75771058,25.67291737,1.76548016
17.44063348,26.88833922,1.84652355
17.10520553,28.10606551,1.88365085
16.74434844,29.32107085,1.88593815
-0.98279965,15.09001769,-7.07291629
-2.14061717,15.25010300,-7.05680648
-0.95648355,15.21557726,-6.93132415
-2.11592559,15.36612027,-6.91299473
-3.29688180,15.36759131,-7.03534450
-3.27419613,15.47784561,-6.89085759
-4.39034953,15.45794266,-7.00464412
-4.36845404,15.56173581,-6.86060834
-5.40234892,15.53895354,-6.97804480
-5.37883720,15.63824130,-6.83500365
0.16631496,15.11367105,-6.95619901
0.14015087,14.97552013,-7.09368939
1.26723893,15.01240110,-6.98313459
1.24321183,14.85985542,-7.11531906
2.38752442,14.96147863,-7.00928136
2.36791480,14.79846367,-7.13487115
3.55560562,15.00772694,-7.03161216
3.54211179,14.83865355,-7.15066271
1.52575873,38.12770221,-7.96661984
0.03090825,37.95578787,-7.92109411
1.53236816,38.09888038,-7.78833344
0.04514860,37.91376313,-7.74447112
-1.44703513,37.75465117,-7.90432277
-1.42545211,37.69895496,-7.73021467
-2.90232734,37.50020304,-7.90367365
-2.87436804,37.43451328,-7.73473428
-4.38955547,37.30640936,-7.93283446
-4.35403140,37.23210501,-7.76826448
2.96006960,37.73390915,-7.80731727
2.96060179,37.75406737,-7.98825888
4.37364274,37.35497984,-7.83109695
4.38033757,37.36953610,-8.01639152
5.77870122,36.94118992,-7.84492872
5.79020213,36.95026096,-8.03780522
7.24148237,36.53807859,-7.89012695
7.25661344,36.54301248,-8.09243554
-6.22659742,15.89836548,-6.99567291
-6.19938630,15.99055807,-6.85225396
-7.01645159,16.28299905,-7.05076456
-6.98465093,16.36955798,-6.90629414
-7.79366819,16.70091646,-7.13961364
-7.75676886,16.77918488,-6.99465024
-8.57589950,17.15874408,-7.24395250
-8.53198552,17.22821734,-7.09964283
4.70997443,15.45385490,-7.07052154
4.70391766,15.28708634,-7.18496202
5.92977148,15.99635809,-7.12267674
5.93156654,15.83649833,-7.23379850
7.19638428,16.59173051,-7.20019263
7.20575820,16.44560775,-7.31029543
8.48392013,17.18588206,-7.30883438
8.49952192,17.05798002,-7.42175181
-5.93712873,36.70379521,-7.92646390
-5.89496165,36.62751224,-7.76494712
-7.49269485,36.14188787,-7.98167601
-7.44397303,36.06809799,-7.81687255
-9.04614520,35.56563690,-8.09664487
-8.99051547,35.49553628,-7.92513764
-10.61342471,35.02979681,-8.24092156
-10.55245222,34.96050954,-8.05777174
8.72481042,35.65642246,-7.92523563
8.73962491,35.65801984,-8.13357701
10.29195063,34.74693422,-7.95206338
10.30252092,34.74641693,-8.15706846
11.90707912,33.74886917,-7.90647072
11.90992309,33.74622509,-8.10948770
13.54157678,32.67128145,-7.81502463
13.53729723,32.66939168,-8.01860253
-9.35498785,17.82935127,-7.36811416
-9.30253812,17.88729559,-7.22589174
-10.15692275,18.54680099,-7.48361918
-10.09500383,18.59249929,-7.34592255
-10.99290173,19.30363421,-7.59780523
-10.92140023,19.33700244,-7.46562038
-11.88685391,20.09019509,-7.71566103
-11.80509402,20.11138674,-7.58720024
9.78867935,17.84805279,-7.44426113
9.80806950,17.74178251,-7.56463546
11.07215606,18.37256557,-7.53885769
11.09141379,18.28749424,-7.66590021
12.34165593,18.77681534,-7.57376347
12.35748917,18.71262371,-7.70658748
13.62203149,19.08999492,-7.55248840
13.63070524,19.04577846,-7.68996942
-13.15786552,33.54468973,-8.54585556
-12.53008116,33.87835038,-8.45872430
-13.10328107,33.49130982,-8.34951987
-12.47469878,33.82158480,-8.26208252
-11.89743548,34.23621763,-8.37715377
-11.84071424,34.17660411,-8.18325613
-11.25909332,34.62066337,-8.30384421
-11.19990589,34.55632512,-8.11462493
16.10597541,30.04227133,-7.78006852
15.47282736,30.69883994,-7.75917374
16.08079705,30.05206046,-7.98223681
15.45195716,30.70319110,-7.96382705
14.83274384,31.35579791,-7.75918541
14.81712378,31.35644916,-7.96365267
14.18766979,32.01291934,-7.77926238
14.17760397,32.01170363,-7.98318432
-12.37556543,20.72826705,-7.79770910
-12.29230527,20.73855701,-7.66878320
-12.89841123,21.36725957,-7.87748941
-12.81317960,21.36863296,-7.74605056
-13.45541573,22.00472953,-7.95308966
-13.36813327,21.99901916,-7.81768838
-14.04296169,22.63626623,-8.02556791
-13.95214929,22.62490545,-7.88470997
14.33058400,19.39160767,-7.52843037
14.33189710,19.36160345,-7.66875245
15.05233234,19.67474765,-7.50087480
15.04597450,19.65699319,-7.64467412
15.79064319,19.94270796,-7.48842834
15.77999772,19.93542210,-7.63651560
16.54189943,20.19121111,-7.50794853
16.53033781,20.19147116,-7.66272559
-14.15711158,23.53635861,-8.08402956
-14.06516580,23.51802630,-7.93792838
-14.29057889,24.43450522,-8.13384362
-14.19751530,24.41030249,-7.98139479
-14.43990861,25.33225218,-8.17912768
-14.34515139,25.30263361,-8.01855603
-14.60241446,26.23174762,-8.22634408
-14.50497752,26.19630167,-8.05659547
16.77761878,20.82963646,-7.54075270
16.76836316,20.83500101,-7.69684715
17.01103034,21.46800286,-7.57077214
17.00458287,21.47728188,-7.72917666
17.24172987,22.10748472,-7.59841291
17.23756318,22.11982968,-7.76076927
17.46624799,22.75049678,-7.62473874
17.46440644,22.76542283,-7.79201397
-14.47082415,27.30715212,-8.26413410
-14.38140120,27.26574029,-8.08574100
-14.34891844,28.38341540,-8.31057103
-14.26608994,28.33731103,-8.12502566
-14.22797911,29.46332031,-8.36706530
-14.14803204,29.41143319,-8.17533354
-14.09872014,30.54725468,-8.43253700
-14.02041937,30.49066986,-8.23710907
17.36503642,23.70807306,-7.63744117
17.35700289,23.72619511,-7.80608296
17.26092740,24.69129026,-7.64850587
17.24927878,24.71068875,-7.81981269
17.14834429,25.70255299,-7.66032430
17.13577102,25.72195400,-7.83736403
17.02244599,26.74514454,-7.68017125
17.01058624,26.76335694,-7.86393010
-13.88467958,31.29093603,-8.45905240
-13.81249856,31.23448118,-8.26220994
-13.65661673,32.03777596,-8.48726134
-13.59094670,31.98239078,-8.28969595
-13.41335072,32.78779253,-8.51573994
-13.35417920,32.73389678,-8.31839356
16.80802729,27.54504995,-7.68758216
16.79257767,27.56057120,-7.87577388
16.58195167,28.36203167,-7.70648246
16.56245584,28.37557629,-7.90007905
16.34674438,29.19455639,-7.73710273
16.32352106,29.20620446,-7.93519532
7.23023143,36.54147045,-7.68668383
8.71432040,35.66321077,-7.71163898
10.28636747,34.75697446,-7.73908233
11.91003944,33.76210616,-7.69827049
13.55253011,32.68420306,-7.60920124
3.57020056,15.16989318,-6.91233582
4.71772914,15.61493572,-6.95566943
5.92957576,16.15062006,-7.01125193
7.18851508,16.73242196,-7.09019209
8.46963477,17.30957939,-7.19694186
16.13775215,30.04528579,-7.57259282
15.50007365,30.70667867,-7.55168226
14.85436961,31.36666923,-7.55263996
14.20406763,32.02561941,-7.57365203
13.61879053,19.13037694,-7.42093283
14.33481750,19.41755496,-7.39430493
15.06419758,19.68777125,-7.36411738
15.80813543,19.94557882,-7.34719360
16.56192800,20.18591817,-7.36014590
16.79395688,20.82053945,-7.39055418
17.02528699,21.45583233,-7.41671880
17.25346505,22.09340206,-7.43981692
17.47597228,22.73537112,-7.46086187
-13.87155193,22.61174241,-7.74272908
-13.98295379,23.49841221,-7.78933668
-14.11420725,24.38455706,-7.82483178
-14.26104697,25.27165565,-7.85408809
-14.41818900,26.16006816,-7.88329954
17.37952329,23.69266424,-7.46986103
17.27831260,24.67651208,-7.47481369
17.16703092,25.69040340,-7.47951333
17.04016407,26.73612916,-7.48991205
-14.30183851,27.22411606,-7.90294358
-14.19083041,28.29024924,-7.93438361
-14.07532810,29.35993440,-7.98032566
-13.94736013,30.43425608,-8.03865006
16.82937997,27.54047838,-7.49124338
16.60721174,28.36058840,-7.50413740
16.37572129,29.19565602,-7.53090746
-13.74436018,31.17859958,-8.06226286
-13.52801592,31.92665605,-8.08922795
-13.29683784,32.67909707,-8.11878662
-13.04992974,33.43664792,-8.15068478
1.54050061,38.07480445,-7.61194810
2.96104849,37.71908071,-7.62741730
4.36905669,37.34636802,-7.64669777
5.77040604,36.94008199,-7.65280159
-0.93236111,15.32399610,-6.78946957
0.19087603,15.23714144,-6.81785666
1.29056452,15.15295655,-6.85032054
2.40753272,15.11530211,-6.88319077
-2.09302166,15.46385712,-6.76931358
-3.25228692,15.56825049,-6.74725524
-4.34682120,15.64618778,-6.71849736
-5.35558599,15.71957508,-6.69410662
0.06110666,37.87452645,-7.56926963
-1.40265221,37.64434725,-7.55739468
-2.84591774,37.36978140,-7.56516707
-4.31931936,37.15797701,-7.60281738
-5.85382464,36.55092464,-7.60119815
-7.39708216,35.99220722,-7.64969813
-8.93601864,35.42224931,-7.75106296
-10.49259897,34.88844694,-7.87308499
-6.17313538,16.06709377,-6.71110563
-6.95511123,16.44146578,-6.76409228
-7.72343955,16.84546054,-6.85140789
-8.49344737,17.28753406,-6.95671782
9.77123678,17.95021812,-7.32721679
11.05570705,18.45415616,-7.41599303
12.33004893,18.83761460,-7.44640784
-9.25736978,17.93671814,-7.08472647
-10.04197040,18.63160426,-7.20907345
-10.85929408,19.36503771,-7.33361183
-11.73451912,20.12858187,-7.45975226
-12.21904056,20.74591865,-7.54013499
-12.73804962,21.36791696,-7.61446707
-13.29006207,21.99118128,-7.68142235
-12.42063455,33.76363894,-8.06405465
-11.78471212,34.11431053,-7.98783147
-11.14193187,34.48976914,-7.92432419
2.80622137,37.25302077,-0.75049638
1.46466732,37.26482626,-0.76348970
2.67559506,36.91351096,0.48692737
1.33705704,36.94306619,0.46459167
0.13864371,36.94740247,-0.78651441
0.02713097,36.67097693,0.42507826
4.18089015,37.20242161,-0.73668054
4.04359290,36.81986800,0.50782281
-1.16176010,36.62899952,-0.80338518
-1.24475054,36.37084318,0.39114660
5.59339135,37.11566971,-0.73083992
5.43099137,36.66933271,0.51647220
-2.45918015,36.32490002,-0.81965590
-2.50504696,36.06320336,0.35872433
7.07113229,37.03976224,-0.72797169
6.85952658,36.52252195,0.51511392
-3.77217725,36.07399202,-0.83264313
-3.77271888,35.79175015,0.33026721
-5.07512231,35.46296917,-0.79672447
-5.02274931,35.16850370,0.34378172
8.49543935,36.46313153,-0.70856854
8.21342146,35.92183907,0.51377816
10.00192057,35.91070473,-0.68042023
9.63346128,35.36681033,0.51497959
-6.38474641,34.96468312,-0.73769516
-6.26961757,34.65901537,0.39218569
-7.67162155,34.49886948,-0.66874309
-7.48501437,34.19513803,0.46314077
11.59020008,35.33506495,-0.62896327
11.13283424,34.81967635,0.53242967
-8.92699439,34.02344006,-0.59932940
-8.66090776,33.73008493,0.54156548
13.24384940,34.66189140,-0.52253559
12.68793340,34.21152575,0.59761488
-9.75628269,33.58336278,-0.58665535
-9.50163797,33.28912338,0.56470734
14.33665973,33.96962018,-0.45246192
13.81152221,33.57200422,0.64202246
-10.58773704,33.16211138,-0.56992428
-10.35462777,32.86068529,0.59903698
15.41823419,33.19211862,-0.35603587
14.92930730,32.83894413,0.71879580
-11.42918670,32.76323477,-0.55458233
-11.23475595,32.44634016,0.64281437
16.46373296,32.32222259,-0.25696641
15.98831497,31.98469829,0.81669062
-12.29364845,32.38808774,-0.54693744
-12.16286873,32.04589600,0.68452202
17.47237790,31.37702030,-0.18716107
16.98434703,31.02141539,0.91621034
17.68471342,30.10703948,-0.23384656
17.31156360,29.78670571,0.91910749
-12.67465323,31.51535952,-0.55560196
-12.60035480,31.15133278,0.68984763
-13.05633395,30.65458926,-0.58137967
-13.04946989,30.26152769,0.67482502
17.88045298,28.86428904,-0.29989774
17.59265187,28.54169143,0.87026441
2.90680772,37.54954347,-1.99069728
1.55630526,37.55135931,-1.99973232
0.21244850,37.19683906,-2.00400165
-1.11264037,36.85972429,-2.00652477
4.29559159,37.52444721,-1.97901351
5.73575984,37.47175240,-1.96462469
-2.43914747,36.54672679,-2.00875702
-3.78547532,36.29416080,-2.01221653
7.25682930,37.42894584,-1.95020803
-5.13150022,35.67969455,-1.96312561
8.73949743,36.85239795,-1.90532112
-13.43326041,29.80772889,-0.61915098
-13.50217169,29.38260773,0.63611063
18.06541001,27.65843712,-0.37684218
17.83872172,27.29637197,0.77510451
10.31275592,36.28302667,-1.85571778
-6.48916470,35.17196720,-1.90102110
-7.82865356,34.68569766,-1.83792232
11.96964204,35.65894687,-1.78374264
-9.14482710,34.19388740,-1.78296280
13.68321768,34.89035058,-1.65693710
18.24621521,26.50177063,-0.45382064
18.07045768,26.07526966,0.66057321
-13.79491538,28.97640667,-0.66278855
-13.93881821,28.52010273,0.57048690
-9.95401903,33.76114920,-1.78500986
14.71037726,34.13641085,-1.58308731
-10.76322393,33.35425223,-1.79462528
15.72882190,33.31865308,-1.50097125
18.31389093,25.07028889,-0.41962102
18.19577147,24.56390105,0.66768737
-14.12026362,27.84513276,-0.57516721
-14.35993864,27.35318995,0.61253017
-14.41925394,26.73623045,-0.48522632
-14.74202866,26.20379627,0.63701673
18.38674245,23.71036578,-0.37863964
18.32450189,23.12121059,0.69807160
-11.57754624,32.97832312,-1.81173707
16.73320869,32.44664996,-1.42866869
18.46267470,22.42069300,-0.33319714
18.45260866,21.75358074,0.75121892
-14.69040364,25.65060705,-0.39171384
-15.08318543,25.07328976,0.65849678
-12.40541750,32.63572249,-1.84157444
17.72494465,31.53870855,-1.39095592
-14.93737180,24.59020534,-0.29776911
-15.39186408,23.96196617,0.68838562
18.53863965,21.19868028,-0.28653120
18.57399946,20.45866132,0.82543864
-12.75155095,31.78833448,-1.85638709
17.86717428,30.29259202,-1.43264712
18.01761318,20.34892765,-0.29398221
18.03821435,19.54307112,0.81228561
-14.68684206,23.61344241,-0.28538127
-15.14780536,22.95294323,0.67037382
-14.43613095,22.64761102,-0.28689546
-14.90306968,21.95526851,0.65357904
17.50222349,19.53898228,-0.29267229
17.48844365,18.66451749,0.81509105
-13.08709841,30.95239351,-1.87799148
18.01373649,29.09360388,-1.48410273
2.97439960,37.78427574,-3.22143838
1.60820855,37.80586136,-3.22488110
0.24349589,37.43028495,-3.20942959
4.37966963,37.74056848,-3.20780863
-1.10430130,37.07671102,-3.19596670
-14.18481081,21.69123726,-0.30429252
-14.65754794,20.96824027,0.62995455
17.00543336,18.77013895,-0.27803715
16.95350141,17.82997487,0.83233537
5.83841791,37.66434328,-3.18338787
-2.45341702,36.74370912,-3.18943960
-13.40787406,30.13039262,-1.90541989
18.16895287,27.94195012,-1.54519878
7.38124838,37.58923461,-3.15712830
-3.82294811,36.47066790,-3.19192603
-5.20177468,35.83671140,-3.14208511
8.89579741,36.97093409,-3.08658330
16.53725581,18.04164599,-0.25057116
16.45290895,17.03974081,0.86063330
-13.93016968,20.74474013,-0.33845865
-14.40826240,19.99025853,0.59383464
-6.59390636,35.30532994,-3.08901627
10.50350830,36.35044470,-3.02211434
12.19111807,35.65119002,-2.93945227
-7.96924916,34.78732104,-3.03559198
18.33578783,26.83881906,-1.61036893
-13.70954977,29.32509112,-1.93344132
15.71118272,17.85200865,-0.20688572
15.58786798,16.83371037,0.86455854
-13.36433312,20.16222931,-0.39342405
-13.81041116,19.44049738,0.54397642
-9.32953333,34.27649383,-2.99412346
13.92175933,34.78228490,-2.80939565
14.91365238,17.69503654,-0.14989893
14.77034631,16.67499981,0.88538130
-12.80829923,19.59268171,-0.44142001
-13.21920249,18.89286692,0.48972939
-10.10920808,33.85390098,-3.00508771
14.86071728,33.99456323,-2.74713840
-12.26627159,19.04115672,-0.47502408
-12.64143811,18.35522124,0.43823502
14.14507476,17.56400867,-0.08294129
13.99755994,16.55396422,0.91839261
-13.96075181,28.22730636,-1.83538935
18.39263061,25.47145173,-1.57888988
13.38798672,17.44108443,-0.01622837
13.24424192,16.44652355,0.95780365
-11.74199929,18.50413379,-0.49787916
-12.07982110,17.82742346,0.39711423
15.79088209,33.16669099,-2.69184493
-10.88872468,33.46269195,-3.02912581
12.16559186,17.41462051,0.07029667
12.05895864,16.46591244,1.01211191
-10.94160154,17.90340199,-0.52538111
-11.22729912,17.25855050,0.35197741
18.46013585,24.16623094,-1.54948462
-14.19016927,27.15786393,-1.72987839
-10.17334528,17.31619588,-0.55802109
-10.40330300,16.69458805,0.31575222
10.89013629,17.30970200,0.13623779
10.83331143,16.41380325,1.04511864
16.71771197,32.31431089,-2.65513243
-11.67078823,33.10759659,-3.06608358
-9.41743422,16.73844999,-0.61002060
-9.59641962,16.12666137,0.27312347
9.59332071,17.08759456,0.15086811
9.57951068,16.23533589,1.02520814
-14.39985964,26.11749037,-1.62010173
18.53476548,22.91760419,-1.52259729
-8.66483871,16.17513152,-0.69113295
-8.80219155,15.55786395,0.21233109
8.30834421,16.72035502,0.08978403
8.30841683,15.88257845,0.94266138
17.65249538,31.45552333,-2.65159030
-12.46047217,32.79135104,-3.11808147
18.61549817,21.71767110,-1.49897728
-14.59393299,25.10590643,-1.51273143
-6.13413207,15.33777625,-0.94900668
-5.29750860,15.08589370,-1.00815696
-6.19248936,14.78325302,-0.01039224
-5.35591394,14.56037956,-0.06724734
3.48609975,15.52444519,-0.48719578
4.61340600,15.83849665,-0.32341619
3.38456824,14.72708153,0.37834851
4.54113191,15.02532149,0.53135916
-4.29536524,15.00551274,-1.05291243
-4.35858502,14.49784927,-0.11914722
2.26657332,15.36107944,-0.66406600
2.13398365,14.61503294,0.21074366
-6.96996259,15.60693353,-0.86787125
-7.03999640,15.02791617,0.06258875
5.78754955,16.16101016,-0.16244996
5.74390177,15.35262159,0.68295896
7.01794553,16.46719919,-0.01908093
6.99952553,15.65703194,0.82451925
-7.81683956,15.88373282,-0.77629948
-7.91340473,15.28533085,0.14233936
1.09543965,15.23463281,-0.81206601
0.95315025,14.56217091,0.07426283
-3.26971699,14.98821611,-1.06359874
-3.34503530,14.48739907,-0.13772526
-0.03667209,15.14486101,-0.92600305
-0.16937955,14.54790151,-0.02675177
-2.21787776,15.02185012,-1.04604235
-2.31058822,14.51263938,-0.12790658
-1.13916292,15.08197045,-1.00544063
-1.25216361,14.54665374,-0.09443265
17.79262825,30.28326587,-2.67394722
-14.33927301,24.15737946,-1.48157303
18.09722913,20.90062697,-1.50542159
-12.78110833,31.98052367,-3.12670786
-14.08958456,23.22078012,-1.46788159
17.59819790,20.11537093,-1.50866314
17.94867263,29.15892160,-2.70046663
-13.08579021,31.18144816,-3.13975678
-13.84389003,22.29495738,-1.46994327
17.12279798,19.36098265,-1.50422731
3.01340147,37.86250173,-4.40187992
1.63891688,37.93098789,-4.40049530
0.25794768,37.55256348,-4.36603636
4.42089904,37.76011533,-4.38772049
-1.10789632,37.18863174,-4.34137607
-13.37232699,30.39498358,-3.15657072
18.11784596,28.07808173,-2.73100757
-2.47425952,36.83473720,-4.33054128
5.87274946,37.61112053,-4.35293416
-13.60128957,21.37980914,-1.48773697
16.67534485,18.63460195,-1.49614092
7.40236722,37.45113479,-4.31472537
-3.86175134,36.54024044,-4.33512254
8.91265997,36.76034236,-4.22948447
-5.27214185,35.89771192,-4.29519468
-13.64071542,29.62210607,-3.17743253
10.51456874,36.06290734,-4.16451054
18.29853917,27.03678737,-2.76614409
-6.69538632,35.35232735,-4.25558773
15.83999315,18.48060146,-1.44906351
-13.06285757,20.78124241,-1.50483410
12.19387548,35.28793117,-4.09844884
-8.09974028,34.80990291,-4.21527806
-12.54319360,20.19561719,-1.51758515
15.03449639,18.35017412,-1.38466662
-12.04421305,19.62372650,-1.52489765
14.25451804,18.24273822,-1.30395217
13.91177488,34.36205082,-4.00946785
-9.49567040,34.28734079,-4.19234837
18.37670781,25.73603038,-2.72001080
-13.84966066,28.55311182,-3.09195657
13.48732619,18.14158311,-1.22020388
-11.56840708,19.06167231,-1.53467724
-10.24103160,33.87861961,-4.21209119
14.76909624,33.60089690,-3.97804565
12.23703715,18.14818138,-1.09427821
-10.82004779,18.40818690,-1.55738773
18.46285594,24.48042807,-2.68322860
-14.04229964,27.50637934,-3.00780239
-10.09192984,17.77799774,-1.60780268
10.94742266,18.05294973,-1.00598330
15.62066595,32.81512151,-3.95509302
-10.98680988,33.50421695,-4.24687318
9.64751655,17.82339088,-0.98360641
-9.35850788,17.16920814,-1.68902428
-14.22414249,26.48227174,-2.92427326
18.55504304,23.26056544,-2.65439939
8.37944685,17.44656545,-1.05206594
-8.61326401,16.57695114,-1.79471818
-11.73447298,33.16793637,-4.29925751
16.47084039,32.01365402,-3.94514339
-7.77150245,16.24115003,-1.88261523
7.12454033,17.15751588,-1.16595181
-6.92656601,15.90965361,-1.96141512
5.92592357,16.79521737,-1.31252869
-6.08692440,15.57645539,-2.01834903
4.77581977,16.38119135,-1.46488905
-5.24159761,15.25758102,-2.05255950
3.66332323,15.94226378,-1.60904544
2.45234256,15.65117630,-1.75407355
-4.22861121,15.13175269,-2.07623983
-3.18495027,15.08201757,-2.07892889
1.27357929,15.41974957,-1.87315384
18.65369386,22.06652447,-2.63677242
-14.40148757,25.47993228,-2.84890000
0.12261985,15.25897080,-1.96579050
-2.10917075,15.09789247,-2.06342030
-1.00494687,15.15601152,-2.03063143
17.32943538,31.20797873,-3.95579826
-12.48771100,32.87190617,-4.37009520
18.16514035,21.26951006,-2.64355669
-14.17142184,24.54305373,-2.80403263
17.50731763,30.13451220,-3.93395628
-12.79623997,32.10327471,-4.37360487
-13.95573508,23.61105252,-2.77583975
17.69887108,20.48881876,-2.65869233
-13.08802521,31.34246599,-4.38057937
17.69603701,29.09768824,-3.92008698
17.25557509,19.72292496,-2.67892689
-13.75574921,22.68057179,-2.76255977
-13.36295898,30.58872327,-4.39155760
17.89251825,28.09382617,-3.91721288
1.63953634,37.89136280,-5.48112389
0.24473261,37.55325739,-5.44595765
3.01148201,37.74252689,-5.47614807
16.83602013,18.96945434,-2.70272780
-13.57359971,21.74903564,-2.76146921
-1.13875675,37.21027527,-5.42637328
4.40227602,37.55346244,-5.45806519
5.82122313,37.31329088,-5.41928917
-2.52070981,36.85897539,-5.42391088
-3.92479998,36.56598267,-5.44359949
7.30976670,37.06139799,-5.38667271
-13.62194879,29.84079978,-4.40593615
18.09357187,27.11822359,-3.92637557
-13.06190270,21.13077052,-2.74568591
15.99603898,18.80782748,-2.69018713
-5.36854769,35.93668852,-5.42244959
8.80117670,36.31770534,-5.31534119
15.18755055,18.65381821,-2.66834181
-12.57234511,20.52211285,-2.73495481
-6.82184968,35.39020036,-5.40835253
10.38830571,35.56518908,-5.27548114
-12.10099894,19.92508540,-2.73141187
14.40186762,18.51291071,-2.63769454
18.20240796,25.88932010,-3.87334839
12.05216144,34.73752418,-5.24047223
-13.81973516,28.78998573,-4.33293813
-8.25259510,34.83054932,-5.39771873
13.62863318,18.37425409,-2.59954562
-11.64648481,19.33712391,-2.73340831
13.75203455,33.78382293,-5.20472299
-9.68332252,34.29965402,-5.41187976
-10.88251957,18.64624339,-2.74742277
12.34892649,18.36152950,-2.51239082
18.30986981,24.68999934,-3.83907227
-14.00575143,27.74721785,-4.26540024
-10.12566539,17.97740749,-2.78383706
11.05308134,18.25882381,-2.44079242
14.53777890,33.06896703,-5.20119356
-10.39659482,33.90591892,-5.44604285
-9.35885741,17.32478145,-2.83227563
9.76634180,18.01274231,-2.41439177
18.41557650,23.51227594,-3.82076590
-14.18788207,26.71220224,-4.20451308
15.31893010,32.33679977,-5.20625859
-11.11068364,33.54509979,-5.49522760
-8.58450741,16.68038414,-2.88413242
8.51969750,17.58748294,-2.46026893
-7.73239832,16.28588142,-2.92109900
7.28811188,17.23075790,-2.52817770
-6.88365691,15.89801201,-2.95336611
6.09850332,16.77970875,-2.61961349
4.94518847,16.27695587,-2.71549168
-6.04097330,15.51471628,-2.98159473
-5.19097901,15.15349407,-3.00412109
3.82156508,15.76510211,-2.80273678
-4.17222909,15.00995723,-3.03169427
2.60128681,15.44664547,-2.88758585
-14.37337153,25.68397659,-4.15439684
18.52011222,22.34982361,-3.81956921
-3.11489742,14.93912403,-3.04601289
1.41041951,15.20834675,-2.95432599
-11.82534800,33.21973999,-5.56257787
16.09550483,31.58891910,-5.21774324
-2.02015826,14.92912906,-3.04847244
0.24619365,15.05301099,-3.00535357
-0.89772389,14.96035217,-3.03737710
16.87271769,30.83040523,-5.23602687
-12.54147377,32.93084368,-5.64918909
18.09526960,21.58550303,-3.83777634
-14.18158083,24.74893838,-4.11171780
17.09590548,29.85408965,-5.18068388
-12.84135544,32.19649632,-5.64282705
17.68265258,20.82785883,-3.86563770
-14.00341985,23.81560207,-4.08181116
17.32023482,28.90083055,-5.13837189
-13.12398869,31.46433650,-5.64002887
-13.84016870,22.88264362,-4.06610171
17.28496672,20.07698046,-3.90332921
-13.38977812,30.73329692,-5.64040880
17.54298391,27.96848379,-5.11176875
-13.69260793,21.94928111,-4.05859685
16.90385237,19.33443475,-3.94663951
2.97851768,37.62636812,-6.52525964
1.59857839,37.87020516,-6.52749271
0.17608902,37.60051143,-6.49655383
16.07431982,19.15375009,-3.95227049
-13.17215806,21.33640254,-4.02469109
-1.23663331,37.31075306,-6.49184955
4.36004836,37.34728452,-6.52084370
-13.63981197,30.00229786,-5.64479897
17.76084167,27.05403424,-5.10446215
5.74888510,37.02179037,-6.49259704
-2.64060690,36.99369984,-6.50431444
15.27102611,18.96976713,-3.95986313
-12.67343422,20.72594820,-3.99651456
-4.06923816,36.73573897,-6.54486157
7.19813102,36.68859401,-6.47168975
-5.55172842,36.12999299,-6.54405942
8.67072948,35.88364811,-6.41917602
14.48582385,18.79010921,-3.96377989
-12.19278432,20.12002728,-3.97058669
17.89610888,25.89485014,-5.06096249
-13.82803083,28.96164863,-5.57717656
10.24453509,35.05848255,-6.39524142
-7.04205611,35.58875533,-6.56555641
-11.72770102,19.51779150,-3.94739781
13.71183934,18.60724625,-3.96294632
-10.91942096,18.79337661,-3.91632896
12.40999666,18.52238581,-3.92270158
11.89160285,34.15396805,-6.37714170
-8.51376756,35.02798071,-6.60949063
18.02043435,24.75749215,-5.04582451
-14.00337955,27.92170613,-5.52209426
-10.12259219,18.08876310,-3.90461289
11.11152633,18.35051823,-3.88104337
13.56733255,33.14515926,-6.36111565
-9.99806499,34.50109143,-6.67823358
-9.32639051,17.40833651,-3.90675511
9.83205064,18.04761288,-3.85240656
-14.17208075,26.88187065,-5.48529728
18.13504638,23.63852735,-5.05580483
8.58771675,17.58654554,-3.85305872
-8.53531129,16.75051025,-3.91565601
14.28581678,32.46163381,-6.35791471
-10.68324704,34.11527092,-6.71923227
-7.69219761,16.33495060,-3.92249317
7.36234110,17.19260265,-3.86081552
6.16919163,16.72215987,-3.88917414
-6.85622037,15.93868121,-3.93492316
5.00708420,16.21690658,-3.92632348
-6.02444048,15.55935160,-3.95571883
14.99895020,31.76660754,-6.35418992
-11.36676917,33.75722681,-6.77326901
3.87508021,15.71762910,-3.96378454
-5.18059918,15.21022703,-3.98229391
-14.33993366,25.84233833,-5.46688937
18.24210053,22.53689711,-5.08577351
-4.16275545,15.09438684,-4.01802397
2.65859597,15.43741297,-3.99800534
-3.09418344,15.03555109,-4.04317795
1.47166977,15.23590887,-4.02494153
0.30860789,15.10937736,-4.04493448
-1.98051052,15.02099577,-4.05521468
-0.84209029,15.03412248,-4.05698417
-12.04648193,33.42833511,-6.84404965
15.70496848,31.06088933,-6.35344294
17.89670868,21.81700649,-5.11883371
-14.17099771,24.92662082,-5.44336261
-12.72105034,33.12827092,-6.93413986
16.40470639,30.34762903,-6.36326652
-14.00713890,24.01317093,-5.43646882
17.55201485,21.10438666,-5.16405318
16.65673675,29.45291369,-6.31013727
-13.00221504,32.39470070,-6.91413469
-13.84964448,23.10324691,-5.43981093
17.21182535,20.40167304,-5.21650839
-13.26591866,31.66163670,-6.89855479
16.90459497,28.57391061,-6.27599685
16.87917133,19.71180094,-5.27128438
-13.70053425,22.19812214,-5.44458977
-13.51254924,30.92860392,-6.88826849
17.14406332,27.70817723,-6.26471100
-13.16097981,21.59655734,-5.40398185
16.07236185,19.52033242,-5.28991998
17.37087574,26.85322447,-6.27952770
-13.74269722,30.19573988,-6.88399349
-12.63943200,20.99463716,-5.36298979
15.27905570,19.32365014,-5.32106971
-12.13986246,20.39461938,-5.31643431
14.49713605,19.12999646,-5.35423556
17.51559763,25.75377385,-6.28769955
-13.90523543,29.14352776,-6.82906889
-11.66175856,19.79712478,-5.26527414
13.72410780,18.93241254,-5.38061159
12.39757626,18.80500878,-5.36912187
-10.83151718,19.06066070,-5.17884456
-14.05133386,28.09347653,-6.79187863
17.64105503,24.67710905,-6.32360945
-10.02971434,18.34451408,-5.11284823
11.08874687,18.58901358,-5.32938458
9.80452560,18.24517305,-5.26600926
-9.24312290,17.66075543,-5.06232788
17.75187272,23.62740496,-6.37391796
-14.18482066,27.04491801,-6.77773995
8.55027805,17.75298101,-5.19773056
-8.46984082,17.01351285,-5.02019699
7.32298568,17.31713404,-5.13580717
-7.66301699,16.59464592,-4.98346532
-6.85932968,16.20862853,-4.96028818
6.12469046,16.82583276,-5.10067746
4.95936181,16.32051803,-5.08445029
-6.05196539,15.85132872,-4.95884227
17.85310491,22.60962281,-6.42312579
-14.31153835,25.99853068,-6.78357379
-5.22247657,15.52888488,-4.97538617
3.83062703,15.84179857,-5.07608264
2.63649023,15.61277840,-5.06406804
-4.20800394,15.44370092,-5.00720979
-3.12415132,15.39119090,-5.03110001
1.47183213,15.46249422,-5.05370358
0.32459528,15.37847539,-5.04767819
-1.98398361,15.35806909,-5.04176366
-0.82611136,15.33596127,-5.04571899
17.58053978,21.94563917,-6.45344141
-14.14189445,25.10207468,-6.77627658
-13.97159708,24.20843165,-6.78045937
17.30179115,21.29183630,-6.48102138
-13.80667161,23.31790991,-6.78689459
17.02016870,20.64716250,-6.50059121
16.73857007,20.01039074,-6.50901602
-13.65405297,22.43047424,-6.78563835
15.96166781,19.80342436,-6.52790130
-13.08911232,21.82275692,-6.75097408
-12.54807802,21.21462063,-6.70857938
15.18823055,19.58670401,-6.56536639
-12.03883246,20.61060226,-6.65260520
14.42340117,19.36717740,-6.60849033
13.66816526,19.13861274,-6.64467567
-11.56207407,20.01268570,-6.58325912
-10.73061604,19.27817247,-6.45371765
12.34526214,18.94742548,-6.67394980
-9.94442460,18.57254542,-6.32821262
11.04423847,18.66822230,-6.65108143
9.75595822,18.26476856,-6.57262885
-9.18165450,17.90471244,-6.21033470
8.47953513,17.71812226,-6.45211690
-8.43352660,17.27730772,-6.09859439
7.23138201,17.22782397,-6.33904596
-7.66315230,16.86236044,-6.00678829
-6.89080641,16.48056840,-5.93651921
6.01117299,16.70701455,-6.24993380
4.83307006,16.20113449,-6.18384800
-6.10562990,16.12750581,-5.89929454
-5.28786509,15.80554580,-5.89195134
3.70690066,15.75289567,-6.12980475
2.54204120,15.61048115,-6.07526261
-4.27624831,15.73156424,-5.91274299
-3.17993940,15.67123534,-5.93297255
1.41089276,15.54509580,-6.02466002
-2.01852173,15.60879224,-5.94591481
0.29126953,15.53030317,-5.98545095
-0.84888373,15.53861733,-5.95997066
1.27794503,36.72935387,1.05926136
-0.02079888,36.48113519,1.01270203
2.60955590,36.69637225,1.08370933
-1.27699139,36.19172803,0.97182054
3.97013430,36.58685233,1.10668487
5.34284216,36.40875960,1.11573836
-2.51748186,35.88280782,0.93174439
6.74663809,36.22590051,1.11869019
-3.76148264,35.60009803,0.89866999
-4.98731450,34.97531761,0.90511725
8.06795831,35.61319779,1.12318419
-6.20615255,34.46613401,0.95146137
9.44469771,35.05527176,1.12424993
-7.39198638,34.01089486,1.02498228
10.89673773,34.51852061,1.13152129
12.39583404,33.93478749,1.17474586
-8.53891295,33.56285512,1.10531868
13.51527865,33.31240559,1.19581313
-9.38913527,33.12694381,1.12759223
-10.26353542,32.70517126,1.16225293
14.63194746,32.59413689,1.24648840
15.68734776,31.74812131,1.31330317
-11.18369871,32.29874994,1.20801389
-12.17233882,31.90522670,1.25843751
16.66489408,30.77888996,1.39050454
17.03851200,29.56571395,1.41503754
-12.63605150,30.99583565,1.26620143
-13.12008502,30.08609030,1.26057882
17.37070998,28.34024719,1.39961910
-13.61319563,29.18427111,1.23064290
17.66396181,27.10536504,1.33009003
-14.08903626,28.29812922,1.16534642
17.93511212,25.87558495,1.22106326
-14.56456627,27.11219174,1.19375167
18.09777888,24.33641903,1.22046188
-14.98496474,25.94183565,1.18249946
18.26763294,22.84896155,1.23503433
-15.35177516,24.78837309,1.15695214
18.44137258,21.42810416,1.27667642
18.60893455,20.07674976,1.34750625
-15.68185255,23.65168139,1.14328506
18.06800105,19.11076070,1.31810701
-15.43175253,22.61462023,1.09386296
17.49729507,18.18399869,1.30897036
-15.18285904,21.59288742,1.05905656
16.93570169,17.30504210,1.31857444
-14.93745044,20.58280149,1.03000359
16.41115103,16.47705844,1.33859609
-14.69234858,19.58361479,0.99357006
-14.07861494,19.04675119,0.95936855
15.51528353,16.27502944,1.33292317
14.68539529,16.12771758,1.34395376
-13.46702309,18.51557303,0.91319185
-12.86766693,17.99278126,0.86180617
13.91152170,16.01802639,1.36892876
13.16333373,15.92181557,1.39899736
-12.28504818,17.47972909,0.81265296
-11.40729707,16.93602468,0.75703189
12.00440034,15.95991083,1.44009231
-10.55769018,16.38914878,0.71203533
10.81094438,15.92645710,1.45242316
9.58296406,15.76465040,1.41194042
-9.72681212,15.82295828,0.66988671
-8.90914472,15.23985006,0.61436755
8.32370349,15.42529261,1.31161963
-5.39424279,14.22990926,0.33399506
-4.39358166,14.16682773,0.27235436
2.09692368,14.20056073,0.56613003
3.36412486,14.30420260,0.73298471
4.53299195,14.60312056,0.88579588
-6.23699334,14.45316600,0.39635478
0.90750919,14.16722023,0.43474516
-3.38023325,14.15584372,0.24649076
-2.34820792,14.17778078,0.25064375
-0.21503138,14.17896324,0.34079904
-1.29351536,14.20225811,0.27947680
5.74622161,14.92827924,1.04053614
-7.09836950,14.70037369,0.47424841
-7.99325734,14.96395652,0.55206757
7.01019526,15.22271189,1.18629726
2.96286509,37.64371076,-7.07008825
1.56686913,37.94355939,-7.06326896
0.11919668,37.71059799,-7.02794826
-1.31625434,37.45162610,-7.02261401
4.35228631,37.31660364,-7.07763617
5.73992990,36.94858010,-7.06286120
-2.73642196,37.15583153,-7.03655512
7.18616009,36.57945550,-7.06145601
-4.18363259,36.92083899,-7.07975477
8.66184655,35.73806892,-7.04346559
-5.68969117,36.31898729,-7.08162661
10.23623475,34.87140059,-7.05344904
-7.20441944,35.77426899,-7.11790204
11.87333407,33.91894543,-7.03492664
-8.70712460,35.21468129,-7.19217748
-10.22766211,34.69007715,-7.28791195
13.52998646,32.87040440,-6.97974205
-10.89719726,34.30115597,-7.33214246
14.21330288,32.19809034,-6.95521851
-11.56237612,33.93653162,-7.38897161
14.89373862,31.52070377,-6.93710705
-12.22115470,33.59762013,-7.46170462
15.56929489,30.83898885,-6.93294550
16.23809963,30.15332058,-6.95001492
-12.87272538,33.28347047,-7.55085895
-13.13755064,32.53709082,-7.52570135
16.48945718,29.28647038,-6.90885279
-13.38512313,31.79327069,-7.50444619
16.73417028,28.43277216,-6.88730186
-13.61613478,31.05165933,-7.48767859
16.96826616,27.59101314,-6.88661130
-13.83138276,30.31243742,-7.47562289
17.18894660,26.76105057,-6.90611190
-13.97468997,29.24912595,-7.42237983
17.32722094,25.68882757,-6.92094995
-14.10188332,28.18994206,-7.38504027
17.44720405,24.64683930,-6.94831612
-14.21841546,27.13397608,-7.36710840
17.55380783,23.63796288,-6.97363556
-14.33312234,26.08065939,-7.36595599
17.65182247,22.66188717,-6.98777015
17.40658167,22.01687694,-6.98795227
-14.16484991,25.18926412,-7.35359634
-14.00100119,24.30007911,-7.34701182
17.15439117,21.37835612,-6.98396988
-13.84809783,23.41278388,-7.33722490
16.89841162,20.74489075,-6.97386212
-13.71306416,22.52688202,-7.31505645
16.64158753,20.11455813,-6.95660123
15.87764262,19.89131147,-6.96064975
-13.14004597,21.91255133,-7.27098313
-12.59456009,21.29747265,-7.21726737
15.11838619,19.65476504,-6.98825881
-12.08285022,20.68652293,-7.15092964
14.37036802,19.41088083,-7.02511643
-11.60510317,20.08172346,-7.07303417
13.63381066,19.15408378,-7.05687777
-10.75889239,19.33831615,-6.93950736
12.32804638,18.91361708,-7.08824753
11.04159134,18.58486443,-7.06598428
-9.96449967,18.62532199,-6.80631781
-9.19778400,17.95128430,-6.67670916
9.75613796,18.13553790,-6.98750538
8.46733114,17.54788801,-6.86649672
-8.44806344,17.31971211,-6.54942612
7.20268265,17.02091774,-6.75968808
-7.68324382,16.89686067,-6.44586187
5.96373741,16.47659514,-6.67440117
-6.91726648,16.50895165,-6.36289124
-6.13673699,16.14953558,-6.31453731
4.77075948,15.96255730,-6.60991180
-5.32106490,15.81946996,-6.29999033
3.63699634,15.52357916,-6.55678716
2.47770325,15.43263680,-6.50936085
-4.31104429,15.74946573,-6.32124987
1.35784608,15.42310558,-6.46046651
-3.21347478,15.68404610,-6.34573565
-2.04916989,15.60454298,-6.36437393
0.25084246,15.45793102,-6.41737937
-0.88082937,15.50330976,-6.38467641
