-0.74779889,13.09998772,0.92567585
-1.61104451,13.05394347,0.92737716
-0.73598178,12.92214298,1.18300765
-1.59808321,12.88253403,1.17313545
-2.48445960,12.98758772,0.91500264
-2.47350712,12.82335768,1.15456104
-3.37083312,12.89679596,0.90323115
-3.36596605,12.74334460,1.12959770
-4.27552178,12.80057972,0.88483476
-4.27967194,12.65864904,1.09648699
-2.30560437,33.05759944,2.08902736
-1.34499284,32.89448134,2.14103894
-2.34181680,33.05463038,2.27533339
-1.37351221,32.91103322,2.32365631
-0.47701088,32.74213086,2.18523739
-0.49783323,32.77312536,2.35971099
0.31442486,32.61707613,2.22474089
0.30084556,32.65604361,2.38997844
1.04818760,32.52759664,2.26068300
1.04082434,32.57206186,2.41935369
-5.04809974,12.86863267,0.84156268
-5.05984389,12.73032892,1.04866367
-5.83151542,12.94347753,0.80539158
-5.85273079,12.80935313,1.00956522
-6.62911206,13.02374122,0.78574756
-6.66109950,12.89801886,0.98274505
-7.44815267,13.10545520,0.77084516
-7.49198670,12.98692675,0.96439542
-6.55312280,31.96752427,1.79223444
-5.34760933,32.32923968,1.87032999
-6.63636187,31.89943979,1.97708325
-5.41957725,32.27048996,2.06478945
-4.24132736,32.61554983,1.95215522
-4.29898279,32.57486943,2.14479026
-3.22758771,32.84811876,2.02551750
-3.27332420,32.82611164,2.21614277
-8.12318443,13.53636435,0.80283425
-8.18008270,13.42157371,1.00178974
-8.82346828,13.95065009,0.82435167
-8.89532225,13.83780190,1.02848053
-9.55143811,14.35663738,0.82761525
-9.63957192,14.24344001,1.03307537
-10.32123141,14.75147281,0.80016952
-10.42370813,14.63891061,1.00407797
-10.81216314,15.16714715,0.75026278
-10.92362074,15.05831127,0.96007192
-11.33825483,15.58348653,0.67290361
-11.45801035,15.47906671,0.88896253
-11.91344278,15.99698074,0.57494298
-12.04063825,15.89797568,0.79391325
-12.56305687,16.41955275,0.45875241
-12.69694031,16.32369349,0.67950228
-10.62777753,29.89420621,1.19393395
-9.51916123,30.46296490,1.37581417
-10.72816213,29.84776434,1.33884967
-9.61973172,30.40828627,1.52889826
-8.47645300,31.01819837,1.53250432
-8.57444460,30.95433604,1.69886193
-7.48249019,31.52011860,1.66676333
-7.57470599,31.45163168,1.84447311
-12.71851492,17.45428411,0.32940031
-12.86957991,17.36025786,0.57303529
-12.97688922,18.50755579,0.23483490
-13.14265627,18.41017598,0.49741777
-13.35623722,19.61016013,0.22779162
-13.52434173,19.51285301,0.49116898
-13.85358827,20.77526251,0.31998781
-14.01604831,20.68460863,0.57831812
-13.49260275,22.08089200,0.37752038
-13.65196093,21.99476857,0.64883940
-13.15594097,23.36930349,0.46265938
-13.31030230,23.29838819,0.72363762
-12.78822829,24.63127879,0.53207295
-12.93829390,24.58417014,0.75486773
-12.34988963,25.88035677,0.56794664
-12.50735712,25.85216994,0.75869561
-11.93177886,26.83216557,0.72002392
-12.07040268,26.81278440,0.88676554
-11.47951886,27.82753700,0.85742388
-11.60624322,27.80552519,1.01152500
-11.04563574,28.86390855,1.01597291
-11.15943204,28.83179586,1.16318177
-0.76383396,13.31197690,0.62185337
-1.63340332,13.25708672,0.63883052
-2.50680089,13.17512563,0.64734154
-3.38811858,13.07377536,0.65152544
-4.28340459,12.96652945,0.64817287
-2.28443541,33.04688618,1.89451452
-1.33342074,32.86532456,1.95456456
-0.47302727,32.70003571,2.00674772
0.31231739,32.56699963,2.05224883
1.04104439,32.47525367,2.09740333
-5.04700039,13.03560979,0.60765643
-5.81894477,13.10255213,0.57870141
-6.60308095,13.17179145,0.56006223
-7.40729213,13.24189972,0.54902500
-6.46846591,32.02906718,1.59834752
-5.28384806,32.38066813,1.66927175
-4.19419636,32.64552125,1.74890337
-3.19552229,32.85768816,1.82517975
-8.06680400,13.66646820,0.57224148
-8.74648456,14.07810243,0.58553551
-9.45611434,14.47966085,0.57970807
-10.20942702,14.87010757,0.54870222
-10.68546808,15.28362261,0.49071753
-11.20027103,15.69330051,0.40517351
-11.77260543,16.10229033,0.30391558
-12.42257041,16.52054614,0.19519407
-10.50979278,29.94321079,1.04731332
-9.40618794,30.51760787,1.22080945
-8.36675214,31.07768862,1.36186091
-7.38817912,31.58598421,1.48276348
-12.54156117,17.56155772,0.03957408
-12.77281585,18.62516086,-0.07616150
-13.14529598,19.73461185,-0.09510457
-13.65708136,20.89474723,0.00599467
-13.27706670,22.20137204,0.03970283
-12.95092236,23.46830996,0.15478630
-12.59317612,24.69820583,0.27858440
-12.15541441,25.91875543,0.36729715
-11.76223002,26.85792478,0.55140773
-11.32896932,27.85310573,0.70553597
-10.90256522,28.89340335,0.86996228
0.11947052,12.88302875,1.20983921
0.11298095,13.05309045,0.95192831
0.98218549,12.80837636,1.23068673
0.98248429,12.96769251,0.97088080
1.86820002,12.68813177,1.24068902
1.87435855,12.83449988,0.98599615
2.79279107,12.51984332,1.25591684
2.80046147,12.65250926,1.00811270
3.71465141,32.01680983,2.45803497
3.07907251,32.08600235,2.44441723
3.68794784,31.97672485,2.31682844
3.06057677,32.04135259,2.29865600
2.42933236,32.20422074,2.43034061
2.41906026,32.15718313,2.28079099
1.75417448,32.36837659,2.42552115
1.75266768,32.32090860,2.27025461
3.59002248,12.49699113,1.25156535
3.59707559,12.62166632,1.00679688
4.41250485,12.44981915,1.25860473
4.41245417,12.56152232,1.02645751
5.26262621,12.38213324,1.29437620
5.24995342,12.48073178,1.06888266
6.15051129,12.29761641,1.35627372
6.12015283,12.38184794,1.14296025
6.05738654,30.76995127,2.58741089
5.43328992,31.03718131,2.54075724
5.97712517,30.75744866,2.43198434
5.36910029,31.01631341,2.39134883
4.85592608,31.32792546,2.50556813
4.80588592,31.30012169,2.36112780
4.29137374,31.64789229,2.48073279
4.25316588,31.61347861,2.33685346
6.82685891,12.60776980,1.47922787
6.78000185,12.68854532,1.26394646
7.54851758,12.89322526,1.60629783
7.48121447,12.97049847,1.39405792
8.32691404,13.17748835,1.74138030
8.23602241,13.25347479,1.52811108
9.18484761,13.47684965,1.87859381
9.07432662,13.55073791,1.66826121
9.70865408,13.86657867,1.97209021
9.58972091,13.93744568,1.75877197
10.28727881,14.27785875,2.07236615
10.15882446,14.34788006,1.85346817
10.93055385,14.70668072,2.16945136
10.79649272,14.77729828,1.95401471
11.66831292,15.15286697,2.27023161
11.52690309,15.22824713,2.05599629
8.64745294,29.42168306,2.68303470
7.75231351,29.79098388,2.62557789
8.50195654,29.45573662,2.50387553
7.62492496,29.81167792,2.45228116
7.07971523,30.12966511,2.59454019
6.97019596,30.13867386,2.42795309
6.53084726,30.44893414,2.58393211
6.43594438,30.44681027,2.42211518
11.65295446,16.28964606,2.33922213
11.49817768,16.36225059,2.10635022
11.76329563,17.41767113,2.40941082
11.60085883,17.48801248,2.16109540
12.00421519,18.55656299,2.51533906
11.83785499,18.62184922,2.27230396
12.39451208,19.71969363,2.66558710
12.22026977,19.77844649,2.43731687
11.82422846,21.10048794,2.66534292
11.67699453,21.14949029,2.43935854
11.35311003,22.50905054,2.70727153
11.21600792,22.55101470,2.48976255
10.84730727,23.94566996,2.72585551
10.69918206,23.98298600,2.50970122
10.24579895,25.39588867,2.65183459
10.06916579,25.43184569,2.43001101
9.71780544,26.49169976,2.67231129
9.53191626,26.53208813,2.45970377
9.24303164,27.53828559,2.66281754
9.06108600,27.57935059,2.46162303
8.88971554,28.51556667,2.66229775
8.72490505,28.55307132,2.47401697
0.10899803,13.25457338,0.64496679
0.99234820,13.15298106,0.66730040
1.89557693,13.00195231,0.69414528
2.82672609,12.80212665,0.72780651
3.65238645,31.93562690,2.17578384
3.03104899,31.99534986,2.15094360
2.39656796,32.10735771,2.13049154
1.73726805,32.26760664,2.11227810
3.62418437,12.76766163,0.72722820
4.43159264,12.69431553,0.75704847
5.25453112,12.59273877,0.81582630
6.10464448,12.47690042,0.90500741
5.89367041,30.74422747,2.27719050
5.30010370,30.99769867,2.24007651
4.74877612,31.27238691,2.21415262
4.20747800,31.57975059,2.19324004
6.74775680,12.77815670,1.02695906
7.42400973,13.05920388,1.15668427
8.15619280,13.33664024,1.29152471
8.97111121,13.63086281,1.43250044
9.47224810,14.01680916,1.52132327
10.03211247,14.42344778,1.61207971
10.66598116,14.85457817,1.70868561
11.39008425,15.31100122,1.80452444
8.36123972,29.48982030,2.32032511
7.49880190,29.83222321,2.27373722
6.85867251,30.14598794,2.25751735
6.34184243,30.44646234,2.26118177
11.33377686,16.44549359,1.81975812
11.42173963,17.56983282,1.84703339
11.65704031,18.69867424,1.94750573
12.04574529,19.84573346,2.14178765
11.51328829,21.20615304,2.14121626
11.06304379,22.59865688,2.20989389
10.53291909,24.02240065,2.24089619
9.86458418,25.46226967,2.15285021
9.32695120,26.56399051,2.21120538
8.86539264,27.61187484,2.23350949
8.54394827,28.58149581,2.26710244
-1.07724960,15.45073045,-9.26358807
-1.77023195,15.43596652,-9.34047774
-1.14310705,15.49397009,-8.99039975
-1.83651017,15.46949336,-9.06699209
-2.43422617,15.40328010,-9.42313982
-2.49874210,15.42758372,-9.14893557
-3.08364589,15.36520121,-9.50928941
-3.14426668,15.37660182,-9.23507487
-3.73177428,15.32120182,-9.60175313
-3.78635581,15.31992662,-9.32842333
-0.41570178,15.59546331,-8.90551086
-0.35179130,15.54515634,-9.17998538
0.36300827,15.66382915,-8.83289644
0.42243916,15.60829638,-9.11013746
1.19943489,15.70009812,-8.77694309
1.25189946,15.64424771,-9.05722299
2.09454400,15.70567244,-8.74117290
2.13880164,15.65304098,-9.02574588
1.21681414,33.55317306,-7.70346291
0.46032516,33.16262530,-7.73551559
1.23906748,33.48462642,-7.44080109
0.48382981,33.08824866,-7.47186223
-0.30800715,32.88380638,-7.78464700
-0.28288636,32.80344068,-7.52138876
-1.11973218,32.71222324,-7.84844678
-1.09272014,32.62837438,-7.58930355
-2.01264461,32.64844077,-7.93004949
-1.98219049,32.55974206,-7.67609690
1.93838974,33.30421493,-7.39535336
1.92597800,33.37283365,-7.66727291
2.63031611,33.20041320,-7.36668503
2.62811057,33.27025040,-7.64600267
3.34037669,33.15864769,-7.35892495
3.34905892,33.22880774,-7.64223355
4.09718137,33.17593739,-7.37552919
4.11900256,33.24709480,-7.65849516
-4.27197304,15.59518840,-9.64480579
-4.32421921,15.57517338,-9.37030194
-4.80162273,15.85979007,-9.69524765
-4.84959578,15.82405848,-9.42029195
-5.33204522,16.12065494,-9.75493947
-5.37323250,16.07117620,-9.48186598
-5.87859260,16.37727417,-9.82742467
-5.90860621,16.31814082,-9.55581217
2.87051793,16.00682551,-8.67181110
2.90980353,15.96302077,-8.96427918
3.66900938,16.28410552,-8.62412930
3.70482064,16.24843224,-8.92463292
4.48557579,16.54293554,-8.59895799
4.52029438,16.51512081,-8.90490324
5.31995895,16.78481807,-8.59288199
5.35867275,16.76235584,-8.90048829
-2.88425630,32.12428100,-7.99414378
-2.85637801,32.03421234,-7.73434462
-3.84135418,31.73250849,-8.08226030
-3.81164345,31.63903460,-7.81886713
-4.92833281,31.44853776,-8.18945696
-4.89293873,31.35027983,-7.92993926
-6.20909220,31.26355156,-8.31305067
-6.16341009,31.15799333,-8.06388396
4.74038705,32.59968155,-7.32854754
4.78277926,32.67405998,-7.62218266
5.45363321,32.07918628,-7.30213473
5.51968814,32.16039061,-7.59947632
6.30174879,31.60747597,-7.29227950
6.39487197,31.69718681,-7.58560832
7.40225746,31.19893442,-7.29547323
7.52813800,31.29962324,-7.57665245
-6.38260148,16.81214743,-9.88429691
-6.39836145,16.74744713,-9.61358500
-6.92989932,17.24657395,-9.95101547
-6.92566774,17.17953006,-9.68183860
-7.55510193,17.69390560,-10.03000321
-7.52573840,17.62594301,-9.76308935
-8.31481988,18.17225809,-10.12638909
-8.25387634,18.10400741,-9.86261137
6.10321877,17.18671371,-8.57918336
6.15384345,17.16791364,-8.88862702
6.92232828,17.56350348,-8.57875397
6.99075206,17.54736114,-8.88278390
7.81165920,17.92420077,-8.59113093
7.90333643,17.91232027,-8.88625304
8.83112969,18.28400495,-8.62862700
8.95002755,18.27870443,-8.91186172
-8.54232985,30.48056140,-8.66142560
-7.87301103,30.64868521,-8.55359014
-8.48652352,30.38417361,-8.43174885
-7.81863598,30.54799231,-8.31689097
-7.26684884,30.83246704,-8.46297290
-7.21565289,30.72940218,-8.22038490
-6.71528880,31.03625662,-8.38403670
-6.66680310,30.93136121,-8.13702071
9.90251991,29.80775081,-7.41818732
9.10633230,30.10776548,-7.37016782
10.05120541,29.89984412,-7.66769626
9.25751963,30.20641770,-7.62858755
8.43497537,30.44148680,-7.33639005
8.58111402,30.54277397,-7.60308258
7.87317085,30.80637114,-7.31234231
8.01004347,30.90818155,-7.58706310
-8.66571946,18.66822097,-10.12960211
-8.59293005,18.59943594,-9.86439323
-9.10675638,19.17679113,-10.14897098
-9.01850803,19.10918180,-9.88250300
-9.67449714,19.70088922,-10.18602516
-9.57044077,19.63434545,-9.92149477
-10.40306334,20.24370394,-10.24104974
-10.28721203,20.17694389,-9.98258465
9.31826937,18.69985736,-8.62011713
9.45114528,18.70217555,-8.90008191
9.88461457,19.11976813,-8.62572255
10.03094883,19.12960620,-8.90243743
10.55748102,19.54735326,-8.65218329
10.71710112,19.56564705,-8.92343616
11.36507142,19.98710282,-8.70205878
11.53586832,20.01357037,-8.96504469
-10.24209755,21.15034253,-10.14191120
-10.11396803,21.09178121,-9.87612860
-10.17195914,22.05716326,-10.04429708
-10.03540283,22.00679722,-9.77447922
-10.18992433,22.97133531,-9.93995767
-10.04699423,22.92905312,-9.66931210
-10.29485513,23.90323464,-9.82093957
-10.14515186,23.87015915,-9.55372487
11.25495767,20.82882329,-8.62693359
11.44548160,20.85423968,-8.90174417
11.26147224,21.64042647,-8.56646177
11.46521975,21.66674897,-8.85155629
11.37191388,22.42867530,-8.51243627
11.58400692,22.45885652,-8.80633788
11.57055072,23.20131193,-8.45615526
11.78848124,23.23886720,-8.75588442
-9.86701081,25.07606928,-9.53727118
-9.72527391,25.06183674,-9.27499128
-9.55843690,26.22703730,-9.27881572
-9.42147467,26.21896581,-9.02569707
-9.34546206,27.29944623,-9.07744790
-9.21043808,27.27963702,-8.83016679
-9.21037842,28.25372415,-8.93778926
-9.08199762,28.21171057,-8.69435084
11.22111517,24.15863270,-8.26297518
11.42551883,24.19685481,-8.57573228
10.95339647,25.08542948,-8.05354479
11.15024120,25.12881469,-8.36169977
10.75394192,25.99506485,-7.86155242
10.95275371,26.05183744,-8.15501096
10.62745604,26.91692793,-7.70697519
10.82877576,26.99091908,-7.97988750
-8.97848040,28.83899577,-8.83585694
-8.86541817,28.78047274,-8.59261321
-8.79092992,29.39057845,-8.76020206
-8.69658652,29.31710544,-8.51935286
-8.64503403,29.92988403,-8.70385785
-8.57078775,29.84413402,-8.46801157
10.37102931,27.56885342,-7.59644958
10.56459468,27.65202249,-7.85814483
10.16156705,28.25788047,-7.51211032
10.34320033,28.34854193,-7.76684065
10.00449125,29.00080433,-7.45363294
10.16953821,29.09422734,-7.70384730
4.07016722,33.12747993,-7.06801625
4.69521266,32.54668415,-6.99917232
5.38827411,32.01776084,-6.95842422
6.21347599,31.53509180,-6.94724674
7.28472774,31.11210435,-6.96364217
2.05667372,15.74227996,-8.43492373
2.83753959,16.03619061,-8.35012385
3.63940433,16.30571529,-8.29008397
4.45742740,16.55621528,-8.25697687
5.28879621,16.79262735,-8.24859259
9.75529137,29.72422626,-7.13601299
8.96086805,30.01831369,-7.06965192
8.29653422,30.35040979,-7.02097560
7.74527459,30.71730955,-6.98665992
8.72279180,18.27743810,-8.31158355
9.19447382,18.68673509,-8.30508212
9.74672758,19.10039384,-8.31623097
10.40483102,19.52293631,-8.34862930
11.20072715,19.95755435,-8.40821275
11.06793787,20.80468033,-8.30935544
11.06144449,21.62128812,-8.22831778
11.16403804,22.41225612,-8.16115593
11.35864476,23.18327253,-8.10079986
-10.20462285,20.12635774,-9.68895027
-10.02086743,21.05727180,-9.56722412
-9.93177542,21.98437910,-9.46143487
-9.93130835,22.91525586,-9.36356521
-10.01458526,23.86312169,-9.26001153
11.02122281,24.14320185,-7.89717420
10.75629803,25.06006840,-7.69370647
10.55509129,25.95163131,-7.52044492
10.42383004,26.85124418,-7.38895754
-9.59772060,25.06267394,-8.98739551
-9.29383884,26.21161647,-8.74213827
-9.08592328,27.25297372,-8.54650596
-8.96393074,28.16352075,-8.41011956
10.17642610,27.49256298,-7.28853225
9.97988461,28.17324728,-7.21305211
9.83887885,28.91370629,-7.16240118
-8.76545681,28.72015429,-8.30456172
-8.61604050,29.24930076,-8.23582846
-8.51089099,29.77336967,-8.19684360
-8.44439121,30.31179886,-8.17467294
1.24540754,33.44831807,-7.15842494
1.93641675,33.26433085,-7.10005034
2.62036211,33.15655440,-7.06214964
3.32283625,33.11396786,-7.05035717
-1.21660739,15.51535910,-8.68455292
-0.48237430,15.62604623,-8.59567363
0.30497508,15.70147469,-8.52145318
1.15139236,15.73909951,-8.46719549
-1.91671297,15.48051923,-8.75924856
-2.58265184,15.42740531,-8.84129002
-3.22864603,15.36300377,-8.93043451
-3.86812881,15.29345571,-9.02834063
0.48865048,33.05134452,-7.18266769
-0.27898072,32.76556367,-7.22975806
-1.08852815,32.59335256,-7.29948036
-1.97611870,32.52535326,-7.39438119
-2.85647360,32.00381235,-7.43837625
-3.81336529,31.60727397,-7.51379786
-4.88928684,31.31126264,-7.62643331
-6.14578798,31.10448808,-7.77466063
-4.40990638,15.52970889,-9.06383254
-4.93596936,15.76274075,-9.11220970
-5.45646808,15.99688188,-9.17471319
-5.98339182,16.23553890,-9.25180404
6.06118874,17.19093366,-8.22859626
6.86333585,17.56555276,-8.22961577
7.73039549,17.92308814,-8.25434644
-6.46252801,16.66115695,-9.30979171
-6.97208504,17.09497023,-9.37866552
-7.54676475,17.54553921,-9.46121928
-8.24164385,18.02926310,-9.56544708
-8.56940308,18.53030238,-9.56032103
-8.97893133,19.04739404,-9.57257440
-9.50820745,19.57975619,-9.61430032
-7.78350382,30.47884878,-8.04703709
-7.18723894,30.66484036,-7.93948781
-6.64467037,30.87262612,-7.85014393
0.91592151,32.18687668,-0.06201618
0.21585841,32.35822658,-0.16474490
1.27840150,31.99327454,0.96894146
0.57957954,32.16785487,0.88259263
-0.50591163,32.36023990,-0.28315140
-0.15744302,32.19412267,0.75886182
1.59553989,32.08767699,0.04652973
1.94955712,31.87967554,1.05264941
-1.25583018,32.45733141,-0.38261815
-0.92747370,32.29599862,0.64206729
2.26622470,32.05270075,0.15500646
2.60237024,31.82060441,1.13225421
-2.04981942,32.65968746,-0.46289372
-1.74345302,32.48403853,0.53722696
2.93903396,32.07924132,0.26023732
3.24563425,31.81581350,1.20616563
-2.90061192,32.95258497,-0.52378565
-2.61895441,32.75037093,0.44978651
-3.68202813,32.84926180,-0.57749521
-3.43343092,32.62804798,0.37054720
3.50439063,31.72768951,0.31204667
3.78801253,31.47431994,1.23455993
4.05458638,31.42885043,0.33591825
4.30864873,31.18206873,1.24772964
-4.49359635,32.76643491,-0.61760402
-4.29249823,32.51577817,0.30955309
-5.33260336,32.65171443,-0.64508463
-5.19967064,32.36382747,0.27061309
4.61413907,31.16892219,0.33570815
4.83118729,30.92376600,1.24934815
-6.19370681,32.42864462,-0.65537407
-6.16219545,32.10589404,0.26651470
5.21958238,30.93607492,0.32018363
5.38901088,30.68900709,1.24707627
-6.74629428,32.06914425,-0.69085940
-6.84507329,31.69616322,0.22491871
5.62325657,30.66851325,0.24078719
5.76109268,30.40892014,1.17455053
-7.33927556,31.63556385,-0.72203571
-7.58778570,31.21317980,0.19666115
6.09264042,30.39497918,0.16176837
6.19214812,30.12581452,1.10048371
-8.00661481,31.13847097,-0.75890669
-8.42431980,30.67138102,0.16584041
6.66531099,30.10813934,0.08868710
6.72785417,29.83263877,1.03471225
-8.79462585,30.60918738,-0.81684469
-9.38385594,30.10978296,0.10398361
7.40394535,29.80025922,0.03455722
7.45016593,29.52141101,0.99224211
7.56524140,28.87080013,-0.15778115
7.51472910,28.57565452,0.74505414
-9.10345276,29.62476056,-0.95575528
-9.70055999,29.07061468,-0.04498145
-9.51925490,28.67801058,-1.15515981
-10.08681937,28.07386137,-0.23031587
7.88646471,27.94551562,-0.32801330
7.76646191,27.61825170,0.53150089
0.87906325,32.71563379,-0.92205472
0.17189636,32.89104906,-1.00976903
-0.55308022,32.84954220,-1.10724850
-1.30636307,32.91026280,-1.19089417
1.56703704,32.61659754,-0.82954222
2.25051689,32.58423006,-0.73501902
-2.10573844,33.08059510,-1.25701260
-2.96488708,33.34431356,-1.30871746
2.94323040,32.61413935,-0.64548163
-3.75327544,33.21279749,-1.35284969
3.53483183,32.23088082,-0.57943773
-10.00012051,27.80518904,-1.43959770
-10.50489112,27.16411023,-0.48143936
8.36481041,27.02858230,-0.49279890
8.22299026,26.65695473,0.35391149
4.12176082,31.89253708,-0.54116682
-4.57193716,33.11289176,-1.38706260
-5.41784865,32.99536852,-1.41464810
4.73032863,31.58612341,-0.53091403
-6.28452094,32.78892398,-1.43624087
5.40083156,31.29913519,-0.54075058
8.95573570,26.12305264,-0.66531829
8.82412006,25.70350411,0.17117655
-10.47311883,27.00253214,-1.81238244
-10.90695005,26.36387052,-0.84264075
-6.79145161,32.45332929,-1.48443167
5.82296561,30.97698985,-0.60373859
-7.33436028,32.05997139,-1.53905907
6.31150736,30.64464883,-0.66892947
9.57195929,24.90064642,-0.83574309
9.48457856,24.41601041,0.02136889
-10.85068161,25.89119303,-2.23325728
-11.26489739,25.30473184,-1.27983009
-11.15714935,24.71677821,-2.58452088
-11.50177149,24.18762411,-1.72305073
10.12914234,23.63362770,-1.01461679
10.03825274,23.10392501,-0.18038770
-7.94422729,31.61364722,-1.60764368
6.90209594,30.29970828,-0.72841860
10.57724673,22.29088990,-1.19993932
10.45377465,21.75694978,-0.41052224
-11.44306752,23.46083450,-2.80647866
-11.72866705,22.95263667,-1.99753303
-8.66288491,31.13553081,-1.70735093
7.65290618,29.94525968,-0.77360585
-11.76222617,22.15337000,-2.90016618
-12.07048924,21.63984720,-2.05608253
11.01504606,20.91463608,-1.38200675
10.87137614,20.41669303,-0.60290288
-8.94309235,30.17259177,-1.84140804
7.82889193,28.99163541,-0.91136889
10.68104231,19.76670312,-1.54110617
10.44989017,19.31327059,-0.79515211
-11.39243274,21.00160534,-2.90579130
-11.62612714,20.48804608,-2.06574410
-11.13074163,19.84065950,-2.89038164
-11.32121573,19.36511377,-2.02128731
10.48948982,18.66116720,-1.69265441
10.20286164,18.25532040,-0.89453975
-9.33175012,29.22083883,-2.02616576
8.14592556,28.06996570,-1.04383890
0.90925923,33.09271621,-1.82899304
0.20243459,33.28305045,-1.90665056
-0.52205904,33.19822401,-1.99363112
1.60005036,32.97906233,-1.74988865
-1.27090063,33.21734681,-2.07435961
-11.00414526,18.67392695,-2.91698844
-11.16309984,18.29362966,-1.98820141
10.44952578,17.57475438,-1.83778631
10.12250446,17.21447950,-0.92386863
2.29119521,32.93201648,-1.67355284
-2.06529314,33.34695338,-2.14702379
-9.78782618,28.31039781,-2.27166745
8.60131182,27.18625133,-1.17088004
2.99857865,32.94376968,-1.60649293
-2.92194187,33.57040209,-2.21428638
-3.71097000,33.38940896,-2.26688288
3.60435413,32.51172322,-1.53768328
10.54263798,16.49604303,-1.92741764
10.21843531,16.15987234,-0.84933905
-11.01157975,17.51619152,-2.96741000
-11.15500414,17.26500892,-1.92533215
-4.53260877,33.24828706,-2.31514131
4.21619975,32.11452238,-1.49423277
4.86360132,31.73822143,-1.47406086
-5.38655477,33.10043647,-2.35979597
9.15627149,26.33225737,-1.28901817
-10.25412797,27.44526105,-2.56562136
9.98534236,15.96933635,-2.03141249
9.62531333,15.67274222,-0.87955310
-10.50330729,16.93288262,-2.97409403
-10.56979290,16.83733100,-1.91163575
-6.26856196,32.88004718,-2.40483042
5.59366481,31.37465155,-1.47030008
9.51265910,15.48042446,-2.11876452
9.14184851,15.21486722,-0.90522867
-10.08563908,16.38272464,-2.97372682
-10.08967265,16.43530411,-1.88087548
-6.74090087,32.54411909,-2.46493460
6.02424082,30.99571935,-1.50988465
-9.72964800,15.87172623,-2.95538839
-9.68596301,16.05167777,-1.83421411
9.09424109,15.02680110,-2.17953620
8.73296572,14.78883186,-0.92660550
-10.65101450,26.27761045,-2.88626152
9.72365402,25.18407285,-1.39739895
8.71158774,14.60391517,-2.21592938
8.37618308,14.38918710,-0.93908834
-9.41504297,15.40008190,-2.91841175
-9.33823227,15.67574829,-1.76771377
6.52818223,30.61344491,-1.54985801
-7.24954942,32.16462853,-2.53489670
7.99618470,14.30163134,-2.26887592
7.74294620,14.10470996,-1.02845747
-8.83386298,15.00744438,-2.84992120
-8.74410752,15.35282320,-1.70532874
10.25783592,23.99051390,-1.51514017
-10.98557013,25.08229407,-3.17213401
-8.28649964,14.66535015,-2.77254085
-8.20008332,15.02652808,-1.63125568
7.32309414,14.03785755,-2.29971171
7.16538112,13.85020737,-1.10475135
7.14139444,30.23145390,-1.58321758
-7.82305105,31.74573655,-2.62083404
-7.75500701,14.34717396,-2.69581626
-7.67746507,14.68396768,-1.55563804
6.67673783,13.78524608,-2.32147655
6.61394790,13.59949028,-1.17290225
-11.28487813,23.83893338,-3.39014424
10.70098103,22.70492237,-1.65959564
-7.22428844,14.03323699,-2.62390332
-7.15545634,14.31477819,-1.47591527
6.04226733,13.52708274,-2.34123540
6.06649290,13.33555270,-1.22993950
7.91853059,29.85953736,-1.60475010
-8.49971562,31.30310878,-2.73609338
11.12016358,21.35681093,-1.83961344
-11.60845323,22.56236681,-3.52181206
-5.17945684,14.11584447,-2.45330719
-4.46912468,14.12330169,-2.40726867
-5.09818126,14.27573153,-1.41298864
-4.38203789,14.23360373,-1.37850989
2.87121247,13.97748483,-2.29013253
3.65527650,13.90924990,-2.30301805
3.06869721,13.86439896,-1.33565966
3.84012364,13.77964371,-1.34139343
-3.60929650,14.31965744,-2.38288358
-3.51309718,14.38690755,-1.40851359
1.92115565,14.25315217,-2.28624072
2.12193987,14.14426080,-1.35933622
-5.86864482,14.08959931,-2.50651809
-5.79336119,14.29927520,-1.44431192
4.43800631,13.80133561,-2.32071074
4.58853369,13.65334706,-1.33286739
5.22984883,13.66767985,-2.33711456
5.32528065,13.49920299,-1.29894879
-6.54610941,14.05859179,-2.56432380
-6.47411011,14.31092990,-1.46539316
0.97415526,14.45820547,-2.29675017
1.16314450,14.36133617,-1.38466605
-2.72856955,14.48099727,-2.36493356
-2.62014461,14.50641060,-1.42795523
0.03078024,14.58602086,-2.31742303
0.19910469,14.51331971,-1.41482382
-1.82612586,14.59037065,-2.35188035
-1.70123479,14.58100248,-1.44007269
-0.90524892,14.63336451,-2.34006460
-0.75950677,14.59929749,-1.44211449
8.11613019,28.93392333,-1.67229192
-11.28296959,21.44219710,-3.55573676
10.77356600,20.23771879,-2.04534869
-8.75165954,30.37576852,-2.81663213
-11.06751711,20.29496172,-3.58334834
10.55023496,19.15522783,-2.28263535
8.43459984,28.05781466,-1.74339979
-9.11467015,29.45173461,-2.93480269
-10.99450044,19.09751232,-3.68083373
10.50399752,18.09302500,-2.53943296
1.03558315,33.28628457,-2.69395513
0.32745590,33.49412428,-2.75414716
-0.40303253,33.36598492,-2.82051498
1.72866119,33.15330037,-2.63842789
-1.15502694,33.34252971,-2.89219869
-9.55364782,28.55327550,-3.10235141
8.86382357,27.23185780,-1.81301543
-1.95243008,33.43105196,-2.96959123
2.42536449,33.08303507,-2.58954929
-11.08173324,17.84372123,-3.87203643
10.64033021,17.03500271,-2.74594217
3.14379550,33.06579591,-2.55074186
-2.81557208,33.61589973,-3.05489196
3.75195891,32.58003060,-2.49248633
-3.61632019,33.38472559,-3.12309231
-10.01614722,27.68742212,-3.31893018
4.37926883,32.12208070,-2.45135863
9.37006088,26.44031646,-1.88085006
-4.45316326,33.19807678,-3.19589966
10.07642992,16.53101785,-2.89585850
-10.61984585,17.14981640,-3.95475959
5.06184230,31.68139708,-2.42488659
-5.32868035,33.00846822,-3.27450555
-10.25727845,16.47917602,-4.03473512
9.60157283,16.06051217,-3.00762339
-9.95680012,15.84707979,-4.08575882
9.18268302,15.61711283,-3.08304573
5.85629927,31.25386583,-2.40794226
-6.24336009,32.75072912,-3.36439783
9.85613259,25.36862421,-1.94445977
-10.41176139,26.51913739,-3.56160772
8.79790679,15.19526400,-3.13122861
-9.69049297,15.26279226,-4.09883720
-6.69741837,32.39869517,-3.43463419
6.29883192,30.84382715,-2.42312888
8.02272461,14.87764418,-3.15314782
-9.10709803,14.78190944,-4.01254553
10.32195192,24.25730310,-2.03247800
-10.73922646,25.34242737,-3.81246826
-8.54247429,14.38055852,-3.89179127
7.28856336,14.58470121,-3.15551492
6.82097562,30.43795789,-2.43878731
-7.19164041,32.01399162,-3.51779608
6.58178138,14.29429617,-3.15504368
-7.98468870,14.02533766,-3.76112058
-11.04141326,24.13719591,-4.02400839
10.71753720,23.05692350,-2.16328603
5.88994611,13.99244930,-3.15990387
-7.42375582,13.69306915,-3.63536055
-7.75198980,31.60222574,-3.62163569
7.45733946,30.04286981,-2.45442743
-6.71628364,13.73461680,-3.49092540
5.03428843,14.06047009,-3.11681148
-6.01907924,13.78217720,-3.36452368
4.20912248,14.12213982,-3.07829389
-5.32019537,13.82574109,-3.25918490
3.40475251,14.15872746,-3.05073806
-4.60843309,13.85023105,-3.17913852
2.61042627,14.15578092,-3.03627206
1.66155536,14.38645425,-3.01228429
-3.75442034,14.11780662,-3.11271287
-2.88762112,14.34375162,-3.06993029
0.72826820,14.54378441,-3.00840352
11.08823968,21.78295030,-2.35174681
-11.37898264,22.90784192,-4.16619035
-0.19341191,14.61848859,-3.01848085
-2.00437100,14.51082089,-3.04589143
-1.10549883,14.60411181,-3.03376402
8.25642588,29.67264868,-2.47177745
-8.41115100,31.17831518,-3.75777686
10.74154058,20.72440801,-2.57226751
-11.11162699,21.83170750,-4.19164103
8.45891969,28.79453729,-2.48275166
-8.62853513,30.30556533,-3.80148655
-10.95175283,20.72514711,-4.22257792
10.51456160,19.68312598,-2.82327273
-8.94291293,29.43898097,-3.87758222
8.75517328,27.97482584,-2.50810281
10.47090884,18.65292510,-3.09705473
-10.92838068,19.55226319,-4.33709893
-9.32581395,28.59231358,-3.99746046
9.13299502,27.21106960,-2.54317348
0.54549141,33.46661198,-3.55808637
-0.20140204,33.29576954,-3.59740987
1.26212637,33.25067092,-3.51516652
10.62627428,17.62378033,-3.34380316
-11.07125977,18.28387683,-4.59971489
-0.96715436,33.22884835,-3.65375344
1.96320760,33.10676645,-3.48331235
2.66919515,33.02115304,-3.46417925
-1.77846287,33.27410669,-3.72982687
-2.65879048,33.41843100,-3.82930976
3.39865677,32.98276211,-3.45851956
-9.73430795,27.76938379,-4.16071602
9.56642299,26.48433043,-2.58750939
-10.63515373,17.53590770,-4.71644323
10.05685722,17.12667374,-3.47555585
-3.48646373,33.14396260,-3.90251530
4.00816546,32.46438073,-3.40704488
9.57868765,16.66132291,-3.57180088
-10.30317334,16.80826922,-4.84334806
-4.35560730,32.91550940,-3.99385253
4.64453061,31.96469524,-3.37200367
-10.03446533,16.12169323,-4.95239352
9.15893559,16.22344967,-3.64109973
9.95079872,25.49264585,-2.62470945
5.35074966,31.47475478,-3.35074943
-10.08449605,26.64534248,-4.33350704
-5.27366091,32.68380053,-4.10549690
8.77464835,15.80476800,-3.69156743
-9.79786806,15.48696320,-5.02468676
6.19550011,30.99498645,-3.34248227
-6.24859562,32.38390730,-4.24778180
-9.22303169,14.94742203,-4.96181158
7.95829673,15.48247692,-3.69110527
10.33208778,24.47054682,-2.68977604
-10.38879319,25.51343597,-4.53093055
-8.66472325,14.49740815,-4.85016837
7.18454472,15.17933158,-3.68399643
6.62943404,30.56285713,-3.35499058
-6.69589861,32.01677611,-4.33215684
-8.10874005,14.10312420,-4.71790038
6.43831260,14.87310181,-3.68380854
10.67558765,23.36896191,-2.79233190
-10.68924762,24.35686086,-4.71234769
7.14550119,30.14061839,-3.37561168
-7.18481206,31.63103337,-4.43473148
-7.54420966,13.74296931,-4.58595736
5.70820006,14.55102156,-3.69914816
-6.84167564,13.74777632,-4.39192748
4.83183851,14.55240916,-3.65633663
-6.14661774,13.76731418,-4.21985898
3.99009588,14.54432597,-3.63130903
3.17366690,14.51063652,-3.62676420
-5.45102371,13.78857529,-4.07646097
-4.74467533,13.79619409,-3.96640451
2.37231920,14.43671613,-3.63880193
-3.90262168,14.08653129,-3.84279822
1.42419590,14.61151595,-3.62349662
-11.04406880,23.17834366,-4.83804912
11.00749071,22.18549866,-2.94925581
-3.05140930,14.33935212,-3.75730451
0.49967117,14.71416942,-3.62798349
-7.73433720,31.23556119,-4.56224045
7.77432418,29.73843402,-3.40912901
-2.18589765,14.53659670,-3.70448789
-0.40811928,14.73401369,-3.64689677
-1.30380588,14.66274517,-3.67336383
8.55653834,29.37691956,-3.46537279
-8.36683416,30.84606597,-4.72228140
10.69289493,21.19321323,-3.12131083
-10.85031386,22.15522299,-4.83006111
8.73438296,28.55153291,-3.45254767
-8.52203845,30.04882693,-4.73939189
10.48528248,20.19816780,-3.32020583
-10.75498445,21.10711081,-4.82847234
8.98437972,27.79707546,-3.45554805
-8.74622100,29.26220028,-4.78635512
-10.77680012,19.99752434,-4.90472512
10.44153487,19.20503925,-3.54716010
-9.02198547,28.49040959,-4.86694496
9.29538845,27.10516184,-3.47174192
-10.94359557,18.78838953,-5.14091355
10.58491722,18.21822580,-3.79115021
1.49006208,32.89463725,-4.58786680
0.78235450,33.09560425,-4.64212451
0.02709943,32.85083802,-4.64700257
10.00798319,17.72508596,-3.88699030
-10.51308192,18.03847057,-5.23862665
-0.74026156,32.71635696,-4.68482972
2.18453603,32.76593029,-4.55579200
-9.32325832,27.73179833,-4.98209377
9.65000586,26.45254790,-3.50029363
2.88659677,32.69696529,-4.54517398
-1.54966109,32.69831076,-4.75121719
9.52405339,17.26288047,-3.96398243
-10.19066611,17.30521553,-5.36874452
-2.42824440,32.78462498,-4.85459225
3.61740738,32.67900836,-4.56129809
-3.27371658,32.45841281,-4.89245220
4.21257005,32.13205445,-4.46274008
9.10198879,16.82734072,-4.02400813
-9.93522871,16.60961217,-5.49819702
9.94147945,25.55578576,-3.50064944
-9.57771036,26.66982173,-5.10527096
4.84569200,31.60761772,-4.39841081
-4.16851041,32.19123273,-4.96667423
-9.71495546,15.96321478,-5.60704728
8.71880175,16.41222220,-4.07311442
-9.15744307,15.39065981,-5.57246544
7.87436355,16.08352942,-4.05241580
5.56639264,31.09601472,-4.36448782
-5.13008114,31.93743954,-5.08357818
10.24679752,24.63546316,-3.52346211
-9.83003059,25.59232423,-5.27657298
-8.62149844,14.90834599,-5.48621834
7.07275815,15.77468624,-4.03565129
6.46180019,30.60677490,-4.37015439
-6.18156150,31.65158684,-5.26728603
-8.08764185,14.48460016,-5.37365352
6.29750485,15.46264958,-4.03598243
-10.12172095,24.49045022,-5.46052636
10.53927560,23.64337677,-3.57317157
5.53803796,15.13371311,-4.06060478
-7.54201013,14.09931578,-5.25543125
6.87971818,30.17755283,-4.38673384
-6.62490317,31.31961766,-5.35667887
-6.87800726,14.03733392,-5.04969651
4.65239806,15.07837757,-4.03196492
3.80140103,15.01010023,-4.03263064
-6.21290821,13.99718906,-4.86932346
2.97641926,14.91477782,-4.05940414
-5.53974759,13.96794474,-4.72000905
7.38580514,29.77319930,-4.42773804
-7.10850433,30.99267341,-5.47573876
2.16815175,14.77930640,-4.10557808
-4.85058235,13.93545069,-4.60699322
-10.50692411,23.36916735,-5.59079839
10.82632586,22.56198978,-3.66967048
-4.03082511,14.20706590,-4.45202366
1.21908628,14.89639638,-4.11170260
-3.19984492,14.45332753,-4.34062096
0.29853687,14.94558916,-4.13567066
-0.60072104,14.91558478,-4.17083962
-2.35212254,14.65600097,-4.26473712
-1.48467835,14.79822722,-4.21551267
-7.64793741,30.67814377,-5.63820612
8.01390620,29.41330764,-4.50574367
10.55030566,21.64270685,-3.75610557
-10.40741136,22.40739647,-5.55098977
-8.26431239,30.38683573,-5.86568887
8.80932974,29.13167683,-4.64710713
-10.39472283,21.43451067,-5.51284241
10.36436064,20.70949535,-3.88501425
8.91125766,28.32049681,-4.60476285
-8.32966102,29.69803413,-5.80729568
-10.47241332,20.41876298,-5.53802539
10.31131268,19.77182239,-4.06454318
-8.44365976,29.02174199,-5.80249321
9.08935995,27.61301247,-4.59384253
10.43201053,18.84226205,-4.30663941
-10.65568373,19.32734873,-5.70039537
-8.60389683,28.35447365,-5.86227159
9.33323977,26.98502459,-4.60812774
-10.21781794,18.62503570,-5.73821453
9.86277483,18.36197235,-4.34106086
9.62922178,26.40513630,-4.64483515
-8.80584094,27.69329686,-5.99583379
-9.88998306,17.93178336,-5.82936776
9.38331410,17.90874348,-4.38213386
-9.63359050,17.26759786,-5.93804678
8.96612976,17.48028634,-4.42390200
9.82832288,25.58869961,-4.62615429
-8.95795409,26.71589465,-6.15277502
-9.41765764,16.64301396,-6.04366868
8.58989249,17.07217668,-4.46608048
7.73798872,16.73868423,-4.42122585
-8.88203225,16.06723669,-6.02281346
-9.18107715,25.70662568,-6.39326000
10.06422385,24.76420111,-4.64304003
-8.38077138,15.57267223,-5.96368149
6.92859478,16.42785378,-4.39116694
6.14313507,16.11444065,-4.38560177
-7.88584571,15.13360834,-5.87951036
10.30838459,23.87983818,-4.70012117
-9.49205252,24.65218001,-6.62672090
5.36995259,15.78466235,-4.41258415
-7.37751959,14.73369826,-5.78588059
4.48953551,15.68007975,-4.39683673
-6.77127955,14.61054736,-5.59391000
-6.15472432,14.50966036,-5.42104343
3.63862028,15.56138885,-4.41867400
2.81114654,15.41619227,-4.47153173
-5.52068979,14.42322318,-5.27719735
10.57067167,22.90352555,-4.82269242
-9.91214672,23.56204812,-6.76614523
-4.86217140,14.34108512,-5.17104681
2.00048454,15.23348067,-4.54842274
1.05299724,15.30228850,-4.56977416
-4.08108531,14.56580196,-4.99678515
-3.28265835,14.77879950,-4.87043413
0.13876868,15.30932542,-4.60968777
-0.74919725,15.24354740,-4.65997465
-2.46217901,14.96257674,-4.78163983
-1.61590571,15.10045124,-4.72070501
10.28524334,22.07228394,-4.85376486
-9.85933123,22.63079313,-6.66473681
-9.89451169,21.71226286,-6.56957942
10.11898478,21.21924980,-4.95241280
-10.01541628,20.78204291,-6.53622750
10.11864942,20.34756612,-5.12939316
10.34607907,19.46243449,-5.42512694
-10.22087302,19.81394021,-6.62458725
9.67522343,19.02952577,-5.32802564
-9.72402024,19.20694047,-6.55195754
-9.35043295,18.60812555,-6.56876499
9.15159293,18.61248079,-5.28538960
-9.05465730,18.02763573,-6.62984270
8.72182171,18.20855774,-5.27946771
8.35144540,17.81544960,-5.30391168
-8.80603754,17.47052763,-6.71196814
-8.25700618,16.95183890,-6.66862422
7.48412082,17.49594046,-5.19237807
-7.77075611,16.49119001,-6.61342018
6.68571287,17.19211271,-5.13415992
5.91921779,16.88185599,-5.11961313
-7.30982142,16.06852459,-6.54718765
5.16590861,16.55108305,-5.15330811
-6.84712050,15.67273835,-6.47980239
4.31730136,16.41360317,-5.13041288
-6.31659238,15.51175077,-6.33070479
-5.76950618,15.36489189,-6.19945506
3.49032177,16.25640533,-5.16246465
2.68261655,16.06953963,-5.24443377
-5.19596937,15.22566518,-6.09649869
-4.58798487,15.08420012,-6.03676786
1.89298092,15.84162301,-5.37361569
0.96268785,15.88883437,-5.37756413
-3.88102202,15.25144103,-5.86240919
-3.15004384,15.41212367,-5.73088590
0.07394663,15.87702511,-5.41903126
-2.39029571,15.55173523,-5.63487494
-0.77780914,15.79928464,-5.48390468
-1.59626290,15.65659994,-5.56831474
0.88113838,32.33942511,1.51389616
0.15001515,32.40738244,1.42958939
1.57139652,32.13767510,1.56020438
-0.62827471,32.53289872,1.34644170
2.22886067,31.99219700,1.60750146
2.86349074,31.89928416,1.65274511
-1.46999627,32.71515707,1.26116371
3.48636871,31.86089151,1.69789811
-2.38882665,32.94448577,1.17925174
-3.25790215,32.79432605,1.09617123
4.02705318,31.51221742,1.71849700
-4.19421392,32.63545915,1.01862494
4.54929222,31.21302582,1.73304735
-5.20181530,32.42830473,0.95569075
5.07766306,30.94789179,1.74625675
5.64482746,30.70572756,1.76513488
-6.29080428,32.12037514,0.92352566
6.04267762,30.41835194,1.72064137
-7.10017433,31.67850971,0.84827554
-7.97249727,31.16626524,0.78028001
6.50177430,30.12808176,1.68083045
7.07147211,29.82630219,1.65414878
-8.92543260,30.59922420,0.69914452
-9.97177921,30.01765804,0.58149026
7.84630748,29.50249609,1.65733380
7.93321517,28.57281712,1.48836283
-10.31528967,28.95738073,0.41454733
-10.71017339,27.92786534,0.23768066
8.17263091,27.59066818,1.32459611
-11.11495324,26.96891394,0.03143301
8.59039407,26.56028826,1.16885807
-11.47080986,26.09925856,-0.25238990
9.13429989,25.51638448,0.98185949
-11.84176717,24.98190982,-0.55084657
9.84252751,24.16333470,0.95277673
-12.10862700,23.85438472,-0.90713056
10.41569116,22.81074894,0.82417020
-12.36983718,22.62982468,-1.15186845
10.86619188,21.45976336,0.66486158
11.36903271,20.12303263,0.62707852
-12.77306481,21.31726120,-1.17090536
10.91742342,19.01413565,0.36687065
-12.25986984,20.15686814,-1.24210167
10.66388612,17.93195827,0.30283819
-11.92235016,19.03998537,-1.20557057
10.62609134,16.83869546,0.41399807
-11.76745512,17.96923294,-1.09690157
10.78900452,15.70206586,0.64312724
-11.76767090,16.91598505,-0.90112162
-11.14020406,16.50209396,-0.85091257
10.11665920,15.23279486,0.57787867
9.55010177,14.79272397,0.51899565
-10.61389218,16.10082963,-0.77591439
-10.16162254,15.70198476,-0.68236120
9.06488174,14.37960978,0.46739121
8.64058960,13.98678338,0.42140972
-9.76068174,15.29771466,-0.57874053
-9.08683809,14.93921575,-0.50894822
7.91071317,13.71889664,0.26061968
-8.46314676,14.56904683,-0.44153735
7.26373624,13.46966314,0.11063308
6.66400917,13.21370441,-0.02352157
-7.86467298,14.18221418,-0.38319161
-7.27412481,13.77453419,-0.33762768
6.08340507,12.93508542,-0.14150582
-4.33908042,13.60163122,-0.28560012
-3.46833857,13.76252157,-0.34985466
2.04507643,13.65346897,-0.43390008
2.99019676,13.39399567,-0.38167234
3.78147049,13.34356814,-0.39090518
-5.07374261,13.66236259,-0.31339331
1.09841591,13.85046297,-0.46685941
-2.58866190,13.90124952,-0.40852154
-1.69244889,14.00687463,-0.46376193
0.15631756,13.98794883,-0.49330816
-0.77600710,14.06284880,-0.50697066
4.55119345,13.24109554,-0.35796949
-5.80280853,13.70738359,-0.33045851
-6.53228783,13.74424988,-0.33876871
5.31143452,13.10007242,-0.27871334
1.73778462,33.01737914,-5.78831242
1.05699603,33.21538911,-5.88536504
0.28626496,32.86666700,-5.85178801
-0.48564894,32.64552105,-5.87478817
2.41751911,32.90407901,-5.73574518
3.11738695,32.86472372,-5.73199638
-1.28942815,32.55097421,-5.94902458
3.85946148,32.89069815,-5.78319288
-2.15758932,32.56680206,-6.08157553
4.44121332,32.29355544,-5.60937576
-3.04164514,32.13308993,-6.05562259
5.08409600,31.74624176,-5.50068789
-3.97535754,31.79791359,-6.09695072
5.84333423,31.24163452,-5.46206261
-4.99279104,31.51726357,-6.22063799
-6.14168719,31.26068187,-6.45742082
6.82214434,30.79668159,-5.51354891
-6.61607484,30.97723888,-6.56518952
7.26149179,30.39033078,-5.55270886
-7.13381228,30.71237426,-6.71130542
7.79759660,30.02163427,-5.63284895
-7.70885931,30.47033601,-6.90119354
8.46025097,29.70612338,-5.76104974
9.27602244,29.45540650,-5.94034035
-8.35581483,30.25576418,-7.13300252
-8.41008112,29.66208909,-7.07045839
9.35293258,28.62475201,-5.88579969
-8.50387978,29.07906570,-7.04880891
9.50062875,27.88882977,-5.86769933
-8.64324031,28.49917584,-7.09560049
9.71581519,27.23224755,-5.88664296
-8.83200409,27.91486269,-7.22303287
9.99000730,26.62610052,-5.94314416
-8.95202363,26.99217981,-7.35467035
10.14730547,25.76313254,-5.93205764
-9.16192332,25.99799393,-7.58009283
10.37061804,24.91064983,-5.99199917
-9.47503644,24.92680176,-7.83666702
10.64278823,24.02338607,-6.13568938
-9.91068055,23.79777435,-8.07477305
10.97109703,23.07467850,-6.38549243
10.72569667,22.26962808,-6.39050481
-9.84779716,22.84449954,-8.02861914
-9.87245279,21.90521785,-7.97701910
10.59379477,21.44957589,-6.50112878
-9.98305365,20.96377284,-8.01242234
10.60370287,20.61496499,-6.74616703
-10.17814515,19.99905363,-8.23940192
10.77837868,19.76051070,-7.12210333
10.03073564,19.30941615,-6.91602648
-9.58727219,19.40888465,-8.02941521
-9.14340167,18.83147967,-7.99235295
9.42804403,18.88162350,-6.77953602
-8.79357777,18.27032765,-8.06367388
8.93218952,18.47134717,-6.71759224
-8.50458648,17.72734943,-8.18057011
8.51352470,18.07027784,-6.72719279
-7.89312302,17.22031493,-8.05035231
7.57608516,17.73312759,-6.49754879
6.74176325,17.40590543,-6.40582596
-7.36858484,16.76348098,-7.94238093
-6.88583115,16.33870305,-7.84385017
5.96162649,17.06505290,-6.40961790
5.20778190,16.69536910,-6.49232494
-6.41527137,15.93382179,-7.76263727
4.36597284,16.51436063,-6.47587319
-5.89306725,15.74880329,-7.59207713
3.54667983,16.31124743,-6.52530490
-5.36426395,15.56903978,-7.46853847
-4.81550866,15.38573350,-7.40586279
2.74966871,16.07235017,-6.64502985
-4.23697506,15.19050873,-7.41524970
1.97412957,15.78775042,-6.83456642
1.04930145,15.82739177,-6.77328605
-3.57416584,15.31518530,-7.22633791
0.17697844,15.81148468,-6.77614681
-2.89099040,15.43081979,-7.08792102
-2.17799385,15.52829956,-6.99249509
-0.64675402,15.73237373,-6.83444241
-1.42608479,15.59565771,-6.93768659
