-0.97479160,14.96024975,1.53846129
-1.94785010,15.22285070,1.61706208
-1.00400962,14.74106029,1.72313493
-1.97421080,15.00771859,1.79615142
-2.93455100,15.47416933,1.68511193
-2.95790634,15.26580260,1.86274060
-3.95293691,15.66769310,1.73526193
-3.97316449,15.46883411,1.91687624
-5.01738058,15.77680919,1.77910603
-5.03526248,15.59002578,1.97114897
-3.24299845,33.83435426,2.53634862
-2.25583847,33.66335407,2.42177534
-3.24332790,33.83039109,2.75360959
-2.25239934,33.66820053,2.63150166
-1.34514083,33.47975250,2.31211916
-1.33761213,33.49548960,2.51354794
-0.49822122,33.29988180,2.21602649
-0.48741238,33.32611011,2.40919517
0.30508527,33.14828888,2.13464622
0.31781405,33.18182618,2.32037627
-5.93908546,15.97040322,1.79992875
-5.95602705,15.79456099,2.00877255
-6.88317797,16.11971144,1.84519802
-6.90111691,15.95697070,2.07324054
-7.83619989,16.25878893,1.92809115
-7.85792098,16.10936593,2.17210092
-8.79126335,16.40902461,2.04777443
-8.81905132,16.27133468,2.29683656
-7.42417438,32.78600545,2.84124917
-6.35119320,33.05228819,2.75381630
-7.44693453,32.81454439,3.08145732
-6.36267839,33.05920110,2.99319453
-5.28094702,33.32553475,2.68808531
-5.28698341,33.32089650,2.92172004
-4.23498813,33.58859205,2.61944058
-4.23783499,33.58114341,2.84496598
-9.57538625,16.99960083,2.16108170
-9.61018798,16.86389714,2.40967909
-10.37874773,17.60013861,2.25762065
-10.42096808,17.46461636,2.49789337
-11.21834404,18.20424178,2.32628722
-11.26957751,18.06620651,2.55465220
-12.10768060,18.80330491,2.36715958
-12.16851279,18.66257106,2.58033064
-12.69147352,19.36641193,2.37540480
-12.75230168,19.22948216,2.58097987
-13.32025508,19.90583034,2.38112859
-13.37988044,19.77460343,2.57902020
-14.00143065,20.41505470,2.39200632
-14.05943589,20.29174797,2.58284749
-14.75679801,20.88568730,2.40081421
-14.81089438,20.77408947,2.58794339
-11.28388991,31.85148932,2.97993450
-10.09571369,31.97686463,2.95040529
-11.33309942,31.90517828,3.17204916
-10.14594853,32.03823009,3.16456315
-9.10503307,32.18954757,2.89552211
-9.14798828,32.24648951,3.12811220
-8.23414514,32.46573471,2.85320365
-8.26628619,32.50929175,3.09407398
-14.94602219,22.04836195,2.41034857
-14.99615704,21.93872664,2.59591888
-15.20824237,23.15724247,2.43708669
-15.25412077,23.05346265,2.61699764
-15.53015926,24.22782525,2.46907484
-15.57310269,24.13238145,2.64248478
-15.89124291,25.27414216,2.51471928
-15.93201538,25.18946736,2.68299180
-15.44769806,26.40448584,2.51526169
-15.47513478,26.32684788,2.67309418
-14.98071593,27.40886762,2.54167599
-15.00181351,27.34746884,2.69302090
-14.41545815,28.30262398,2.57501379
-14.43957330,28.26580864,2.72540221
-13.75327226,29.12791153,2.59751168
-13.78427268,29.11930989,2.75204124
-13.06047234,29.71430945,2.70797166
-13.09603755,29.72944394,2.87130949
-12.40208553,30.36569532,2.80982835
-12.44388219,30.40029727,2.98333548
-11.80034956,31.07852941,2.90196340
-11.84718656,31.12599096,3.08536825
-0.94703535,15.18180763,1.32944772
-1.92376502,15.43697733,1.41854484
-2.91438914,15.67933270,1.49202893
-3.93686554,15.86365599,1.54233311
-5.00493215,15.95995919,1.57819054
-3.25021104,33.84320347,2.31095719
-2.26782115,33.66301411,2.20464792
-1.36147313,33.46600088,2.10255396
-0.51732454,33.27400110,2.01316166
0.28501320,33.11496838,1.93809994
-5.92745011,16.14654127,1.58320775
-6.87035395,16.28523731,1.60890946
-7.81985978,16.40713105,1.67334593
-8.76791484,16.54437522,1.78187797
-7.40826986,32.76671202,2.58346517
-6.34648689,33.05809651,2.49977097
-5.28191642,33.34216530,2.44261019
-4.23889582,33.60338723,2.38410526
-9.54317291,17.13361631,1.88988211
-10.33795196,17.73573649,1.98946316
-11.16701868,18.34546914,2.07061156
-12.05090227,18.94458512,2.12885565
-12.63279409,19.50649215,2.14868647
-13.26194861,20.04073849,2.16707576
-13.94852147,20.53976550,2.18596179
-14.70273445,20.99845237,2.20855611
-11.24801374,31.80626605,2.78274789
-10.05961242,31.92456771,2.72346841
-9.07270572,32.13977590,2.64650078
-8.21195080,32.43213211,2.59513160
-14.89184246,22.16334415,2.22253390
-15.16244598,23.26944133,2.25005851
-15.48960862,24.33147728,2.29201649
-15.85446646,25.36691893,2.34654626
-15.42356092,26.49172523,2.35736359
-14.95890021,27.47748552,2.39092642
-14.39172929,28.34625502,2.42506976
-13.72758609,29.14529693,2.44238869
-13.03420504,29.70997904,2.54469483
-12.36571736,30.33696487,2.63521803
-11.76520512,31.03927634,2.71503973
-0.03509816,14.45065200,1.68318580
-0.00378742,14.66620422,1.49324569
0.95579281,14.23593294,1.67622118
0.98795804,14.44108968,1.48272736
1.97944737,14.11828714,1.70891238
2.01105171,14.30710201,1.51406346
3.03456372,14.08972293,1.76629257
3.06460676,14.25952751,1.57127560
3.59568718,32.60569322,1.91803753
2.72450700,32.62182330,2.02271084
3.58062829,32.58453679,1.73525356
2.70930474,32.59028249,1.84070370
1.90310594,32.72891054,2.12013123
1.88778296,32.69136801,1.93817607
1.10872401,32.91990791,2.21646286
1.09405506,32.88174042,2.03350726
3.96207969,14.25149861,1.78972711
3.98997216,14.40345262,1.59302227
4.87742456,14.39844931,1.79714278
4.90339805,14.53742530,1.60532999
5.76715458,14.50946629,1.78865078
5.79050629,14.64163642,1.60829049
6.62002258,14.57959131,1.77377433
6.63823491,14.71224494,1.60824695
7.18218893,31.36201522,1.73055801
6.23732782,31.65718194,1.76075047
7.15735618,31.36595389,1.55127673
6.21711956,31.65819814,1.57672977
5.32621928,31.94694114,1.80191820
5.30907191,31.94180524,1.61596942
4.44463295,32.25262944,1.85521092
4.42903930,32.23940727,1.66983711
7.33678661,14.95383511,1.78825595
7.34708347,15.08247325,1.62613867
8.01228870,15.29565699,1.80284987
8.01034480,15.42164434,1.64282169
8.65781015,15.63780923,1.81510820
8.64054285,15.76044222,1.65326681
9.30497683,15.97372473,1.82608785
9.26941768,16.09228691,1.65791889
9.71815125,16.35995902,1.83243455
9.67118322,16.46789238,1.65573805
10.15741651,16.74936412,1.84112897
10.09897736,16.84688644,1.65658734
10.64992116,17.13269857,1.85419337
10.57972450,17.22164344,1.66308032
11.21469573,17.51309388,1.87636646
11.13208432,17.59780302,1.68028042
10.32072087,29.70115037,1.55855665
9.44782353,30.14432183,1.59004285
10.29367533,29.72065515,1.39324314
9.42006716,30.16161681,1.42049932
8.64528566,30.57094468,1.63043652
8.61745011,30.58581051,1.45595078
7.89617438,30.97645306,1.67759549
7.86921120,30.98712030,1.49939358
11.46042460,18.50023161,1.87725689
11.36749757,18.57444620,1.67390828
11.79402049,19.46905737,1.87674396
11.69281000,19.53560849,1.67500950
12.21782752,20.41402429,1.87310265
12.11217796,20.47376627,1.67886630
12.72147169,21.34457732,1.87196696
12.61528393,21.39535204,1.68678048
12.33260220,22.54772840,1.79017547
12.23665625,22.58475494,1.60317872
11.98630496,23.72922177,1.70203741
11.90186477,23.75446307,1.51565123
11.67865904,24.89757650,1.60822788
11.60308336,24.91407329,1.42393894
11.39639298,26.05959117,1.50492347
11.32959481,26.07088544,1.32434314
11.11248076,26.96698962,1.53906353
11.05653249,26.97779375,1.36261896
10.84025065,27.87641929,1.55893587
10.79484672,27.88844672,1.38708782
10.57489809,28.78719661,1.56509038
10.53943629,28.80202614,1.39700994
0.02673128,14.88516461,1.27662268
1.02004016,14.64973353,1.26172862
2.04315486,14.49835788,1.29371502
3.09522039,14.42660282,1.35589994
3.56251051,32.57381058,1.53816861
2.68962881,32.56654713,1.64349385
1.86679660,32.65886421,1.74223574
1.07269267,32.84554058,1.83777279
4.01901055,14.55215269,1.37885937
4.93124249,14.67061037,1.39850984
5.81640675,14.76479439,1.41598992
6.66037934,14.83544575,1.43305234
7.13394825,31.38576843,1.36695089
6.19886960,31.67853969,1.38574381
5.29187660,31.95292449,1.42030134
4.41217375,32.24136429,1.47188679
7.36198836,15.19872946,1.45711451
8.01382097,15.53881184,1.47436905
8.63142285,15.86983356,1.48214535
9.24179194,16.19843255,1.48146767
9.63220000,16.56470063,1.47041119
10.04956874,16.93313936,1.46169780
10.51619367,17.30364419,1.46256811
11.06033105,17.67230134,1.47987857
10.27366490,29.75108702,1.22866276
9.39503032,30.18958132,1.24960826
8.59360487,30.61493567,1.27970003
7.84641377,31.01391430,1.31806872
11.28504877,18.64285907,1.46272890
11.59724341,19.59858358,1.46261613
12.00708835,20.53240827,1.47693377
12.51001922,21.44671784,1.49745590
12.14357925,22.62255046,1.41108807
11.81697017,23.78154100,1.32291590
11.52732027,24.93299072,1.23278939
11.26871223,26.08641335,1.13729993
11.00426578,26.99308648,1.18185434
10.75179271,27.90530510,1.21244845
10.50881930,28.82401951,1.22741869
-1.87690996,15.15041240,-7.39797831
-2.78668578,15.37913688,-7.42670781
-1.84653526,15.28526541,-7.18622419
-2.75977707,15.50956390,-7.21585239
-3.71160470,15.56937816,-7.44253831
-3.68834860,15.69412260,-7.23474258
-4.65409075,15.70917227,-7.45159840
-4.63423502,15.82782636,-7.24715952
-5.61779535,15.79246685,-7.46344458
-5.60039414,15.90596744,-7.26100651
-0.94284522,15.11049501,-7.14062496
-0.97632397,14.97237795,-7.35091174
-0.05178926,14.93325052,-7.09383160
-0.08712717,14.79436426,-7.29904572
0.82755507,14.77425448,-7.05681245
0.79228806,14.63804907,-7.25509632
1.69643902,14.65110820,-7.03746626
1.66336548,14.52237620,-7.22919569
-1.08862348,33.94721432,-8.33786429
-2.22892815,33.67805903,-8.24079705
-1.06656727,33.84490965,-8.09821954
-2.20651114,33.57248416,-8.00377954
-3.36348862,33.57471829,-8.19161995
-3.34115018,33.46931488,-7.95570359
-4.48860283,33.64389306,-8.17498575
-4.46553423,33.54368180,-7.93952545
-5.61671170,33.85535527,-8.17227707
-5.59114244,33.76382368,-7.93770665
0.04090192,33.60715700,-8.13072780
0.01950234,33.69788036,-8.37729162
1.14340133,33.45938673,-8.18435527
1.12414075,33.54186915,-8.43626930
2.24428010,33.37998596,-8.25543234
2.22919545,33.45869430,-8.50635317
3.34764349,33.35810097,-8.34597923
3.33922423,33.43687461,-8.58676801
-6.47677674,16.06888648,-7.45901099
-6.46014706,16.17601454,-7.25538365
-7.34887584,16.31808754,-7.47013863
-7.33140795,16.41865378,-7.26496567
-8.23460281,16.55896082,-7.49360650
-8.21409979,16.65266219,-7.28703119
-9.13490568,16.81195826,-7.52381615
-9.10877855,16.89788373,-7.31628438
2.47428090,14.77613998,-7.03641306
2.44495589,14.66296649,-7.22613940
3.24842264,14.93100185,-7.06535541
3.22304066,14.83906138,-7.25413674
4.03130802,15.13036765,-7.12950593
4.00914355,15.06276467,-7.31720090
4.83662621,15.39170359,-7.23827389
4.81695387,15.34749572,-7.42264169
-6.72382830,33.62393922,-8.09776964
-6.69435716,33.55010647,-7.85955656
-7.86596343,33.47380288,-8.05538256
-7.82966240,33.40860098,-7.81236867
-9.09119070,33.35897572,-8.05057969
-9.04309628,33.29016717,-7.80407608
-10.46841335,33.25095329,-8.05911634
-10.40397832,33.16838640,-7.81878406
4.39447683,32.79204404,-8.31975120
4.39065687,32.86239596,-8.55743669
5.46105214,32.29143351,-8.34676979
5.46297811,32.35354731,-8.57818740
6.58595696,31.84085494,-8.43174409
6.59504072,31.89373048,-8.65690452
7.83480098,31.40927999,-8.57236281
7.85264776,31.45262952,-8.79470160
-10.01747735,17.25558676,-7.54012682
-9.98344410,17.33101835,-7.33232575
-10.92868442,17.74857981,-7.55036832
-10.88321408,17.81384852,-7.34500606
-11.89463363,18.29813074,-7.56225563
-11.83384956,18.35341323,-7.36413568
-12.95666360,18.90530100,-7.58445464
-12.87771989,18.94994323,-7.39953895
5.65960181,15.83275049,-7.41851803
5.64249750,15.80867658,-7.59416834
6.51221892,16.34141632,-7.65322310
6.49957285,16.32599654,-7.81540276
7.38674796,16.88941332,-7.91833878
7.38148717,16.87285374,-8.07057693
8.27459978,17.45371718,-8.19513064
8.28008752,17.43203618,-8.35211916
-13.18423042,32.23773597,-7.98053601
-12.42620188,32.45826344,-7.98444478
-13.11083507,32.15473073,-7.78035011
-12.35343033,32.37343432,-7.77359113
-11.72128843,32.71017798,-8.00790623
-11.65071487,32.62594977,-7.78540225
-11.06992104,32.97874450,-8.03651293
-11.00208191,32.89548179,-7.80375909
10.16393575,29.75988675,-8.95839128
9.50974408,30.17620407,-8.82751841
10.17715891,29.77727366,-9.17893178
9.52499512,30.19765690,-9.05322561
8.90875295,30.58921311,-8.72076248
8.92502105,30.61624301,-8.94743853
8.35312124,30.99965175,-8.63653393
8.37023335,31.03412364,-8.86162303
-13.50322776,19.46883689,-7.59099431
-13.41784087,19.50192235,-7.41205095
-14.09863674,20.05152710,-7.61427709
-14.00699085,20.07267359,-7.44068994
-14.75327229,20.65609293,-7.66120269
-14.65633308,20.66463078,-7.49162837
-15.47634536,21.28502049,-7.73980687
-15.37563419,21.28063031,-7.57119353
8.73942657,17.90642517,-8.35696542
8.74988666,17.88777658,-8.52436482
9.22509529,18.37741611,-8.52381646
9.24228050,18.36338177,-8.70622241
9.75132426,18.87440531,-8.69159937
9.77859974,18.86611234,-8.88802486
10.35373519,19.39533743,-8.85517737
10.39559013,19.39173401,-9.06381145
-15.41853270,22.23383299,-7.73313664
-15.31029156,22.22187174,-7.55951792
-15.40932520,23.17703939,-7.73366251
-15.29437981,23.15738436,-7.55601643
-15.44699217,24.11807241,-7.74412038
-15.32596557,24.09039757,-7.56332190
-15.52908019,25.06138648,-7.76639388
-15.40209827,25.02546594,-7.58343553
10.49389175,20.11053341,-8.92032807
10.54772094,20.11636531,-9.13562254
10.67405037,20.84829444,-8.98390132
10.74072392,20.86114775,-9.20621736
10.90128593,21.60779940,-9.04656097
10.98039064,21.62449692,-9.27520490
11.18152304,22.38660691,-9.11009971
11.27131013,22.40470583,-9.34266007
-15.17381716,26.13034919,-7.74395363
-15.05397993,26.08768297,-7.56253566
-14.88089976,27.18046540,-7.73761893
-14.76743048,27.12993325,-7.55863302
-14.62722279,28.22754231,-7.74769537
-14.51827754,28.16778614,-7.56945602
-14.39650906,29.28775616,-7.77933307
-14.29051239,29.21735139,-7.59893725
11.05263478,23.35726850,-9.10324919
11.13564031,23.37879489,-9.33852125
10.95290390,24.37437641,-9.08785387
11.02731968,24.39684506,-9.32532781
10.88097476,25.43541901,-9.06831731
10.94593265,25.45735778,-9.30673553
10.83151809,26.53418110,-9.05254811
10.88675374,26.55536862,-9.28899101
-14.08418907,29.99427515,-7.79179385
-13.98644425,29.92041852,-7.60939177
-13.77765536,30.71900903,-7.82699257
-13.68799756,30.64186634,-7.64009214
-13.47682655,31.46673923,-7.88955960
-13.39500645,31.38615780,-7.69626305
10.65049796,27.32318957,-9.01000185
10.69292429,27.34199877,-9.24545070
10.48152889,28.12592119,-8.97853128
10.51246249,28.14290663,-9.21083221
10.32050545,28.93889654,-8.96094335
10.34174976,28.95541265,-9.18807899
3.35588776,33.28517426,-8.09582938
4.39849577,32.72805106,-8.07602889
5.46052008,32.23597161,-8.11345780
6.57977916,31.79495436,-8.20763791
7.82114861,31.37348587,-8.35193237
1.73262739,14.78187490,-6.82905928
2.50819940,14.89229681,-6.82816696
3.28053760,15.02670513,-6.85503109
4.06293112,15.20183904,-6.91623677
4.86836446,15.43865714,-7.02537547
10.15479433,29.74994554,-8.73254249
9.49889416,30.16252234,-8.59923051
8.89671423,30.56980159,-8.49349364
8.34035956,30.97275629,-8.41235311
8.27854666,17.46848285,-8.04261761
8.73690428,17.91994162,-8.19854398
9.21454889,18.38883736,-8.35352325
9.73043711,18.88274668,-8.50494863
10.31923760,19.40081822,-8.65138636
10.44805061,20.10798258,-8.70602489
10.61610063,20.84002192,-8.75853069
10.83140337,21.59638497,-8.81109108
11.10079902,22.37407997,-8.86721439
-15.27740121,21.28316193,-7.40179800
-15.20443135,22.21723155,-7.38522897
-15.18183109,23.14543166,-7.37831104
-15.20737753,24.07138518,-7.38408903
-15.27769399,24.99886878,-7.40355436
10.97830781,23.34260056,-8.85437137
10.88669925,24.36013975,-8.83399182
10.82366121,25.42243343,-8.81261939
10.78301605,26.52171606,-8.79999365
-14.93666825,26.05479624,-7.38600828
-14.65622773,27.08983463,-7.38616552
-14.41103020,28.11903213,-7.39895843
-14.18571496,29.15824846,-7.42630593
10.61452628,27.31336791,-8.75994110
10.45634746,28.11754782,-8.73439633
10.30431526,28.93060649,-8.72534981
-13.88937206,29.85819031,-7.43377969
-13.59837857,30.57568389,-7.45867894
-13.31286528,31.31589846,-7.50614394
-13.03633786,32.08042635,-7.58021974
-1.04184279,33.74486114,-7.84869398
0.06373222,33.51844526,-7.87224333
1.16285464,33.37956994,-7.91851005
2.25889985,33.30544362,-7.99050015
-1.81599439,15.41557444,-6.95684753
-0.90844658,15.24666182,-6.91300074
-0.01487054,15.07226747,-6.87204976
0.86503692,14.91188461,-6.84221607
-2.73353933,15.63251982,-6.98837037
-3.66658399,15.80885542,-7.01183701
-4.61674164,15.93441800,-7.02953124
-5.58628323,16.00587664,-7.04642297
-2.17996129,33.46826306,-7.75709698
-3.31406744,33.36510566,-7.70853185
-4.43836682,33.44561725,-7.69071432
-5.56329561,33.67536853,-7.68866648
-6.66466126,33.48010135,-7.60503969
-7.79498924,33.34737407,-7.55120446
-8.99737990,33.22478144,-7.53748602
-10.34125285,33.08950982,-7.55959146
-6.44749470,16.27006517,-7.03910899
-7.31848380,16.50767619,-7.04586462
-8.19866585,16.73719435,-7.06367688
-9.08793845,16.97822202,-7.08885784
5.68996330,15.85650837,-7.21668915
6.53763348,16.35198545,-7.47383749
7.40338577,16.89872987,-7.76010799
-9.95423419,17.40412642,-7.10222606
-10.84213948,17.87962129,-7.11632501
-11.77709881,18.41196223,-7.14418407
-12.80245302,18.99950849,-7.19834461
-13.33552211,19.54033957,-7.22035773
-13.91822767,20.09963432,-7.25877324
-14.56207820,20.67978426,-7.31765112
-12.28022898,32.29633496,-7.55784502
-11.57996281,32.54779999,-7.55225453
-10.93512823,32.81693449,-7.55509194
-0.04342506,33.03733513,0.17785739
-0.87313510,33.17641395,0.20531085
-0.19280989,33.10002026,-0.95025142
-1.04951300,33.21020616,-0.94105922
0.78734807,32.77750864,0.12319670
0.66945514,32.84367546,-0.97910791
-1.71899725,33.39222155,0.24460379
-1.92152335,33.41279581,-0.93276200
1.64114104,32.64592190,0.07580690
1.55518860,32.72911815,-1.01825770
2.53549076,32.65229285,0.03598650
2.48362670,32.77205654,-1.06791529
-2.60396733,33.64997311,0.29703228
-2.83249021,33.68087989,-0.91735862
3.48551929,32.79535045,0.01249070
3.47248546,32.98013559,-1.11893603
-3.55191571,33.91404332,0.35873445
-3.80555062,33.99027833,-0.88949890
-4.50974031,33.74085964,0.38171845
-4.78825170,33.91145814,-0.86112000
4.39212154,32.53474377,-0.00390112
4.41602990,32.75504927,-1.15851897
-5.53298382,33.52641513,0.39996927
-5.83820822,33.82500042,-0.82158076
5.32004305,32.30799423,-0.00721372
5.38695762,32.56997820,-1.19465353
6.26207947,32.06325547,0.00538588
6.38020985,32.36466552,-1.21693299
-6.58769299,33.23050483,0.43256081
-6.92331077,33.64129756,-0.76669190
7.22056959,31.75232027,0.03798921
7.40194222,32.08356280,-1.21506419
-7.63908889,32.83291038,0.52085167
-8.00867644,33.28343136,-0.68116213
7.90229876,31.35644858,0.01614397
8.08224008,31.68989989,-1.24813718
-8.38423578,32.39726223,0.56903848
-8.72835901,32.84794851,-0.63083144
8.62037126,30.92281312,0.00715299
8.80143863,31.25650959,-1.27077597
-9.18292106,31.99017606,0.69693789
-9.49399634,32.39871161,-0.54332622
9.39545472,30.45627454,0.00943830
9.57757314,30.78557517,-1.28381016
-10.10521241,31.69318306,0.92104897
-10.36479024,32.01951476,-0.40748291
-11.24412818,31.58786502,1.22156000
-11.41977855,31.81832608,-0.21743199
10.25209221,29.97667290,0.01984536
10.43294895,30.29273899,-1.28983784
10.46822405,29.03475524,-0.03304303
10.64210483,29.32293749,-1.35713591
-11.77005185,30.92174119,1.25923411
-11.89418359,31.14902095,-0.19122090
-12.37509465,30.35249734,1.28053772
-12.43255078,30.57295278,-0.17937398
10.69344108,28.11082290,-0.10225628
10.85938517,28.37316749,-1.43117454
10.92943405,27.20237661,-0.18775537
11.08677800,27.43939101,-1.50969200
-13.03533866,29.87595349,1.27435273
-13.01650943,30.08339530,-0.18690607
-13.70100711,29.45708749,1.23189077
-13.60546538,29.63933970,-0.21800355
11.17919439,26.30531680,-0.28561993
11.32802542,26.51682013,-1.58835825
-0.31090869,33.31668833,-1.94267571
-1.19821550,33.39376156,-1.93703454
0.57781073,33.04508781,-1.95841629
1.48749159,32.91109779,-1.98347698
-2.10427285,33.56745422,-1.92780433
2.44039378,32.93250120,-2.02300297
-3.05260911,33.82244787,-1.90748636
3.45766840,33.12208512,-2.07777802
-4.06496390,34.14796285,-1.87102281
-14.31868370,28.79270880,1.26099451
-14.14820894,28.95669503,-0.18836417
11.35892119,25.15139345,-0.25461051
11.48949763,25.32970041,-1.58342756
4.43194925,32.86516729,-2.12634183
-5.08855598,34.11696147,-1.81889743
11.56214432,24.01421735,-0.21463799
11.67786674,24.15800051,-1.57069440
-14.83315067,28.04474318,1.23245112
-14.61837349,28.19243168,-0.19792413
5.44190041,32.65991782,-2.18488504
-6.17481764,34.10219940,-1.75305993
-7.29300701,33.98220854,-1.67495621
6.48393016,32.45388596,-2.24323385
11.79613496,22.88557761,-0.15447745
11.90180893,22.99408359,-1.54377251
-15.22377452,27.14801902,1.16353335
-14.99386834,27.27593829,-0.23870959
7.56710275,32.19424080,-2.28644804
-8.41312435,33.65479159,-1.57980798
12.06685294,21.75919501,-0.06951055
12.16802790,21.83300031,-1.50061711
-15.55855186,26.07604437,1.09410561
-15.33016039,26.19674470,-0.27778411
8.23443336,31.81026278,-2.33554551
-9.10671859,33.22759613,-1.53807471
-15.16506525,25.08123218,0.95121603
-15.01217946,25.12972867,-0.39972030
11.59912310,20.84040735,-0.20129458
11.76870873,20.84093277,-1.56222796
8.93895120,31.39230091,-2.37631983
-9.84420671,32.77620771,-1.48366896
-14.81689692,24.04430056,0.82801203
-14.74747801,24.04052891,-0.48908002
11.25513854,19.88019256,-0.28118865
11.50469720,19.79739165,-1.59690812
9.69647456,30.93775450,-2.40900842
-10.67478891,32.37382510,-1.41691058
-14.53467599,22.95362224,0.74304470
-14.54446550,22.93174295,-0.54230091
11.02374109,18.90334537,-0.29813223
11.34947083,18.73320546,-1.60365349
-11.65488717,32.11152636,-1.33909468
10.52765249,30.45422162,-2.43786562
-14.34016113,21.80403646,0.70980816
-14.41342173,21.80728794,-0.55852312
10.87785236,17.94161641,-0.25404968
11.26885771,17.68249228,-1.58176694
10.71360171,29.46799231,-2.48642192
-12.07690983,31.39040301,-1.36362987
-13.62386555,21.33163400,0.58709405
-13.76546978,21.25563962,-0.65019421
10.43788566,17.51651995,-0.27349456
10.85863691,17.13939167,-1.59252193
10.05934485,17.12062908,-0.25538146
10.49884463,16.63161938,-1.58018807
-12.98562593,20.80697543,0.48317125
-13.18303057,20.67717942,-0.72575409
-12.41046284,20.24573814,0.40455113
-12.65247884,20.08373162,-0.78456012
9.71408788,16.75622187,-0.21562745
10.16151422,16.16685883,-1.55284402
9.38363102,16.41803470,-0.16793011
9.82947734,15.74487177,-1.51944178
-11.88407787,19.66172355,0.35080782
-12.16147383,19.48353700,-0.82916045
-12.54786468,30.74345060,-1.40513534
10.90676796,28.50292804,-2.53661621
8.83599495,16.11601860,-0.15366348
9.24026525,15.34535968,-1.50706667
-11.06754231,19.02505980,0.26127034
-11.35850246,18.80850899,-0.90894314
8.26439100,15.82821490,-0.17346037
8.60442740,14.99189206,-1.52378672
-10.30064083,18.39696183,0.19020787
-10.59107398,18.15763804,-0.98252779
7.63726907,15.54890358,-0.23916295
7.88529200,14.68246723,-1.58072015
-9.55738537,17.79911779,0.12498899
-9.83445502,17.54635757,-1.05685303
-13.05336143,30.16655440,-1.46026770
11.11035055,27.55598310,-2.58655220
6.93571965,15.27642507,-0.34124367
7.06911426,14.42345028,-1.66755930
-8.81984210,17.23486156,0.05893892
-9.07328691,16.97312628,-1.13368888
3.28684425,15.34362352,-0.78012843
4.22756802,15.29744680,-0.72921973
3.14933265,14.80767145,-1.97134803
4.10197642,14.65619497,-1.95003317
-5.06094298,16.93026262,-0.22856226
-3.96044645,16.93669002,-0.35359097
-5.19941332,16.56430247,-1.50703093
-4.07106891,16.56636760,-1.61165180
-6.00860999,17.02349526,-0.17383502
-6.17496038,16.66925491,-1.43207129
2.22359803,15.53553801,-0.85684724
2.09897604,15.10175513,-1.99682040
-6.96281103,17.07799381,-0.11212882
-7.15926883,16.74244585,-1.34354642
5.16796108,15.26315703,-0.63659191
5.09226320,14.51649120,-1.89189165
1.18326871,15.76198897,-0.88283156
1.07986399,15.39034310,-1.99164582
-2.89960007,16.82784742,-0.49471235
-2.99038513,16.44961206,-1.71105478
6.08128908,15.25581985,-0.49952699
6.09768800,14.43107612,-1.79271595
-7.90410409,17.13490024,-0.03491087
-8.13121463,16.82959933,-1.24139889
-1.86920984,16.61554875,-0.64395851
-1.94934224,16.23463565,-1.80947178
0.16060506,16.03445518,-0.85512802
0.07413545,15.68017437,-1.95802989
-0.85284980,16.34057980,-0.77950811
-0.93214483,15.96947370,-1.89866646
11.32986595,26.62350695,-2.63407896
-13.56399797,29.62801749,-1.52506495
0.48358313,33.25310690,-2.80273707
-0.43461843,33.54151544,-2.80578289
-1.35718546,33.57368847,-2.80296031
11.48243012,25.41756098,-2.60291250
-14.02779294,28.83642164,-1.52397156
-2.30181744,33.70643648,-2.79056528
1.41901099,33.09087571,-2.80631672
-3.29172099,33.93773281,-2.76544442
2.39562140,33.07393623,-2.83185854
-14.45092429,27.98469044,-1.52787736
11.66964747,24.22969017,-2.56961275
3.43533257,33.21520680,-2.89836790
-4.34633331,34.26429025,-2.72681009
4.43345407,32.89762878,-2.96799324
-5.41174616,34.24167801,-2.66311266
-14.81725479,27.01726111,-1.53094703
11.90068273,23.05300324,-2.53364243
-6.53017736,34.23444436,-2.59193160
5.46923799,32.64217249,-3.07663568
-15.17020539,25.92840959,-1.52191278
12.18180142,21.88115373,-2.49709792
6.53879625,32.40756372,-3.21100475
-7.67135169,34.10427157,-2.51666857
11.83825504,20.88361767,-2.51959177
-14.92202071,24.84539582,-1.58097774
7.65512602,32.14749244,-3.34043207
-8.81619415,33.75612666,-2.44115139
-9.47951888,33.32640391,-2.42405719
8.29041754,31.77039454,-3.41689360
11.62295754,19.84554953,-2.54827401
-14.72641422,23.75450271,-1.61916367
8.96134296,31.36785046,-3.48371038
-10.18947117,32.88225070,-2.41878348
11.50720626,18.79230860,-2.57704250
-14.58821401,22.65970316,-1.63754106
9.68374671,30.93376563,-3.54083864
-10.98962183,32.48769927,-2.43217371
-14.51327711,21.56624117,-1.63829843
11.45913645,17.75001906,-2.59714906
-11.91600442,32.21391903,-2.46212535
10.47855657,30.46890587,-3.59365134
11.04559607,17.17485897,-2.62129159
-13.89580055,20.96961810,-1.68568366
10.68100390,16.62236692,-2.62448359
-13.34043751,20.36077947,-1.72492226
-12.30257366,31.47075043,-2.52713621
10.64531639,29.49357592,-3.61127040
-12.83336974,19.74764849,-1.75559448
10.33512613,16.10215912,-2.60968458
9.98967497,15.61753785,-2.58431637
-12.36273898,19.13437945,-1.77951535
-11.55799739,18.43182142,-1.82930408
9.34214509,15.12765790,-2.56106847
10.82307638,28.53882611,-3.62621260
-12.72574871,30.78817414,-2.60808524
8.62873075,14.70598364,-2.55689116
-10.78201647,17.76800275,-1.88155830
-10.00866174,17.15765792,-1.93933228
7.81503378,14.36699694,-2.57607603
6.90615249,14.11727600,-2.60420653
-9.22379255,16.59652758,-2.00118867
-13.17010366,30.15992099,-2.69639248
11.01546322,27.60274213,-3.63901278
-6.28233531,16.28768651,-2.24882389
-5.29748581,16.19383637,-2.30470046
1.92004765,14.96721148,-2.59148403
2.93754838,14.63890228,-2.60849556
3.86912508,14.46040912,-2.63727402
-4.16681984,16.24888275,-2.37224204
4.85162759,14.28221966,-2.65116782
-7.27937935,16.35484200,-2.17682875
5.87676001,14.15388992,-2.64085073
-8.26694133,16.44307943,-2.09051851
-3.08886278,16.18792014,-2.42638312
0.92918240,15.26990615,-2.57119401
-0.05526881,15.54990481,-2.54668651
-2.05424272,16.02596048,-2.47468388
-1.04732337,15.80274008,-2.51646552
-13.61183784,29.55918762,-2.78429095
11.22660147,26.68380254,-3.65064620
-13.99491712,28.68260861,-2.80179195
11.36704241,25.48223101,-3.57795348
-14.35221787,27.75910895,-2.79674109
11.54586284,24.30488203,-3.51298647
0.38806569,33.39754654,-3.56842375
-0.56332825,33.68345177,-3.58265016
-1.52719586,33.64917423,-3.57652471
-2.51628040,33.73132863,-3.55875823
1.35172076,33.22263946,-3.55960499
11.77018578,23.14683465,-3.46031648
-14.68029170,26.75103503,-2.76682982
-3.55203058,33.93924832,-3.53183870
2.35211213,33.17348191,-3.58191979
-4.64985163,34.27057911,-3.50151282
3.41022798,33.26084838,-3.67512870
4.42795521,32.87356734,-3.77507408
-5.75444502,34.24468439,-3.44421602
12.04436681,22.00275449,-3.42510762
-15.01896952,25.65815599,-2.72043046
5.48344196,32.55746037,-3.94669110
-6.89711143,34.21121766,-3.38913843
11.75323613,21.03460483,-3.41070665
-14.82139790,24.57762770,-2.72161155
-8.05013996,34.02928886,-3.33824137
6.57796079,32.28704892,-4.17354728
11.57219414,20.04136313,-3.43173203
-14.67578136,23.50124427,-2.71274025
-9.21731594,33.64371178,-3.30559735
7.73631782,32.02412273,-4.40956276
8.34996501,31.65614270,-4.51221358
-9.85143311,33.21909587,-3.32331469
-14.58493737,22.43278724,-2.69835264
11.47519968,19.04304913,-3.47582790
-10.53765060,32.79937787,-3.37123758
8.99996067,31.26990708,-4.60553110
-14.55296190,21.37626469,-2.68214288
11.43553972,18.05994969,-3.52800911
-11.31132733,32.43800292,-3.45572054
9.69906444,30.85664249,-4.68881143
11.01228566,17.48396590,-3.54907592
-13.95658859,20.75153689,-2.66740157
-13.42132574,20.12669963,-2.65226819
10.63459913,16.92693947,-3.54951131
-12.18823551,32.17969579,-3.57221803
10.46345260,30.41101223,-4.76734468
-12.93238519,19.50614008,-2.63744714
10.27227752,16.39686779,-3.52912743
-12.47809204,18.89153413,-2.62407888
9.90773707,15.89608715,-3.49403242
-12.54221300,31.43501911,-3.66105517
10.62387162,29.46535112,-4.74024315
-11.67135675,18.17656838,-2.62006399
9.20463194,15.35476163,-3.42877840
8.42530171,14.88173108,-3.37131916
-10.89069441,17.51033082,-2.63455552
10.79291129,28.53602064,-4.71228587
-12.91957215,30.73606090,-3.76487912
-10.10785421,16.90727125,-2.66615129
7.54529885,14.50129795,-3.32155766
-9.30878805,16.36093773,-2.70924685
6.58852767,14.22645251,-3.27264431
5.55345854,14.23537810,-3.22366254
-8.35463327,16.18909299,-2.77891181
4.54763234,14.34148052,-3.16565887
-7.37011551,16.08571120,-2.84743485
-6.37659425,16.00913278,-2.90088536
3.59566765,14.49058543,-3.10496549
-5.39540207,15.91242516,-2.93577963
2.69503740,14.63491481,-3.04778659
1.71272121,14.93543840,-3.01105713
-4.27425789,15.99845945,-2.96554594
0.74967141,15.20758849,-2.98859701
-3.20631460,15.97378169,-2.97434938
-2.18293880,15.84924842,-2.97578916
-0.21365876,15.45121831,-2.97809928
-1.18969777,15.65939937,-2.97655827
-13.30581333,30.07352168,-3.87221925
10.97441535,27.62366457,-4.68569686
-13.68644395,29.42819096,-3.97174756
11.17228930,26.72859742,-4.66378495
11.28609972,25.54444709,-4.55552695
-14.00734301,28.48569224,-3.99766365
11.43741499,24.39122075,-4.46645465
-14.31605126,27.50928298,-3.98129346
11.63311786,23.26667521,-4.40229842
-14.61514568,26.47638926,-3.92527381
-0.69297008,33.62355739,-4.39277396
-1.70736839,33.49012804,-4.37125385
0.29763397,33.38608126,-4.37852603
-14.93970137,25.38943216,-3.85517794
11.87595120,22.16757736,-4.36794786
1.29280821,33.24343533,-4.36825734
-2.74867234,33.50973493,-4.33849641
-3.83204406,33.69917305,-4.30615675
2.31620136,33.19254863,-4.39963668
-4.96559011,34.04014594,-4.28916244
3.38606968,33.23271591,-4.53464866
-14.78055403,24.33297915,-3.79934576
11.60837550,21.24350244,-4.32458227
-6.09432694,34.01610994,-4.25250284
4.41670329,32.78218157,-4.67451301
5.48223750,32.40375365,-4.91952255
-7.24261756,33.95901826,-4.22878402
11.43560354,20.30903966,-4.33184408
-14.67251339,23.28952147,-3.74712721
6.59032682,32.08495545,-5.24163822
-8.39462028,33.74421557,-4.21498719
-14.61772289,22.26281173,-3.70406679
11.33443959,19.37952614,-4.37290874
7.77771991,31.79546501,-5.56498099
-9.58462329,33.36721189,-4.23710989
8.36161325,31.42896814,-5.66779776
-10.18749574,32.97354196,-4.28856975
11.28242668,18.46964377,-4.42907462
-14.61977051,21.25556397,-3.67354106
8.98070966,31.04964627,-5.76038986
-10.84369849,32.59844003,-4.37925319
10.84155334,17.90095052,-4.42725972
-14.02953125,20.61680258,-3.59053509
10.44499321,17.35243031,-4.40420897
-13.50169303,19.98613924,-3.51841622
-11.57399720,32.27644252,-4.51571695
9.64561657,30.64884382,-5.84480743
10.06216830,16.82971513,-4.35836646
-13.02055723,19.36597456,-3.45747263
-12.57390956,18.75632186,-3.40731261
9.67551026,16.33202669,-4.29636122
-12.38151131,32.03282994,-4.69514744
10.36817201,30.21874990,-5.92926467
8.91912132,15.76045688,-4.17009717
-11.75609500,18.03213595,-3.35020927
-10.96642814,17.36430264,-3.32996578
8.08435074,15.24804548,-4.04903696
-12.69675836,31.29388379,-4.79494253
10.52986143,29.32315877,-5.85005885
-10.17332918,16.76670166,-3.34024930
7.16298369,14.82703767,-3.93560500
-9.36195696,16.23227410,-3.37187378
6.19140161,14.51977087,-3.82912151
10.69448717,28.43684399,-5.77577442
-13.02586727,30.58587489,-4.90889334
-8.41802281,16.02830964,-3.43023084
5.18094484,14.48167040,-3.72692517
-7.44676613,15.89236570,-3.48895856
4.21355099,14.53612289,-3.63215387
3.30260101,14.62548234,-3.54985698
-6.46752011,15.78791198,-3.53320650
2.43653309,14.70642399,-3.48412726
-5.49947302,15.67275918,-3.55787465
-4.39582129,15.77111083,-3.56379339
1.48876952,14.94901018,-3.44468315
0.55179880,15.16840942,-3.43153911
-3.34180284,15.77205899,-3.54097316
-0.39180726,15.36108353,-3.44204189
-2.33117941,15.67898205,-3.50577971
-1.35203368,15.52025742,-3.47116193
10.86609045,27.56269782,-5.71069030
-13.35874393,29.90180023,-5.02186400
-13.68971802,29.23172702,-5.11953924
11.04920794,26.70383396,-5.65811437
-13.96799339,28.25375092,-5.13693445
11.13687142,25.55412647,-5.52135031
11.25478120,24.43892552,-5.41599070
-14.25138265,27.25826054,-5.10451057
11.41023138,23.36035423,-5.34508113
-14.54574082,26.22930292,-5.03180484
11.60580142,22.31791607,-5.30866874
-14.87820679,25.16553648,-4.95460181
11.34318219,21.45178648,-5.24892713
-14.76005153,24.15829215,-4.86776471
-0.83016146,33.31740543,-5.69864599
-1.90663195,33.08178468,-5.64773616
0.21099506,33.15151064,-5.67125630
1.24445191,33.07133824,-5.65179842
-3.00334584,33.03594040,-5.58452608
-4.12120330,33.19489165,-5.53539008
2.28678930,33.04615593,-5.70284830
-14.68890905,23.16633215,-4.79641098
11.16060306,20.58858738,-5.23916484
-5.26143064,33.52121630,-5.52394473
3.34846618,33.05379432,-5.90785628
4.37118756,32.56691583,-6.05647354
-6.38047979,33.48636586,-5.47234187
-7.50801534,33.43013023,-5.44678302
5.42184163,32.14357578,-6.30113547
-14.66705643,22.19268448,-4.74736870
11.03917728,19.73995188,-5.26260310
6.52660928,31.78889659,-6.58360564
-8.65538517,33.26306051,-5.44395208
-14.69838104,21.23865979,-4.72396920
10.96168101,18.91609503,-5.30312595
-9.87911586,32.99643051,-5.51049426
7.73421390,31.46870914,-6.83732341
8.28366524,31.10040094,-6.89777316
-10.45798712,32.67445894,-5.58625614
10.50248273,18.36801660,-5.26995421
-14.10484917,20.61009243,-4.56825835
10.09129784,17.84286135,-5.21369885
-13.57480143,19.99253814,-4.43821011
-11.08726280,32.36478529,-5.70405170
8.86755662,30.72227382,-6.96316170
9.69486688,17.34268987,-5.13547342
-13.09229934,19.38823941,-4.33257876
-12.64467462,18.79716347,-4.24889977
9.29430085,16.86355320,-5.04457014
-11.77533592,32.08531453,-5.86373570
9.49548330,30.32837108,-7.03949562
-11.80177928,18.08325799,-4.14678628
8.50043580,16.28444693,-4.87290261
7.63222595,15.75009600,-4.71797861
-10.99217581,17.43046113,-4.10633326
10.17769672,29.91357526,-7.13910859
-12.52714838,31.85790267,-6.05173806
6.70183016,15.30051925,-4.57974979
-10.18178828,16.85264869,-4.11368749
-9.35539290,16.34254435,-4.15263249
5.75136361,14.96712684,-4.45492804
10.34029847,29.07918546,-7.06061979
-12.81666063,31.12999101,-6.11216235
-8.42650792,16.11092976,-4.21617942
4.79375420,14.88048861,-4.33883462
-7.47913511,15.93900298,-4.27735942
3.88277028,14.87395700,-4.23953998
3.02094691,14.89530310,-4.16136394
-6.52753418,15.79550418,-4.32247739
-5.58482697,15.64701151,-4.34791949
2.19148833,14.90738418,-4.10910432
1.27616294,15.08719867,-4.08358438
-4.51128025,15.72495806,-4.34182260
0.36145930,15.25285517,-4.09093821
-3.47721779,15.72913010,-4.30245768
-2.48030172,15.65482562,-4.24527878
-0.56614591,15.39923033,-4.12797045
-13.11797375,30.42387854,-6.18045143
10.50151019,28.24713770,-6.99215644
-1.51344251,15.51914427,-4.18602155
10.66539830,27.42097447,-6.93973119
-13.42567450,29.73757839,-6.24458816
10.83617788,26.60547487,-6.90827187
-13.73685911,29.06529330,-6.29668715
-13.98420636,28.07384713,-6.29012167
10.89174024,25.49137443,-6.79431595
-14.24130225,27.07935111,-6.25830783
10.96870684,24.41138054,-6.71942565
11.07512255,23.37376710,-6.68863107
-14.52117148,26.06798263,-6.20954914
-14.85365165,25.02950030,-6.17172869
11.21391841,22.38366314,-6.70084175
-14.75777138,24.08128117,-6.11136133
10.93675160,21.57127518,-6.66693095
10.72617811,20.77649205,-6.69944934
-14.71004691,23.14180442,-6.07188447
10.56929381,20.00681941,-6.77114527
-14.71412712,22.20912521,-6.05895868
10.45475750,19.26782383,-6.85233873
-14.77499768,21.28065489,-6.07578445
-14.12428567,20.70086549,-5.89910967
9.96048661,18.73677254,-6.78707159
9.53205535,18.23481025,-6.64642156
-13.55429123,20.13335867,-5.74147647
-13.04526143,19.57918742,-5.60881814
9.13388943,17.76665276,-6.43708376
8.74201695,17.32556847,-6.19839544
-12.58023585,19.03821217,-5.50287767
7.95810543,16.78642406,-5.81698739
-11.69445668,18.40328915,-5.35679862
-10.85778581,17.82146055,-5.29958158
7.10148091,16.26264785,-5.58628567
6.20490338,15.80315640,-5.45278587
-10.03267631,17.30667004,-5.30324874
5.31319263,15.45111911,-5.36873339
-9.20368848,16.85145812,-5.33938022
4.43546186,15.32220695,-5.30605188
-8.31087948,16.61556742,-5.38607493
3.59877587,15.26439069,-5.26039243
-7.40972379,16.41422337,-5.42767782
2.79344380,15.23543848,-5.23230740
-6.50626351,16.22428382,-5.45772984
2.00130861,15.20336331,-5.22449767
-5.60639727,16.02455012,-5.47582620
-4.58082227,16.03282486,-5.45556026
1.11480919,15.35582393,-5.22033158
-3.57797348,15.99432319,-5.41037098
0.21573526,15.50463019,-5.23345673
-2.59881944,15.90121672,-5.35664604
-0.70269823,15.64208701,-5.26349491
-1.64227061,15.75824507,-5.30834218
0.13239524,33.08209935,1.06723024
-0.68004487,33.24212783,1.12691607
0.93424499,32.80825981,0.97025289
1.75320184,32.64366527,0.88500112
-1.52123659,33.45750556,1.20352306
2.60900665,32.59776160,0.80881825
-2.41428556,33.69442595,1.29372261
-3.38039762,33.91939223,1.38683282
3.51937813,32.67046348,0.74604631
4.39690405,32.37204965,0.70717490
-4.35844710,33.70134454,1.42741762
5.29938296,32.11125265,0.68739882
-5.39434680,33.44304378,1.45193988
-6.45200255,33.12708793,1.48303632
6.22062509,31.84695172,0.68653319
7.16154534,31.53870077,0.70331543
-7.50034933,32.75694164,1.56512124
7.85328851,31.15435414,0.67441318
-8.26549627,32.35249465,1.58620515
-9.08663281,31.99155746,1.68486780
8.58015371,30.73623844,0.65827914
9.36281818,30.28859391,0.65217242
-10.03707791,31.73751012,1.85665681
10.22544907,29.82917375,0.65389905
-11.20454283,31.63744377,2.05160669
-11.73713564,30.92715118,2.04106913
10.44743810,28.89785303,0.63149501
10.67744063,27.97994793,0.59392936
-12.35328191,30.30100523,2.01691265
10.91759791,27.07380372,0.53928016
-13.03204601,29.76204061,1.97249732
-13.72439166,29.28519565,1.90120688
11.17049815,26.17708757,0.46993938
11.38312907,25.02923602,0.54176622
-14.37239220,28.56399723,1.90356413
-14.91678131,27.76510754,1.86751676
11.62307361,23.89391905,0.61825950
11.89673429,22.76299112,0.70527637
-15.34243160,26.83125785,1.81007012
12.20886463,21.62765077,0.80300500
-15.71738334,25.73600665,1.76170615
-15.33059752,24.73689230,1.66513850
11.71794641,20.72637234,0.72180270
11.33675529,19.79598179,0.66601183
-14.98074875,23.70344181,1.57962191
-14.69001642,22.61727571,1.51802918
11.06216289,18.84803959,0.65715003
-14.48585031,21.46454114,1.49053262
10.87575515,17.90195163,0.69928344
10.38873049,17.51782719,0.68269185
-13.73703268,21.02185940,1.40632835
-13.06069908,20.52839464,1.32441732
9.97216794,17.14660459,0.69975621
-12.44782043,19.99157384,1.25329096
9.59713667,16.78969311,0.73578332
9.24284088,16.44423706,0.77737931
-11.88695726,19.42243745,1.19806705
8.67350483,16.13298097,0.79435917
-11.03261747,18.80777803,1.09636338
8.08855206,15.82329834,0.78738758
-10.23779848,18.18479768,1.01014285
-9.47641903,17.57767772,0.93418088
7.45886072,15.51028740,0.74913410
-8.72960608,16.99359119,0.86710020
6.76773905,15.18758635,0.68522115
-4.99511063,16.52378697,0.78216022
-5.92770988,16.67608790,0.76922008
3.20774873,15.05761914,0.34151192
2.15978410,15.23785545,0.23477119
4.13222532,15.07849521,0.39379472
-3.91493018,16.47584774,0.72872178
1.13016045,15.45127225,0.18824138
-2.87763166,16.34256692,0.63297494
-1.87127038,16.15657927,0.48797560
0.11962796,15.69381959,0.21930087
-0.87604010,15.95444082,0.31826193
-6.87185035,16.78104755,0.76700990
5.04675699,15.10528715,0.47370482
-7.80908114,16.87451660,0.79603766
5.93206495,15.14130919,0.57814575
-0.92534148,33.36782478,-6.75279413
-2.03511961,33.10332429,-6.68866368
0.15004898,33.18757496,-6.72782141
-3.15354282,33.02328075,-6.63240268
1.21434822,33.09173302,-6.71886576
2.27699154,33.05636673,-6.78098604
-4.27618402,33.14278937,-6.59592903
-5.40737835,33.42377504,-6.58543686
3.34750675,33.06803336,-6.97351770
-6.51403157,33.32392226,-6.49865067
4.37376735,32.56466443,-7.04074588
5.42559793,32.12511307,-7.18164552
-7.63522242,33.24193004,-6.43646122
6.53224373,31.73927719,-7.35798704
-8.79679690,33.10775746,-6.40709654
7.74706329,31.37246311,-7.53903170
-10.06206229,32.92059261,-6.45621335
8.27773116,30.99088337,-7.59034196
-10.64221731,32.63763609,-6.50873508
-11.27475220,32.36130295,-6.59069338
8.84426771,30.60289843,-7.65752712
-11.96780006,32.10655702,-6.69575023
9.45624348,30.20452690,-7.74784022
10.12366604,29.79267942,-7.87236244
-12.72575460,31.89350351,-6.81231466
10.28047630,28.97481940,-7.82757208
-13.01145255,31.15630461,-6.80665434
10.43668226,28.15963420,-7.79914751
-13.30824122,30.44061613,-6.81617467
10.59566212,27.34959507,-7.79224009
-13.61052170,29.74453489,-6.83326451
-13.91645787,29.06319897,-6.85264276
10.76206031,26.54923346,-7.80949384
-14.15190920,28.05304863,-6.83459388
10.80146474,25.44613774,-7.77625744
-14.40094779,27.04590898,-6.81206630
10.86020871,24.37660284,-7.77992342
10.94721691,23.35064040,-7.81247005
-14.67899086,26.02726687,-6.78918466
-15.01591487,24.98334296,-6.78373037
11.06696690,22.37551985,-7.85989586
-14.93182172,24.05003493,-6.74986288
10.78484201,21.58194601,-7.85266173
10.56741284,20.80994609,-7.87058771
-14.89563073,23.12052689,-6.73475975
-14.91150721,22.19175155,-6.74084179
10.40454761,20.06610112,-7.89136149
-14.98281735,21.25984072,-6.76671324
10.28493559,19.35318026,-7.90065257
9.74659484,18.82614900,-7.82253769
-14.29045738,20.68279966,-6.63882826
-13.67540394,20.12525220,-6.52584685
9.27481386,18.32368721,-7.70826274
8.83609380,17.84758601,-7.55390565
-13.12401868,19.58613671,-6.43030633
8.41365393,17.39431467,-7.35653502
-12.62274161,19.06311317,-6.35389322
7.61265609,16.84450338,-6.90415547
-11.67026761,18.48118611,-6.22493251
6.78883489,16.34205901,-6.48803636
-10.79529786,17.94395538,-6.16887363
5.93720408,15.89210032,-6.23457134
-9.95201417,17.46123898,-6.16263474
-9.11638015,17.02847308,-6.17811160
5.08945264,15.52526898,-6.10444529
4.25485678,15.35660771,-6.03984773
-8.23589374,16.79255952,-6.19085882
-7.35309189,16.57756141,-6.20331296
3.45224131,15.25304208,-6.00749434
2.66940079,15.18274156,-5.99643343
-6.47115611,16.36339721,-6.21446037
-5.59323155,16.13212179,-6.22576550
1.88970523,15.12040612,-6.00226936
1.01471926,15.26765024,-6.00267291
-4.59674192,16.09941111,-6.20017564
0.12390736,15.42602849,-6.01325641
-3.61835319,16.02156044,-6.15993598
-2.65787042,15.89453176,-6.11404880
-0.78613544,15.58277596,-6.03631057
-1.71527072,15.72164106,-6.07361329
