-0.16293299,16.38830855,0.94830585
-1.74477520,16.04074905,0.99519755
-0.16815726,16.30074128,1.09520392
-1.75911785,15.94636804,1.14158808
-3.28927304,15.76034021,1.03728169
-3.31304783,15.66194890,1.18380840
-4.79322741,15.53632888,1.04340278
-4.82696856,15.43703665,1.18912956
-6.24937438,15.31534624,1.02496734
-6.29315061,15.21786976,1.16973735
-6.45572339,33.90322690,1.25854560
-5.17248666,34.03741043,1.27621544
-6.43888602,33.80032804,1.41347738
-5.15878973,33.93736770,1.43015193
-3.78253924,34.21446960,1.29827679
-3.76866659,34.11641441,1.44966569
-2.25876427,34.40908500,1.27607336
-2.24091273,34.31274466,1.42333699
-0.64140165,34.58230506,1.16853686
-0.61716434,34.48882978,1.30922879
-7.41483322,15.20381692,1.01740080
-7.46728264,15.11054290,1.16133045
-8.53504163,15.10030836,1.01112500
-8.59602155,15.01546767,1.15465269
-9.64656889,15.01031825,0.98454831
-9.71606589,14.93711761,1.12878778
-10.77431092,14.91419457,0.92870877
-10.85111494,14.85489118,1.07583671
-11.17268855,31.67370529,1.55620300
-9.89897703,32.32336095,1.46054684
-11.14464254,31.54601050,1.69100026
-9.87402516,32.20586213,1.60550510
-8.69123339,32.84873088,1.36207202
-8.66860153,32.73932447,1.51339720
-7.55732203,33.35439116,1.29646334
-7.53719012,33.24933234,1.45055634
-11.72214333,15.00211516,0.90330996
-11.80126945,14.95727797,1.05446778
-12.68987668,15.06665090,0.86623712
-12.76977171,15.03827989,1.02269239
-13.65967063,15.16035385,0.83416372
-13.74126946,15.14970393,0.99584914
-14.62317458,15.33575729,0.79785811
-14.70613637,15.34379592,0.96417847
-15.21304735,15.58518526,0.77328427
-15.29063944,15.60442915,0.94230450
-15.85345603,15.88428431,0.75364935
-15.92352674,15.91323449,0.92410247
-16.54695258,16.25175921,0.75490935
-16.60718240,16.28785392,0.92625237
-17.26987695,16.70748383,0.78424671
-17.31943857,16.74620258,0.95552859
-15.52120891,28.89932300,1.24689053
-14.32571204,29.52664708,1.37879112
-15.48305642,28.74734020,1.36172890
-14.28798894,29.37664630,1.49518397
-13.20477771,30.22212400,1.48534800
-13.16996009,30.07690783,1.60458977
-12.15322142,30.95501582,1.54740889
-12.12118830,30.81691558,1.67325750
-17.43061649,17.33173161,0.82421243
-17.47770250,17.36130089,0.99095066
-17.66705952,18.05778057,0.86071100
-17.71177005,18.07457874,1.02188631
-17.99738906,18.91392090,0.90444333
-18.04292369,18.91745981,1.06001538
-18.44782179,19.91309366,0.95441363
-18.49513133,19.90549242,1.10296859
-17.88936448,20.66035212,0.95775228
-17.93359392,20.62750050,1.09849660
-17.40297490,21.62713347,0.97310833
-17.44244468,21.56985225,1.10451170
-16.99804012,22.81841145,0.99828170
-17.02936475,22.74000225,1.12099306
-16.68274641,24.21062961,1.01010864
-16.70219930,24.11535089,1.12845881
-16.30032525,25.26818118,1.08586715
-16.30789336,25.16011631,1.20534594
-15.95359526,26.38857824,1.14396593
-15.94948916,26.26830679,1.26460432
-15.68397350,27.59564152,1.19279176
-15.66502944,27.46128062,1.31202924
-0.15564692,16.49395496,0.81167540
-1.73149952,16.16871354,0.87170617
-3.27214582,15.89096909,0.91374717
-4.77087735,15.65913810,0.91629354
-6.22372774,15.42518109,0.89387280
-6.47713131,34.03214058,1.08676481
-5.19241678,34.16078198,1.10801292
-3.80324976,34.33874371,1.13203590
-2.28111127,34.53307642,1.11348434
-0.67333216,34.70411138,1.01287558
-7.36547981,15.32365289,0.88701817
-8.47803093,15.20196957,0.87172633
-9.58084369,15.08868200,0.83537143
-10.68811005,14.99392565,0.78438134
-11.20910315,31.81588491,1.41249207
-9.91945019,32.44107296,1.31378652
-8.71599744,32.96618641,1.20717250
-7.58289950,33.47831475,1.13076990
-11.64931685,15.04304966,0.75125726
-12.60606535,15.10730330,0.71067567
-13.56311536,15.20288094,0.66536434
-14.52913598,15.36103633,0.62103301
-15.12623995,15.58886377,0.60392371
-15.74500464,15.87126742,0.59446479
-16.39349832,16.22425311,0.59673335
-17.08188684,16.66732371,0.61592054
-15.45180558,28.95968269,1.13934411
-14.30028040,29.62022212,1.26360430
-13.22394588,30.35537026,1.36266997
-12.19835748,31.10759675,1.41375856
-17.30485396,17.30168698,0.65532888
-17.58116049,18.04199782,0.70227260
-17.91632910,18.90803896,0.75410076
-18.32245309,19.90432641,0.80998822
-17.78903814,20.68155596,0.81556217
-17.28111912,21.65990383,0.84224205
-16.84697868,22.84694167,0.87899815
-16.54219818,24.23401707,0.89795567
-16.19254871,25.31457880,0.97654343
-15.90079848,26.47320333,1.03295602
-15.65537005,27.69172449,1.08061093
1.44190115,16.64529873,1.06745105
1.43775466,16.72539807,0.91774069
3.04627309,16.94126610,1.05231168
3.03121457,17.01601195,0.89710880
4.62259182,17.16866921,1.06197477
4.59538704,17.23982300,0.89858174
6.14414396,17.34473651,1.11767877
6.10444528,17.41350856,0.94440766
4.90868104,34.33295796,1.00100376
3.70136741,34.30749135,1.05300868
4.87511347,34.40984273,0.86652827
3.66741066,34.38679567,0.91940961
2.41030084,34.35186818,1.09740347
2.37721563,34.43673853,0.96361497
0.97813344,34.43868708,1.16950746
0.94842593,34.52912818,1.03412576
7.37183439,17.61799636,1.15820048
7.32210740,17.67928933,0.97715849
8.54054076,17.94044077,1.17807399
8.48207354,17.99034028,0.99068171
9.67843369,18.27797482,1.14209833
9.61246569,18.31582821,0.95284444
10.80963153,18.58234081,1.01452341
10.73824316,18.60858729,0.82875511
10.19160554,33.11596125,0.79164189
8.67478726,33.44833968,0.85067178
10.14576512,33.20419881,0.65717773
8.63420163,33.52831720,0.71294765
7.31544278,33.71213393,0.90394941
7.27972556,33.78799801,0.76578054
6.08145201,33.98882930,0.95408289
6.04813649,34.06462860,0.81721796
11.78027298,19.02157146,0.86933766
11.70889719,19.03631531,0.68593930
12.76110303,19.42805191,0.70422880
12.69136345,19.43506339,0.52596620
13.73306353,19.86805546,0.54833918
13.66380167,19.87052233,0.37677188
14.67295084,20.38028549,0.39577723
14.60471872,20.37922071,0.22911937
15.23090409,20.83639116,0.29689691
15.17008250,20.83094720,0.12881074
15.80062911,21.31072929,0.18858583
15.74875163,21.29980561,0.01776315
16.37458861,21.79831616,0.07890719
16.33260458,21.78288975,-0.09232191
16.92822406,22.30268382,-0.02538625
16.89539998,22.28565457,-0.19521533
14.84578696,31.33968104,0.37794593
13.80039277,31.68832564,0.49472900
14.80754609,31.44336296,0.25467838
13.75808790,31.79559382,0.36899538
12.64025524,32.15507667,0.59433985
12.59501025,32.26149664,0.46651989
11.41291318,32.65978393,0.69372403
11.36632951,32.75869277,0.56321233
17.03779944,22.92399524,-0.07327479
17.00921971,22.91008445,-0.24312921
17.18560371,23.59284274,-0.14451710
17.15950140,23.58529675,-0.31012806
17.37313823,24.33008492,-0.21352607
17.34646682,24.33155151,-0.37185912
17.59826760,25.15938697,-0.27097747
17.56840897,25.17104942,-0.42044244
17.24429761,25.75818314,-0.26900524
17.21867158,25.78454839,-0.41247160
16.93854878,26.47821252,-0.26228269
16.91566540,26.51790098,-0.39717123
16.66161753,27.31752174,-0.22977947
16.63787555,27.36649084,-0.35576083
16.37282905,28.25006137,-0.17023929
16.34471734,28.30444683,-0.28985903
16.03085252,28.91671747,-0.01795489
16.00219438,28.97880401,-0.13733206
15.65590823,29.62705826,0.12938813
15.62528477,29.69844107,0.00912082
15.25990533,30.42419823,0.26321397
15.22564584,30.50975907,0.14117687
1.44116591,16.84404709,0.79100194
3.02826908,17.13109170,0.76599373
4.58291406,17.34477356,0.75473038
6.08487732,17.50393747,0.78549529
4.83595543,34.50898595,0.71943576
3.62990428,34.48639646,0.77449955
2.33909098,34.54528271,0.81831412
0.90945067,34.64540896,0.88624532
7.27878679,17.77473433,0.80598191
8.42951011,18.05907142,0.80167502
9.55107270,18.35518563,0.75236082
10.66174861,18.64989239,0.63916255
10.09726443,33.30190070,0.51639799
8.58641033,33.60598442,0.57614051
7.24119764,33.87019764,0.62525310
6.01177091,34.15637049,0.67191763
11.64410537,19.04253168,0.49816402
12.62001198,19.44872437,0.34258774
13.58636836,19.90075886,0.19039174
14.53261644,20.40981985,0.04585600
15.10458634,20.84342812,-0.04462072
15.66665845,21.29303592,-0.14112761
16.21796513,21.76295184,-0.24330796
16.75980989,22.26134959,-0.34876428
14.71587782,31.46446562,0.13255296
13.67810162,31.85210416,0.24123436
12.53321218,32.35611671,0.33514254
11.32040060,32.86890786,0.42561284
16.92531876,22.89207727,-0.40814305
17.10638528,23.57579553,-0.46848543
17.29767673,24.32959450,-0.52084257
17.49407223,25.16842711,-0.55812915
17.16135051,25.79942031,-0.55382662
16.84640646,26.53154161,-0.52780471
16.54797079,27.36405189,-0.47423056
16.25354651,28.29334059,-0.40199276
15.92034750,28.98487372,-0.24863274
15.56254233,29.73884550,-0.10532119
15.16500845,30.56253760,0.02199751
-2.40353991,34.95411424,0.29279539
-0.82728315,35.10817197,0.21876917
-2.50879567,35.29773745,-0.29673777
-0.96184949,35.43599356,-0.35351024
0.73635994,35.02996105,0.12700402
0.58337798,35.34675783,-0.42014937
-3.90862704,34.77596146,0.30360926
-3.99594102,35.13577350,-0.28407560
2.16799715,34.90456471,0.08078737
2.01791953,35.20929766,-0.44767166
-5.30379649,34.60326392,0.28551157
-5.39497116,34.96836426,-0.28877786
3.47655225,34.81858094,0.05258904
3.34487551,35.10737603,-0.45896611
-6.61599579,34.46538783,0.27676819
-6.73237848,34.82167030,-0.28112774
4.70906272,34.81974614,0.00913866
4.60448114,35.09399738,-0.48691548
-7.75307261,33.88749868,0.33431368
-7.89995218,34.22909968,-0.21969323
5.91225966,34.43944895,-0.03111692
5.83337852,34.69722374,-0.51768182
-8.91696386,33.35892979,0.43365320
-9.09300255,33.68335622,-0.11115042
7.15900053,34.13224663,-0.07050373
7.09624255,34.37247715,-0.54720255
-10.15016402,32.83041852,0.57877649
-10.35163778,33.14117440,0.05275303
8.51185614,33.86049147,-0.10760023
8.45390733,34.08827986,-0.57268811
-11.47371844,32.21541695,0.73331946
-11.70117528,32.52659722,0.24210448
10.02239692,33.56703177,-0.14628712
9.95804090,33.79420322,-0.59608263
-12.48402601,31.51730367,0.78919703
-12.72856009,31.84066145,0.33876079
11.24466031,33.15075506,-0.21085534
11.17308025,33.38788610,-0.64384888
-13.52544838,30.77167319,0.78198209
-13.78201669,31.10584008,0.36814590
12.45774553,32.65473694,-0.28006225
12.37936421,32.90796540,-0.69972343
-14.60811788,30.03249176,0.71353300
-14.86685202,30.36656895,0.32807851
13.60473684,32.15363716,-0.35784748
13.52191411,32.41431700,-0.76875921
-15.75531491,29.35574090,0.61400478
-16.00545526,29.67701592,0.25224519
14.64432904,31.75220314,-0.45231719
14.55975206,32.00392589,-0.85679444
-15.92693791,28.05529416,0.55761568
-16.15866332,28.36755277,0.20660094
15.11831526,30.81672079,-0.54784443
15.04956450,31.04827417,-0.94317192
-16.14593213,26.80090708,0.51000627
-16.35636110,27.09031337,0.16118063
15.54041481,29.96099366,-0.65675121
15.48919965,30.16710108,-1.03884187
-16.41594000,25.61433580,0.46463312
-16.60997285,25.88050716,0.11804334
15.91794103,29.18187527,-0.78145375
15.88320163,29.36363276,-1.14938504
-16.74321778,24.50792125,0.40361409
-16.92173870,24.75371569,0.06595412
16.26254320,28.47118712,-0.91854942
16.24055350,28.63239366,-1.27420967
-17.00174405,23.07525551,0.37722841
-17.15315543,23.29148513,0.03550763
16.57089248,27.51816646,-1.00212924
16.56544828,27.65983837,-1.36355067
-17.39042275,21.83507644,0.31835581
-17.51042588,22.01494405,-0.03515175
16.87154389,26.65915398,-1.07449603
16.87202367,26.78169804,-1.44838172
-17.87422271,20.80004580,0.26183479
-17.96844731,20.93824654,-0.11497670
17.18227002,25.89448756,-1.12408846
17.18212022,25.99471822,-1.51466419
-18.39979916,19.96185033,0.22743380
-18.48200055,20.05562209,-0.17506343
17.50864420,25.22516790,-1.15120208
17.50459491,25.29875890,-1.55919122
-17.96438560,18.91647086,0.15449327
-18.02096208,18.97623785,-0.26564777
17.32002590,24.33615881,-1.13066114
17.32340379,24.37840140,-1.55194424
-17.60730693,17.99961653,0.09395534
-17.64469113,18.02453414,-0.33726012
17.13344583,23.53267427,-1.09291652
17.14337165,23.53706049,-1.52768796
-17.31286705,17.21098672,0.04512010
-17.33426119,17.20007098,-0.39180596
16.95059266,22.81225159,-1.04030827
16.96549277,22.77983105,-1.48643792
-17.07313510,16.53840476,0.00591227
-17.08030484,16.49390102,-0.43274587
16.77732471,22.15945609,-0.97956999
16.79216803,22.10035863,-1.43153452
-16.35970202,16.08868305,-0.00444021
-16.34786893,16.03383783,-0.43290613
16.22288765,21.65455652,-0.87960295
16.23370066,21.58529506,-1.34038871
-15.68987480,15.74218098,0.00458071
-15.66143260,15.68665111,-0.41346310
15.65482281,21.18587794,-0.77721524
15.65701735,21.11301141,-1.24315943
-15.05384239,15.47566350,0.02731738
-15.01202121,15.42712764,-0.37973678
15.07520236,20.74157765,-0.67495928
15.06656415,20.67050947,-1.14180199
-14.44324119,15.26964485,0.05862231
-14.39115878,15.23297344,-0.33750302
14.48640779,20.31384679,-0.57687147
14.46621382,20.24674592,-1.04148198
-13.46421599,15.15304641,0.12584106
-13.40245988,15.14101621,-0.25405639
13.52132373,19.80665641,-0.43155247
13.48733249,19.74508696,-0.89535530
-1.73297763,16.18304681,0.28979384
-0.15919063,16.48442138,0.22888836
-1.74216584,16.18284245,-0.14856051
-0.16735950,16.46766365,-0.20852418
-12.50157261,15.09649905,0.19067281
-12.43607016,15.10751228,-0.17638771
1.43510360,16.81199735,0.20562285
1.42652751,16.77878581,-0.23113265
12.54184441,19.35385452,-0.28635441
12.49799435,19.29272740,-0.75046188
-3.26724246,15.92778969,0.33932267
-3.27470498,15.94279213,-0.09427662
-11.54573785,15.06454059,0.24615262
-11.48175338,15.09348502,-0.11304861
3.01349411,17.08183314,0.17851224
2.99958849,17.03643568,-0.25645204
11.55826815,18.95269770,-0.13832895
11.50858190,18.89194683,-0.60538851
-4.75367811,15.71427354,0.35785327
-4.75456289,15.74247932,-0.06268513
-10.59161923,15.04037570,0.28843881
-10.53362806,15.08252180,-0.06795239
4.55315158,17.28912513,0.16334582
4.52996654,17.23957289,-0.27218926
10.57323313,18.57165494,-0.00048366
10.52107420,18.51505463,-0.47002671
-6.18940999,15.49635318,0.35644708
-6.17874274,15.53764760,-0.04604421
-9.49845647,15.15396719,0.33988684
-9.45176369,15.20476117,-0.02046714
6.03668215,17.45300300,0.18322126
6.00282436,17.40760990,-0.26004791
9.46682952,18.28856058,0.11278493
9.41565267,18.23794701,-0.35668146
-7.31606381,15.40091394,0.36748318
-7.29445991,15.45051261,-0.01855577
-8.41217020,15.27792211,0.36711206
-8.37813770,15.33128553,-0.00397762
7.21598384,17.72297857,0.18999785
7.17408672,17.67944527,-0.26271072
8.35425404,18.00178323,0.17127528
8.30656442,17.95615767,-0.29146851
-2.64596675,35.74613938,-1.00353522
-1.13539943,35.86490935,-1.04481091
0.38203564,35.76728016,-1.08764798
-4.11230591,35.60457385,-0.98143116
1.81642594,35.62252016,-1.09433924
-5.52037534,35.44537983,-0.96301981
3.16640865,35.50701022,-1.08368126
-6.89583639,35.29035171,-0.92921807
4.46361259,35.47825307,-1.08838263
-8.10926258,34.68753075,-0.87391309
5.72722241,35.06826072,-1.10749487
-9.34586919,34.12015326,-0.76662571
7.01291856,34.72384431,-1.12373121
-10.63953940,33.55211336,-0.59550271
8.37570441,34.42081042,-1.13375742
-12.01684620,32.92381908,-0.38219837
9.86575339,34.11773467,-1.13813334
-13.05926188,32.24616207,-0.24673485
11.06426253,33.71546959,-1.16637561
-14.12508810,31.52890376,-0.17088809
12.25444629,33.25353828,-1.20798441
-15.21273734,30.79776931,-0.16684451
13.38582191,32.77419240,-1.26924041
-16.33924742,30.09766187,-0.20317272
14.41893659,32.35706824,-1.35381988
-16.48288396,28.80191461,-0.22185049
14.92538553,31.38537494,-1.43251041
-16.65567141,27.50947684,-0.25307237
15.38531272,30.47602344,-1.51228101
-16.88510007,26.27248519,-0.29145393
15.80067968,29.63927517,-1.60326917
-17.17803202,25.11812620,-0.33798295
16.17689978,28.87568274,-1.70951714
-17.38368938,23.62403757,-0.37516103
16.52621393,27.87361420,-1.80122712
-17.70614005,22.30349925,-0.45565608
16.84686953,26.96958623,-1.89867696
-18.13053385,21.17519102,-0.55989187
17.15992411,26.15493820,-1.98492734
-18.62021925,20.23549957,-0.65625030
17.47913882,25.42749800,-2.05194260
-18.12181331,19.11287267,-0.77535914
17.30855103,24.47322755,-2.06337807
-17.71721943,18.12036405,-0.86671681
17.13800461,23.58940203,-2.05773625
-17.38317727,17.25314945,-0.93315857
16.96978365,22.78329311,-2.03458614
-17.10827137,16.50429876,-0.98118428
16.80409632,22.05739137,-1.99448393
-16.34955876,16.02852311,-0.96639806
16.24740336,21.52118437,-1.91972291
-15.64080239,15.67266504,-0.93060402
15.66565280,21.03801855,-1.83478597
-14.97337746,15.41395253,-0.88180256
15.06602853,20.59325902,-1.74029545
-14.33843328,15.22738248,-0.82563639
14.45401945,20.17264134,-1.64220132
-13.33723844,15.15833567,-0.72207724
13.45818215,19.68145934,-1.49729570
-1.76251075,16.18171399,-0.72545476
-0.18460169,16.44655054,-0.78161727
-12.36620612,15.14635131,-0.63071312
1.40960901,16.73713051,-0.80018790
12.45520608,19.23428506,-1.35087598
-3.29540681,15.95933966,-0.66536726
-11.41400711,15.14860566,-0.56136571
2.97645683,16.97996317,-0.81865355
11.45743084,18.83377261,-1.20348590
-4.76893297,15.77481993,-0.61640631
-10.47391735,15.14876587,-0.51736460
4.49634931,17.17923582,-0.83073575
10.46573195,18.45701418,-1.06779851
-6.17973928,15.58635498,-0.57356188
-9.40696779,15.27688477,-0.48031493
5.95841189,17.35290116,-0.82620578
9.35919255,18.18438892,-0.95194951
-7.28157886,15.51275629,-0.52066417
-8.34971431,15.40213058,-0.48268161
7.12246895,17.62989248,-0.83829195
8.25102023,17.90621970,-0.87852219
-2.80732963,36.29692065,-1.77673162
-1.32829809,36.39764456,-1.81142811
0.15778845,36.29170915,-1.84083217
-4.26202698,36.17542454,-1.73746281
1.58421438,36.14441007,-1.83213785
-5.69236072,36.02797491,-1.68776880
2.95277544,36.02017670,-1.80138564
-7.12237857,35.87267151,-1.61788229
4.29036065,35.97901506,-1.78091860
-8.39857067,35.26697148,-1.57860740
5.59103809,35.56725516,-1.79408961
-9.69662003,34.68114056,-1.49165124
6.90392684,35.21077425,-1.80110192
-11.03767168,34.07853026,-1.34110710
8.27151245,34.88926400,-1.79863341
-12.44120196,33.42060948,-1.13580394
9.73793368,34.57157172,-1.78726168
-13.48727872,32.73523562,-0.98520403
10.90750685,34.16524797,-1.79656398
-14.55149116,32.02248294,-0.87309282
12.06773798,33.71364436,-1.82216696
-15.63538825,31.29941978,-0.81731423
13.17654271,33.24542349,-1.87469079
-16.75129333,30.60004115,-0.79387079
14.20007786,32.82329435,-1.95868740
-16.90865780,29.36352060,-0.76300055
14.72280900,31.84897786,-2.03485247
-17.06618846,28.08620336,-0.75336781
15.20381881,30.91822590,-2.09968215
-17.26397447,26.83024669,-0.76731094
15.64405245,30.04512379,-2.16516536
-17.52725268,25.64429586,-0.80261405
16.04567159,29.23907714,-2.24309020
-17.71335071,24.12217666,-0.85354493
16.42599539,28.19505177,-2.32451215
-18.00228058,22.75445880,-0.94331006
16.76886699,27.25184346,-2.42714405
-18.38877816,21.56473101,-1.06850314
17.09319843,26.40198152,-2.53285384
-18.84572560,20.55479338,-1.20297918
17.41318066,25.63705772,-2.62668006
-18.29620406,19.37096971,-1.36132176
17.25721805,24.64952956,-2.66483054
-17.84933956,18.33030271,-1.48836681
17.09880893,23.72223625,-2.68582153
-17.48116151,17.41583791,-1.57788591
16.94269706,22.86332306,-2.68827173
-17.17581765,16.61809420,-1.64091154
16.79039702,22.07712492,-2.67214376
-16.38118614,16.12505520,-1.60728519
16.24720149,21.50485740,-2.62246318
-15.64208612,15.75426558,-1.54995525
15.66985951,20.99519919,-2.56068045
-14.95031863,15.48596386,-1.48067224
15.06769170,20.53673521,-2.48325827
-14.29643382,15.29570455,-1.40763875
14.44834482,20.11336591,-2.39596363
-13.27865625,15.23780738,-1.28079807
13.43792856,19.63524176,-2.25750662
-1.80003577,16.20628958,-1.46938155
-0.21756495,16.44824165,-1.51764988
-12.30089686,15.23940738,-1.17697284
1.37648689,16.71428798,-1.52612699
12.41919179,19.19967596,-2.10930214
-3.33508975,16.00245092,-1.40457501
-11.35095185,15.25191985,-1.10667114
2.93567237,16.94065729,-1.52770636
11.40836719,18.80377463,-1.95377108
-4.80316544,15.83332744,-1.33388665
-10.42036330,15.25810523,-1.07169152
4.44422317,17.13602326,-1.52714269
10.40780918,18.42749670,-1.80866886
-6.19916481,15.66131399,-1.25465304
-9.37133031,15.38798095,-1.05594656
5.89641846,17.31625061,-1.52541746
9.29523657,18.15870508,-1.68077688
-7.28450608,15.60497966,-1.16392061
-8.33364077,15.50759993,-1.08934673
7.05527321,17.60297146,-1.54283480
8.18345034,17.88227236,-1.59435484
-3.00588365,37.02905746,-2.61351978
-1.53906192,37.11626317,-2.65741727
-0.07106987,36.99067931,-2.68623451
-4.46982132,36.91808630,-2.55046575
1.35005467,36.82806447,-2.66513218
-5.94111311,36.77482691,-2.46810362
2.73269219,36.68341683,-2.61199633
-7.44209127,36.61827876,-2.36182574
4.10486083,36.62092750,-2.56315211
-8.79314806,36.00085914,-2.32118381
5.43311920,36.19748679,-2.56437795
-10.16605883,35.39329406,-2.24132757
6.76855537,35.83739329,-2.56849142
-11.56555745,34.75496412,-2.11914574
8.13716580,35.51280139,-2.56940800
-12.99250276,34.05901084,-1.96052378
9.57078991,35.19129347,-2.56340817
-14.02571159,33.34241137,-1.84232961
10.69925253,34.77864202,-2.56753798
-15.06927521,32.60917742,-1.72799897
11.81482438,34.32842412,-2.58485103
-16.13504281,31.87744363,-1.63607090
12.88574148,33.86125013,-2.62845064
-17.23541305,31.17416539,-1.55399139
13.89000264,33.42716638,-2.70787694
-17.41795390,30.01143705,-1.48897221
14.42228810,32.44712734,-2.77698000
-17.58806271,28.80569055,-1.40739511
14.92242555,31.50440032,-2.83314934
-17.76642540,27.57361788,-1.35207140
15.38763644,30.60661902,-2.87373651
-17.99004335,26.36912985,-1.34057509
15.81814330,29.75929013,-2.91214337
-18.14627181,24.83253093,-1.38621650
16.23327298,28.67185210,-2.96022335
-18.40938332,23.42752693,-1.48907352
16.60630713,27.67557304,-3.04391557
-18.75988280,22.17496141,-1.63275380
16.94975338,26.77257955,-3.15183333
-19.17854169,21.08420691,-1.80094157
17.27800750,25.95867524,-3.26632656
-18.57807889,19.81274766,-1.98786203
17.14228679,24.94036077,-3.33878354
-18.07596463,18.70177968,-2.16345088
16.99896998,23.97306896,-3.39730299
-17.65790624,17.73385841,-2.29736751
16.85601092,23.06319089,-3.43678292
-17.30947510,16.88547104,-2.38964474
16.71770868,22.21603352,-3.45584596
-16.46821126,16.37931218,-2.33757208
16.19425061,21.60976040,-3.43450753
-15.68885327,15.99094980,-2.25553171
15.63294064,21.06403767,-3.40160286
-14.96460636,15.70444351,-2.16247265
15.04215750,20.57346518,-3.35237535
-14.28552516,15.49838257,-2.07005085
14.42836797,20.12864077,-3.28890765
-13.24511144,15.43357332,-1.91775829
13.41564906,19.65296476,-3.16918192
-1.86071755,16.32722604,-2.38132773
-0.27550445,16.54213189,-2.41755146
-12.25677799,15.43310422,-1.80556307
1.31556494,16.78076214,-2.41003472
12.38717790,19.22866961,-3.02612588
-3.39743286,16.14205257,-2.31461686
-11.30640431,15.44541326,-1.74329701
2.86485803,16.98922579,-2.38294488
11.36331454,18.84065178,-2.86273911
-4.86020563,15.98393101,-2.22275502
-10.38414125,15.45007054,-1.72969218
4.36163193,17.17882982,-2.35682300
10.34927304,18.46817755,-2.70044000
-6.24095965,15.82046804,-2.10057529
-9.35365318,15.57883643,-1.75039467
5.80577820,17.36241771,-2.34890745
9.22265840,18.20831775,-2.54628081
-7.30823690,15.77768388,-1.95831380
-8.33687943,15.69179059,-1.83112627
6.96332854,17.65762781,-2.36802223
8.09835767,17.93746178,-2.43564565
-3.28678208,38.03921617,-3.66838415
-1.80226501,38.12959928,-3.74275219
-0.32348980,37.98340709,-3.78802675
-4.78550802,37.90897068,-3.58578528
1.11107197,37.79594019,-3.75890298
-6.30951071,37.73437405,-3.49678656
2.51447632,37.61557755,-3.67294720
-7.87945736,37.54767887,-3.39065567
3.91820781,37.51368803,-3.58169731
-9.30362808,36.91671669,-3.31789566
5.26492736,37.04013759,-3.52924279
-10.75429520,36.29491997,-3.20096103
6.61064067,36.65001061,-3.50528049
-12.21618475,35.63718561,-3.05683878
7.96863295,36.31364712,-3.50391903
-13.66917777,34.92033560,-2.90537871
9.35998333,35.99597992,-3.51985061
-14.69035895,34.16998320,-2.80135753
10.44283483,35.58729225,-3.54208690
-15.70925300,33.40043014,-2.70046992
11.50996463,35.14362184,-3.57846151
-16.74691351,32.63607837,-2.60380675
12.53513002,34.67279981,-3.63181783
-17.82266064,31.90617153,-2.49673689
13.50819632,34.21780825,-3.70355526
-18.00956332,30.75839936,-2.44615556
14.02707464,33.21660546,-3.72969038
-18.19698323,29.61092424,-2.33859100
14.53189411,32.25096936,-3.76237128
-18.38265673,28.45163621,-2.19489633
15.01598916,31.32736586,-3.78363597
-18.58212243,27.28559812,-2.06366695
15.47439487,30.44858124,-3.78780491
-18.70094573,25.78232053,-2.01451582
15.92032420,29.34026221,-3.78471352
-18.91666100,24.35804345,-2.07899057
16.32744630,28.29681203,-3.80713445
-19.23109295,23.05985796,-2.22817315
16.70009581,27.33110540,-3.87326359
-19.61513249,21.89747007,-2.42683216
17.04627665,26.44949980,-3.97313399
-18.97676833,20.53031383,-2.63351540
16.93205299,25.38670344,-4.05674445
-18.42256904,19.31018451,-2.84066437
16.80713493,24.37730531,-4.15204384
-17.94655351,18.25209879,-3.02338725
16.67810490,23.42316127,-4.24087893
-17.54030870,17.33820840,-3.16623041
16.55161779,22.52229050,-4.31078895
-16.64088190,16.82590894,-3.11593311
16.05037547,21.89338719,-4.32321072
-15.81057199,16.42713548,-3.01872622
15.51062707,21.31893368,-4.32101429
-15.04583583,16.12196976,-2.90501441
14.94023905,20.79617406,-4.30021068
-14.33490504,15.89214770,-2.79365297
14.34457755,20.32006303,-4.26296246
-13.26590512,15.80324587,-2.61770125
13.35211309,19.82350577,-4.16890249
-1.94725451,16.61479900,-3.39734853
-0.36598100,16.80098247,-3.42847187
-12.26103665,15.78460139,-2.50264147
1.21534844,17.01419288,-3.41466343
12.33188110,19.39144427,-4.04740559
-3.48125087,16.44719107,-3.33089504
-11.30390043,15.78581215,-2.45835009
2.75129247,17.20713328,-3.36303902
11.30526065,19.00267176,-3.89607241
-4.93816290,16.29445266,-3.22987004
-10.38355528,15.78210047,-2.47941760
4.23675861,17.38765534,-3.31138864
10.27996304,18.63296349,-3.72912433
-6.30568745,16.13052379,-3.07728552
-9.36722919,15.90845702,-2.55268171
5.67678696,17.56481397,-3.29569815
9.13469964,18.38728613,-3.54707032
-7.35756548,16.09507296,-2.88333247
-8.36810393,16.01631234,-2.69479868
6.83957504,17.85834419,-3.31777083
7.98982536,18.12949504,-3.40635259
-3.52467181,38.72958564,-4.63062830
-2.01719959,38.83321539,-4.74302725
-0.51575644,38.69579861,-4.81213243
-5.04985469,38.57434011,-4.53562642
0.94131058,38.51699324,-4.78127124
-6.59992281,38.36528454,-4.45524532
2.36510868,38.33707928,-4.66124024
-8.19371689,38.14601015,-4.36816055
3.78728597,38.22367080,-4.52330365
-9.64673131,37.51719337,-4.27057119
5.14351741,37.71749897,-4.38868930
-11.13260280,36.90693173,-4.12245418
6.49103422,37.28909796,-4.30772492
-12.62970956,36.26958399,-3.93500567
7.83493319,36.92222785,-4.27567060
-14.10886157,35.57348268,-3.74244154
9.19053086,36.58684399,-4.28778372
-15.14051711,34.82348215,-3.59854509
10.24006144,36.17006058,-4.30999423
-16.15921476,34.04420830,-3.47269373
11.27748081,35.72843669,-4.35729097
-17.19120623,33.26579457,-3.35432933
12.27915945,35.25904227,-4.42584366
-18.25676469,32.51840676,-3.23207907
13.23819980,34.79624888,-4.50247167
-18.43628514,31.34253257,-3.17076710
13.75340980,33.79641147,-4.49558065
-18.62193986,30.18402375,-3.07534018
14.25052827,32.81356543,-4.48705612
-18.81260492,29.04320875,-2.92171657
14.73307034,31.86565804,-4.47852076
-19.00958329,27.91050846,-2.73085045
15.20151285,30.96265435,-4.46181782
-19.11586495,26.47252065,-2.56074622
15.66133607,29.84820008,-4.44025918
-19.29459442,25.06474983,-2.52309465
16.08833425,28.78995828,-4.41798138
-19.56988404,23.74791353,-2.62157558
16.48085037,27.79405405,-4.42595641
-19.92428694,22.54907740,-2.81069982
16.84394318,26.87022584,-4.48160040
-19.26854637,21.15031414,-3.03325574
16.74299013,25.77639415,-4.53624409
-18.69240262,19.85777539,-3.25490747
16.63094497,24.72977972,-4.62941919
-18.18494248,18.71879804,-3.45780594
16.51147999,23.73971057,-4.73802017
-17.74139710,17.73641145,-3.62777941
16.39168003,22.80777266,-4.84256646
-16.80463164,17.20480393,-3.59107710
15.90390303,22.17146234,-4.88046073
-15.93722928,16.79937629,-3.50013546
15.37942177,21.58483215,-4.90100300
-15.14221901,16.48935669,-3.38522589
14.82465277,21.04600164,-4.90058620
-14.40851606,16.24847231,-3.26862354
14.24435790,20.55135767,-4.88098841
-13.31918432,16.14271112,-3.08404142
13.27323253,20.03747052,-4.80205628
-2.01290707,16.89038137,-4.03204142
-0.44024262,17.05993701,-4.07062278
-12.30088160,16.10690497,-2.97128119
1.12927366,17.26045851,-4.06862030
12.26763193,19.59278906,-4.69554293
-3.54019516,16.73226328,-3.96434162
-11.33538378,16.09562068,-2.94266428
2.65397044,17.44695419,-4.01910703
11.24615404,19.19666868,-4.56129871
-4.99174606,16.57992121,-3.86673720
-10.41120127,16.08211228,-2.98991956
4.13221875,17.62130230,-3.96366360
10.21839200,18.82356101,-4.40729451
-6.35332277,16.41302859,-3.71180250
-9.39847991,16.20445670,-3.10050649
5.57194558,17.78972034,-3.94915557
9.06233312,18.58560169,-4.22388325
-7.40020873,16.38096116,-3.49905145
-8.40496619,16.30745127,-3.28021224
6.74051610,18.07593466,-3.97523963
7.90298428,18.33771123,-4.07376702
-3.71395658,39.14069528,-5.52066445
-2.19160070,39.24605531,-5.67376317
-0.67160495,39.12439931,-5.77723860
-5.25286638,38.97811894,-5.40536473
0.80770744,38.97297993,-5.75807659
-6.81309421,38.75629633,-5.31802255
2.25168133,38.82156279,-5.60712198
-8.41066426,38.51822509,-5.22482953
3.68574761,38.72371260,-5.41369155
-9.86999756,37.89471401,-5.10062346
5.04465369,38.22184053,-5.17936456
-11.36582309,37.29804218,-4.93217806
6.38915006,37.77573248,-5.02714668
-12.87806249,36.68916319,-4.72368368
7.71960004,37.38240626,-4.95147333
-14.37771976,36.02972583,-4.50707667
9.04504331,37.02053719,-4.94168829
-15.42952753,35.30406973,-4.32254010
10.06748640,36.58587550,-4.94423373
-16.46079240,34.53526505,-4.15786890
11.08099507,36.13651396,-4.97908706
-17.49716301,33.75620017,-4.00997963
12.06587039,35.66363441,-5.04248083
-18.56115893,33.00220730,-3.86934132
13.01679106,35.19423396,-5.11682652
-18.74638872,31.81393437,-3.75865396
13.54321023,34.20776353,-5.09656953
-18.93245931,30.63826165,-3.64478880
14.04770093,33.23044205,-5.06341545
-19.12280978,29.48369946,-3.49920331
14.53067235,32.27266358,-5.02395225
-19.32034579,28.35545354,-3.29803137
14.99828102,31.34972006,-4.98150166
-19.42797002,26.96117751,-3.07523551
15.46041166,30.22989388,-4.95036228
-19.58265368,25.58420560,-2.92574104
15.89860578,29.16445046,-4.90840344
-19.82575329,24.26723460,-2.93931484
16.30546062,28.15479465,-4.87864407
-20.15244167,23.04798682,-3.08695779
16.68087570,27.20817038,-4.88682168
-19.47559475,21.64152263,-3.29814775
16.58730791,26.09712506,-4.89546918
-18.88791142,20.31289370,-3.53030812
16.48448910,25.02486809,-4.96551806
-18.36577505,19.11644263,-3.74403301
16.37324731,24.00530850,-5.07163064
-17.90036398,18.07565797,-3.92830379
16.25898716,23.04477925,-5.18980495
-16.94186234,17.51851187,-3.90358134
15.78035354,22.40226285,-5.24320461
-16.04842309,17.09778533,-3.82185473
15.26641824,21.80915919,-5.28074267
-15.23083249,16.78040266,-3.71302075
14.72268993,21.26154284,-5.29670022
-14.47979600,16.53433319,-3.59957122
14.15371120,20.75629354,-5.29157742
-13.37589861,16.42157070,-3.41668463
13.19930235,20.23104633,-5.22615460
-2.06160985,17.11689913,-4.44567851
-0.49841887,17.27566728,-4.49504583
-12.34718960,16.37456936,-3.30892306
1.06005816,17.46855613,-4.51072387
12.20632686,19.77684010,-5.13233212
-3.58142102,16.96420255,-4.37560728
-11.37363878,16.35325057,-3.29257967
2.57538068,17.65147841,-4.47546591
11.19105790,19.37402071,-5.01271033
-5.02726799,16.81083896,-4.28404296
-10.44388612,16.33093881,-3.35837662
4.04855679,17.82212947,-4.42888090
10.16338125,18.99689102,-4.87263143
-6.38517088,16.64120326,-4.13738703
-9.42981073,16.44826118,-3.49342040
5.48847862,17.98354117,-4.42068635
9.00115808,18.76232725,-4.69723665
-7.43133274,16.61255466,-3.92332493
-8.43602410,16.54513561,-3.69342085
6.66157722,18.26409631,-4.44961049
7.83259324,18.51971317,-4.54961367
-3.85200687,39.37243247,-6.25034916
-2.32056424,39.47098241,-6.43245493
-0.78965227,39.36146286,-6.57435962
-5.39781361,39.21536296,-6.11779702
0.70485788,39.23736669,-6.58541327
-6.96171218,38.99540221,-6.01821275
2.16366690,39.12219948,-6.43505044
-8.55697542,38.75115657,-5.91011076
3.60469238,39.05156881,-6.20800032
-10.01698763,38.13471373,-5.76818544
4.96302599,38.57377298,-5.88540096
-11.51321724,37.54751252,-5.59003529
6.30114625,38.12696845,-5.65200768
-13.02899347,36.95996350,-5.37704672
7.61918667,37.71868149,-5.52325930
-14.53993726,36.33243629,-5.15324287
8.92127704,37.33540688,-5.48197101
-15.60929796,35.63645408,-4.94332962
9.92243892,36.88356262,-5.46060707
-16.65495939,34.88832433,-4.74826861
10.91580192,36.42321327,-5.47624682
-17.69919113,34.11833842,-4.57180414
11.88550655,35.94433613,-5.52229092
-18.76491298,33.36510826,-4.40894648
12.82896392,35.46853961,-5.58378118
-18.96373453,32.17825689,-4.25122499
13.37039021,34.49525857,-5.55595939
-19.15724527,30.99608081,-4.10192521
13.88847708,33.52770177,-5.51077110
-19.35025600,29.82940063,-3.94530925
14.38012965,32.57393892,-5.45122761
-19.54845652,28.69009178,-3.74965093
14.85035064,31.64306550,-5.38596020
-19.66142894,27.31602209,-3.51720600
15.30915525,30.51806695,-5.34403453
-19.80538966,25.96340067,-3.30216662
15.75178711,29.44772353,-5.29201705
-20.02253422,24.65532723,-3.22281099
16.16840373,28.43057094,-5.24169003
-20.32530724,23.42662414,-3.31181867
16.55389471,27.47097552,-5.21818502
-19.62872364,22.02135402,-3.49174064
16.46365446,26.35190258,-5.18017806
-19.02740356,20.67407358,-3.72240401
16.36703916,25.26316694,-5.21903849
-18.49834193,19.44152854,-3.94385804
16.26224095,24.22255138,-5.31147422
-18.02145275,18.35630800,-4.13636946
16.15319790,23.23878549,-5.43086374
-17.05113213,17.77543068,-4.12161124
15.68124707,22.58895462,-5.49109083
-16.14023969,17.33774516,-4.04895537
15.17503754,21.98866918,-5.53903830
-15.30579881,17.01024793,-3.94724144
14.63928596,21.43479190,-5.56722104
-14.54158779,16.75775142,-3.83929224
14.07829411,20.92300541,-5.57426363
-13.42644522,16.64047228,-3.66314148
13.13596157,20.39100044,-5.52137778
-2.09871996,17.29701850,-4.73279192
-0.54367495,17.44829250,-4.79164733
-12.38985618,16.58687717,-3.56208083
1.00561489,17.63585712,-4.82367505
12.15271969,19.93030556,-5.43912359
-3.61178096,17.14779268,-4.65987340
-11.40943309,16.55842702,-3.55545115
2.51365323,17.81623255,-4.80398379
11.14286237,19.52271475,-5.33209634
-5.05242906,16.99299366,-4.57312847
-10.47380018,16.52902783,-3.63358498
3.98283066,17.98418986,-4.76915981
10.11628220,19.14202766,-5.20429829
-6.40716601,16.82057417,-4.43485327
-9.45653401,16.64133969,-3.78428354
5.42314744,18.14044760,-4.76813648
8.95039895,18.90907982,-5.03887469
-7.45370805,16.79448453,-4.22532113
-8.46032060,16.73242481,-3.99406377
6.59917580,18.41723098,-4.79926090
7.77583517,18.66931779,-4.89713070
-3.94801581,39.50271060,-6.80331869
-2.41088626,39.59292500,-7.00081349
-0.87370182,39.49095888,-7.17177673
-5.49724802,39.35441856,-6.66005226
0.62916009,39.38802881,-7.21522716
-7.06211093,39.14202954,-6.55074518
2.09580958,39.30435059,-7.08461640
-8.65346275,38.89767793,-6.42873732
3.53892402,39.26080395,-6.84985009
-10.11278569,38.29000970,-6.27883992
4.89548953,38.81315978,-6.48027208
-11.60739296,37.71018499,-6.09965538
6.22644777,38.37342701,-6.17851960
-13.12321315,37.13668921,-5.89431016
7.53362667,37.95866408,-5.99220339
-14.63884620,36.53104940,-5.67628545
8.81818612,37.56121462,-5.91442399
-15.72045977,35.86149717,-5.45189152
9.80436626,37.09754679,-5.86922372
-16.77797226,35.13494221,-5.23405592
10.78230430,36.62810293,-5.86638295
-17.82933101,34.37737370,-5.03313389
11.73958432,36.14338365,-5.89449698
-18.89709444,33.62908061,-4.84844429
12.67510498,35.66128694,-5.93992840
-19.11342646,32.45303807,-4.65353617
13.22721692,34.69830583,-5.90412758
-19.31713816,31.27113238,-4.47313842
13.75969475,33.74016103,-5.85268471
-19.51618972,30.09917500,-4.29472250
14.26287352,32.79263798,-5.78164263
-19.71660828,28.94926083,-4.09819117
14.73958672,31.86239802,-5.69983446
-19.83594102,27.58160130,-3.87419380
15.19681776,30.73713759,-5.64780449
-19.97619118,26.24320468,-3.62849365
15.63985518,29.66233927,-5.58867488
-20.17553638,24.94460407,-3.47994263
16.06220919,28.64033738,-5.52693705
-20.45762161,23.71282173,-3.50438256
16.45563521,27.67294627,-5.48325335
-19.74486358,22.31284520,-3.64317173
16.36739988,26.55018393,-5.41011935
-19.12981530,20.95514016,-3.86312213
16.27471477,25.45162090,-5.41677106
-18.59430618,19.69954146,-4.08816234
16.17492876,24.39578135,-5.49141292
-18.11181187,18.58261877,-4.28593534
16.06994118,23.39493421,-5.60545137
-17.13609316,17.98285988,-4.27974410
15.60288706,22.73882812,-5.66775786
-16.21349445,17.52952374,-4.21482499
15.10253119,22.13189516,-5.72131714
-15.36688033,17.19183929,-4.11975000
14.57272458,21.57193981,-5.75785538
-14.59260003,16.93248534,-4.01743519
14.01779832,21.05467218,-5.77418873
-13.46901838,16.81096488,-3.84926614
13.08426945,20.51860364,-5.73253985
-2.12740308,17.43825409,-4.94072472
-0.57880900,17.58401911,-5.00722735
-12.42611090,16.75223908,-3.75527376
0.96329730,17.76782808,-5.05238560
12.10819948,20.05363212,-5.66057103
-3.63485267,17.29149041,-4.86575030
-11.43992092,16.71854600,-3.75644204
2.46568495,17.94605289,-5.04634902
11.10245715,19.64249265,-5.56428890
-5.07131386,17.13559383,-4.78245951
-10.49897832,16.68363405,-3.84323209
3.93191221,18.11205157,-5.02243528
10.07709057,19.25916745,-5.44687491
-6.42347155,16.96073838,-4.65086141
-9.47821188,16.79195590,-4.00359329
5.37233760,18.26465254,-5.02794198
8.90911335,19.02693836,-5.29082604
-7.47066063,16.93651053,-4.44698497
-8.47909321,16.87840553,-4.21756078
6.55023013,18.53890542,-5.06038133
7.73053931,18.78881354,-5.15555307
-2.32976005,34.70608432,0.75732733
-0.73394936,34.87071272,0.66828240
0.84135583,34.80311693,0.55636152
-3.84636230,34.51753718,0.77090075
2.27115103,34.69106076,0.49683108
-5.23854226,34.34137473,0.74734345
3.56801968,34.61954921,0.45820290
-6.53415537,34.20966556,0.72981925
4.78362630,34.63291049,0.40640180
-7.65195951,33.64524596,0.78043474
5.96986802,34.26799266,0.36080262
-8.79687299,33.12756741,0.86799020
7.20593285,33.97367725,0.31619833
-10.01211793,32.60297005,0.99204179
8.55463037,33.70787107,0.27184295
-11.31576611,31.98291382,1.11515610
10.06661635,33.40978755,0.22122728
-12.31345160,31.27802783,1.13960553
11.29084874,32.98385698,0.14217168
-13.34580953,30.52755000,1.10643601
12.50521403,32.47730286,0.06118541
-14.42544488,29.79032947,1.01943076
13.65225413,31.97334730,-0.02511898
-15.57672912,29.12345957,0.90503137
14.69155063,31.57994503,-0.12691068
-15.76602397,27.83902929,0.84604022
15.15191913,30.66311611,-0.23060748
-16.00055293,26.60550400,0.79911978
15.55993384,29.82650003,-0.34985907
-16.28270143,25.43520238,0.74867964
15.92564064,29.06290094,-0.48513839
-16.62260171,24.34366966,0.67829227
16.26252344,28.36432457,-0.63118428
-16.90616556,22.93614251,0.65556186
16.56178148,27.42498596,-0.70887707
-17.32107883,21.72592692,0.60880098
16.86056083,26.58105533,-0.77078145
-17.82023613,20.72271545,0.56978083
17.17316836,25.83431673,-0.80708466
-18.35140813,19.91891135,0.55275050
17.50304833,25.18629350,-0.82103682
-17.93316366,18.90087000,0.49028825
17.30961448,24.32484931,-0.79103865
-17.58910646,18.01267366,0.43560098
17.11916299,23.55094981,-0.74405886
-17.30554872,17.25176959,0.38861404
16.93624241,22.85334159,-0.68570293
-17.07554918,16.60269143,0.34926975
16.76630989,22.21502814,-0.62451476
-16.37645249,16.15761091,0.33335345
16.21819822,21.71483362,-0.52027349
-15.71880274,15.80819952,0.33534408
15.65891497,21.24614153,-0.41709609
-15.09266717,15.53345877,0.35053860
15.08901918,20.79910775,-0.31707174
-14.48982578,15.31584594,0.37373014
14.50955987,20.36811580,-0.22260082
-0.15615566,16.49248312,0.56038868
-1.73047397,16.17788797,0.62117653
-13.51816661,15.17665220,0.42811046
1.43925398,16.83294724,0.53829195
13.55537011,19.85906826,-0.07833175
-3.26767284,15.90998676,0.66663367
-12.55857165,15.09902495,0.48201877
3.02229411,17.11241391,0.51173243
12.58331979,19.40684424,0.06993611
-4.76058343,15.68624224,0.67579785
-11.60203230,15.04983602,0.52969017
4.57013879,17.32325010,0.49850177
11.60399502,19.00354416,0.22206289
-6.20574071,15.45897706,0.66191063
-10.64364782,15.01262788,0.56750487
6.06350007,17.48433692,0.52456723
10.62053238,18.61685312,0.36198285
-7.34089387,15.35909695,0.66223247
-9.54221338,15.11667625,0.61961298
7.25048425,17.75433202,0.53916423
9.51216195,18.32755722,0.47536285
-8.44647282,15.23566283,0.65273212
8.39520482,18.03579782,0.52863817
-4.01429552,39.57918235,-7.20984936
-2.47368602,39.66335456,-7.41510550
-0.93273877,39.56599726,-7.60488351
-5.56538731,39.43963428,-7.06198696
0.57432619,39.47838860,-7.67460500
-7.12992156,39.23412272,-6.94470212
2.04414336,39.41869867,-7.56817291
-8.71732450,38.99229042,-6.81306936
3.48595033,39.39677441,-7.33964933
-10.17550171,38.39282938,-6.66156330
4.83985712,38.97485767,-6.95208761
-11.66789151,37.81903678,-6.48464402
6.16439657,38.54675681,-6.60653227
-13.18258160,37.25482826,-6.29011376
7.46224080,38.12958317,-6.37089191
-14.70005094,36.66393004,-6.08629098
8.73395466,37.72422013,-6.25656339
-15.78967571,36.01318453,-5.85626055
9.70964241,37.25275675,-6.18806076
-16.85601777,35.30601332,-5.62161505
10.67670229,36.77657353,-6.16835983
-17.91342716,34.56215244,-5.40181400
11.62483343,36.28739668,-6.18138948
-18.98272067,33.81991137,-5.19759698
12.55355075,35.80035293,-6.21273043
-19.21524088,32.65730985,-4.97429191
13.11125568,34.84376645,-6.16840285
-19.43062749,31.47997576,-4.76944364
13.65560667,33.89341744,-6.11272246
-19.63664544,30.30654495,-4.57123106
14.17006512,32.95193820,-6.03505724
-19.84050978,29.15053636,-4.36580581
14.65442578,32.02487916,-5.94220096
-19.96549289,27.78328682,-4.15334169
15.11286950,30.90316234,-5.88203604
-20.10589185,26.45270060,-3.89628493
15.55520615,29.82531073,-5.81682083
-20.29457133,25.16137311,-3.70354399
15.98074111,28.79994000,-5.74810316
-20.55984478,23.92910870,-3.67083320
16.37979951,27.82738527,-5.69177359
-19.83400828,22.53601484,-3.76565897
16.29296388,26.70318897,-5.59404418
-19.20666960,21.17239823,-3.96983452
16.20291178,25.59858541,-5.57285776
-18.66461270,19.90157664,-4.19474085
16.10665792,24.53232392,-5.62935340
-18.17869841,18.76219969,-4.39617525
16.00500992,23.51866294,-5.73558815
-17.20117262,18.14788400,-4.39700172
15.54140046,22.85786897,-5.79739018
-16.27113862,17.68140158,-4.33855494
15.04536128,22.24546258,-5.85388559
-15.41561008,17.33450516,-4.24910377
14.52029842,21.68003426,-5.89578558
-14.63373120,17.06908100,-4.15170162
13.96980675,21.15801450,-5.91877754
-0.60599997,17.68962913,-5.16727797
-2.14946981,17.54792576,-5.09526600
-13.50360304,16.94336333,-3.99132391
0.93060563,17.87070749,-5.22278446
13.04269900,20.61849926,-5.88645552
-3.65262576,17.40305795,-5.01859824
-12.45575761,16.88076019,-3.90370625
2.42881100,18.04721505,-5.22798630
12.07185405,20.15075168,-5.82351562
-5.08573223,17.24625388,-4.93772867
-11.46491884,16.84290826,-3.91116962
3.89271698,18.21168585,-5.21308539
11.06944121,19.73710256,-5.73604794
-6.43593845,17.06971939,-4.81155492
-10.51948889,16.80364748,-4.00376706
5.33301884,18.36161987,-5.22387736
10.04520850,19.35183474,-5.62713516
-7.48361060,17.04687230,-4.61259073
-9.49570981,16.90888237,-4.17054843
6.51216375,18.63413080,-5.25754030
8.87593484,19.11989091,-5.47926067
-8.49392812,16.99181003,-4.38616895
7.69481441,18.88272306,-5.34982596
