0.16686312,14.38638829,-0.02934451
-1.39578331,14.48826205,-0.01439608
0.16734268,14.26400579,0.09010247
-1.40427258,14.36546894,0.10411199
-2.94166985,14.67173501,0.02857262
-2.96042854,14.54642592,0.14545925
-4.46804145,14.88357832,0.10214575
-4.49884702,14.75080555,0.21875664
-5.96416643,15.06250729,0.23843856
-6.00987466,14.92089646,0.35847718
-5.04387203,34.14761023,2.50853063
-3.77732384,34.10349553,2.60386723
-5.05901337,34.11020707,2.66720194
-3.78998419,34.06601588,2.76291115
-2.50302067,34.11529815,2.66296718
-2.51201088,34.07756969,2.82089839
-1.22453853,34.16904098,2.68100735
-1.22883591,34.13157423,2.83764284
0.05566249,34.24564092,2.67777647
0.05653120,34.21001601,2.83240965
-7.15029062,15.36437505,0.44436263
-7.21038738,15.22018569,0.56789144
-8.24555299,15.72944506,0.67011281
-8.32114389,15.59108184,0.79647675
-9.27832280,16.16073970,0.87225349
-9.37077539,16.03353207,1.00086374
-10.30737632,16.62494766,1.01671538
-10.41613430,16.50991826,1.14697634
-9.81122758,33.40952258,1.91237966
-8.62216678,33.54083351,2.01773892
-9.83343586,33.37234125,2.07529114
-8.64241926,33.50369853,2.17815787
-7.42589991,33.68852053,2.16790115
-7.44419746,33.65069552,2.32726554
-6.23476290,33.88591696,2.34031035
-6.25123702,33.84750950,2.49916894
-11.16883578,17.39193732,1.21724695
-11.27941977,17.28740988,1.35441475
-12.18920021,18.18304307,1.35233962
-12.29159328,18.08531790,1.49862872
-13.38849519,19.10089088,1.39725988
-13.48312538,19.00800774,1.55251460
-14.67685245,20.23191696,1.29301982
-14.76905188,20.14694778,1.44863600
-15.45067623,21.24495228,1.15738794
-15.53236442,21.16574406,1.31164200
-16.16833860,22.25262293,0.97638517
-16.24891851,22.17921990,1.13067802
-16.78172885,23.17410954,0.79750090
-16.86499025,23.10879178,0.94728841
-17.31729044,23.96231519,0.65227691
-17.39722643,23.90964669,0.79905149
-13.48814663,32.65210403,1.56541292
-12.56104801,32.85461637,1.63387590
-13.51564798,32.60058703,1.72361565
-12.58563377,32.80638740,1.79623294
-11.63371118,33.03459842,1.69972369
-11.65711018,32.98974650,1.86337964
-10.71295940,33.21326573,1.79111180
-10.73529154,33.17183456,1.95475377
-17.18704390,24.88200419,0.62732506
-17.26217265,24.84911633,0.77363381
-17.14388049,25.67371297,0.60267433
-17.21223714,25.65473608,0.74405221
-17.19803994,26.39457406,0.60780539
-17.26424802,26.38086147,0.74347269
-17.34047883,27.08837421,0.63929073
-17.40825491,27.07561541,0.77137031
-16.71384423,27.72527794,0.72873168
-16.77153817,27.70748158,0.85823762
-16.17546629,28.42209571,0.81483662
-16.22544095,28.39665011,0.94357339
-15.69079404,29.19684256,0.89521033
-15.73645869,29.16187650,1.02759327
-15.21865079,30.04310039,0.95807192
-15.26182184,30.00090483,1.09831912
-14.75834772,30.66884933,1.10675065
-14.79797652,30.62280422,1.25348502
-14.30221692,31.30004067,1.25155866
-14.33813194,31.25151016,1.40402545
-13.87395416,31.95695699,1.40119234
-13.90550632,31.90642504,1.55710146
0.16701446,14.53201584,-0.13386233
-1.39100297,14.65686038,-0.10060392
-2.93161196,14.84549668,-0.05384742
-4.44968956,15.05534097,0.01618261
-5.93761060,15.22994820,0.14309737
-5.02728453,34.19932540,2.33704977
-3.76618647,34.15431700,2.43440809
-2.49542249,34.16855585,2.49478827
-1.21887150,34.22290942,2.51346689
0.05480260,34.29803111,2.51165872
-7.09322385,15.55235923,0.34793240
-8.17624848,15.89760640,0.55415049
-9.19721852,16.29899723,0.73591500
-10.19804036,16.77201421,0.88845858
-9.78982934,33.45318071,1.74169934
-8.59647706,33.57658583,1.85811035
-7.40627440,33.73093343,2.00788276
-6.21787486,33.93525208,2.17304909
-11.08342201,17.48778302,1.06782239
-12.10156530,18.30098333,1.19789536
-13.29519590,19.26391074,1.22777387
-14.58742504,20.39955457,1.12106300
-15.36478914,21.36939036,0.99742431
-16.04580914,22.33368743,0.83658364
-16.60412840,23.23493634,0.67522764
-17.10044202,24.02315893,0.53217090
-13.41318764,32.64509941,1.39309799
-12.50619488,32.86157068,1.45868999
-11.60033711,33.06590385,1.52768319
-10.69451800,33.26065291,1.61911951
-17.03868241,24.91738270,0.49027759
-17.04137986,25.69195635,0.46973156
-17.10503985,26.40707082,0.48103808
-17.21476283,27.10113359,0.51838008
-16.61741753,27.74024997,0.60075133
-16.07180747,28.43863759,0.68870072
-15.57266149,29.20856896,0.76685359
-15.11124139,30.04712528,0.82076471
-14.66777347,30.67978952,0.96334295
-14.23901955,31.32696557,1.10188313
-13.82186496,31.98314786,1.24280303
1.74539009,14.20683096,0.11913876
1.73712445,14.32801426,0.00048470
3.31765146,14.22111884,0.20279275
3.30251003,14.34119862,0.08482121
4.87596471,14.26029475,0.33901742
4.85383691,14.37902929,0.21852381
6.40318612,14.29935432,0.53181322
6.37456946,14.41607739,0.40534812
5.10880444,34.08253986,2.86391322
3.84019889,34.06224348,2.80077307
5.09169473,34.12304245,2.71917440
3.82609257,34.09967751,2.65513226
2.58332344,34.08735803,2.77298122
2.57295677,34.12308847,2.62463434
1.32673745,34.14263616,2.78603315
1.32096658,34.17798429,2.63448901
7.63169556,14.50168939,0.77181719
7.59808948,14.61269571,0.63829769
8.79928233,14.77645577,1.02424425
8.76178890,14.87926450,0.88290824
9.92650186,15.11220493,1.24241556
9.88601516,15.20523283,1.09455300
11.03314908,15.47385662,1.38324587
10.99080994,15.55609775,1.23286258
10.13714277,33.18301327,2.88007534
8.82296904,33.36694214,2.88774853
10.10188710,33.23908757,2.72873757
8.79409772,33.42237112,2.73668220
7.53812826,33.54436202,2.88889328
7.51437342,33.59728727,2.74025450
6.30243022,33.77558883,2.87783654
6.28273474,33.82378011,2.73184563
11.95347785,16.07556073,1.55586951
11.91113355,16.14739717,1.40566579
12.89345838,16.64406720,1.67018933
12.85222359,16.70565031,1.52495837
13.84543459,17.21218713,1.75844857
13.80197916,17.26410855,1.62041070
14.80763915,17.81984954,1.81221814
14.75764345,17.86357647,1.67853998
15.40692932,18.38029949,1.83780823
15.35393004,18.41892913,1.70334346
16.03226727,18.95575798,1.82122105
15.97365901,18.99167553,1.68522219
16.66754077,19.54497012,1.77230104
16.60437299,19.57911363,1.63609125
17.28961554,20.15546958,1.70818949
17.22492393,20.19023491,1.57350447
14.32219869,32.03480083,2.64273645
13.25214879,32.32767772,2.67849651
14.26136788,32.09075085,2.50495695
13.19905228,32.38497449,2.53917206
12.18834241,32.61650350,2.72735302
12.14279363,32.67470001,2.58446734
11.14442462,32.90205497,2.79750771
11.10495692,32.96016081,2.65015635
17.40303136,21.11477016,1.72296140
17.33962693,21.15607340,1.58955560
17.55153335,22.14203809,1.73003350
17.48159747,22.18943541,1.60078906
17.69964701,23.22501544,1.76100376
17.61518281,23.27360777,1.63805529
17.85627044,24.34794291,1.82190635
17.76151307,24.39492801,1.70329008
17.31298667,25.36243819,1.92151252
17.23098979,25.41395557,1.79843615
16.87640390,26.44276593,2.00631016
16.80534024,26.49685526,1.87839388
16.49692063,27.56825789,2.08778454
16.42929214,27.62403750,1.95678659
16.10702828,28.72424055,2.15254548
16.04177224,28.78420607,2.01511794
15.68527437,29.54283783,2.27190487
15.62412507,29.60552202,2.12741702
15.23075188,30.35383170,2.37130252
15.17102083,30.41479939,2.22405052
14.76920421,31.17928565,2.48210724
14.70853501,31.23709263,2.33893650
1.73231220,14.49252473,-0.08412261
3.29460702,14.50330984,0.00417128
4.84151169,14.53161944,0.13020686
6.36143770,14.55357676,0.30255712
5.07391410,34.17547000,2.56275288
3.81409065,34.14807911,2.49966375
2.56431759,34.17270080,2.46696443
1.31377946,34.22863668,2.47302703
7.56363417,14.76304656,0.52924443
8.72494006,15.00728721,0.74862910
9.84769880,15.30508384,0.93780028
10.93887432,15.66282827,1.08634941
10.06516634,33.29849924,2.57120097
8.75832792,33.47218588,2.58528197
7.48901419,33.65212848,2.58892406
6.26330077,33.88101248,2.57773065
11.87461462,16.20962590,1.24897386
12.80822052,16.77968453,1.37964834
13.75024646,17.36279605,1.48128121
14.70278014,17.96146585,1.54154654
15.29321679,18.49072776,1.56983294
15.87999832,19.04391453,1.56105350
16.46040494,19.62932141,1.51981685
17.04299911,20.25230101,1.45792087
14.14247536,32.07484285,2.34907218
13.10748270,32.39189284,2.38424867
12.08152003,32.71582281,2.43290534
11.06669855,33.02289507,2.49586416
17.21145312,21.21410434,1.46195094
17.37917629,22.24299135,1.47723873
17.50507377,23.32287051,1.52180481
17.61496934,24.43996971,1.59203429
17.11204762,25.46077391,1.67392773
16.67946780,26.53304959,1.74989005
16.28285711,27.63888696,1.82519043
15.90029027,28.78542633,1.87580329
15.49949146,29.61684007,1.98288763
15.07448718,30.44545877,2.07816283
14.61894197,31.26254370,2.19364460
-1.21881434,34.28943244,1.64826344
0.04109784,34.34752412,1.65662768
-1.22449571,34.33416104,1.02934251
0.02776128,34.38200033,1.05501157
1.28899887,34.27287223,1.64367040
1.27085164,34.30742421,1.06685433
-2.48397032,34.25027420,1.62647580
-2.48247632,34.30812931,0.99738932
2.53303771,34.21688953,1.66377661
2.51305027,34.25352809,1.10801452
-3.74935342,34.24518612,1.56775983
-3.74401498,34.31576721,0.93538707
3.78018612,34.19452708,1.71564979
3.76071241,34.23306634,1.17346943
-5.01131647,34.29063463,1.47488237
-5.00745485,34.37085919,0.84339972
5.03884765,34.22102982,1.78605132
5.02051341,34.25882214,1.24962975
-6.20823264,34.03042304,1.32384320
-6.20982427,34.12795483,0.70994782
6.23092840,33.95073074,1.80205974
6.21341807,33.99341671,1.26842980
-7.40579677,33.82017799,1.17081762
-7.41612621,33.92470374,0.57426800
7.45470357,33.73313341,1.80904552
7.43286564,33.77413472,1.27685909
-8.60590117,33.65428751,1.03039280
-8.62663016,33.75703389,0.44944904
8.71291885,33.54867681,1.80526879
8.67863314,33.58062127,1.27726880
-9.80859289,33.51820287,0.91701734
-9.84004077,33.61284718,0.34673763
9.99772602,33.35814495,1.80063621
9.94331340,33.37764117,1.28013014
-10.72299104,33.32281682,0.80329505
-10.76331064,33.40999694,0.24315874
10.98284518,33.07450948,1.75220665
10.91312978,33.09172477,1.24539153
-11.63817944,33.12883951,0.71788127
-11.68779296,33.20846267,0.16160957
11.98010782,32.76045248,1.71884615
11.89615272,32.77910084,1.22421000
-12.55273413,32.92902158,0.65654289
-12.61170895,33.00327573,0.09931727
12.98833674,32.42889900,1.69752034
12.89317591,32.45052403,1.21342842
-13.46554348,32.71776957,0.60584574
-13.53390959,32.79070448,0.04775808
14.00369845,32.10156488,1.68214266
13.89957874,32.12462992,1.20577181
-13.88352765,32.07372922,0.48563585
-13.95840356,32.15697481,-0.05777350
14.49925155,31.31861381,1.55213413
14.40725946,31.36489527,1.10267385
-14.30481165,31.42416371,0.37681604
-14.38392131,31.51244096,-0.14976988
14.97113108,30.52859771,1.44612683
14.88485902,30.58949493,1.01093507
-14.73298723,30.77576303,0.27459012
-14.81257103,30.86261184,-0.23141973
15.41245942,29.72808834,1.36164129
15.33075757,29.80289500,0.93336105
-15.17233917,30.13511016,0.17234030
-15.24922333,30.21610216,-0.30896835
15.81747142,28.91003605,1.28253236
15.74430443,29.00165267,0.86343303
-15.61678118,29.26958515,0.15561055
-15.68168510,29.33744016,-0.30261231
16.18627459,27.75243034,1.25270725
16.11552717,27.85569374,0.84306260
-16.09730478,28.46036803,0.11181661
-16.14717417,28.50134834,-0.32009611
16.56038999,26.62566133,1.19373545
16.47617004,26.71608890,0.79326440
-16.62502101,27.72704117,0.04185584
-16.66056702,27.73592840,-0.37014696
16.96749283,25.54739530,1.13764550
16.86596019,25.62798515,0.74483648
-17.20650058,27.06406495,-0.03852377
-17.22983073,27.04644427,-0.44369695
17.43578953,24.51994118,1.08020200
17.31117193,24.59554448,0.70266874
-17.08850707,26.35623018,-0.06779481
-17.10350589,26.32124527,-0.46370450
17.33841868,23.39791544,1.01638507
17.21231999,23.46978153,0.64856326
-17.01402109,25.63555705,-0.08088433
-17.02058035,25.58845434,-0.47594974
17.25552520,22.31462231,0.96404012
17.15005565,22.38425860,0.59342399
-16.99587524,24.87623111,-0.06747934
-16.99251107,24.82513096,-0.46878623
17.12618968,21.27293433,0.94199340
17.05754714,21.33842725,0.56179833
-17.04230595,24.02575910,-0.02857564
-17.02780391,23.99063727,-0.43841840
16.96849153,20.28753615,0.93672868
16.92026085,20.33889629,0.55166883
-16.54352609,23.27817813,0.11279098
-16.52417488,23.27401121,-0.29971619
16.39651473,19.64908201,0.99309540
16.35590447,19.68865248,0.60019111
-16.00134518,22.40335666,0.26588293
-15.98932550,22.43118050,-0.15299372
15.83538185,19.05153888,1.03414068
15.80311444,19.08020717,0.63744570
-15.35096081,21.45162719,0.41861353
-15.36543366,21.50010380,-0.01140713
15.27332131,18.49014036,1.04532035
15.25561960,18.50990456,0.64726084
-14.58126817,20.49244135,0.53985699
-14.62401144,20.55619091,0.10156227
14.70490344,17.95852449,1.01838006
14.70476932,17.97198781,0.61949672
-13.28926913,19.37555831,0.63303125
-13.34874468,19.45969160,0.18448986
13.76825625,17.36881365,0.95205264
13.78771060,17.38099077,0.54948689
-1.37825913,14.71468610,-0.67237469
0.18422383,14.59203494,-0.71084253
-1.36991424,14.75368410,-1.10815354
0.19896219,14.63412894,-1.14864829
-12.09876032,18.42618531,0.60428520
-12.17655913,18.52398614,0.14322517
1.75393695,14.55503004,-0.65714264
1.77347733,14.59801437,-1.09289705
12.82813644,16.80515587,0.83326841
12.85567113,16.82534892,0.42221133
-2.92123812,14.90613249,-0.60386718
-2.91933157,14.94269099,-1.02347177
-11.06590506,17.61952597,0.48642346
-11.14641529,17.71942082,0.02610729
3.31783390,14.56472143,-0.56256488
3.33955654,14.60378446,-0.99586142
11.88915954,16.25547670,0.67850597
11.91649469,16.28808579,0.25310413
-4.43876696,15.13294597,-0.51288661
-4.44295854,15.17421011,-0.91311673
-10.16122116,16.91225140,0.32348678
-10.22659384,17.00972477,-0.12778888
4.86197608,14.59012258,-0.43483531
4.88263148,14.62286139,-0.86900665
10.94804492,15.72221420,0.49634165
10.97124832,15.76466872,0.05455304
-5.92083990,15.34261303,-0.38236795
-5.93142285,15.39975733,-0.77805816
-9.16474425,16.44527556,0.18165610
-9.21448950,16.53774849,-0.25623863
6.37586782,14.61247520,-0.26860072
6.39377589,14.64258800,-0.70949413
9.85340919,15.36975258,0.34204631
9.87157937,15.41509709,-0.11002503
-7.07296170,15.68647148,-0.18387076
-7.09330660,15.75846740,-0.58749026
-8.15056953,16.04352970,0.01103418
-8.18420211,16.12798012,-0.40919926
7.57303021,14.82409862,-0.05075818
7.58883280,14.85920231,-0.49834621
8.73091409,15.07153344,0.15830577
8.74646772,15.11302428,-0.29476700
-1.23396818,34.42857683,0.25049107
0.01375519,34.47852208,0.30527544
1.25495052,34.40835355,0.34969475
-2.48663792,34.40739944,0.19362021
2.49858961,34.36113622,0.41540303
-3.74583920,34.42749615,0.11676114
3.75061924,34.34744601,0.49683202
-5.01317724,34.50217516,0.02074732
5.01659514,34.37995538,0.58229610
-6.22300951,34.27831730,-0.09614027
6.21096858,34.10373333,0.61153184
-7.44173230,34.09228914,-0.21007284
7.42564669,33.87047979,0.62984838
-8.66739005,33.93457978,-0.31162871
8.65774372,33.65952873,0.64209949
-9.89708224,33.79099561,-0.39354019
9.90017779,33.43993634,0.65637127
-10.83334276,33.58010702,-0.47542212
10.84902643,33.14483598,0.63408010
-11.77159601,33.36733084,-0.54321590
11.81135129,32.82788811,0.61910042
-12.71112524,33.15047930,-0.60115000
12.79102632,32.49876431,0.60836905
-13.65045086,32.92917615,-0.65555681
13.78667779,32.17407844,0.59662362
-14.07987606,32.28481641,-0.74420483
14.29801235,31.43284671,0.52157100
-14.51053577,31.63863784,-0.82132993
14.78095395,30.67557579,0.45883824
-14.94275483,30.98665334,-0.88446075
15.22570793,29.89902817,0.39810070
-15.37890433,30.33198771,-0.93649099
15.63858814,29.10896800,0.33963031
-15.80146675,29.44086623,-0.90722504
16.02003077,27.99432857,0.32281684
-16.24909981,28.58068579,-0.89119822
16.37246628,26.85514259,0.28422150
-16.74242654,27.77544274,-0.91103102
16.74425249,25.75183198,0.23816668
-17.29447149,27.04415087,-0.96914348
17.16258097,24.71086289,0.20639739
-17.15410686,26.28576774,-0.97315891
17.05715217,23.58216726,0.16811963
-17.05934484,25.53071707,-0.98091956
17.00420866,22.49328818,0.11537797
-17.01943954,24.74992810,-0.97934102
16.95272632,21.44465511,0.07127384
-17.04253817,23.91453572,-0.96360582
16.85823119,20.43440502,0.04933789
-16.53090000,23.22430635,-0.83481007
16.31553942,19.77457374,0.08333324
-16.00154596,22.43014398,-0.69810628
15.76980169,19.15092765,0.11098163
-15.40501738,21.54049021,-0.57332870
15.23368746,18.56705192,0.11516515
-14.71429687,20.62521508,-0.47959875
14.70115384,18.01805398,0.08349338
-13.48586263,19.56186730,-0.41388194
13.81265015,17.41805320,0.00810691
-1.35844544,14.82292656,-1.68181176
0.22025096,14.71154189,-1.72474395
-12.33511030,18.64682190,-0.47040077
1.80176026,14.67712984,-1.67144078
12.90046619,16.86266828,-0.12759973
-2.91939850,15.00286174,-1.57991136
-11.31628414,17.84553420,-0.59484582
3.37172209,14.67513853,-1.57638152
11.96903225,16.33498315,-0.31070607
-4.45570144,15.23105036,-1.44498932
-10.38239383,17.12760725,-0.74204425
4.91659475,14.68179422,-1.45325782
11.02287977,15.82297780,-0.52712785
-5.96100946,15.46450682,-1.30237869
-9.33572784,16.64437818,-0.84907236
6.42871393,14.69330000,-1.30243310
9.91725536,15.48067480,-0.70525471
-7.14504612,15.83730910,-1.12383611
-8.26758889,16.22152159,-0.97264783
7.62513824,14.91605341,-1.09706288
8.78624618,15.17690997,-0.89570686
-1.23617935,34.72203992,-0.72858749
0.01430606,34.78367937,-0.64306964
1.25954258,34.71535473,-0.56726484
-2.49084716,34.69956232,-0.81401893
2.51042947,34.67691259,-0.47794119
-3.75512784,34.73106208,-0.90602956
3.77378804,34.67743594,-0.37737663
-5.03449438,34.83093323,-0.99750887
5.05536916,34.72863871,-0.27086276
-6.25812887,34.59637130,-1.10161046
6.25792753,34.42315322,-0.21381125
-7.49487793,34.41108756,-1.19732108
7.47724072,34.16127345,-0.16677754
-8.74172998,34.25791925,-1.28011742
8.70792329,33.92336447,-0.12632857
-9.99401276,34.11716734,-1.34720515
9.94245750,33.68126330,-0.08954707
-10.94546927,33.89474755,-1.41175320
10.87252028,33.36036900,-0.09588537
-11.90054658,33.66983617,-1.46529118
11.81235173,33.02358391,-0.10628020
-12.86007303,33.44155529,-1.51260166
12.77063342,32.68005021,-0.12392385
-13.82479126,33.21055071,-1.56105971
13.75311513,32.34724354,-0.15066362
-14.25674409,32.51509758,-1.62216618
14.21887870,31.57009768,-0.22227092
-14.69265288,31.83409650,-1.67637491
14.68733875,30.80900830,-0.26369119
-15.13112435,31.16180026,-1.72034848
15.12471861,30.03818397,-0.29147866
-15.57276439,30.49284066,-1.74906141
15.52483939,29.24911824,-0.32498517
-15.99745498,29.58456077,-1.70158009
15.89439703,28.15696772,-0.33897589
-16.43307588,28.70305632,-1.64901008
16.24932873,27.04492522,-0.36724347
-16.90291200,27.86441908,-1.62537900
16.60665319,25.93824882,-0.41132049
-17.43067881,27.08265904,-1.65331175
17.00129632,24.88335911,-0.44510744
-17.26715134,26.26629402,-1.63089851
16.88765424,23.75229898,-0.47129192
-17.15417226,25.47010489,-1.62790623
16.82509229,22.66089364,-0.50997108
-17.09917937,24.65788732,-1.62870621
16.79658625,21.60777513,-0.56272220
-17.10848280,23.79602047,-1.63049799
16.76132484,20.59143519,-0.60592372
-16.58559300,23.11593884,-1.52051194
16.26782416,19.93342490,-0.59484232
-16.06025863,22.36827418,-1.40890167
15.74820730,19.30026278,-0.58825684
-15.48778026,21.54664789,-1.30934510
15.22262866,18.69912340,-0.59871095
-14.84808926,20.68562072,-1.24797141
14.70132087,18.13340041,-0.63938795
-13.70445989,19.67380646,-1.22027723
13.84019421,17.51765711,-0.72362075
-1.34007449,14.98676194,-2.42255173
0.24935952,14.88252478,-2.47509989
-12.58626521,18.79173604,-1.29647397
1.83936645,14.84311748,-2.43622058
12.95655984,16.95251760,-0.86715675
-2.91514420,15.15064569,-2.30268298
-11.56015520,18.00308339,-1.42146810
3.41696850,14.82255630,-2.35059673
12.04593879,16.42355057,-1.06173480
-4.46907470,15.36203998,-2.14170485
-10.60207298,17.28112631,-1.55411595
4.97003426,14.80624793,-2.23416519
11.10939196,15.91780942,-1.29415757
-6.00004009,15.58583701,-1.98877074
-9.50644193,16.78957759,-1.62684148
6.49108345,14.80221736,-2.09328011
10.00164113,15.58607288,-1.48681949
-7.21641023,15.96408367,-1.82392726
-8.38462989,16.35723433,-1.70819715
7.69486946,15.02547191,-1.89018018
8.86377757,15.28730168,-1.68661730
-1.21113809,35.22262706,-1.99538138
0.05005320,35.29563922,-1.87803814
1.30398923,35.23264310,-1.76728029
-2.47824911,35.19600190,-2.10820214
2.56471181,35.20435050,-1.64702937
-3.75881323,35.22888211,-2.21380666
3.84033714,35.21618348,-1.51396145
-5.06028945,35.33390663,-2.30097036
5.13802800,35.27705306,-1.36777884
-6.30921494,35.09408980,-2.37631710
6.35512800,34.95413209,-1.26843601
-7.57537937,34.90911139,-2.43469070
7.59270113,34.67550172,-1.17412649
-8.85500006,34.76051075,-2.48136996
8.84592351,34.42554039,-1.08943142
-10.14185095,34.62590134,-2.52182754
10.10805536,34.18065036,-1.01954051
-11.11546363,34.39049159,-2.56872892
11.05310067,33.84814048,-1.00226247
-12.09227302,34.15288403,-2.61481747
12.00587068,33.50472986,-0.99839945
-13.07506191,33.91553842,-2.65971148
12.97478826,33.15718762,-1.00926450
-14.06821375,33.68266512,-2.70583337
13.96809735,32.82207841,-1.03350502
-14.48739477,32.91344013,-2.75907653
14.32527480,31.93707958,-1.11412807
-14.91986465,32.16680661,-2.78782375
14.70632329,31.08981353,-1.17029562
-15.36419360,31.43725478,-2.80082077
15.09874453,30.27701197,-1.19157318
-15.81755558,30.72475453,-2.80006324
15.47219147,29.47049423,-1.19480105
-16.26598680,29.78370075,-2.73969182
15.79524033,28.37020053,-1.19338786
-16.71735080,28.86845912,-2.65441375
16.12579968,27.26925090,-1.21636572
-17.17986258,27.99787084,-2.57806355
16.47624432,26.18416182,-1.25435050
-17.68188640,27.17960446,-2.55272674
16.85472304,25.12835852,-1.29746640
-17.48037129,26.29399098,-2.48416507
16.73878924,23.99736786,-1.32631842
-17.33905256,25.42873294,-2.45925727
16.65685863,22.90509116,-1.35173540
-17.26180101,24.56374820,-2.45839325
16.61465593,21.84835510,-1.39571214
-17.25392098,23.65831276,-2.47772231
16.60745586,20.82271071,-1.45968972
-16.71362010,22.96641751,-2.38748929
16.17345531,20.17517537,-1.47856590
-16.18427942,22.24200501,-2.31490231
15.71470959,19.55133992,-1.50589455
-15.63059717,21.48876188,-2.26758651
15.23126328,18.94951766,-1.54755202
-15.02859024,20.71564314,-2.25986420
14.73307742,18.37113843,-1.61153258
-13.95342144,19.79035374,-2.29921215
13.88975874,17.73915287,-1.71450782
-1.32007745,15.28457454,-3.38648244
0.27765675,15.16616593,-3.45633166
-12.87993333,18.95212944,-2.41609232
1.87657344,15.10303431,-3.42958220
13.02503107,17.15850404,-1.86395796
-2.90615298,15.44426580,-3.23681243
-11.84608813,18.19111679,-2.53949382
3.46662063,15.05397875,-3.34647010
12.13454036,16.61909022,-2.05993754
-4.47590256,15.63631756,-3.03743778
-10.84381897,17.48751497,-2.62848656
5.03598474,15.01399842,-3.23346519
11.21296676,16.10870057,-2.29285412
-6.03138388,15.83945661,-2.86170987
-9.68222625,17.01147665,-2.62758135
6.57471159,14.99787380,-3.10195479
10.11055874,15.77831818,-2.48892934
-7.28102880,16.20705074,-2.70827351
-8.49829474,16.59100870,-2.63915902
7.79101213,15.21946320,-2.89919237
8.96929719,15.48085064,-2.69342333
-1.16377707,35.75838685,-3.64048047
0.11292495,35.85660016,-3.50347687
1.37628792,35.80832902,-3.36355195
-2.45217098,35.70496053,-3.78235903
2.64112058,35.78649144,-3.20997837
-3.75943904,35.71175774,-3.92323558
3.91654290,35.79455952,-3.03511016
-5.09195067,35.79190704,-4.04492330
5.21197185,35.84230404,-2.84250571
-6.37122080,35.54322068,-4.10841828
6.43223245,35.50344180,-2.67304030
-7.66866974,35.35686253,-4.13219657
7.67820932,35.21376914,-2.51919117
-8.98195222,35.21226626,-4.12986941
8.94609640,34.95954310,-2.39182317
-10.30726385,35.08679939,-4.12156434
10.22969560,34.71706656,-2.30342988
-11.31297668,34.86113786,-4.11700377
11.19673163,34.38563037,-2.26512934
-12.32400666,34.63541561,-4.12391030
12.17489631,34.04740020,-2.24883437
-13.34200513,34.41045598,-4.14123742
13.17026562,33.70739656,-2.24909824
-14.37137829,34.19090128,-4.16759796
14.18797186,33.37896243,-2.25886939
-14.78796457,33.39813060,-4.20481589
14.57082458,32.50991530,-2.26233582
-15.20812139,32.60934993,-4.22490194
14.93371621,31.63517194,-2.27018332
-15.63604591,31.83438726,-4.21345839
15.26315946,30.75072907,-2.28479901
-16.08038146,31.07296868,-4.17179207
15.57623026,29.87444972,-2.29310978
-16.54751112,30.07599084,-4.09794143
15.83865742,28.73265451,-2.30614282
-17.04461899,29.10989012,-3.99116845
16.11360022,27.59763163,-2.32782570
-17.55603922,28.18587614,-3.86013949
16.43332020,26.49146348,-2.37407612
-18.07584083,27.31660037,-3.75739304
16.80329424,25.43846506,-2.42924301
-17.83872352,26.37846174,-3.61969033
16.68126320,24.32904106,-2.46457089
-17.65340853,25.44606528,-3.53802259
16.58851593,23.23984456,-2.49523011
-17.54202323,24.50411348,-3.52068893
16.51053854,22.17867471,-2.52303116
-17.50792275,23.53842470,-3.56135816
16.47088147,21.14409552,-2.57850957
-16.94188205,22.83249740,-3.48680742
16.04837327,20.50537816,-2.62205648
-16.39208988,22.11565820,-3.44672153
15.62548320,19.88876827,-2.68584233
-15.83091554,21.40907383,-3.46222714
15.19384687,19.29615379,-2.76883022
-15.24121447,20.72518469,-3.54286157
14.74808365,18.72670020,-2.87210585
-14.19899302,19.93927683,-3.69802666
13.95169624,18.10797681,-3.01897671
-1.32046099,15.71071969,-4.65849851
0.28737024,15.56821346,-4.72548688
-13.14503458,19.18883434,-3.89035115
1.89889740,15.48033883,-4.68630963
13.11407622,17.52965238,-3.19334738
-2.91425085,15.87222595,-4.47032286
-12.10405505,18.45606719,-4.01858204
3.50509326,15.41588001,-4.59335630
12.23725939,16.98712452,-3.39105251
-4.49332104,16.04301092,-4.20319173
-11.07067883,17.75739712,-4.03911107
5.09314594,15.37309357,-4.48040715
11.32077141,16.47478956,-3.60600489
-6.06753872,16.21799207,-3.97674015
-9.85617242,17.30211517,-3.92133233
6.65015785,15.36420035,-4.35571828
10.21576023,16.14740936,-3.77973016
-7.34918344,16.55620303,-3.82847412
-8.61435326,16.91136031,-3.82423566
7.87990527,15.58893836,-4.15891554
9.06827010,15.85146467,-3.96533220
-1.12954638,36.16509876,-4.87300345
0.16185996,36.27607736,-4.75640867
1.43259392,36.22802194,-4.62064572
-2.43661726,36.09120122,-5.01723998
2.69734135,36.19869476,-4.45642185
-3.76560481,36.07181424,-5.18969599
3.96583884,36.19116538,-4.25316744
-5.12150036,36.12394988,-5.36397798
5.25041339,36.21655298,-4.02895066
-6.42607378,35.85415963,-5.44796878
6.45654129,35.85523843,-3.80525979
-7.74764263,35.65871828,-5.46346421
7.69333643,35.54481179,-3.62209893
-9.08234714,35.51478053,-5.41836389
8.95698983,35.27490312,-3.48924539
-10.42772154,35.39126727,-5.35296348
10.23974460,35.02245579,-3.41147334
-11.44910733,35.16292143,-5.29572452
11.21060984,34.68753573,-3.35974559
-12.47810267,34.93134057,-5.26598882
12.19294045,34.34780581,-3.32670530
-13.51655337,34.69927083,-5.26056396
13.19085018,34.00645218,-3.30320777
-14.56798609,34.47320816,-5.27382365
14.20976601,33.67532529,-3.28586553
-14.99931572,33.68859489,-5.28849295
14.60562320,32.81305590,-3.23076161
-15.42862383,32.89776804,-5.29876284
14.99669834,31.95705935,-3.18094708
-15.85704760,32.10739890,-5.28549407
15.36720640,31.10121111,-3.13363371
-16.28782015,31.32692511,-5.23048258
15.69668529,30.22954808,-3.09999877
-16.72772623,30.31615435,-5.14221104
15.94055955,29.06978959,-3.12458409
-17.22152985,29.32166791,-5.01938742
16.19350281,27.91458434,-3.15982838
-17.76535108,28.35971953,-4.87634987
16.49166737,26.78027303,-3.21521434
-18.33614712,27.44673340,-4.72118316
16.85956419,25.69409190,-3.29013256
-18.12531508,26.45372764,-4.52557621
16.73571052,24.58081267,-3.34350292
-17.92489704,25.48831078,-4.39255984
16.64477607,23.49868309,-3.38715654
-17.78377540,24.51214604,-4.33586358
16.55846728,22.43805663,-3.42065596
-17.72553822,23.50327113,-4.37644266
16.48237481,21.39600184,-3.45710985
-17.13980509,22.78675705,-4.32088318
16.02984037,20.76191322,-3.49352134
-16.57081019,22.07482665,-4.29519864
15.59218032,20.15031684,-3.56285526
-15.99409166,21.39069097,-4.33536119
15.16119255,19.56076497,-3.66383675
-15.39453616,20.74687085,-4.46033988
14.72861723,18.99264537,-3.79263958
-14.34563621,20.04089241,-4.69098381
13.95550659,18.38102958,-3.97478940
-1.33623637,16.06051514,-5.62125535
0.28313283,15.90950782,-5.66469659
-13.28314443,19.37017494,-4.95309084
1.90298653,15.81488280,-5.60465213
13.13852656,17.81168661,-4.17607892
-2.94217496,16.21239890,-5.42574038
-12.22848923,18.68991893,-5.10719868
3.51553861,15.75099079,-5.49738492
12.27513704,17.27996735,-4.38531365
-4.52940020,16.34946745,-5.10398702
-11.18091207,17.99556394,-5.07972258
5.10925821,15.71594062,-5.37801579
11.36445943,16.78057201,-4.59295469
-6.11008636,16.48752236,-4.81867261
-9.95249451,17.52068492,-4.86866546
6.67173439,15.71502902,-5.25669821
10.25414696,16.46698297,-4.73947427
-7.40520002,16.79582489,-4.65747550
-8.69088003,17.13072601,-4.69135606
7.90602785,15.93307944,-5.06751779
9.10008808,16.18457487,-4.89522698
-1.09696368,36.47171679,-5.86492855
0.20805693,36.57902306,-5.78391347
1.48581333,36.52714763,-5.64781456
-2.41946934,36.39271458,-5.98261531
2.75133558,36.49461819,-5.46267741
-3.76395863,36.35899806,-6.15337125
4.01501297,36.48390702,-5.22556768
-5.13397349,36.38900944,-6.34947850
5.29103813,36.50176931,-4.97012546
-6.45525323,36.09750077,-6.46042221
6.48548768,36.13144715,-4.70868901
-7.79295343,35.88535170,-6.49759207
7.71237070,35.80456780,-4.51092000
-9.14327731,35.73580746,-6.44121334
8.96687226,35.51679285,-4.37806940
-10.50331500,35.61684127,-6.32928496
10.23985244,35.24942476,-4.30233895
-11.53645652,35.39268610,-6.21245094
11.20272904,34.90426995,-4.23441023
-12.57719362,35.16063888,-6.13138831
12.17872737,34.55800027,-4.18325492
-13.62797439,34.92326644,-6.09119593
13.17189227,34.21283374,-4.13724077
-14.69201820,34.68833233,-6.08596676
14.18694618,33.87915013,-4.09173102
-15.13828037,33.90570521,-6.08182504
14.59208852,33.02144925,-3.98844645
-15.58237523,33.11395957,-6.08483424
14.98757568,32.16259775,-3.90423926
-16.02234746,32.31724070,-6.07310638
15.36901577,31.30905809,-3.82617244
-16.45876335,31.52202116,-6.02541306
15.72740854,30.45617885,-3.75019720
-16.88887243,30.50107768,-5.95475840
15.99935370,29.32710257,-3.74658093
-17.34932660,29.49788183,-5.81286936
16.25382307,28.17396840,-3.78090697
-17.88030145,28.51516716,-5.65346195
16.54443628,27.03150874,-3.83985824
-18.47133882,27.57138558,-5.48961949
16.90520255,25.92485120,-3.92065525
-18.30368270,26.53571135,-5.25122116
16.78686672,24.78982809,-3.99718046
-18.12647182,25.53372100,-5.07730812
16.71543468,23.70081878,-4.05852378
-17.97394259,24.53934648,-4.98635474
16.64074753,22.64091959,-4.10728670
-17.89403755,23.51261973,-5.00477540
16.56016355,21.59772869,-4.14933215
-17.29503185,22.78903444,-4.96700881
16.08033955,20.96703070,-4.17900901
-16.71250490,22.07808493,-4.95760836
15.61409962,20.35623024,-4.23534794
-16.12410736,21.40233792,-5.01095806
15.16318475,19.76797788,-4.32805478
-15.51641371,20.77284043,-5.15334056
14.72046200,19.20291045,-4.45794680
-14.45872105,20.09668791,-5.42059819
13.94676894,18.59887653,-4.65837270
-1.34431980,16.31445906,-6.34080504
0.27988017,16.16615401,-6.36725419
-13.38409496,19.46033930,-5.72179588
1.90055571,16.07163487,-6.28440066
13.13562815,18.03522300,-4.88312269
-2.95986134,16.45762879,-6.15484878
-12.31082118,18.81940770,-5.90143722
3.51131974,16.00631525,-6.14646710
12.27883496,17.50770971,-5.11058949
-4.56036037,16.57127222,-5.81973016
-11.24231595,18.15976992,-5.86633017
5.10296141,15.97167311,-6.00429587
11.37226090,17.01276075,-5.32338520
-6.15021462,16.67303139,-5.48866036
-10.00402252,17.68358824,-5.60377722
6.66565768,15.97114806,-5.88318356
10.25963095,16.70412605,-5.45165940
-7.44995103,16.95604082,-5.30697546
-8.73956456,17.28292757,-5.36601307
7.90222251,16.18271619,-5.71196005
9.10088687,16.42748843,-5.57301966
-1.06552278,36.68123055,-6.69300168
0.24986432,36.77883591,-6.64379161
1.53262553,36.72605004,-6.49303040
-2.39951652,36.60940198,-6.76613766
2.79893657,36.69867801,-6.27472943
-3.75447058,36.57366068,-6.90048111
4.05918930,36.69554270,-6.00032697
-5.13300137,36.59152737,-7.07724190
5.32833833,36.71731629,-5.71458903
-6.46494559,36.28564836,-7.19355514
6.51213559,36.34638518,-5.41651588
-7.81286854,36.05589999,-7.25427114
7.73063618,36.01188558,-5.20515727
-9.17378125,35.89425775,-7.21371186
8.97825866,35.71251974,-5.07150083
-10.54497422,35.77590837,-7.09114724
10.24348070,35.43422686,-4.99348345
-11.58731239,35.55838913,-6.93796427
11.19883781,35.07885100,-4.90882489
-12.63629450,35.33178706,-6.81183625
12.16668147,34.72450535,-4.83806830
-13.69531461,35.09466915,-6.73157319
13.15237714,34.37325597,-4.77322600
-14.76800783,34.85519454,-6.69915356
14.16006672,34.03423500,-4.70873575
-15.22629938,34.07586944,-6.66914815
14.56557973,33.17572337,-4.57384176
-15.68297139,33.28423756,-6.66136233
14.96761397,32.31804170,-4.45913102
-16.13594344,32.48489201,-6.64922798
15.35181078,31.45997449,-4.36151549
-16.58293785,31.68232855,-6.60780535
15.71682225,30.60637179,-4.26505369
-17.02178346,30.65329940,-6.56574081
16.01120438,29.50213373,-4.23763528
-17.46743651,29.64052736,-6.43293325
16.28080939,28.36910331,-4.25495604
-17.96470549,28.64814209,-6.25072423
16.57190367,27.22906829,-4.31052068
-18.54569477,27.68432346,-6.07701097
16.92456758,26.11498947,-4.38921324
-18.40046535,26.61938961,-5.82977761
16.79833496,24.96569524,-4.47738527
-18.25693809,25.58608600,-5.62233632
16.74917781,23.86410095,-4.55416358
-18.11367751,24.57206403,-5.50690111
16.69881199,22.79989821,-4.61535237
-18.02072823,23.53769446,-5.50156371
16.63102080,21.75692417,-4.67098315
-17.41212769,22.81385969,-5.47502507
16.14226655,21.13110826,-4.70902159
-16.82162150,22.10272922,-5.48323028
15.65835342,20.52233573,-4.76163788
-16.22650807,21.42928482,-5.55076570
15.18651015,19.93414284,-4.84250252
-15.61326386,20.80322677,-5.70264249
14.72610685,19.36932200,-4.96018614
-14.54869255,20.13747286,-5.98922376
13.94081186,18.76974179,-5.15794190
-1.34531922,16.49589659,-6.88082061
0.27905993,16.35292814,-6.89537108
-13.46327993,19.51529603,-6.30858245
1.89734114,16.26007824,-6.79566938
13.12578543,18.21279167,-5.39089593
-2.96455705,16.63097088,-6.70744773
-12.37369121,18.89584323,-6.50111657
3.50397914,16.19349189,-6.63307347
12.26967247,17.69187830,-5.63248640
-4.57348678,16.73438435,-6.39011143
-11.28625639,18.26526360,-6.47341989
5.09184155,16.15793048,-6.47349587
11.36523841,17.20125573,-5.85939391
-6.17422729,16.81468758,-6.04973619
-10.03486931,17.80599464,-6.20346381
6.65377564,16.15814152,-6.35775823
10.25383013,16.89320729,-5.99275670
-7.47769441,17.08002848,-5.85660729
-8.76725701,17.40397155,-5.93389819
7.89197867,16.36883274,-6.20884005
9.09346692,16.61470866,-6.09792175
-1.03695988,36.81977235,-7.37008704
0.28415137,36.91208547,-7.33922380
1.56968254,36.86510884,-7.16792652
-2.37825121,36.75715765,-7.39939825
2.83665429,36.84841861,-6.91925183
-3.74022172,36.72561332,-7.48288902
4.09552830,36.85655571,-6.61701177
-5.12454608,36.73860272,-7.61853380
5.36075279,36.88558969,-6.31060369
-6.46446109,36.42823983,-7.72211985
6.53648065,36.51600406,-5.98152579
-7.81921545,36.18676988,-7.79606105
7.74622628,36.17642583,-5.74965723
-9.18729557,36.01254203,-7.77831450
8.98695480,35.86951764,-5.60709931
-10.56681433,35.88822332,-7.66734464
10.24699794,35.58333562,-5.52708179
-11.61667359,35.67480980,-7.50124284
11.19786701,35.21957237,-5.43380005
-12.67194862,35.45531994,-7.34683752
12.15932513,34.85700590,-5.35117195
-13.73641685,35.22241682,-7.23329905
13.13719149,34.49820096,-5.27192772
-14.81433054,34.98227025,-7.17286022
14.13621237,34.15203050,-5.19063751
-15.28180391,34.20683216,-7.11420022
14.54034538,33.29383753,-5.02300740
-15.74802407,33.41689825,-7.09055723
14.94410452,32.43549738,-4.88557875
-16.21126869,32.61642218,-7.07461290
15.33436173,31.57732216,-4.76964451
-16.66901894,31.81059708,-7.03693243
15.70036769,30.71874873,-4.66122031
-17.11929340,30.77986860,-7.01675382
16.00266477,29.62481486,-4.62219133
-17.56733156,29.75834658,-6.90512571
16.28640794,28.51084753,-4.62207717
-18.04078128,28.75769835,-6.71673715
16.58126078,27.37955706,-4.66885542
-18.59649627,27.78157264,-6.52409493
16.92902689,26.26399927,-4.74358079
-18.45461637,26.69752231,-6.27874604
16.78905444,25.10736359,-4.83546498
-18.33370285,25.64136598,-6.05411228
16.74762597,23.99579198,-4.92114779
-18.20979721,24.60778047,-5.91803185
16.72256100,22.92517469,-4.99091580
-18.11397170,23.56627842,-5.89624742
16.67398434,21.88088440,-5.05464247
-17.49849333,22.84570787,-5.87801241
16.18785750,21.25966374,-5.10681607
-16.90315104,22.13573936,-5.89950039
15.69719737,20.65378256,-5.16426190
-16.30514943,21.46234032,-5.98158697
15.21297547,20.06705281,-5.24164266
-15.68939600,20.83590955,-6.14190088
14.73865141,19.50233350,-5.35033600
-14.62009448,20.17373454,-6.43927551
13.93892875,18.90412625,-5.53778657
-1.34340819,16.62715178,-7.28616728
0.27964617,16.48771153,-7.29101173
-13.52516593,19.55811895,-6.76316157
1.89487531,16.39653651,-7.18178220
13.11663332,18.34990723,-5.76735051
-2.96385307,16.75705908,-7.12586556
-12.42186343,18.95083580,-6.95997026
3.49754729,16.33026719,-7.00822636
12.25811462,17.83325399,-6.01421581
-4.57673977,16.85556881,-6.83399189
-11.31895898,18.33935767,-6.94187792
5.08230578,16.29548442,-6.84349516
11.35403497,17.34723500,-6.25214564
-6.18382423,16.92787584,-6.51372400
-10.05520957,17.89835081,-6.68341830
6.64343874,16.29898338,-6.73830684
10.24484740,17.04156219,-6.40155102
-7.49075605,17.18424445,-6.32405831
-8.78206240,17.50412313,-6.41019115
7.88271518,16.51256780,-6.60783038
9.08516688,16.76205953,-6.51001848
-1.21765190,34.25115220,2.13397859
0.04979308,34.31941845,2.13528344
1.30331494,34.24774342,2.10657959
-2.48914324,34.20218069,2.11449161
2.55039583,34.19200614,2.11131227
-3.75768841,34.19011647,2.05454487
3.79860584,34.16918566,2.15215852
-5.01892440,34.23344445,1.95894073
5.05785851,34.19769119,2.21839118
-6.21196060,33.96848864,1.79864531
6.24824597,33.91469774,2.23362121
-7.40385843,33.76020079,1.63706331
7.47362471,33.69197676,2.24232362
-8.59762325,33.60061946,1.48988687
8.73918479,33.51136451,2.23758528
-9.79417170,33.47272155,1.37357241
10.03774778,33.33049252,2.22721211
-10.70279487,33.28091670,1.25495579
11.03271153,33.04982611,2.16443233
-11.61221137,33.08813513,1.16726483
12.03987474,32.73755782,2.11543567
-12.52086254,32.88667823,1.10390848
13.05781771,32.40838983,2.08007965
-13.42916606,32.67246536,1.04740006
14.08350580,32.08549899,2.05442417
-13.84179608,32.01822618,0.91177568
14.56919633,31.28616551,1.90851670
-14.26060873,31.36507810,0.78589985
15.03361578,30.48245550,1.79589637
-14.68908938,30.71747049,0.66418373
15.46557059,29.66576352,1.70732547
-15.13105501,30.08108732,0.54027962
15.86617294,28.83777740,1.61493330
-15.58550086,29.23005184,0.50298687
16.24049943,27.68287937,1.57402146
-16.07681300,28.44329457,0.43915740
16.62731126,26.56911837,1.50666406
-16.61494445,27.73163828,0.35762383
17.04870222,25.49502617,1.44064611
-17.20543826,27.08374314,0.27522578
17.53645747,24.47127776,1.36933347
-17.09245805,26.38512667,0.24059564
17.43422394,23.35219074,1.30085775
-17.02414205,25.66963224,0.22840193
17.32825557,22.27054570,1.25279220
-17.01439293,24.90472327,0.24635606
17.17499345,21.23495402,1.23557068
-17.06972714,24.03254863,0.28823688
17.00897355,20.26283934,1.23184178
-16.57317495,23.26016922,0.43059593
16.43207045,19.63347682,1.29210677
-16.02268380,22.36767270,0.58825106
15.86094633,19.04326484,1.33377991
-15.35281111,21.40659309,0.74719295
15.28532423,18.48697309,1.34429321
-14.57437454,20.43993006,0.87064893
14.70347093,17.95796373,1.31680961
0.17404685,14.55970982,-0.38148327
-1.38515081,14.68388120,-0.34549650
-13.27892659,19.31107420,0.97264571
1.74077020,14.52172814,-0.33000308
13.75638782,17.36469148,1.25359243
-2.92568363,14.87455461,-0.28946291
-12.08249569,18.35322129,0.94606989
3.30369466,14.53283167,-0.23877795
12.81414071,16.79088177,1.14361406
-4.44206620,15.09346762,-0.21154712
-11.05517043,17.54366855,0.82267575
4.84931739,14.56068056,-0.11157431
11.87786010,16.23008473,1.00208238
-5.92502222,15.28503518,-0.08361462
-10.16193130,16.83342004,0.65092812
6.36647366,14.58334726,0.05875225
10.94025351,15.68944174,0.83248317
-7.07664673,15.61632671,0.11932386
-9.16762538,16.36492686,0.50147612
7.56646982,14.79267081,0.28202529
9.84818759,15.33441482,0.68293286
-8.15390380,15.96535782,0.32248305
8.72595122,15.03726915,0.49691181
-1.01314890,36.91508128,-7.91123727
0.31077330,37.00840935,-7.88675122
1.59754982,36.96894209,-7.69568936
-2.35858959,36.85756980,-7.90693554
2.86539755,36.96221699,-7.42535991
-3.72516653,36.83094380,-7.94108737
4.12413405,36.97977907,-7.10639469
-5.11353007,36.84257589,-8.03041884
5.38727353,37.01508227,-6.78846708
-6.45924303,36.53280682,-8.10928787
6.55783193,36.64878335,-6.43594234
-7.81918959,36.28583762,-8.18687590
7.76054940,36.30580345,-6.18508238
-9.19250745,36.10257123,-8.18962376
8.99472349,35.99256323,-6.03058986
-10.57801345,35.97128270,-8.09936898
10.25005270,35.69953857,-5.94600535
-11.63376085,35.75797934,-7.93362461
11.19817399,35.33009009,-5.84552516
-12.69425181,35.54361488,-7.76434432
12.15544798,34.96112919,-5.75701536
-13.76257120,35.31596832,-7.62701012
13.12662044,34.59508239,-5.66877129
-14.84381406,35.07765411,-7.54252593
14.11667227,34.24128747,-5.57248230
-15.31679632,34.30638002,-7.45620778
14.51873929,33.38371506,-5.37062666
-15.79035829,33.51847448,-7.41498630
14.92294620,32.52514998,-5.21258226
-16.26152787,32.71815335,-7.39224263
15.31684030,31.66697636,-5.08194926
-16.72774372,31.91074760,-7.35589826
15.68654400,30.80675490,-4.96297849
-17.18808244,30.88130600,-7.35110323
15.99009370,29.71582454,-4.91889877
-17.64363379,29.85477327,-7.25920872
16.28172603,28.61360048,-4.90680081
-18.10820317,28.84662758,-7.07746376
16.58133890,27.49329692,-4.94343237
-18.63801919,27.86248050,-6.86825951
16.92663997,26.37867867,-5.01357508
-18.48851393,26.76625226,-6.62022692
16.77370062,25.21881481,-5.10594563
-18.37883632,25.69312091,-6.39235228
16.72980048,24.10042732,-5.19609460
-18.27274367,24.64384629,-6.24002566
16.72276622,23.02402317,-5.27151622
-18.18059378,23.59501552,-6.20616854
16.69275239,21.97730144,-5.33905410
-17.56167320,22.87750692,-6.19747637
16.21421953,21.35930184,-5.40193345
-16.96262236,22.16978773,-6.22819295
15.72348455,20.75628152,-5.46749866
-16.36328772,21.49586544,-6.32084595
15.23316896,20.17114586,-5.54618016
-15.74685074,20.86799531,-6.48791197
14.74985078,19.60735307,-5.65102189
0.28100734,16.58569149,-7.58861154
-1.34051193,16.72327090,-7.59147168
-14.67544803,20.20604471,-6.79177002
1.89345660,16.49594661,-7.47606432
13.93913180,19.00953835,-5.83052406
-2.96141820,16.85000667,-7.44270419
-13.57366423,19.59361368,-7.11370821
3.49302039,16.43057283,-7.30054963
13.10936559,18.45627719,-6.05392035
-4.57643338,16.94624890,-7.17423967
-12.45913095,18.99394464,-7.30995599
5.07541245,16.39805840,-7.13905335
12.24752597,17.94122978,-6.30005571
-6.18679457,17.01632542,-6.88156303
-11.34341338,18.39481511,-7.30105419
6.63587947,16.40587198,-7.04467430
11.34294241,17.45788782,-6.54371525
-7.49641688,17.26845233,-6.70335507
-10.06941182,17.96813248,-7.05850809
7.87555050,16.62280457,-6.92461821
10.23588140,17.15421660,-6.70772753
-8.79031929,17.58369592,-6.79271845
9.07778010,16.87471954,-6.82735276
