-0.43516310,14.01742181,1.24287320
-0.78791449,14.09079435,1.30201935
-0.51974511,13.67168560,1.55570958
-0.88345933,13.76526519,1.59697433
-1.16769109,14.17247251,1.37063270
-1.27287818,13.86798262,1.64537417
-1.59443685,14.25394719,1.44995492
-1.70831788,13.97037994,1.70290316
-2.09589752,14.32627247,1.53825951
-2.21852217,14.06235194,1.77081093
-4.17615737,31.16795405,2.28390004
-3.26895575,30.82130105,2.24005308
-4.16941652,31.28271116,2.59590334
-3.25889136,30.94048685,2.55611648
-2.44780890,30.57599250,2.22929683
-2.43578157,30.70217801,2.54485324
-1.71512093,30.42210367,2.25364486
-1.70255475,30.55591231,2.56204383
-1.05843558,30.35316784,2.30497610
-1.04564999,30.49259389,2.59944710
-2.54578996,14.60870298,1.60789038
-2.67963153,14.35587152,1.84113487
-3.11056573,14.86993875,1.67801445
-3.25709977,14.62706934,1.91260820
-3.84303766,15.10320084,1.74550932
-4.00128899,14.86847934,1.98352876
-4.80760058,15.29725608,1.81058527
-4.97461816,15.06965292,2.05041602
-7.50890914,31.67004945,2.15886114
-6.57872846,31.46206969,2.18374535
-7.53079367,31.76668564,2.43888655
-6.59248142,31.56078451,2.48880493
-5.72149328,31.29274051,2.21201848
-5.72777102,31.39536519,2.53158572
-4.92192774,31.19043153,2.24228644
-4.92086585,31.29844456,2.56341315
-5.71920609,16.00640414,1.95059138
-5.89092769,15.79576404,2.18892605
-6.84182205,16.64812261,2.01857229
-7.01393388,16.45569553,2.24084653
-8.15404810,17.22934381,1.97876455
-8.33024252,17.05632073,2.17636670
-9.60723281,17.75090791,1.81695265
-9.79944897,17.59463569,2.00668904
-10.51282583,18.30068584,1.68432466
-10.71633419,18.15863763,1.88479636
-11.47785816,18.82028069,1.54875621
-11.69551373,18.69441162,1.76154143
-12.53146475,19.32367769,1.41096391
-12.75569412,19.21815545,1.62049723
-13.76069459,19.82755480,1.25143287
-13.97589599,19.74673185,1.43987926
-10.84694100,31.75816856,1.85850208
-9.85505568,31.68623396,1.90393084
-10.90350402,31.81359860,2.06088994
-9.89973577,31.75609931,2.13095770
-8.99486731,31.67537974,1.95724240
-9.02857965,31.75566900,2.20810123
-8.21953713,31.67640122,2.04135606
-8.24606893,31.76502922,2.31029579
-13.80051704,21.23368354,1.20264956
-14.02601211,21.14587133,1.38781637
-13.98682597,22.59410386,1.13453149
-14.21507584,22.50449190,1.31793379
-14.32922091,23.90293947,1.05873309
-14.55485736,23.81925244,1.24303613
-14.82423168,25.15799401,0.99813240
-15.04222840,25.08847922,1.17878705
-13.64711813,26.52679605,1.09181380
-13.84441547,26.45838786,1.29923991
-12.83968975,27.62660578,1.16156399
-13.00498703,27.58777826,1.38617757
-12.27946948,28.53428364,1.20264744
-12.41927539,28.52702229,1.44147396
-11.87804362,29.34648065,1.21380924
-11.99759922,29.36531695,1.46520337
-11.54777877,29.90889771,1.39978106
-11.64939044,29.94230130,1.63249620
-11.27449456,30.49095900,1.56505314
-11.35993047,30.53521549,1.78273975
-11.04467781,31.10490935,1.71692170
-11.11495246,31.15630730,1.92483002
-0.35961723,14.50836065,0.86726671
-0.69554913,14.55723871,0.93048639
-1.06046514,14.60605254,1.00668025
-1.47452867,14.64706175,1.09958317
-1.96502221,14.67546813,1.20974048
-4.18244886,31.07276282,1.89104596
-3.28604051,30.72118454,1.82610415
-2.47467470,30.46529184,1.80009416
-1.74757186,30.29761345,1.81771498
-1.09282750,30.21621135,1.87271631
-2.40284429,14.93526957,1.28221892
-2.95430840,15.17380933,1.35940827
-3.67456216,15.38788412,1.43149920
-4.63000106,15.56730964,1.49580705
-7.48677069,31.58381441,1.82732825
-6.55973806,31.37847167,1.81201015
-5.70771613,31.20916614,1.81594267
-4.91752279,31.10309425,1.84085125
-5.53548809,16.25559938,1.63135566
-6.65828376,16.87719900,1.71913975
-7.96941413,17.43473561,1.72508477
-9.41134590,17.93362640,1.59564780
-10.30795283,18.46749364,1.46700559
-11.26252169,18.96793912,1.33141853
-12.31173250,19.44567172,1.19708894
-13.54820692,19.91917040,1.04858555
-10.79659778,31.70866268,1.63513654
-9.81567788,31.62256621,1.64444589
-8.96424514,31.60220387,1.66232018
-8.19411790,31.59669298,1.72180328
-13.58043736,21.33558780,0.99737075
-13.76550008,22.69959026,0.92193492
-14.11104045,24.00295947,0.83831719
-14.61359079,25.24175360,0.78718483
-13.46059817,26.60713247,0.83526895
-12.68436623,27.67203222,0.88143199
-12.14766608,28.54579435,0.90719124
-11.76459387,29.33177266,0.90864631
-11.45258355,29.88058575,1.11907989
-11.19561815,30.45269683,1.30718432
-10.98083719,31.05963361,1.47861758
-0.18433106,13.50856393,1.53860239
-0.11227024,13.85611747,1.22550558
0.15590334,13.36284516,1.52962341
0.21441812,13.70780305,1.21813787
0.51389643,13.23281856,1.52955135
0.55717220,13.57009936,1.22245648
0.90368530,13.11448040,1.53889842
0.92931756,13.43836635,1.23858130
1.21873369,30.38678267,2.55127623
0.68214884,30.27065506,2.55313407
1.18238508,30.25195422,2.23169487
0.65177521,30.12886272,2.23206483
0.14561978,30.25791220,2.56010408
0.12129992,30.11328405,2.24329345
-0.42185780,30.33433436,2.57428221
-0.44015972,30.19067699,2.26701032
1.30157613,13.23284190,1.54876473
1.30502574,13.55699766,1.23134125
1.73048782,13.34124570,1.56083118
1.70820204,13.66117180,1.23037418
2.19950934,13.42960759,1.57669676
2.14942248,13.73962797,1.23976091
2.72199647,13.48397986,1.59954264
2.64469359,13.77730005,1.26706473
3.63798457,30.36644228,2.42621903
2.86357915,30.23753893,2.40925615
3.56910556,30.27499082,2.11624178
2.80546291,30.13297328,2.06373686
2.25105014,30.18912864,2.43226925
2.19940672,30.07194645,2.07566022
1.71928063,30.23733336,2.48256495
1.67430425,30.10975380,2.13591994
3.27042717,14.00873012,1.72631577
3.16906721,14.26893897,1.40452222
3.84997428,14.48031502,1.83318239
3.73161681,14.71062317,1.54206181
4.48666088,14.90109244,1.91460566
4.35546745,15.10577752,1.66233635
5.24362358,15.27972089,1.97442099
5.09798295,15.46323792,1.75506097
5.80434877,15.76431764,2.02806067
5.64818432,15.93098203,1.81866859
6.49062425,16.24524359,2.06364510
6.32152525,16.39846305,1.85791158
7.36387047,16.72482393,2.03771131
7.17947776,16.86773471,1.82967911
8.52296797,17.18977463,1.91525847
8.32892157,17.32210369,1.69970197
7.61893307,30.52423003,2.32749562
6.27168276,30.40475694,2.35120499
7.55957611,30.47715450,2.07013955
6.19741427,30.33759619,2.08831308
5.18398406,30.35435118,2.35108036
5.10642623,30.28043390,2.06751935
4.32154024,30.34545709,2.37244197
4.24751933,30.26364725,2.06818131
8.88088529,18.58274239,2.00909189
8.67190090,18.71521398,1.79355888
9.44306143,19.89529330,2.06297454
9.22796406,20.02310393,1.85574065
10.24428682,21.13609067,2.09665354
10.03675310,21.25192651,1.90903620
11.28051289,22.33821103,2.09733979
11.08876675,22.43533334,1.93320972
10.21423924,23.93132028,2.10506438
10.03238222,24.03179583,1.92422571
9.43939984,25.37676598,2.06329195
9.27895978,25.46333585,1.85159228
8.92446005,26.63356373,1.98639157
8.78702889,26.69287709,1.70479246
8.60376061,27.72516515,1.86351164
8.48436025,27.75489767,1.48550522
8.26315936,28.44267126,1.97890191
8.16273480,28.44446942,1.63244517
7.99876803,29.13154384,2.09610216
7.91391378,29.11156334,1.78315208
7.78919041,29.81849043,2.21291828
7.71787037,29.78256310,1.93055413
-0.05334679,14.34877629,0.84966195
0.25544962,14.19541906,0.84237571
0.57882381,14.04530595,0.84648993
0.92952290,13.89418057,0.86281712
1.13125427,30.10968363,1.73197344
0.60139427,29.98146294,1.73035626
0.07347853,29.96542662,1.75230112
-0.48239328,30.04673424,1.79994856
1.27694536,14.00825708,0.84104490
1.64913946,14.10031016,0.82800892
2.05859992,14.15898115,0.82831130
2.52400192,14.16882733,0.85149821
3.51408730,30.17320065,1.67172950
2.75631126,30.01722769,1.57178762
2.14892715,29.94506321,1.56084841
1.62160367,29.97402703,1.61670265
3.01524373,14.62310649,0.96711914
3.55740111,15.02206957,1.11334813
4.17460547,15.37362547,1.27942958
4.91551258,15.69130955,1.43741870
5.46195855,16.13283127,1.53304789
6.12983256,16.57968556,1.59492347
6.97885840,17.03585307,1.57505641
8.12860520,17.47605918,1.44744500
7.50804233,30.43417020,1.72750622
6.13510487,30.26959074,1.73319212
5.04449577,30.20075477,1.67584567
4.19045769,30.17282395,1.64142655
8.46098622,18.86778650,1.54954521
9.01674990,20.16726083,1.62870287
9.83746104,21.37919291,1.70615303
10.90653250,22.53969179,1.75614966
9.86173046,24.14244902,1.71334477
9.12755043,25.56218040,1.55710114
8.65367561,26.76715341,1.27452568
8.37154633,27.79561361,0.98151378
8.06957032,28.45550600,1.16504921
7.83681860,29.09915954,1.35718264
7.65454979,29.75228013,1.54731839
-2.88748028,16.40610986,-10.25010386
-3.44003993,16.45592412,-10.21704033
-2.85852788,16.65352036,-10.02213703
-3.40266929,16.70553533,-9.98846567
-3.99870560,16.48332890,-10.18309808
-3.95313224,16.73302436,-9.95457204
-4.57434774,16.49323725,-10.15877482
-4.52048811,16.73410743,-9.93160658
-5.17164597,16.49226244,-10.13075902
-5.10992276,16.71613080,-9.90637004
-2.31050103,16.67629423,-10.04347035
-2.33061925,16.43144293,-10.27332902
-1.75329132,16.67651816,-10.06452867
-1.76288987,16.43500399,-10.29667207
-1.17571488,16.66767997,-10.08475231
-1.17294274,16.43702533,-10.31699191
-0.56545980,16.65562342,-10.09744800
-0.54854148,16.44161747,-10.32701683
-4.50428717,32.18084656,-8.93822346
-5.21863972,32.10391078,-8.89278160
-4.50803280,32.05681075,-8.73457110
-5.21677821,31.97604115,-8.68935934
-5.89336644,32.15645943,-8.85041991
-5.88474862,32.02747075,-8.65152981
-6.54855725,32.28794421,-8.80910790
-6.53323846,32.16978088,-8.61832452
-7.21661499,32.52644886,-8.78384612
-7.19377322,32.42073620,-8.60337714
-3.74258203,31.77660062,-8.78951996
-3.73511208,31.91837789,-9.00289979
-2.91910016,31.64410031,-8.81599421
-2.90669571,31.79882437,-9.03624957
-2.00996005,31.67813583,-8.82393823
-1.99064396,31.82789757,-9.04441338
-0.96706419,31.92319092,-8.82819466
-0.93504670,32.05705667,-9.04428522
-5.71528107,16.77869988,-10.07248607
-5.64759270,16.98217049,-9.84509950
-6.28087216,17.04538620,-10.02033496
-6.20897261,17.21909494,-9.79540204
-6.87587823,17.28958667,-9.97920667
-6.80072068,17.42952297,-9.75867552
-7.51972297,17.48815437,-9.93958494
-7.43854886,17.60124473,-9.72411389
0.01511163,16.94890213,-10.06924314
0.04477590,16.75469026,-10.29884099
0.63467111,17.24190164,-10.03907308
0.67781964,17.07118610,-10.26121580
1.31172539,17.52861890,-10.01660679
1.36921717,17.38219113,-10.22345549
2.06865588,17.78854257,-9.98362327
2.14411328,17.65519259,-10.16958355
-7.85017529,32.33618025,-8.76536769
-7.81679382,32.22630831,-8.58125876
-8.53894309,32.20462822,-8.75283956
-8.49398887,32.09721524,-8.56351112
-9.32127677,32.13574235,-8.72898681
-9.26783686,32.03082079,-8.53399461
-10.25403549,32.16297347,-8.70659570
-10.18578297,32.05428334,-8.51181795
0.13275422,31.76768588,-8.78521075
0.18415066,31.90034092,-9.01438558
1.41648015,31.70607321,-8.77255879
1.50108657,31.82800353,-9.01198331
2.95115291,31.69608584,-8.79104099
3.06706535,31.80518942,-9.03198219
4.75648344,31.68949752,-8.83304969
4.90394105,31.79879645,-9.07614953
-8.19648648,17.83017701,-9.88386456
-8.10365957,17.92982622,-9.67123494
-8.93132270,18.16492032,-9.84503876
-8.82303554,18.25562903,-9.63768363
-9.76124786,18.49938882,-9.81031760
-9.63668645,18.57812710,-9.61111113
-10.69360501,18.87125560,-9.75940480
-10.55342299,18.93506910,-9.56721300
2.88416767,18.19173746,-9.93008400
2.98377447,18.05565244,-10.09719108
3.77254005,18.54799961,-9.88023534
3.89833232,18.40177570,-10.03412464
4.75971877,18.81908509,-9.83663272
4.91055777,18.66556263,-9.98720113
5.87580382,19.03033477,-9.78665154
6.05200947,18.87829008,-9.94512186
-12.67888450,31.62437743,-8.82771544
-11.95023624,31.68741607,-8.80570264
-12.64165570,31.52991418,-8.65886631
-11.89935129,31.57622422,-8.62190377
-11.33041844,31.79439081,-8.76975138
-11.26664454,31.67148038,-8.57555556
-10.77089673,31.94982972,-8.73425121
-10.70027234,31.83160127,-8.53522157
9.32582536,30.77792352,-8.88663757
7.95936027,30.88841245,-8.85465756
9.39785200,30.87739871,-9.10716791
8.06160318,31.01406134,-9.10736173
6.80032550,31.08659866,-8.85178383
6.93295394,31.22267595,-9.11138941
5.74263363,31.36633623,-8.84457614
5.89287622,31.49056779,-9.10032804
-11.17889796,19.31201503,-9.73781554
-11.03570565,19.36427255,-9.54642100
-11.73632890,19.74689377,-9.71068545
-11.59395708,19.78406077,-9.52127118
-12.33342205,20.19870807,-9.68321123
-12.19456896,20.21732420,-9.49899940
-13.07307494,20.68971788,-9.64254532
-12.92982737,20.68705042,-9.46652553
6.48224649,19.36890054,-9.76461957
6.66742546,19.22926016,-9.93372344
7.21035888,19.66748387,-9.73897903
7.39717421,19.54660231,-9.91942315
8.03848327,19.93704548,-9.71700790
8.21962282,19.84079423,-9.90519365
9.10400741,20.14910396,-9.70037770
9.28750165,20.07895208,-9.88457561
-13.19084359,21.60573116,-9.61602184
-13.02385699,21.59970814,-9.43653077
-13.39617803,22.50770253,-9.59128781
-13.21647597,22.49295216,-9.40933896
-13.57915905,23.42050315,-9.57935514
-13.40136207,23.39237939,-9.39874847
-13.81565700,24.35123267,-9.54737001
-13.64150025,24.30557312,-9.37251729
9.30637065,21.01969716,-9.68272061
9.52743788,20.95044589,-9.87518759
9.67435200,21.80684114,-9.66801430
9.91613822,21.74951066,-9.86427641
10.04623399,22.59142306,-9.66320123
10.29135271,22.55638923,-9.85470372
10.52535307,23.37592130,-9.63985601
10.76928496,23.36683017,-9.81595584
-13.64038772,25.30287542,-9.50334748
-13.47676009,25.23498391,-9.32521557
-13.49863567,26.28784572,-9.43821056
-13.35026781,26.18979109,-9.25836553
-13.43333226,27.20335977,-9.36457669
-13.29731640,27.08818812,-9.18765023
-13.37441741,28.21021375,-9.25511052
-13.25702208,28.05744123,-9.08793153
10.38406895,24.31051735,-9.57802940
10.62451046,24.33336556,-9.77069046
10.29020008,25.25659517,-9.49154942
10.51864722,25.32177489,-9.69853781
10.28996022,26.14240802,-9.40848181
10.50698287,26.23425803,-9.61874449
10.30534945,27.10616312,-9.29671390
10.49862800,27.24624906,-9.50016145
-13.13638517,29.04649635,-9.15169609
-13.03462599,28.88787538,-8.98287090
-12.94543391,29.88041966,-9.05013958
-12.86213024,29.73925655,-8.87807302
-12.79840270,30.72349525,-8.95061586
-12.73886709,30.60440451,-8.77817826
9.95744901,27.97826554,-9.15710966
10.12975007,28.13268735,-9.37897705
9.67713621,28.85976607,-9.03710818
9.82222925,29.00445592,-9.27136481
9.47213881,29.77484232,-8.95599682
9.58029193,29.90135082,-9.18918919
-0.98869189,31.79507421,-8.61806855
0.08809629,31.63406542,-8.55808417
1.33857101,31.58550850,-8.53019962
2.83284399,31.58696711,-8.54995528
4.60395862,31.58040115,-8.57384088
-0.58386264,16.90097776,-9.87353767
-0.01951506,17.17218523,-9.84779313
0.58475113,17.43733666,-9.82571726
1.24656463,17.69961997,-9.80945609
1.98096812,17.95165678,-9.79565053
9.26677231,30.67619280,-8.66071546
7.87260835,30.75830522,-8.58186298
6.66478036,30.95384709,-8.57430285
5.58443988,31.24673615,-8.57628603
5.69026878,19.19710635,-9.63897754
6.29094551,19.51768724,-9.59704113
6.98885081,19.80889603,-9.55736076
7.82154481,20.06098633,-9.52175344
8.83026356,20.25597823,-9.51310045
9.05110100,21.11272995,-9.47856703
9.36284938,21.90067555,-9.45181756
9.77002748,22.65193825,-9.44114510
10.27035692,23.40058404,-9.44157755
-12.73342843,20.69281579,-9.31011288
-12.83924028,21.60454222,-9.27045937
-12.99625266,22.49426093,-9.23798102
-13.20304836,23.37882245,-9.21364908
-13.45737461,24.27273764,-9.19459070
10.13566015,24.31008113,-9.35399638
10.07402957,25.18749864,-9.26020250
10.07970298,26.05924889,-9.16823700
10.14543745,26.95071063,-9.07995300
-13.30303751,25.18688827,-9.13658396
-13.20640507,26.08657592,-9.07306200
-13.16114959,26.98345179,-9.00223415
-13.15963482,27.89041562,-8.92196118
9.82704084,27.82237507,-8.92247443
9.57957406,28.71260346,-8.79243349
9.39539743,29.65438375,-8.70650527
-12.95540757,28.73542633,-8.81733151
-12.80235585,29.59680194,-8.70961287
-12.69009578,30.49077826,-8.60098403
-12.60840712,31.43308443,-8.49257616
-4.50965320,31.94253005,-8.53531350
-3.74632354,31.63626666,-8.57521699
-2.92555414,31.49257934,-8.60604602
-2.02033280,31.53640741,-8.61960165
-2.83133409,16.93564786,-9.79272990
-2.29226917,16.95571553,-9.81301622
-1.74541775,16.95361351,-9.83286030
-1.18040565,16.93418024,-9.85276966
-3.36718197,16.98839804,-9.75932498
-3.90974267,17.01431897,-9.72864343
-4.46766958,17.01010229,-9.70244663
-5.04974250,16.97177612,-9.68334654
-5.21344144,31.85448950,-8.49213572
-5.87504160,31.89722719,-8.45910492
-6.51848560,32.05371084,-8.43833272
-7.17252739,32.31909185,-8.42839593
-7.78226436,32.11491845,-8.39887045
-8.44830075,31.98817255,-8.37032126
-9.21080067,31.92277735,-8.33645610
-10.11466012,31.94113268,-8.30336685
-5.57837043,17.21288713,-9.62324288
-6.13231142,17.42065565,-9.57216108
-6.71839673,17.59795673,-9.53066249
-7.34525343,17.74923170,-9.49900987
2.76644962,18.35432489,-9.76359357
3.63715058,18.70745352,-9.72789642
4.59661579,18.99105664,-9.68609445
-7.99545816,18.05941223,-9.45689468
-8.70545890,18.36294986,-9.42627910
-9.49764351,18.67607649,-9.40493938
-10.40683078,19.01029137,-9.39180499
-10.89053765,19.41869390,-9.36460410
-11.42926587,19.82830307,-9.34301914
-12.03717948,20.24781806,-9.32493655
-11.85337693,31.46020663,-8.43277343
-11.19867672,31.54663314,-8.36977297
-10.62447271,31.70953480,-8.32535711
-1.20057010,30.40235505,-1.72662885
-1.78807626,30.52215052,-1.75106744
-0.94763370,30.01881626,-0.80352404
-1.54235974,30.17491177,-0.77705747
-2.15981021,30.35723043,-0.78159241
-2.37518920,30.64339750,-1.76957571
-2.81698513,30.62096649,-0.78476460
-2.99567906,30.86083586,-1.79306265
-0.61916390,30.36930461,-1.69716605
-0.36956686,29.95536417,-0.81100960
-0.03197796,30.28943392,-1.71173872
0.21111795,29.84174581,-0.83159422
-3.46060587,30.79577164,-0.83972214
-3.61472919,31.01313528,-1.88742020
0.57879517,30.31226116,-1.70569368
0.80321091,29.84583059,-0.81734018
-4.15841387,31.04764203,-0.89535884
-4.28958687,31.25559379,-1.98785124
1.21139978,30.19882691,-1.67847340
1.39554478,29.74797267,-0.79615387
-4.80864936,31.11816080,-0.99622450
-4.92608365,31.31584214,-2.09172728
-5.54823977,31.24761767,-1.09485967
-5.64962979,31.44529467,-2.19831436
1.90000376,30.18063398,-1.62548709
2.03454746,29.76038479,-0.73957777
2.65012227,30.16901671,-1.56949180
2.73130580,29.80236242,-0.67058594
-6.35828421,31.34320814,-1.20604121
-6.44049555,31.54258453,-2.31631109
-7.29223147,31.45831042,-1.25937184
-7.35706161,31.65265931,-2.38898194
3.53356283,30.18755851,-1.49729700
3.55763912,29.91057844,-0.57143308
-8.07005406,31.50848153,-1.24541289
-8.12724931,31.66691334,-2.38940065
4.32310372,30.14853086,-1.46482396
4.32122302,29.97496116,-0.50375242
5.30483663,30.12095523,-1.42876270
5.26878906,30.07796325,-0.42415224
-8.90794548,31.56737683,-1.07250145
-8.97925101,31.62846433,-2.25249074
6.32774658,29.99436749,-1.44818891
6.22280570,30.02881322,-0.43664840
-9.63890057,31.44014663,-0.93532243
-9.75772639,31.39664678,-2.09764195
-10.49259798,31.43468427,-0.68709593
-10.66993636,31.32143053,-1.86719910
7.70920140,30.22510687,-1.40689749
7.44740243,30.21697384,-0.44642343
8.22655498,29.81698781,-1.49031080
7.85556114,29.75929388,-0.61829335
-10.78300295,30.90714335,-0.86875182
-11.04984578,30.78276819,-1.91632378
-11.15107142,30.45370698,-1.01420064
-11.50345296,30.33044084,-1.95926040
8.82833225,29.46143993,-1.55250390
8.35192778,29.34906611,-0.77655662
9.10902196,28.87361345,-1.68032145
8.56035831,28.74476766,-0.93077646
-11.36828107,29.88652634,-1.18282299
-11.78763946,29.73380389,-2.09270548
-11.65106343,29.35753600,-1.32801128
-12.12742405,29.17741430,-2.21847857
9.44447058,28.29058112,-1.79092892
8.82454777,28.13760002,-1.06760158
-11.92827783,28.66706692,-1.41090259
-12.43226449,28.48658694,-2.30172117
9.65256381,27.47829622,-1.86042354
8.96703622,27.26089216,-1.14562878
-12.30535528,27.95031142,-1.48740115
-12.80316681,27.78465514,-2.38372409
9.89857875,26.58251656,-1.91560096
9.18737645,26.27833690,-1.17750257
-12.73670056,27.07769065,-1.54321696
-13.16712868,26.95771084,-2.47004135
10.05887990,25.51021239,-1.96545310
9.40213349,25.07902165,-1.10511361
10.27649332,24.21623402,-1.97426710
9.90076020,23.58864163,-0.78441444
-13.41134554,25.94086755,-1.51693847
-13.61548445,25.95669534,-2.54062070
9.74747714,23.13501488,-2.16618760
9.40575864,22.45268414,-1.01811713
-13.40553637,24.71472702,-1.64980719
-13.52766185,24.79487848,-2.69562271
-3.24492727,31.20231316,-2.55520395
-2.62939701,31.00301836,-2.51975040
-0.86300232,30.82842708,-2.39428307
-1.45220036,30.82345912,-2.44186365
-0.26230742,30.77100526,-2.38573414
-3.85835781,31.33122519,-2.63918780
-2.04424273,30.91427460,-2.48498165
0.36781265,30.81095110,-2.36201974
-4.52370124,31.55843999,-2.72271888
9.31041317,21.94721708,-2.31374721
9.11684933,21.19261589,-1.15449941
-13.59162587,23.33807885,-1.66399040
-13.52024322,23.53035388,-2.82272884
1.02778028,30.70663171,-2.32952896
-5.15484903,31.60824889,-2.81415021
1.75210307,30.68673437,-2.27673268
-5.86673063,31.73466943,-2.90725518
2.54473524,30.64444481,-2.22384314
-6.63799891,31.81717724,-2.99997056
-12.66251938,22.22669039,-1.88606968
-12.68972876,22.36081714,-2.97312452
7.69307622,21.03509409,-2.40678409
7.55394290,20.39969271,-1.33968219
-7.54215020,31.89838449,-3.04199890
3.47844613,30.60387963,-2.16779548
-11.99182258,21.05010066,-1.95685187
-11.97581145,21.18221360,-3.07123685
6.45330087,20.00748031,-2.30037064
6.49895350,19.34502518,-1.13532414
4.29084762,30.48274418,-2.15640731
-8.30298691,31.85543066,-3.01022046
-10.95897438,20.61979541,-1.98201466
-10.95504654,20.64586382,-3.08135031
5.27203389,19.59391185,-2.03254659
5.42572065,18.86969025,-0.80393712
5.30244943,30.33345879,-2.14792131
-9.17288665,31.72803306,-2.85103706
-10.10887244,20.18411086,-1.86780411
-10.02705643,20.12834020,-3.03035248
4.48209448,19.15477900,-1.82627131
4.70503956,18.36149239,-0.65445133
-9.98611538,31.40244926,-2.68174134
6.37710619,30.08994772,-2.16277192
-9.16815593,19.94084115,-1.66199716
-8.99713622,19.80346487,-2.90248053
3.81364252,18.90134259,-1.66853292
4.05670254,18.09269957,-0.58812638
-8.26747642,19.63796610,-1.54318456
-8.05622038,19.46907309,-2.77111087
3.30738897,18.62618515,-1.58163876
3.56219074,17.82861020,-0.58027336
0.24235198,17.12938885,-1.38265481
0.49121012,17.04838509,-1.38647846
0.49060599,16.42604104,-0.62334206
0.75006728,16.30917494,-0.62752135
0.71828837,17.00473500,-1.40394371
0.98318353,16.26998325,-0.66156355
-1.46158136,17.18291541,-0.52404639
-1.85543067,17.29094446,-0.58114378
-1.70690087,17.81112598,-1.49651609
-2.10202031,17.89445864,-1.57297530
-1.08637340,17.10777306,-0.53697090
-1.33435277,17.72057928,-1.44951638
-6.96370319,19.17142459,-1.57545392
-6.78766542,19.04109190,-2.61356400
2.73162722,18.24850792,-1.51220233
3.00226998,17.48966734,-0.60546636
-0.77204641,17.00671458,-0.55667762
-1.01887317,17.61092840,-1.42038241
0.00168142,17.20730541,-1.38262794
0.24442988,16.53894462,-0.61718907
-0.23837501,17.29423347,-1.38737166
0.00203996,16.64427717,-0.60920226
-0.49682824,16.88250412,-0.57810804
-0.74014072,17.49890884,-1.40428025
-0.48582921,17.38263884,-1.39779772
-0.24413509,16.75262875,-0.60042909
-2.35735982,17.36602870,-0.68389147
-2.59145265,17.93795826,-1.67891426
0.96611245,16.94848075,-1.42453636
1.23882349,16.21251937,-0.69393706
-5.78569079,18.65228808,-1.54915976
-5.70121288,18.65193447,-2.44347763
2.28325104,17.82353957,-1.48570698
2.56811606,17.08803757,-0.64850624
7.88593521,30.25354282,-2.07705598
-10.96669097,31.26466592,-2.46985445
1.23884884,17.06801306,-1.45315011
1.52344103,16.33819107,-0.70473127
-2.95832340,17.61783584,-0.85397953
-3.17653059,18.09957641,-1.83991576
1.88744056,17.51399783,-1.48061976
2.17848679,16.78742843,-0.67931982
-4.66430819,18.27660389,-1.35950157
-4.71022373,18.44541362,-2.23597904
1.54794064,17.16173326,-1.48907614
1.84458356,16.42558060,-0.71588139
-3.77910767,17.82112563,-1.11855683
-3.92251991,18.17014554,-2.03991996
8.49498968,29.84511647,-2.12445944
-11.38469214,30.69398489,-2.50900071
-11.87845524,30.21465989,-2.55540974
9.19533236,29.50104081,-2.15675589
9.49603295,28.90023825,-2.26083409
-12.14290002,29.57328750,-2.67099137
-12.45772639,28.97190532,-2.78752885
9.84807772,28.30992598,-2.35537798
-12.75915702,28.25990134,-2.88448481
10.12517975,27.54190280,-2.41571492
-13.12578931,27.54033898,-2.99009867
10.43293709,26.70333073,-2.46783191
10.64200611,25.70975029,-2.52579409
-13.47324560,26.70850625,-3.10701240
-13.87298578,25.73876789,-3.22014311
10.85838199,24.52737486,-2.56967861
-13.74249271,24.61763695,-3.36101539
10.34855073,23.48555027,-2.72903513
9.87598024,22.34982371,-2.87053623
-13.67223214,23.41375990,-3.49439217
-3.63615159,31.57468942,-3.44960748
-3.02497635,31.38070868,-3.40924023
-0.61854309,31.23205717,-3.23992038
-1.23576049,31.26522340,-3.26610401
-4.23941787,31.68021920,-3.52495572
-1.83786524,31.22743515,-3.31967190
-2.43849041,31.30600126,-3.36625245
0.03350337,31.30394137,-3.19784294
-4.89062384,31.88625435,-3.59751752
-12.82803489,22.24325486,-3.60056209
8.21559900,21.42206189,-3.00436213
-5.51248528,31.91132820,-3.67074641
0.72716370,31.22849754,-3.14547474
1.49584433,31.22917612,-3.06877774
-6.21514743,32.00795970,-3.73309854
2.33842889,31.18084384,-2.99167239
-6.97849457,32.03325393,-3.77646578
6.87185187,20.39104798,-3.02844520
-12.07922183,21.06749765,-3.68711159
-7.88420683,32.03180168,-3.74674164
3.33561432,31.10907626,-2.91026526
5.58703113,19.98631720,-2.91229601
-11.03133694,20.46931917,-3.68770852
-8.63628927,31.89319085,-3.65012190
4.17160616,30.92228298,-2.88453314
-10.08187933,19.88467877,-3.66520732
4.69474824,19.58760273,-2.78903420
-9.52001317,31.67458298,-3.44268790
5.20467964,30.63862976,-2.87451392
-9.04447291,19.50454442,-3.58798451
3.93677803,19.35420757,-2.65855065
3.35976392,19.07709231,-2.56645872
-8.11538824,19.16588325,-3.50280365
6.29733040,30.21946366,-2.88606771
-10.35208222,31.27996608,-3.25656169
-6.88413989,18.80263475,-3.36595139
2.69477633,18.67305893,-2.47167191
-5.86225633,18.49088734,-3.19879361
2.17688528,18.21083917,-2.41181092
-0.06034698,17.27404052,-2.13636837
0.20506250,17.21417737,-2.15201658
-1.74090835,17.83995276,-2.19948896
-2.12432746,17.93322905,-2.25119381
-2.52153624,18.01814792,-2.33015696
0.44980749,17.20063126,-2.18304757
-0.31849076,17.33288079,-2.12797443
-1.41051533,17.72213841,-2.16493963
0.71589690,17.18122990,-2.21964604
-3.00030029,18.04257489,-2.43596591
1.73217870,17.85507008,-2.36194417
-4.95277953,18.35552109,-2.98980518
-1.11400150,17.61447899,-2.14629299
-0.57602597,17.41634718,-2.12909950
1.01479865,17.33086110,-2.26801830
-3.54783913,18.15605064,-2.59180896
-0.84174851,17.50178020,-2.13853900
1.35310615,17.46654838,-2.32416126
-4.22612413,18.16377230,-2.78354146
7.87899173,30.20126440,-2.80609729
-11.37754360,31.11602409,-3.08794059
-11.80042994,30.51246035,-3.12956343
8.55698027,29.74724493,-2.84007614
-12.28995181,29.99478978,-3.19032464
9.34438514,29.37627936,-2.87412189
9.63065979,28.74155790,-2.97102160
-12.48810629,29.29185979,-3.29190583
-12.73044146,28.62730350,-3.40067577
9.97132562,28.12725651,-3.06873566
-12.96719797,27.88194041,-3.50254278
10.28243752,27.39848459,-3.15009387
10.63330105,26.62025886,-3.23631835
-13.26844175,27.13301936,-3.62429791
10.88396248,25.71746254,-3.33074199
-13.55155183,26.29434652,-3.76255693
11.13678737,24.66738049,-3.43047284
-13.88769760,25.35430052,-3.91927137
-13.72909764,24.29549948,-4.04570190
10.68041693,23.69994782,-3.56014371
-13.62697588,23.17141042,-4.18550635
10.25103562,22.65663078,-3.69728660
-12.79551225,22.04748021,-4.24015266
8.66455523,21.77943451,-3.81208688
7.34308485,20.79731028,-3.94242384
-12.06617153,20.91662927,-4.31843762
6.01965348,20.39785086,-3.98618124
-11.05720461,20.29853600,-4.32674867
5.07432255,20.03952704,-4.00457722
-10.16760151,19.68754356,-4.35835652
4.23095524,19.84537557,-3.96812148
-9.20512532,19.27662183,-4.36170208
3.56900748,19.59952833,-3.93283887
-8.35191618,18.92249954,-4.36905036
2.77346655,19.22914619,-3.87944936
-7.19509723,18.57933347,-4.37419179
2.15137679,18.79038454,-3.83368136
-6.22877313,18.30682902,-4.34849676
-5.36662024,18.21299334,-4.26481237
1.62517540,18.44574403,-3.77826992
-2.16470661,18.19876077,-3.54741430
-2.56373363,18.23160314,-3.61963645
-0.39169952,17.73194925,-3.45138660
-0.10581585,17.69100329,-3.47844159
-2.97326724,18.24713186,-3.71749389
0.16538850,17.71219735,-3.52298422
-3.45759635,18.18455713,-3.83611651
0.46087582,17.73081766,-3.57769337
-0.66858797,17.77219701,-3.43670623
-1.82084088,18.11117496,-3.49612911
0.79745393,17.90673110,-3.64903975
-4.00429813,18.18750920,-3.98593718
1.18217698,18.06993051,-3.73001778
-4.66103824,18.10471405,-4.14589980
-1.50769896,18.03208492,-3.46229164
-0.94038970,17.85503797,-3.43363896
-1.21904072,17.93522700,-3.44419619
-0.98000452,31.46811745,-3.95012441
-1.61553252,31.48776639,-3.99257452
-4.65631217,31.86944654,-4.27253998
-4.05115645,31.78895203,-4.20726982
-3.43605097,31.59906150,-4.16268224
-2.23212241,31.43892984,-4.05547432
-2.84295651,31.52927512,-4.11008763
-5.30820891,32.04647690,-4.32343034
-0.30357429,31.57036901,-3.89114940
-5.93607457,32.03934434,-4.36357871
0.42321026,31.53631764,-3.82281224
1.23796929,31.57649274,-3.72890878
-6.64498936,32.09482158,-4.37409002
2.13858216,31.53695383,-3.62709136
-7.41192634,32.05340386,-4.35108942
-8.32949613,31.95952316,-4.24722488
3.21287147,31.45193782,-3.51202400
-9.08043237,31.74700962,-4.10491943
4.08585080,31.22322241,-3.45807371
-9.97142154,31.50148016,-3.88976749
5.15689354,30.84240913,-3.42244317
-10.81130915,31.11736196,-3.73014457
6.27611759,30.29195191,-3.42110487
-11.84108748,30.98611915,-3.63407444
7.90948857,30.13169364,-3.35078544
8.62421906,29.62060950,-3.38693093
-12.24356031,30.35886933,-3.68380638
-12.69435686,29.80353771,-3.75991369
9.44885428,29.19629882,-3.44058415
9.68352770,28.50926495,-3.54353628
-12.82256292,29.04232225,-3.85151932
9.97026334,27.84891386,-3.65477151
-12.98650429,28.31762394,-3.95526994
-13.14287150,27.54008846,-4.05273482
10.23408586,27.12043491,-3.75842185
10.54070555,26.35975195,-3.87843466
-13.35411601,26.76012518,-4.17585465
-13.54660220,25.90736652,-4.31920825
10.75032451,25.50542117,-4.01227573
-13.79342387,24.98075453,-4.49349516
10.97425772,24.54216821,-4.16888756
-13.62887836,23.97514786,-4.61680179
10.55250352,23.64383352,-4.29501272
-13.52043364,22.91595680,-4.76511375
10.17355437,22.68420286,-4.44902390
-12.75630082,21.84637332,-4.79957019
8.72711273,21.87599069,-4.55149924
7.53294648,20.98126081,-4.74165351
-12.09380507,20.76799965,-4.88230161
-11.17369044,20.16291289,-4.90452372
6.25962675,20.61526358,-4.87627176
5.33697427,20.29633958,-4.99633666
-10.36872227,19.56168512,-4.97392084
4.48428090,20.14208742,-5.05599598
-9.49206859,19.14926881,-5.03671942
-8.71227290,18.78317940,-5.11642981
3.80152114,19.92734402,-5.10199664
-7.61488072,18.42821625,-5.24862586
2.93532086,19.58076548,-5.13414635
-6.67634383,18.15108558,-5.38171754
2.24442879,19.14802337,-5.16184449
-5.82330723,18.04431352,-5.46777830
1.64942047,18.79327187,-5.15747856
1.14643249,18.41393929,-5.16530437
-5.11834625,17.92593521,-5.51262831
-0.32546932,17.94084746,-5.08173178
-0.01535585,17.98889611,-5.09716377
-3.03992959,18.12702048,-5.28231665
-3.46258545,18.09738416,-5.35170400
-0.64790867,17.95906161,-5.07583689
-2.61763305,18.16506599,-5.21994502
0.32358495,18.03607085,-5.12435487
-3.94746541,18.00512621,-5.42949596
0.70728519,18.22552414,-5.13751355
-4.48259256,17.99291172,-5.47952103
-0.95938272,17.96994236,-5.08385451
-2.24340251,18.14074847,-5.17646282
-1.89700034,18.12597472,-5.13850184
-1.26404963,18.03117164,-5.09318028
-1.57565296,18.07747592,-5.11686351
-1.97481609,31.48545265,-4.67118489
-2.61806442,31.44446372,-4.74368795
-4.49706241,31.82394751,-4.88769807
-3.86542472,31.63085850,-4.85472902
-5.11176094,31.89023802,-4.92535118
-1.30933586,31.47069950,-4.61220109
-3.25203042,31.55807399,-4.80275387
-5.76553386,32.04711800,-4.93527859
-0.59615133,31.60373660,-4.53437920
-6.39694512,32.01953609,-4.92453266
0.17562920,31.62239372,-4.44107436
-7.10969771,32.04723716,-4.87857181
1.04768057,31.71880112,-4.32219710
2.01686516,31.70160878,-4.19931069
-7.88498156,31.95313176,-4.80457546
-8.82809394,31.78513451,-4.65726383
3.18779737,31.60960569,-4.06118261
-9.58448704,31.54868518,-4.51575746
4.11709186,31.34029743,-3.99040258
-10.48195818,31.33786475,-4.34484902
5.26123141,30.88626057,-3.93274418
6.44613195,30.26359718,-3.91037170
-11.31598419,31.01407207,-4.25006025
8.15321617,30.06008454,-3.84604529
-12.28977405,30.91021486,-4.24289595
-12.65326742,30.24855656,-4.30905880
8.88284738,29.49678110,-3.89980692
-13.04526748,29.64406704,-4.40576999
9.69014753,29.00152048,-3.99525093
9.84913186,28.25039836,-4.10396186
-13.10928023,28.82592282,-4.48583087
-13.19929475,28.04379759,-4.58324611
10.04653634,27.52943374,-4.22798150
10.21850490,26.77986642,-4.34865770
-13.28556656,27.23855557,-4.67554511
10.42399982,26.01043263,-4.49341992
-13.41253129,26.43221493,-4.79708887
10.53848621,25.17602412,-4.65432217
-13.51852588,25.56795879,-4.94019318
10.67844244,24.26450679,-4.84970780
-13.67495938,24.65135441,-5.11844285
10.28939705,23.42342611,-4.98746908
-13.51762327,23.69153340,-5.24673962
9.95580958,22.53322386,-5.16585914
-13.41254020,22.68865266,-5.40371914
8.69739355,21.80277869,-5.26752184
-12.75051550,21.66761437,-5.43227038
-12.17450303,20.63798032,-5.51760711
7.65693536,21.00178940,-5.49110424
-11.35596797,20.05235817,-5.54774820
6.45601575,20.68014409,-5.68776961
-10.63492936,19.47315742,-5.63263619
5.55926063,20.39824102,-5.88337247
4.69992389,20.27588559,-6.01340644
-9.83902675,19.07508620,-5.71232705
4.00570572,20.09004191,-6.11840985
-9.12639478,18.71295194,-5.81349122
3.09138939,19.77212508,-6.21370501
-8.09100349,18.35546614,-5.98395608
2.35594765,19.35135939,-6.28911793
-7.19193152,18.09841789,-6.17958599
-6.36324537,18.01672406,-6.36660033
1.71063785,18.99137686,-6.32949059
-5.66138436,17.92409020,-6.54122370
1.15971421,18.60819268,-6.38900375
-3.53814393,18.04780097,-6.72957466
-3.98354269,18.03578262,-6.72916625
-0.50480156,18.01113799,-6.51521383
-0.14783613,18.09213995,-6.48180013
-3.09031086,18.09025581,-6.71419632
-0.87511977,18.00631063,-6.54903773
-5.02839676,17.97281715,-6.64690482
0.67117914,18.38756033,-6.41402877
0.24103595,18.17402570,-6.46366180
-4.48600371,17.96958309,-6.71959978
-2.68465475,18.07942853,-6.70528997
-1.23272345,17.99268196,-6.59545878
-2.29671257,18.09678223,-6.66689332
-1.58012510,18.04318773,-6.61209872
-1.93272436,18.07351406,-6.63943523
-4.30411741,31.51428477,-5.54872690
-3.66103503,31.42128313,-5.51447567
-2.98921971,31.26439587,-5.46452544
-4.95328492,31.72093631,-5.55402204
-2.30142905,31.26740820,-5.39196373
-5.56827581,31.78446553,-5.54963641
-1.58670855,31.23381495,-5.31929792
-0.81818825,31.37979220,-5.22212383
-6.21030015,31.92811917,-5.51444905
0.01222468,31.44182042,-5.10083515
-6.83861350,31.89068769,-5.45965696
-7.54911060,31.90036703,-5.37165665
0.95037638,31.58588508,-4.94866333
1.99329970,31.57864203,-4.79490198
-8.32936178,31.76680932,-5.26114719
3.27537332,31.47065404,-4.63482380
-9.29594575,31.57613446,-5.09963949
4.28204391,31.17030305,-4.55688045
-10.04111979,31.37215696,-4.99383500
5.53740524,30.69996787,-4.48990758
-10.91704493,31.24091606,-4.90475769
-11.69722698,30.97075322,-4.89777835
6.81780050,30.10983249,-4.45581080
-12.54022847,30.84470843,-4.97329166
8.53033944,29.94276396,-4.43376637
9.21276012,29.32229753,-4.52141347
-12.84202144,30.14375531,-5.06509652
-13.15406957,29.48898958,-5.18721155
9.91313330,28.73794525,-4.67237724
9.98916339,27.92462384,-4.77378953
-13.16552288,28.62469227,-5.26157334
-13.19301941,27.79613960,-5.35472732
10.08108585,27.14564572,-4.89959680
10.14595200,26.37204819,-5.03486151
-13.22104547,26.97343397,-5.45423312
10.22932662,25.59026421,-5.20217260
-13.27651828,26.15308150,-5.58150401
10.23891770,24.77530659,-5.37859194
-13.31564181,25.29314928,-5.71719319
-13.40190896,24.40045221,-5.88343118
10.28472972,23.91080072,-5.59796881
9.94542019,23.12411283,-5.75695437
-13.26392801,23.49316300,-6.01727318
-13.17659569,22.55604782,-6.17547909
9.67228973,22.29990514,-5.96286359
8.64294415,21.65006033,-6.05438612
-12.63586586,21.58692377,-6.20010094
7.77676245,20.94764781,-6.28611267
-12.16149007,20.61544618,-6.27651645
-11.44882773,20.05971013,-6.31034227
6.67166179,20.68493307,-6.52830103
5.80916756,20.43681790,-6.78204733
-10.81373442,19.52265495,-6.39129818
4.95369673,20.33869931,-6.96202488
-10.10315150,19.16011506,-6.45488573
4.26271298,20.17634389,-7.10295563
-9.46528633,18.82626654,-6.54220103
3.32455838,19.88640886,-7.23549647
-8.51841366,18.48659370,-6.70410388
-7.69858486,18.23423719,-6.89626768
2.56015848,19.47410386,-7.31440148
1.86884862,19.10104689,-7.34318203
-6.92769800,18.14508163,-7.08597579
1.26810457,18.71014979,-7.38815623
-6.25318558,18.05044482,-7.27079506
0.72839861,18.46044740,-7.42011158
-5.64142553,18.06846268,-7.40979364
0.24603680,18.23345832,-7.47366067
-5.09710655,18.04241885,-7.51987441
-3.61291252,18.10158783,-7.62367805
-4.10152453,18.06832058,-7.60986309
-0.61898081,18.04053906,-7.53737378
-0.20307208,18.13316022,-7.49958347
-4.57615902,18.07926733,-7.57189058
-1.05093766,18.03499141,-7.56237741
-3.15916986,18.08584504,-7.63746006
-1.46932620,18.01890355,-7.59553154
-2.71387378,18.11661382,-7.61821000
-1.87764769,18.07669729,-7.59605865
-2.28945683,18.10571124,-7.60479366
-3.28376910,31.04901196,-6.12961691
-4.00162922,31.24316725,-6.16471910
-4.66864598,31.35291302,-6.16803100
-2.53849194,31.01098916,-6.06818288
-5.32235748,31.56516101,-6.14401966
-1.76437254,30.93954313,-6.00300974
-5.92841572,31.62075994,-6.11549500
-0.93160402,31.07030315,-5.90985987
-6.55185583,31.75053428,-6.06433733
-0.03832291,31.13949418,-5.76889985
-7.16212793,31.70962374,-5.98489430
-7.85339031,31.71390474,-5.87563856
0.95705128,31.28149643,-5.58716063
2.04936086,31.24156022,-5.39256716
-8.61879100,31.57521867,-5.74029763
-9.56964822,31.41635510,-5.57234037
3.41423168,31.09982754,-5.19198518
-10.27617384,31.25935803,-5.49147847
4.49433016,30.80379217,-5.10503015
-11.08856970,31.18679253,-5.45430468
5.84978815,30.41095397,-5.04477438
7.16533782,29.95139193,-5.01302513
-11.77215124,30.93437826,-5.49837926
-12.48386637,30.78281682,-5.62690225
8.71638457,29.81910821,-5.05067579
-12.72719523,30.06523781,-5.73430193
9.30382959,29.15273407,-5.15247785
9.88042775,28.51133576,-5.33226051
-12.97865820,29.39127078,-5.87465415
-12.95543561,28.50517503,-5.94330135
9.90681539,27.65857073,-5.41191338
9.93669832,26.84831123,-5.52750644
-12.94893843,27.65626620,-6.03306654
9.94672784,26.07508287,-5.65447593
-12.95338771,26.83835536,-6.12421560
9.97216043,25.30511159,-5.82310079
-12.98747976,26.02707403,-6.24258262
9.94618303,24.51510377,-6.00741238
-13.01659828,25.18302714,-6.37082984
-13.10126498,24.31523723,-6.52879758
9.97044031,23.69058748,-6.24424512
-13.00477101,23.44836657,-6.66386757
9.69498393,22.94295787,-6.41596048
9.49387585,22.16050983,-6.64112166
-12.96476608,22.55548883,-6.82406839
-11.42813045,20.16806641,-6.87464665
-12.08632252,20.69525256,-6.85124431
-12.49340071,21.62548623,-6.80983951
7.86240906,20.90855935,-6.87190696
8.61276849,21.55668017,-6.67690942
6.82924361,20.69075676,-7.10353321
6.00155463,20.45920278,-7.35889666
-10.84645648,19.66273003,-6.94638055
-9.60081469,19.00538777,-7.05913512
-10.18878445,19.32368123,-6.98923659
-8.71859323,18.67001785,-7.20908179
3.54363829,19.93392580,-7.82723534
4.48464201,20.21120409,-7.68841471
5.16292150,20.36943949,-7.54477100
-7.95555250,18.39424180,-7.37804074
2.76127855,19.53019283,-7.88282066
2.03681606,19.15564575,-7.87370927
-7.22702394,18.26554061,-7.52734133
1.39963366,18.75818483,-7.88077092
-6.57436780,18.13654811,-7.67156212
0.82438867,18.48839705,-7.88810047
-5.97607184,18.11352858,-7.78296444
-5.43100667,18.05576720,-7.87654349
0.30530900,18.24485160,-7.91904987
-4.89715340,18.06595285,-7.92202759
-0.18533554,18.12833816,-7.92579946
-4.40265500,18.03391512,-7.95733648
-0.64083956,18.02192525,-7.94601953
-3.89414031,18.05555521,-7.97847558
-1.11441582,18.00834857,-7.96262858
-1.57414491,17.98214987,-7.98821877
-3.41433364,18.03039565,-8.00064459
-2.47507421,18.06443127,-7.98147738
-2.02380491,18.04002156,-7.98018927
-2.93596187,18.06808411,-7.98805602
-5.71970904,31.43976687,-6.96745611
-5.06705069,31.23789054,-6.99810712
-1.91900371,30.76088290,-6.93991665
-2.78268726,30.86107527,-6.97585059
-3.60519461,30.92152240,-7.00480583
-6.31376228,31.47893465,-6.94048420
-4.37449554,31.13948082,-7.02307562
-9.77210994,31.31801292,-6.49902018
-8.88879191,31.41247204,-6.63084816
3.70691880,30.76104010,-6.21657032
2.24541088,30.93452625,-6.43777599
4.84782626,30.51075513,-6.09915043
-10.39952933,31.22510070,-6.45550127
-0.98712776,30.88057204,-6.88827153
-6.91554159,31.59653465,-6.91300818
1.08341622,31.02835831,-6.61080741
-8.16461890,31.53900035,-6.74641073
0.00260347,30.92227210,-6.76195277
-7.50384805,31.53990712,-6.83640209
6.24085901,30.29054061,-6.03052075
-11.10843308,31.21963985,-6.48626868
-11.68567268,30.99341385,-6.59756926
7.44671804,29.97590727,-6.00533803
8.74390253,29.88155989,-6.15305787
-12.31466636,30.85228376,-6.80398895
-12.52542684,30.12707682,-6.91358214
9.22028355,29.14931913,-6.24924979
-12.77031447,29.44648057,-7.06440325
9.73086092,28.47465717,-6.47754964
9.68955484,27.54440850,-6.49203055
-12.72062072,28.53133907,-7.10997866
9.67626435,26.68672743,-6.57468450
-12.70349933,27.65629206,-7.18055423
-12.70879496,26.83521248,-7.25835071
9.66538484,25.90436966,-6.69312587
9.77459875,23.55900288,-7.36482570
9.69689731,24.36656865,-7.08641215
-12.91758220,23.46507407,-7.70053951
-12.94928735,24.31445986,-7.61955908
-12.82158192,25.17940223,-7.47943516
9.58969970,22.82420034,-7.49010645
-12.76131277,26.02229557,-7.36531557
9.69426695,25.14241758,-6.87941508
8.04626263,20.82072191,-7.77211062
8.68805690,21.45822119,-7.62748506
-12.14671952,20.79813031,-7.85310775
-12.50406541,21.69311140,-7.80277180
7.08995521,20.62512424,-7.91083337
-11.52103275,20.29524361,-7.83785475
-9.81596865,19.18452982,-7.92096558
-10.36156363,19.49136030,-7.88061982
3.91101941,19.76677874,-8.57321702
4.87609600,20.04492671,-8.45055668
-8.97474558,18.83612523,-7.98124466
5.52684260,20.23719591,-8.30132549
9.48159776,22.04725295,-7.67108121
-12.94016150,22.58977176,-7.80053306
-10.97910056,19.80806863,-7.86345644
6.31895656,20.36528898,-8.11354644
-8.24132276,18.52443243,-8.05739633
3.07803215,19.39589681,-8.59874165
0.98096358,18.41637500,-8.47183667
1.60619127,18.68666405,-8.51388496
-6.89945667,18.17784184,-8.20272751
-7.53934648,18.34973503,-8.12490609
-6.30314051,18.10407465,-8.26104892
2.29690451,19.06102013,-8.55396737
-0.62586849,17.88921917,-8.45793639
-0.12343044,18.02046894,-8.45023353
-4.16532726,17.90335896,-8.41401063
-4.70109082,17.90422910,-8.39483016
-1.14804381,17.86043006,-8.45406302
-5.20984058,17.97254532,-8.35751047
0.41430040,18.15822007,-8.46076982
-5.74956696,18.00269212,-8.31945151
-3.65262516,17.85802633,-8.43871244
-1.65290082,17.81621608,-8.46335568
-3.14567501,17.88909762,-8.44588195
-2.15102195,17.86622048,-8.45706798
-2.64951444,17.87990061,-8.46224434
-1.36613871,30.09694727,0.19581857
-0.75983023,29.87240825,0.11731637
-1.99004207,30.21759268,0.15412841
-2.65747095,30.41784537,0.12868730
-0.19004309,29.74337699,0.06854007
0.36681302,29.72090427,0.04981181
-3.37965035,30.69469521,0.12166170
0.93647186,29.82224946,0.06028710
-4.17309099,31.05132576,0.14531370
-4.82877878,31.07363015,0.03856363
1.47922481,29.67886006,0.01262984
-5.56399026,31.15507131,-0.02911592
2.05852406,29.64728737,0.01201386
2.71148020,29.71961894,0.05440747
-6.40730059,31.28291367,-0.03663399
-7.36900440,31.43956405,0.05979720
3.49697988,29.87734857,0.14874685
4.17192996,29.88090989,0.15726983
-8.07728631,31.42000435,0.01336706
5.00204191,29.91800614,0.20415912
-8.84498496,31.41079111,0.10055515
-9.68962425,31.44271222,0.32675443
6.05613665,30.02208767,0.27391932
-10.65666340,31.56368859,0.59318929
7.41448221,30.29629800,0.33461289
7.55639153,29.66045298,0.13142792
-10.79797873,30.92742154,0.32969310
7.73809324,29.06246689,-0.06378804
-10.96668715,30.33979365,0.05929181
-11.18013219,29.79697766,-0.20135655
7.97317341,28.48469490,-0.25149048
8.27843035,27.90372197,-0.42964550
-11.45658135,29.29050433,-0.44573464
8.44663797,27.00752993,-0.39845896
-11.77025061,28.58272130,-0.46215061
-12.21847434,27.82255592,-0.47071339
8.76073239,25.97031288,-0.24060995
-12.87997337,26.90412078,-0.45336445
9.35254419,24.65450961,0.20667829
10.33090129,22.99745685,0.80811875
-13.92617157,25.62466889,-0.29128290
9.11763474,22.02337997,0.46833429
-13.35961417,24.47839848,-0.43383185
8.17263667,20.96105912,0.27575436
-12.97757667,23.24170139,-0.44395594
7.55524234,19.73156199,0.23284408
-12.77604453,21.90611278,-0.34308694
-12.73944737,20.46230766,-0.17528523
7.21584476,18.36542582,0.16968155
-11.52914987,20.12110798,-0.13072024
6.06218169,17.94276929,0.32517961
-10.53050986,19.73975355,0.05920116
5.23213613,17.52976245,0.29700971
4.59114246,17.16092228,0.19315468
-9.62682665,19.31007769,0.25360764
-8.75928498,18.84598206,0.31805855
4.08587805,16.80242089,0.08884456
3.40910691,16.59985490,-0.02557911
-7.29907118,18.51457848,0.04138280
2.88916396,16.32567253,-0.10327047
-5.98299731,18.07858504,-0.19556290
2.46578938,15.97061934,-0.16088094
-4.87812068,17.49675719,-0.11476138
-1.59830993,16.15770740,0.20383584
-1.98414535,16.37463174,0.22005484
0.84124958,15.37551209,-0.09905083
1.11379509,15.46288315,-0.13633368
-1.17906179,16.14670611,0.12514147
0.55145363,15.52100999,-0.09579173
-0.83027455,16.09611430,0.05720368
0.28029553,15.65921356,-0.08636696
0.01764609,15.79638464,-0.07091129
-0.52529772,16.02110328,-0.00052572
-0.24592323,15.93467347,-0.04992693
1.40524125,15.52721710,-0.16700688
-2.47426928,16.55681554,0.22017563
-4.02194593,16.84669989,0.02100231
2.09724459,15.53914087,-0.20747485
1.72712936,15.55769119,-0.19101221
-3.12787244,16.71133760,0.17006902
-0.06846185,17.71670350,-9.04160935
0.49521817,17.93728902,-9.04353638
1.10879639,18.16283787,-9.06993397
-5.93944059,17.87271994,-8.80799427
-6.50975469,17.97883251,-8.77112495
-5.40136037,17.73248015,-8.85446613
-7.12065817,18.05731789,-8.74479151
1.78909392,18.38829107,-9.11790903
-0.59822990,17.49301802,-9.05819958
-4.88867324,17.55439316,-8.90976998
-7.74726306,18.32012452,-8.69538921
2.51072536,18.79518390,-9.13696679
-4.32629853,17.60607499,-8.91825328
-1.15957738,17.53376706,-9.02545111
3.31950103,19.15760048,-9.15121012
-8.43094408,18.57940859,-8.66566168
-1.69649773,17.55624518,-9.00598284
-3.78640554,17.61514670,-8.93571073
4.22434609,19.45652263,-9.12872532
-9.19190875,18.85681311,-8.65351876
-2.22142804,17.55321011,-8.99835813
-3.26153161,17.58480857,-8.96309734
5.25931564,19.67555185,-9.04289125
-10.06701836,19.16292933,-8.65621071
-10.53942357,19.55703349,-8.62444819
5.83331454,19.98686731,-8.93640080
-2.74389041,17.51743894,-9.00073701
-11.06993482,19.95184824,-8.60384258
6.50879391,20.25643688,-8.80867764
-11.67494205,20.35286218,-8.59631995
7.33693541,20.46579802,-8.67904059
-12.37714335,20.77515517,-8.60607164
8.37103448,20.59017418,-8.62858967
8.60816231,21.39801311,-8.48943941
-12.48200413,21.68147428,-8.52934507
-12.64443313,22.55844048,-8.46839954
8.95077141,22.12429924,-8.38680887
-12.86391865,23.42582464,-8.43009792
9.40509602,22.80936735,-8.37196487
-13.14003799,24.30029057,-8.41825077
9.96483616,23.49806110,-8.46413609
-12.97846134,25.18197671,-8.31107487
9.81046396,24.35451998,-8.20642735
9.73760697,25.16704316,-7.97764617
-12.88342456,26.04131037,-8.21503370
9.73742558,25.97241258,-7.81281425
-12.84650807,26.89387745,-8.13426490
9.79839454,26.80550232,-7.72994863
-12.85793207,27.75618482,-8.06803110
-12.67464295,28.53861589,-7.93686802
9.48393164,27.57953746,-7.41732256
9.24009268,28.38309244,-7.23854987
-12.54460727,29.33964719,-7.82574559
4.06387621,31.01618813,-7.20088216
2.44326217,31.05639227,-7.33564711
5.03988743,30.65755550,-7.08149713
-10.42053079,31.23090876,-7.28378087
-9.90939810,31.45639700,-7.28880350
-9.01864505,31.45173546,-7.36567483
-10.99574173,31.07917642,-7.33637985
6.17229260,30.32878499,-6.97117359
7.46678743,30.16008566,-6.95256741
-11.64645479,31.02932369,-7.47159303
-12.45472079,30.17769878,-7.73607735
9.05289836,29.25608845,-7.19483393
8.91322893,30.23182183,-7.27906781
-12.39298675,31.06968932,-7.66661643
-8.27859569,31.51177173,-7.44623229
1.13873077,31.04462265,-7.41489942
0.01348728,31.04508294,-7.51443140
-7.64121023,31.61622219,-7.51391619
-7.06286076,31.78745583,-7.58159679
-1.00660604,31.13952482,-7.62966822
-1.99693003,30.87474475,-7.64396144
-2.89203973,30.84440390,-7.65302616
-6.43495218,31.52512497,-7.58280170
-5.81549265,31.35956745,-7.59752579
-5.17396584,31.29389935,-7.62550590
-3.71700596,31.01325348,-7.65878516
-4.48515748,31.34513901,-7.66518174
