-0.22426648,12.77589608,1.41011415
-1.83732300,12.65983798,1.36978333
-0.21022553,12.77346492,1.53265329
-1.82598158,12.65462330,1.49591048
-3.34264107,12.58496682,1.30598738
-3.33348728,12.57582577,1.43882043
-4.72919786,12.56891011,1.26137990
-4.72145914,12.55428512,1.40199065
-6.01050292,12.61684452,1.27688158
-6.00334205,12.59524245,1.42411845
-6.37445807,36.27714504,0.38348540
-4.82764900,36.25897467,0.42095417
-6.36756646,36.24279262,0.56838547
-4.82047329,36.22940480,0.60604061
-3.28139159,36.24457573,0.44274058
-3.27317567,36.21869720,0.62618158
-1.72669492,36.22683724,0.45669341
-1.71688031,36.20444459,0.63650564
-0.15604434,36.22739372,0.48136674
-0.14447618,36.20810422,0.65569851
-7.04344444,12.81160068,1.31013310
-7.03718011,12.78359954,1.46115655
-8.03432034,13.02354872,1.36446530
-8.02829631,12.99055677,1.51724834
-9.00331725,13.23324367,1.42687499
-8.99730589,13.19721746,1.58032338
-9.96610920,13.40645613,1.48168398
-9.95971491,13.36951851,1.63579321
-12.33041936,34.39779630,0.33826804
-10.79418029,34.92550072,0.35706086
-12.31563022,34.35607467,0.52736145
-10.78426152,34.88562731,0.54492525
-9.29712545,35.39140108,0.39316722
-9.28986710,35.35282125,0.57953567
-7.82946412,35.82859734,0.39991405
-7.82277837,35.79157438,0.58521569
-10.87191905,13.87716964,1.55306882
-10.86536598,13.84034589,1.70858625
-11.80869230,14.29684183,1.59916936
-11.80096638,14.26125900,1.75554154
-12.78659225,14.67186330,1.61465870
-12.77677372,14.63731883,1.77123630
-13.80859961,15.01943400,1.59752334
-13.79453463,14.98664843,1.75243485
-14.53048864,15.40635278,1.57086860
-14.50951445,15.38031943,1.72505180
-15.28550719,15.78928685,1.53818009
-15.25633630,15.76997068,1.69208618
-16.07342635,16.17388094,1.51520075
-16.03607703,16.15967664,1.66957784
-16.90671370,16.54988560,1.50484579
-16.85986375,16.54089179,1.66234208
-16.95117762,31.66578713,0.64163110
-15.85105298,32.41095368,0.49041093
-16.90241303,31.60436238,0.80953890
-15.81031451,32.35370232,0.66564422
-14.69677101,33.12203707,0.37839568
-14.66506253,33.06997099,0.56096129
-13.51020145,33.78517524,0.32576981
-13.48744429,33.73850065,0.51302231
-17.45956406,17.65688223,1.49321785
-17.41310611,17.64587101,1.65405357
-18.02430619,18.77077402,1.48747303
-17.98032968,18.75718540,1.65126339
-18.59937562,19.87923172,1.46919850
-18.55898806,19.86210471,1.63625829
-19.15973817,20.98149697,1.44107837
-19.12215147,20.96089335,1.61182315
-18.99649446,22.43559985,1.30049290
-18.96087585,22.41222544,1.47028999
-18.81331114,23.90668359,1.13695620
-18.77952624,23.88047038,1.30470161
-18.60579808,25.39665719,0.96102239
-18.57443207,25.36672211,1.12623182
-18.37550662,26.90752304,0.78114332
-18.34566034,26.87367136,0.94387309
-18.04515146,28.10190075,0.74130395
-18.01096847,28.06155859,0.90333107
-17.70648651,29.29962768,0.70099572
-17.66760349,29.25228836,0.86362290
-17.33935308,30.48753806,0.66636495
-17.29559966,30.43325036,0.83060791
-0.23750379,12.77490839,1.28772211
-1.84764991,12.66127737,1.24346023
-3.35057733,12.59031685,1.17285848
-4.73603160,12.58190923,1.12073494
-6.01734477,12.63654791,1.12914108
-6.38227957,36.31515452,0.19931905
-4.83576078,36.29463175,0.23662915
-3.29024062,36.27532811,0.26005624
-1.73684055,36.25229093,0.27770857
-0.16773983,36.24892403,0.30780058
-7.05019258,12.84161775,1.15839321
-8.04122439,13.05993704,1.21072568
-9.01049828,13.26931252,1.27236542
-9.97425404,13.44143716,1.32600081
-12.34720994,34.44124538,0.15249574
-10.80738130,34.97160394,0.17149733
-9.30763720,35.43715895,0.20803744
-7.83769346,35.86944554,0.21579517
-10.88073559,13.91150381,1.39645376
-11.81956098,14.32972766,1.44099187
-12.79946790,14.70518530,1.45665789
-13.82847220,15.04624008,1.43981030
-14.55580427,15.42868224,1.41489355
-15.31785166,15.80576081,1.38350307
-16.11676301,16.18060061,1.35743851
-16.95280276,16.55507718,1.34895776
-17.00266805,31.72966789,0.47781534
-15.89642762,32.47361565,0.31937149
-14.73072576,33.17754974,0.20048602
-13.53690345,33.83620251,0.14309989
-17.50100200,17.66870854,1.33513903
-18.06897614,18.78310963,1.32011031
-18.64127492,19.89470073,1.29921347
-19.19858054,21.00057059,1.26891035
-19.03306074,22.45899749,1.12884967
-18.84417103,23.93276699,0.96840503
-18.63476269,25.42628304,0.79582381
-18.40587271,26.94167547,0.61906267
-18.08119125,28.14413661,0.58105462
-17.74273869,29.34682884,0.54079097
-17.38479360,30.54347873,0.50496076
1.44234865,12.86692322,1.53692356
1.42508863,12.86295333,1.41547851
3.07345115,12.94226957,1.49323577
3.05173821,12.93075538,1.37068347
4.67159767,12.99513074,1.43896832
4.64451854,12.97642220,1.31229226
6.26335090,13.06572202,1.43107689
6.23038693,13.04059697,1.29741827
6.23689508,35.92641930,0.81968165
4.62868980,35.88669534,0.77185811
6.21526140,35.92388567,0.65597498
4.61065163,35.89078595,0.60785406
3.03312497,35.93351815,0.72654494
3.01763996,35.94343293,0.56031108
1.44303113,36.04774837,0.68747768
1.42953616,36.06269389,0.51780008
7.64897251,13.30197482,1.48072359
7.61088063,13.27505676,1.34121995
9.03979521,13.58444267,1.57597299
8.99968267,13.56146094,1.43307381
10.39308160,13.87140268,1.67226289
10.35346509,13.85643022,1.52683905
11.66546119,14.11163486,1.75155695
11.62798315,14.10881233,1.60292509
12.33043318,34.83260838,1.24144290
10.81940869,35.06581660,1.11828210
12.28855066,34.80946958,1.07169063
10.78329650,35.04535728,0.95224311
9.30460727,35.30946546,1.02165710
9.27331272,35.29342595,0.85680638
7.77102919,35.58040458,0.92393969
7.74479867,35.57079887,0.75956541
12.72396175,14.66426328,1.82046706
12.68790982,14.67654437,1.66874725
13.69979190,15.14333992,1.85770266
13.66301828,15.17043876,1.70562410
14.61443820,15.58248434,1.85056913
14.57506135,15.62250092,1.69957145
15.50324833,15.98237755,1.80668225
15.45925011,16.03322437,1.65631592
16.07788365,16.42077723,1.74935273
16.03188466,16.47327715,1.60050527
16.65945939,16.85640492,1.69053683
16.61188396,16.90854202,1.54260117
17.26008888,17.27832123,1.63892013
17.21066747,17.32904924,1.49034308
17.87828086,17.69661688,1.60357261
17.82568513,17.74625875,1.45181639
17.05988324,33.27318041,1.60840528
15.84873261,33.71929077,1.52901720
17.01039425,33.27048628,1.42670668
15.80029934,33.71001463,1.34794705
14.64660862,34.11534132,1.43134106
14.59962342,34.10037043,1.25209591
13.47364203,34.48094243,1.32815775
13.42846212,34.46122209,1.15292821
18.21681064,18.85219371,1.53438410
18.15929647,18.89685346,1.38305293
18.57290333,20.02617801,1.48526648
18.50973539,20.06519125,1.33331291
18.93383182,21.21732930,1.46048941
18.86430959,21.25061195,1.30669216
19.28859726,22.43092089,1.45931427
19.21108811,22.45767242,1.30304534
19.02248752,23.97006519,1.32939059
18.94897911,23.98874721,1.17002744
18.77684202,25.50750716,1.22037696
18.70611447,25.51833607,1.05733231
18.54290239,27.04393433,1.14525098
18.47179930,27.04714137,0.97669003
18.30400159,28.57465815,1.10618486
18.23190787,28.57092642,0.93126029
18.04512326,29.77018925,1.21537593
17.97755750,29.76570489,1.03625201
17.75510331,30.95614093,1.34414857
17.69323151,30.95189667,1.16272280
17.42475780,32.12517006,1.48008840
17.36936934,32.12154204,1.29815025
1.40821671,12.85494524,1.29475495
3.03030099,12.91506721,1.24928608
4.61810511,12.95449160,1.18704785
6.19816707,13.01176192,1.16597065
6.19403241,35.92362768,0.49194010
4.59290109,35.89873776,0.44398520
3.00232523,35.95729896,0.39479937
1.41601827,36.08056139,0.34868675
7.57353533,13.24681590,1.20366126
8.95945934,13.53548337,1.29042839
10.31273264,13.83538099,1.38069187
11.58960547,14.10047514,1.45327974
12.24789707,34.78824234,0.90057791
10.74953191,35.03005549,0.78558532
9.24306263,35.28001042,0.69127523
7.71961365,35.56516557,0.59471530
12.65062006,14.68195853,1.51642751
13.62457854,15.19524001,1.55040494
14.53594849,15.65573255,1.54456352
15.41457881,16.07995265,1.50282341
15.98502581,16.52311446,1.44878811
16.56439871,16.95726065,1.39083634
17.15984006,17.38086208,1.33891707
17.77605844,17.79259381,1.30097153
16.96655827,33.27283081,1.24429544
15.75334801,33.70294663,1.16415879
14.55660679,34.09010933,1.07194750
13.38810344,34.44624245,0.97702330
18.10581159,18.94207673,1.23083539
18.44804557,20.10513022,1.17883532
18.79409757,21.28562880,1.15099495
19.13479478,22.48629133,1.14511365
18.87724474,24.00915120,1.01004320
18.63417744,25.53066690,0.89352018
18.39888441,27.05109782,0.80704302
18.16219849,28.56888812,0.75554371
17.91091279,29.76200404,0.85632488
17.63121046,30.94734100,0.97992034
17.31674951,32.11919938,1.11407392
-0.27619338,14.08353304,-8.26459304
-1.74523829,14.04324713,-8.28495032
-0.27849095,14.08488561,-8.08977860
-1.74705370,14.04199234,-8.10931784
-3.16380378,13.98200054,-8.27824273
-3.16481461,13.97914091,-8.09920151
-4.53386510,13.93593229,-8.27212184
-4.53344330,13.93364120,-8.08735859
-5.87168572,13.93702038,-8.29453590
-5.86965057,13.93729783,-8.10353866
1.20286745,14.15214752,-8.02713904
1.20570816,14.14777106,-8.20319626
2.66692588,14.16093639,-7.91912225
2.67123368,14.15391178,-8.09725913
4.09566837,14.14814581,-7.80257087
4.10176150,14.13877840,-7.98343199
5.47392133,14.14361168,-7.72206689
5.48150888,14.13195430,-7.90597253
-0.83086656,40.23478781,-10.95237873
-2.68026152,40.54691604,-10.97593849
-0.82689655,40.20122520,-10.75311187
-2.67088795,40.50295087,-10.77249147
-4.56804267,40.78144053,-11.03581719
-4.55324295,40.73056159,-10.82923026
-6.50078118,40.81617638,-11.11351227
-6.48100028,40.76449113,-10.90614498
-8.44175063,40.64531941,-11.20208630
-8.41695699,40.59626807,-10.99528292
1.01623213,39.27300501,-10.68737765
1.01714992,39.29825288,-10.88208958
2.82806385,38.41471334,-10.63782045
2.83374069,38.43707366,-10.83083790
4.62108180,37.68951634,-10.61191743
4.63268701,37.71382951,-10.80596977
6.43396671,37.13807831,-10.61839609
6.45428867,37.16878557,-10.81681430
-7.08174725,14.23393150,-8.37049241
-7.07744764,14.23731227,-8.17504635
-8.27088208,14.54996340,-8.51028962
-8.26456663,14.55698091,-8.31220220
-9.44649417,14.86225554,-8.70872976
-9.43853436,14.87236183,-8.50894319
-10.61738673,15.15027606,-8.93681305
-10.60826469,15.16217829,-8.73585013
6.67289004,14.40123619,-7.72987838
6.68207725,14.38696166,-7.91698184
7.81739536,14.68987331,-7.81417608
7.82780682,14.67205401,-8.00525633
8.91111491,15.00823865,-7.94692731
8.92332283,14.98635929,-8.14269928
9.95876266,15.35008951,-8.09546319
9.97364114,15.32438074,-8.29572894
-10.28834457,39.62664397,-11.19650044
-10.26019601,39.58040756,-10.99174738
-12.12620098,38.49333185,-11.19022065
-12.09816490,38.44806328,-10.98511399
-13.91019568,37.31518620,-11.25736433
-13.88519371,37.26989358,-11.05112999
-15.59678304,36.11462192,-11.39026844
-15.57489976,36.06950639,-11.18688373
8.25034033,36.18102485,-10.50744356
8.28233195,36.22125275,-10.71223730
10.13864571,35.32254835,-10.44143296
10.18625225,35.37419488,-10.65733167
12.09902761,34.52193485,-10.46170315
12.16388192,34.58755343,-10.69511779
14.05822186,33.84626648,-10.55335092
14.13774166,33.93039293,-10.80839559
-11.80031339,15.57125993,-9.19460738
-11.79109849,15.58129920,-8.99325644
-12.97188565,15.96369933,-9.44506747
-12.96444296,15.96999442,-9.24441135
-14.10804310,16.33536194,-9.69393626
-14.10463116,16.33629766,-9.49530843
-15.19898455,16.70231720,-9.92860548
-15.20076748,16.69780738,-9.73324765
10.95707837,15.86167036,-8.28124180
10.97525855,15.83508198,-8.48522570
11.91753437,16.39432969,-8.48188690
11.94043661,16.37026975,-8.68712851
12.85503626,16.95485733,-8.69445672
12.88448300,16.93709063,-8.89814161
13.79884368,17.54564747,-8.90286993
13.83690657,17.53552204,-9.10210709
-17.89874179,32.93819783,-11.27650904
-17.35623975,33.74366297,-11.31615824
-17.89504014,32.91346807,-11.07900353
-17.34889181,33.71389194,-11.11980499
-16.79351692,34.54252022,-11.35572213
-16.78207651,34.50758927,-11.15865798
-16.20792996,35.33321618,-11.38283737
-16.19155244,35.29311478,-11.18311490
16.73286720,32.16903257,-10.49725281
16.12620467,32.57296785,-10.51481261
16.81130240,32.24787449,-10.75182240
16.20331573,32.65475286,-10.77463138
15.48071371,32.97996095,-10.53013946
15.55788147,33.06329948,-10.79171240
14.79077415,33.40110870,-10.54418735
14.86903336,33.48526140,-10.80372835
-15.78439745,17.12144886,-10.04755604
-15.78992383,17.11124556,-9.85376106
-16.36633372,17.54495319,-10.13852978
-16.37524905,17.52979256,-9.94478662
-16.94880111,17.96963254,-10.20794049
-16.96043669,17.95017700,-10.01321549
-17.54153785,18.38703913,-10.28139805
-17.55474067,18.36402736,-10.08415194
14.32544593,18.08276502,-9.02054179
14.36737457,18.07978433,-9.21600154
14.87826434,18.63169097,-9.12346026
14.92450082,18.63520270,-9.31543256
15.46190114,19.19314533,-9.21412594
15.51280115,19.20255625,-9.40251558
16.08026717,19.76291752,-9.29421522
16.13660975,19.77642882,-9.47952756
-17.82140150,19.29751563,-10.32513810
-17.83010525,19.27451384,-10.12776085
-18.09814407,20.23104473,-10.36097855
-18.10218130,20.20851667,-10.16241987
-18.36353980,21.19446859,-10.39366992
-18.36294438,21.17298907,-10.19281136
-18.61468830,22.18942845,-10.43360378
-18.60908342,22.16931974,-10.22966884
16.32951956,20.74598869,-9.30401084
16.39079435,20.76160130,-9.48807936
16.59243714,21.75171491,-9.29247837
16.65918370,21.76836648,-9.47694935
16.86589314,22.77235942,-9.27188442
16.93856310,22.78948199,-9.45848036
17.14597093,23.79828372,-9.25635827
17.22512586,23.81613144,-9.44672285
-18.58896812,23.61580409,-10.41884625
-18.58341562,23.59736815,-10.21324185
-18.54285759,25.10433814,-10.42534648
-18.53755815,25.08717458,-10.21802132
-18.48664022,26.64380656,-10.47699192
-18.48108746,26.62688726,-10.26807938
-18.43122883,28.22022854,-10.59989506
-18.42389214,28.20169364,-10.39028190
17.16297802,25.11721664,-9.22723901
17.24097790,25.13777382,-9.42503251
17.18059056,26.41865233,-9.25098804
17.25872858,26.44286662,-9.45925539
17.19473548,27.68145630,-9.35869329
17.27483359,27.71082551,-9.58084959
17.20307929,28.89244477,-9.57442442
17.28698903,28.92993330,-9.81157817
-18.29439522,29.39022066,-10.71204943
-18.28878897,29.37082479,-10.50478351
-18.16104922,30.56880545,-10.86995022
-18.15634843,30.54801693,-10.66583671
-18.02970848,31.75272524,-11.06242645
-18.02550579,31.72990901,-10.86166281
17.09509399,29.72623546,-9.75853566
17.17705055,29.76984390,-10.00396838
16.98115459,30.54464416,-9.98044643
17.06171096,30.59701497,-10.23211924
16.86063804,31.35574861,-10.23037864
16.94018442,31.42027787,-10.48525646
6.41712250,37.11246857,-10.42298314
8.22299809,36.14788230,-10.30653093
10.09646913,35.28068326,-10.23031602
12.03990705,34.47007829,-10.23346400
13.98443034,33.78068833,-10.30259397
5.46658656,14.14987622,-7.54299109
6.66443808,14.41160888,-7.54710924
7.80808851,14.70545494,-7.62646550
8.90071534,15.02936328,-7.75341750
9.94659950,15.37686305,-7.89679436
16.66242515,32.10707287,-10.24330634
16.05614315,32.50952194,-10.25668143
15.40948013,32.91563052,-10.27120107
14.71816308,33.33605428,-10.28801157
13.76744717,17.56394319,-8.70104603
14.29032544,18.09372611,-8.82175057
14.83911595,18.63581849,-8.92839865
15.41825412,19.19128968,-9.02253210
16.03141114,19.75602744,-9.10584946
16.27586857,20.73701441,-9.11809791
16.53352886,21.74137608,-9.10762696
16.80130441,22.76072295,-9.08700195
17.07494912,23.78494241,-9.06948169
-17.57271945,18.34119597,-9.88778070
-17.84378031,19.25286321,-9.93154358
-18.11146956,20.18833454,-9.96579698
-18.36797431,21.15482416,-9.99484943
-18.60989056,22.15305452,-10.02913948
17.09289651,25.10062863,-9.03578756
17.11023002,26.39846740,-9.05130369
17.12258860,27.65720591,-9.14659929
17.12747441,28.86203101,-9.34711987
-18.58434972,23.58344282,-10.01196710
-18.53912658,25.07492738,-10.01570536
-18.48268844,26.61460898,-10.06464432
-18.42401347,28.18721990,-10.18596020
17.02161114,29.69206967,-9.52199279
16.90912479,30.50432702,-9.73583086
16.78957806,31.30645745,-9.97960348
-18.29065283,29.35535384,-10.30238373
-18.15884002,30.53047102,-10.46576829
-18.02792049,31.70986403,-10.66404249
-17.89719311,32.89070376,-10.88329118
-0.82288110,40.16562176,-10.55524886
1.01575799,39.24763068,-10.49414734
2.82354943,38.39412905,-10.44706362
4.61183960,37.66877728,-10.42026426
-0.27986531,14.07819884,-7.91856769
1.20056425,14.14821044,-7.85516080
2.66295685,14.16024088,-7.74515596
4.08972544,14.15093379,-7.62636205
-1.74793593,14.03324640,-7.93767307
-3.16478972,13.96987695,-7.92431634
-4.53228014,13.92611649,-7.90703841
-5.86708008,13.93357293,-7.91687434
-2.66198287,40.45452024,-10.56979285
-4.53932457,40.67338282,-10.62281755
-6.46192712,40.70654805,-10.69804640
-8.39278303,40.54232281,-10.78744126
-10.23267040,39.53169028,-10.78602682
-12.07066298,38.40196989,-10.77878055
-13.86113534,37.22472623,-10.84342252
-15.55527315,36.02498591,-10.98163248
-7.07282659,14.23836288,-7.98358614
-8.25805140,14.56248063,-8.11742090
-9.43051163,14.88164153,-8.31125280
-10.59911098,15.17371620,-8.53594583
10.94262626,15.89176494,-8.07809035
11.89950839,16.42410240,-8.27626242
12.83150346,16.98026172,-8.48903259
-11.78168889,15.59166601,-8.79174545
-12.95693742,15.97688229,-9.04252433
-14.10136485,16.33787016,-9.29516505
-15.20349695,16.69343909,-9.53631704
-15.79689949,17.10109804,-9.65829988
-16.38648404,17.51463398,-9.75040271
-16.97547603,17.93104102,-9.81843533
-17.34642380,33.68561879,-10.92432584
-16.77405263,34.47384413,-10.96116658
-16.17791710,35.25383109,-10.98208132
-0.25581709,36.72895872,-0.91826842
-1.85050634,36.73173161,-0.97310835
-0.34237070,37.35284185,-2.07026551
-1.97006040,37.34639916,-2.12830473
1.35311783,36.50476578,-0.84451516
1.29577816,37.07347756,-1.99236668
-3.43252149,36.75647236,-1.00452012
-3.59148907,37.36659213,-2.16291644
2.96326429,36.31619504,-0.77728142
2.93343751,36.81550307,-1.92675784
4.57439985,36.18314297,-0.72074587
4.57123860,36.60063423,-1.87958632
-5.01240752,36.78051880,-1.02655099
-5.21815297,37.39284268,-2.18312784
6.19133323,36.12756438,-0.67680660
6.21373304,36.45552524,-1.85115119
-6.60100920,36.81034644,-1.04861230
-6.86237456,37.42982939,-2.19556947
-8.10679103,36.33954577,-1.01833834
-8.43099278,36.92295546,-2.15535961
7.73029262,35.67228431,-0.58047964
7.77346471,35.88443662,-1.77221717
-9.63604413,35.86708549,-1.00986028
-10.02895951,36.39507742,-2.12261408
9.26512598,35.30065620,-0.48625008
9.32703014,35.40559280,-1.68884935
10.78604726,34.98116263,-0.39199937
10.87401642,34.99758252,-1.59486363
-11.20481686,35.34979155,-1.02190259
-11.66731592,35.81014684,-2.08647559
12.29971807,34.68562589,-0.29070316
12.41957884,34.63643215,-1.49746591
-12.81911518,34.76078186,-1.00082295
-13.34830020,35.15056907,-2.00657558
13.37136530,34.32384785,-0.24402394
13.43388518,34.25146747,-1.46764568
-13.98054096,34.13775451,-0.96271232
-14.46727628,34.50363419,-1.94027407
14.46167788,33.95259738,-0.18956788
14.45528914,33.86470123,-1.44220448
-15.14483772,33.47257734,-0.86752155
-15.59284908,33.82645063,-1.84099284
15.57033552,33.55586123,-0.13280334
15.48019407,33.46024135,-1.41931239
-16.28764856,32.77112029,-0.72415668
-16.71052899,33.12190063,-1.72211006
-17.38728754,32.03330589,-0.55926798
-17.81037524,32.38684004,-1.60866531
16.69160701,33.12221687,-0.07376260
16.50305518,33.02552207,-1.39388035
17.01962112,32.01569150,-0.16883048
16.79973695,31.96093620,-1.43678024
-17.74376988,30.82954926,-0.52159767
-18.12832556,31.14984697,-1.59988954
-18.07977235,29.61785728,-0.48919665
-18.42935633,29.90987574,-1.60503856
17.31515510,30.89388393,-0.25847134
17.06921394,30.88420958,-1.47346600
17.57973758,29.76105884,-0.33195752
17.31317473,29.79848572,-1.49991577
-18.40003177,28.40320703,-0.46468168
-18.71861190,28.67245848,-1.62308648
-18.70915239,27.19059866,-0.45178647
-18.99965833,27.44163700,-1.65212557
17.81947689,28.62241378,-0.38301712
17.53621831,28.70750454,-1.51473337
-0.42728642,38.01206439,-3.27427550
-2.09249460,37.98775644,-3.32400761
1.24389746,37.67674266,-3.20656691
2.91206734,37.34581789,-3.15248446
-3.75790329,37.99394474,-3.35888442
4.58081713,37.04500273,-3.11715433
-5.43477051,38.01159260,-3.38249542
6.25568526,36.80821776,-3.10096153
-7.13593234,38.04187122,-3.39731219
-18.91390201,25.65046872,-0.31535968
-19.17092639,25.86805769,-1.55664806
18.03013268,27.15504649,-0.29324069
17.71746009,27.28541286,-1.40188955
7.84099368,36.11854274,-3.03105570
-8.76590701,37.48879116,-3.35255043
18.23773892,25.68970796,-0.18099287
17.89550286,25.86780054,-1.28030395
-19.10439059,24.13654194,-0.17937962
-19.33630178,24.32275428,-1.45611892
9.41599171,35.52925886,-2.95313484
-10.42756970,36.89566690,-3.30218647
-12.12740477,36.23567701,-3.23451627
10.99254517,35.02909622,-2.85469910
18.44726833,24.22897075,-0.05452109
18.07265816,24.45855435,-1.15760084
-19.27909625,22.64548486,-0.04775350
-19.49445785,22.80088849,-1.35106523
12.57503745,34.59867342,-2.74733450
-13.86700212,35.50175969,-3.13221275
18.66097481,22.77467747,0.07646187
18.24945388,23.06075590,-1.04141686
-19.43569338,21.17204567,0.07564125
-19.64521328,21.29523829,-1.24372646
13.53401592,34.18879812,-2.71715560
-14.93579998,34.82924320,-3.07964302
-18.89187405,20.05615612,0.13349497
-19.12575146,20.15600394,-1.17218446
18.34395518,21.62933736,0.10574745
17.94344607,21.95364590,-0.99417568
14.49023715,33.78473375,-2.69929153
-16.01533305,34.13524728,-3.01752452
-18.34101788,18.93835646,0.18690048
-18.61223536,19.01760681,-1.09922439
18.02227157,20.49967667,0.14818627
17.63669147,20.85798387,-0.94617615
15.43763891,33.37081642,-2.69373039
-17.09744165,33.42000447,-2.95809965
-17.79709503,17.81979182,0.23454189
-18.11081470,17.88006713,-1.03009507
17.70409724,19.38301521,0.20158760
17.33413715,19.77189724,-0.90032870
-18.17927000,32.68075260,-2.91675913
16.36969608,32.93379336,-2.69855969
-17.27180637,16.70316679,0.27607221
-17.62755100,16.74486622,-0.96975119
17.39674956,18.27458584,0.26002475
17.04149645,18.69055118,-0.86038053
16.63365473,31.90847971,-2.70147208
-18.45410901,31.41793147,-2.93666408
-16.41371078,16.32949509,0.30005883
-16.76304215,16.36853925,-0.92533153
16.81105481,17.83322168,0.30442506
16.47053460,18.21545403,-0.81473972
16.24251699,17.37511027,0.35532902
15.91485782,17.71877628,-0.76908946
-15.59106782,15.96381538,0.32815611
-15.93104806,16.00805096,-0.88895095
-14.80599906,15.60370178,0.35439381
-15.13511339,15.66241428,-0.86248483
15.68715188,16.90221877,0.40635905
15.37093607,17.20279399,-0.72711974
15.13855870,16.41516011,0.45084644
14.83318717,16.66756429,-0.69052303
-14.05849807,15.24258308,0.37218715
-14.37564760,15.32195936,-0.84831140
-18.71662950,30.15885449,-2.96760483
16.87523723,30.87336663,-2.70526630
14.26694788,15.91010089,0.49130364
13.95864749,16.07388267,-0.64550102
-12.97696705,14.94057068,0.38248592
-13.24490479,15.06758577,-0.84131917
13.35428888,15.35831105,0.50541022
13.04235605,15.42880655,-0.61500291
-11.95624695,14.59606358,0.36804395
-12.17862498,14.76260668,-0.85328475
12.36812596,14.74628394,0.49367377
12.05330235,14.72664895,-0.59896462
-10.98411248,14.19903050,0.32893509
-11.16158720,14.39191317,-0.88355641
-18.97143029,28.90844037,-3.00663191
17.09601534,29.83039710,-2.70847988
11.29068973,14.06930620,0.46337907
10.98049931,13.97450088,-0.59616184
-10.04831142,13.73700043,0.26449500
-10.17890569,13.93857920,-0.93013942
5.96791837,12.78143999,0.33406799
7.31129100,13.02122526,0.32616319
5.78586396,12.51311238,-0.57297916
7.09806820,12.77296331,-0.61484001
-6.01143308,12.73459343,0.14323563
-4.72870069,12.61553888,0.19057031
-5.98162365,12.72479110,-0.89924869
-4.68179116,12.54334420,-0.80916926
-7.06116126,13.00849104,0.13544336
-7.06575908,13.07171816,-0.95060307
4.43600936,12.75170309,0.38969221
4.29360818,12.48497498,-0.50499399
-8.07189293,13.28431500,0.16594882
-8.11660705,13.41021850,-0.96264559
8.67414393,13.34012689,0.37017478
8.42654225,13.11999146,-0.61297855
2.89133681,12.73909058,0.46316823
2.78697118,12.47672120,-0.44280841
-3.35417993,12.56248536,0.29640679
-3.30768670,12.43238883,-0.67778344
10.01482085,13.70468732,0.42466660
9.73298020,13.53239783,-0.59869925
-9.06196899,13.53706390,0.21719544
-9.14942936,13.71051813,-0.94837513
-1.87487754,12.57958396,0.40937032
-1.84915491,12.39721056,-0.54842938
1.31019186,12.70434557,0.50252506
1.24933022,12.45534194,-0.42455964
-0.29761555,12.64876510,0.48001046
-0.31170139,12.42109245,-0.46434050
17.29988782,28.78203143,-2.71085716
-19.22240516,27.66887187,-3.05074909
1.19096241,38.19763719,-4.56709457
-0.51454108,38.59597519,-4.61883374
-2.21720150,38.55861203,-4.65260075
17.45081018,27.40106083,-2.59415727
-19.36197134,26.07138718,-2.97021358
-3.92520749,38.54870528,-4.68353817
2.89030692,37.78571256,-4.52954884
-5.64890881,38.55121314,-4.70894604
4.59088502,37.39645691,-4.50515759
-19.50407967,24.49946112,-2.88334812
17.59951616,26.02394886,-2.47873158
6.30000798,37.07354849,-4.49065905
-7.39964725,38.56114943,-4.72717729
7.91311758,36.28050145,-4.40634652
-9.08030656,37.95789170,-4.67986910
-19.64941939,22.94743473,-2.79010255
17.74788180,24.65471633,-2.36866914
-10.79318468,37.29544852,-4.62445416
9.51026875,35.59527110,-4.31713643
-19.79921539,21.40631935,-2.69238828
17.89640901,23.29692648,-2.26845154
11.11334684,35.01382213,-4.21469154
-12.54274122,36.55563114,-4.55756915
17.59955480,22.21755220,-2.21435149
-19.31488685,20.24285771,-2.61837634
12.72647732,34.51881521,-4.10979758
-14.33024222,35.74266247,-4.48071841
-15.34242837,35.04687701,-4.46370395
13.62789627,34.08706137,-4.08262462
17.30546936,21.14592804,-2.16642117
-18.84737370,19.07989481,-2.54068893
14.52084616,33.66559299,-4.06902041
-16.36371747,34.33456905,-4.45232879
17.01736570,20.08016340,-2.12639173
-18.39609442,17.91698878,-2.46551309
15.39864254,33.24035442,-4.07036598
-17.39022286,33.60576991,-4.45294516
-17.96196100,16.75626396,-2.39947662
16.73909661,19.01679987,-2.09565260
-18.42400996,32.86198124,-4.47031611
16.25488576,32.79953995,-4.08655650
16.16937619,18.51648014,-2.05087021
-17.10029867,16.36859192,-2.33204711
15.61519844,17.99162524,-2.00885625
-16.26910724,16.00211208,-2.27797094
-18.67176064,31.60583863,-4.48649918
16.49301234,31.81473835,-4.06505786
-15.47142381,15.65929808,-2.23963915
15.07335759,17.44471322,-1.96999136
14.53928233,16.87573531,-1.93439987
-14.70791111,15.32905650,-2.21749702
-13.53452136,15.11623397,-2.19749048
13.65418283,16.22003495,-1.87898740
16.71211563,30.82238578,-4.04823050
-18.90953661,30.35588938,-4.50900344
12.73376940,15.51419058,-1.83181335
-12.42407325,14.84841396,-2.19338694
-11.35949339,14.50385353,-2.19893684
11.75131179,14.76024032,-1.79581781
10.69820845,13.97073656,-1.77305784
-10.32371145,14.06092554,-2.20779512
-19.14099661,29.11543732,-4.53611763
16.91374354,29.82313888,-4.03572039
-7.06404574,13.07218455,-2.08707964
-5.93729034,12.66038630,-2.00682828
4.19462621,12.25665489,-1.61884317
5.65674128,12.32189819,-1.67153457
6.94252008,12.63106216,-1.72009238
-4.61086470,12.42859391,-1.90886272
8.23317013,13.02095698,-1.74078442
-8.16253935,13.46649460,-2.14368329
9.49508195,13.47642215,-1.75253034
-9.24539339,13.80849393,-2.18027722
-3.22672588,12.26952777,-1.79887438
2.72150951,12.22212545,-1.58575304
1.22818263,12.19504060,-1.59092876
-1.78143251,12.18855958,-1.69923398
-0.28299321,12.17290168,-1.63281418
-19.36918646,27.88592223,-4.56642327
17.10063498,28.81797923,-4.02769717
-19.48511063,26.28333428,-4.48319721
17.22340709,27.47864308,-3.91436174
-19.60682007,24.70120023,-4.39861618
17.34351138,26.13891141,-3.80893558
1.12781853,38.58527285,-6.02716008
-0.60896882,39.06729646,-6.05538762
-2.34483155,39.04719870,-6.06341864
-4.09233773,39.04586960,-6.08185280
2.85419211,38.07884499,-6.01048482
17.46348931,24.80345833,-3.71257615
-19.73669519,23.13470080,-4.31312417
-5.86102321,39.04561318,-6.10482134
4.58002291,37.59902121,-5.99780456
-7.65497825,39.03429780,-6.12836389
6.31471540,37.20013310,-5.98297088
7.95820260,36.33026019,-5.87203869
-9.37550991,38.37483880,-6.08861094
17.58473642,23.47653958,-3.62587937
-19.87705257,21.57540928,-4.22894304
9.58592044,35.57002655,-5.76214784
-11.12950742,37.63221952,-6.04076373
17.29540965,22.42240029,-3.57137267
-19.42891009,20.40457532,-4.15537912
-12.92008441,36.80217482,-5.99094005
11.22475415,34.91671921,-5.65939752
17.01093024,21.37368213,-3.52301980
-19.00184370,19.23241722,-4.08284435
-14.74482407,35.90132385,-5.95810549
12.87492464,34.35597691,-5.57168201
13.72429222,33.90410790,-5.55045619
-15.69120497,35.18512195,-5.97307414
-18.59212423,18.05946480,-4.01575689
16.73373472,20.32926544,-3.48016870
-16.63808705,34.45475042,-6.00066043
14.56118013,33.46572092,-5.54047154
-18.19820160,16.88853919,-3.95945984
16.46652342,19.28827297,-3.44190109
-17.58364152,33.71156094,-6.04192812
15.37776295,33.02949702,-5.54244318
15.89467401,18.77438722,-3.38994094
-17.34680423,16.47969888,-3.87118112
-16.52411710,16.09207381,-3.79144962
15.34011544,18.23668204,-3.33868996
-18.52887863,32.95850568,-6.09676470
16.16734628,32.58495139,-5.55689408
-15.73146489,15.73267323,-3.72340213
14.79953401,17.67772839,-3.28792272
-14.96975625,15.39212303,-3.66947482
14.26940449,17.09845350,-3.23758145
-18.75310035,31.72866316,-6.08814092
16.38571337,31.65151648,-5.50872068
-13.76284091,15.18847049,-3.59563998
13.37606435,16.41894077,-3.15608963
12.45578294,15.69507792,-3.08187181
-12.61569407,14.93402206,-3.54392307
16.58680191,30.71149627,-5.46683603
-18.96583534,30.50157161,-6.08253439
-11.51112855,14.60148208,-3.50469233
11.48615027,14.93223451,-3.02115714
-10.43182326,14.16707892,-3.46974599
10.45784144,14.14437273,-2.97737832
9.30261885,13.62650244,-2.94282208
-9.31857352,13.89705330,-3.41057659
8.08817478,13.14599812,-2.91947582
-8.19821564,13.53066649,-3.34768589
-7.06170202,13.10560935,-3.27857735
6.83699458,12.72384081,-2.89814908
-5.89866475,12.65954842,-3.20486229
5.57607181,12.37135361,-2.87187938
4.13950328,12.27112278,-2.86236648
-4.54954660,12.41724350,-3.13296392
2.69252269,12.21014100,-2.87616949
-3.15493682,12.25108200,-3.06590263
-1.71644293,12.16368406,-3.00707492
1.23165453,12.16968115,-2.91275577
-0.24433103,12.14055478,-2.96012475
-19.16987738,29.27939665,-6.08036495
16.77200834,29.76444338,-5.43212738
-19.36818311,28.06391541,-6.08329832
16.94305650,28.80949595,-5.40624891
17.03720096,27.51631580,-5.29778247
-19.46328513,26.46715555,-5.99407221
17.12538253,26.21496265,-5.20646048
-19.56234682,24.88735060,-5.91444149
17.21052987,24.91186671,-5.12791274
-19.66770210,23.32337151,-5.84319096
-0.70455730,39.43640782,-7.52328501
-2.46895270,39.48534995,-7.50497506
1.05948042,38.83777245,-7.51497432
-19.78044977,21.77171603,-5.78011160
17.29439281,23.61416416,-5.05842901
2.80747446,38.22162387,-7.51093200
-4.25456887,39.53456632,-7.51030887
-6.06964466,39.55205859,-7.53563986
4.54840693,37.65171468,-7.50496487
-7.90277596,39.51552643,-7.57581346
6.29536431,37.18655197,-7.49400228
-19.37467021,20.62238962,-5.71007704
17.01048782,22.58538731,-5.00734293
-9.65576104,38.77637428,-7.55953043
7.97289100,36.26750652,-7.36542900
9.64897542,35.45293986,-7.24165618
-11.44280204,37.92552925,-7.52990055
16.73155299,21.56160963,-4.95656963
-18.98447094,19.47614201,-5.64461347
11.34980201,34.73118515,-7.14764860
-13.25817170,36.98223936,-7.50983146
-18.60820141,18.33341090,-5.58546478
16.46037696,20.54452972,-4.90223854
13.06563742,34.09844424,-7.08523842
-15.08074440,35.97374344,-7.54314981
13.87643584,33.63164814,-7.06559934
-15.92786569,35.23126087,-7.58759928
16.19949519,19.53576936,-4.84098486
-18.24510748,17.19751527,-5.53473088
14.66647576,33.18272395,-7.05244569
-16.75658240,34.47559872,-7.64123025
15.63144208,19.01697730,-4.76681236
-17.43348324,16.77229228,-5.43641527
15.08240191,18.48032797,-4.68873631
-16.64532456,16.36190954,-5.33732195
-17.56596186,33.70992437,-7.69852665
15.42656432,32.74261288,-7.04759631
14.54955268,17.92789036,-4.60716057
-15.87958702,15.97605540,-5.23626522
-15.13690321,15.61036116,-5.13866765
14.02908491,17.36048668,-4.52404078
-18.35590439,32.93697832,-7.75282043
16.15007774,32.30061742,-7.05295040
13.13680383,16.69228952,-4.39699472
-13.91742268,15.37650565,-4.98565166
-12.74576048,15.10435603,-4.86411533
12.22217480,15.98929189,-4.28218289
-18.55293304,31.73525126,-7.67705767
16.34891853,31.43380225,-6.96038945
-11.61046858,14.76390088,-4.76639295
11.26560251,15.25738766,-4.18897920
-10.49801459,14.33160996,-4.68474414
10.25777320,14.51002413,-4.12153678
16.53176485,30.55874997,-6.87696101
-18.74038893,30.53234667,-7.60356197
-9.36319870,14.04735459,-4.60585464
9.14509866,14.00575367,-4.08011726
-8.22089259,13.67523643,-4.54042963
7.97592647,13.53743962,-4.05709898
6.76478726,13.12209008,-4.05152477
-7.06220272,13.25238903,-4.49094105
5.53011482,12.76823351,-4.06424619
-5.87812556,12.81761293,-4.45689734
-4.52153625,12.62149265,-4.43546123
4.11816677,12.67067469,-4.11362327
2.68738044,12.60560095,-4.18502566
-3.12624227,12.50878607,-4.41309745
1.23817833,12.54947123,-4.26370071
-1.69189638,12.47200469,-4.38055734
-0.22769646,12.48685652,-4.33276844
16.69961980,29.67298473,-6.80558936
-18.91953983,29.33025942,-7.54047400
-19.09212168,28.13072017,-7.49701398
16.85375851,28.77410715,-6.75002430
-19.17801265,26.54225878,-7.39836685
16.91843591,27.52773970,-6.64149780
16.97270158,26.25848737,-6.56701753
-19.26145824,24.97089152,-7.33343015
17.01963373,24.97783716,-6.51489218
-19.34347132,23.42404406,-7.29204498
17.06169916,23.69702593,-6.47381809
-19.42298570,21.90704554,-7.26314507
16.78141668,22.68329908,-6.43605896
-19.07787056,20.80769661,-7.20588605
-0.77914773,39.79729482,-9.01420664
-2.57389472,39.96354151,-8.99662821
1.01543875,39.04090640,-8.99512413
2.78652596,38.29871218,-8.97749076
-4.39985340,40.10024063,-9.01461174
-6.26461289,40.13833780,-9.06338946
4.54130436,37.63768362,-8.96253476
-18.73504631,19.72510044,-7.15024711
16.50524269,21.67489851,-6.39251851
-8.13953859,40.05178726,-9.13488461
6.30159676,37.11030334,-8.95471077
8.02605469,36.15399851,-8.82300204
-9.92903965,39.18164574,-9.13951437
-11.74276192,38.18055211,-9.12694784
9.77917295,35.29730708,-8.70498101
-18.39687555,18.65858187,-7.09406320
16.23675764,20.67683766,-6.33616153
11.58017447,34.51142728,-8.63191061
-13.55117921,37.09956871,-9.15644709
-18.06748380,17.60767327,-7.03648367
15.97970638,19.69447210,-6.26102050
-15.30338344,35.97148860,-9.27808633
13.39716248,33.82105342,-8.59626018
14.17370372,33.35759530,-8.56721175
-16.02331993,35.20574800,-9.32524571
15.41412650,19.17193345,-6.16302534
-17.33347235,17.18399776,-6.94241612
14.87081632,18.64220027,-6.05618398
-16.61622936,16.76631531,-6.83983678
-16.71518517,34.43161444,-9.36007208
14.91689048,32.91755700,-8.54161844
14.34675527,18.10645235,-5.94208680
-15.91054369,16.36472499,-6.71952282
-15.21544392,15.97843716,-6.58728381
13.83786586,17.56391487,-5.82387491
-17.38143908,33.65101467,-9.37726015
15.61892214,32.49020075,-8.52565465
-14.02081835,15.69500753,-6.36719853
12.94976567,16.93425647,-5.64653223
12.04164603,16.28247363,-5.48714175
-12.84361619,15.38611011,-6.17894888
16.27667034,32.06433212,-8.52509176
-18.02421929,32.86492808,-9.37905609
11.09468111,15.61241159,-5.35787759
-11.68504455,15.02468186,-6.02024983
-10.54396434,14.59187659,-5.88069759
10.10045991,14.93474331,-5.26183753
16.44751242,31.26290701,-8.35531468
-18.20054114,31.68411360,-9.20528408
-9.39394915,14.29821415,-5.76652508
9.02207649,14.47390600,-5.20712643
-8.23835215,13.93715681,-5.68084160
7.89130735,14.04628622,-5.17675750
6.71506130,13.66494432,-5.17717603
-7.06799861,13.54227899,-5.63549457
-5.87439375,13.15112668,-5.62960392
5.50281828,13.33690259,-5.21656618
4.11062278,13.26514393,-5.31060435
-4.52278564,13.02950071,-5.65230386
2.68617832,13.21332581,-5.42554344
-3.13529327,12.99101316,-5.66996466
-1.70486660,13.01521801,-5.66205258
1.23428330,13.15478899,-5.53520658
-18.37135017,30.50175991,-9.04548233
16.60518129,30.44949358,-8.20392813
-0.23724725,13.06696897,-5.61768702
16.75050029,29.61954225,-8.07617981
-18.53633928,29.31924840,-8.91372359
16.88396446,28.76904522,-7.97711347
-18.69521324,28.13803320,-8.82367815
-18.77626130,26.55832384,-8.71337016
16.91651557,27.55567403,-7.85110255
-18.84913968,25.00003311,-8.66530798
16.93643533,26.29882416,-7.79258970
16.94714969,25.01453694,-7.77933632
-18.91207133,23.47781170,-8.65576707
-18.96014265,22.00471938,-8.66211195
16.95207154,23.71957263,-7.79032344
-18.67645047,20.96183288,-8.61955508
16.67237438,22.69806660,-7.78687929
16.39643155,21.68088260,-7.77761079
-18.38254928,19.94729959,-8.57931437
16.12882938,20.67699353,-7.75140748
-18.08339791,18.96046167,-8.53252917
15.87404928,19.69654376,-7.69876123
-17.78654607,17.99608008,-8.47720554
-17.13653099,17.58101004,-8.39887624
15.29489554,19.15730493,-7.59506652
14.74438105,18.62457586,-7.47947778
-16.49634655,17.16513681,-8.31271452
-15.85899426,16.75898184,-8.19877343
14.21911893,18.09916247,-7.35272828
13.71446312,17.57891228,-7.21705360
-15.22226381,16.36359156,-8.05745455
12.82198253,16.99656653,-7.00426853
-14.07742754,16.04239570,-7.80127325
-12.91389644,15.70473200,-7.56054864
11.91654382,16.41252396,-6.80739624
10.97550809,15.82510316,-6.64040674
-11.74258291,15.32830807,-7.34361547
9.98935579,15.23769797,-6.50439969
-10.57765725,14.90164549,-7.13709958
8.93628892,14.83940565,-6.41277145
-9.41686981,14.60884879,-6.96353780
7.83332324,14.46825309,-6.34285560
-8.25267144,14.27180609,-6.82125671
6.68088440,14.13486822,-6.31246512
-7.07557821,13.91846833,-6.73571579
5.48151235,13.84415283,-6.33978098
-5.87720111,13.57967361,-6.71219227
-4.53550252,13.52819701,-6.74004599
4.10044125,13.81164864,-6.44091087
-3.15957158,13.54753365,-6.77732565
2.67573091,13.79169669,-6.56974458
-1.73524446,13.60822259,-6.79288562
1.21665018,13.75504784,-6.68853237
-0.26356005,13.66956026,-6.76515047
-0.21179975,36.46636621,-0.31823068
-1.79266336,36.47046482,-0.36355270
1.38404234,36.27018023,-0.25734198
2.98172487,36.11480340,-0.19748530
-3.35872542,36.49466592,-0.38964764
4.58179818,36.02027339,-0.14190500
-4.91944288,36.51605854,-0.41354905
-6.48477649,36.54109410,-0.44410514
6.18951412,36.00672412,-0.09383486
7.72069450,35.60299092,0.00803365
-7.96306535,36.08399304,-0.42109310
9.24879694,35.27785556,0.10518119
-9.46065236,35.63374993,-0.42297315
-10.99407853,35.14493969,-0.45198974
10.76065575,34.99574563,0.20031598
12.26394580,34.72821153,0.30927512
-12.57200207,34.58762838,-0.45594663
13.36775668,34.37646203,0.37105022
-13.75007546,33.97491658,-0.44125508
-14.93113100,33.31384982,-0.36176536
14.49565329,34.01224896,0.44628513
15.64809768,33.61978415,0.52170212
-16.08585817,32.61183865,-0.22483668
16.81725494,33.18803269,0.59249709
-17.18724113,31.87127144,-0.05482244
-17.55807726,30.67889298,-0.01638154
17.15805124,32.05907065,0.47724839
17.46409035,30.91287747,0.36260149
-17.90642981,29.47690069,0.02368345
17.73688747,29.75429762,0.26172511
-18.23719201,28.27003956,0.06127564
-18.55542739,27.06410141,0.09119679
17.98268843,28.58904596,0.18495644
18.20657752,27.09692401,0.25593212
-18.77345880,25.53821047,0.24974548
-18.97466136,24.03636979,0.40572144
18.42830830,25.60471015,0.35671834
18.65462776,24.11443103,0.48012147
-19.15714653,22.55620104,0.55286260
18.88958183,22.62675880,0.61540977
-19.31852923,21.09254372,0.68524408
-18.76705010,19.98348706,0.73034172
18.56353763,21.45630447,0.63249010
18.23144870,20.30352081,0.66844662
-18.20354279,18.87064630,0.76807211
-17.64516093,17.75569980,0.79989712
17.90278878,19.16587516,0.72272672
-17.10577912,16.64233458,0.82789277
17.58560329,18.03895711,0.78845973
16.98641278,17.61413081,0.83033214
-16.25634345,16.26881701,0.84350084
-15.44375526,15.89900257,0.87021280
16.40596983,17.17496118,0.88254281
-14.66884234,15.53047876,0.89885792
15.84001642,16.72307940,0.93783651
15.28175139,16.25988371,0.98739751
-13.93042925,15.15861622,0.92035208
14.40779608,15.79850447,1.02767283
-12.87515691,14.83590836,0.93385409
13.49625051,15.29484770,1.03636961
-11.87570049,14.47461276,0.91913063
-10.92167479,14.06610624,0.87749781
12.51530311,14.73303759,1.01174359
-10.00287883,13.59968372,0.80988555
11.44381410,14.10249480,0.96368537
-6.01699840,12.69755770,0.64242780
-7.05574051,12.93632223,0.65510690
6.07740483,12.90683810,0.74874246
4.52234991,12.86474485,0.78938285
7.43722553,13.14440640,0.76362185
-4.73710200,12.61093852,0.66103298
2.95687418,12.84002990,0.86015132
-3.35818616,12.58857806,0.74074416
-1.86725051,12.63270944,0.83352052
1.35508955,12.79290972,0.90494070
-0.27265564,12.72476316,0.89125039
-8.05379205,13.18250606,0.69903043
8.81365918,13.44997732,0.83112997
-9.03053221,13.41330650,0.75777363
10.16389625,13.78528726,0.90617109
-0.80445461,39.98740473,-9.77698677
-2.61843690,40.22067878,-9.77387284
1.00966701,39.14441068,-9.73850898
-4.46780082,40.40392944,-9.80928781
2.79636297,38.33982783,-9.70590613
4.56331237,37.63936864,-9.68334590
-6.36022488,40.44416404,-9.87357778
-8.26119720,40.31936181,-9.95810563
6.33934796,37.08944333,-9.67849080
-10.07460180,39.37180079,-9.96394042
8.09819586,36.12170937,-9.55089906
9.90502962,35.25150132,-9.44703910
-11.90071557,38.29550829,-9.95642411
11.77227652,34.44198753,-9.39987096
-13.69871752,37.15539486,-10.00925671
13.65110857,33.73848213,-9.39955450
-15.41446746,35.98409952,-10.15296282
14.40767388,33.28325239,-9.37255972
-16.08056310,35.21476054,-10.17986881
-16.71894051,34.43723952,-10.18577965
15.12502504,32.85284316,-9.34788507
-17.33210495,33.65266674,-10.17063756
15.79761078,32.43606676,-9.33329733
16.42554911,32.02226348,-9.33100465
-17.92209791,32.86149671,-10.14337931
16.57702098,31.23802951,-9.11129678
-18.07826653,31.68189725,-9.93691085
16.71798118,30.44307040,-8.91424171
-18.23187039,30.50216515,-9.74977720
16.84871252,29.63108171,-8.74666032
-18.38249871,29.32407267,-9.59620605
-18.53025479,28.14955734,-9.48996048
16.96985033,28.79716538,-8.61477168
-18.60236769,26.57300635,-9.37410452
16.98498783,27.59302280,-8.46042152
-18.66759893,25.02277001,-9.32816061
16.98859673,26.33665539,-8.39436389
16.98408595,25.04504327,-8.39086190
-18.72096664,23.51499683,-9.32520515
-18.75582016,22.06397430,-9.34050971
16.97548283,23.73743693,-8.42318914
-18.49642390,21.04574769,-9.30375654
16.69782028,22.71061095,-8.43597692
16.42444507,21.68767760,-8.44640116
-18.22337524,20.05874917,-9.27097665
-17.94128015,19.10246643,-9.23169788
16.16011597,20.67919821,-8.44156223
-17.65852689,18.17005756,-9.18249329
15.90883144,19.69534510,-8.41045340
15.31442815,19.14211180,-8.31447914
-17.04111088,17.75814482,-9.11177803
-16.43160055,17.34228047,-9.03725117
14.75189183,18.59925715,-8.20640228
14.21778201,18.06894071,-8.08604345
-15.82240741,16.93275677,-8.93516458
13.70752932,17.54921251,-7.95365193
-15.21073060,16.53198810,-8.80225882
12.80038923,16.97649302,-7.73568771
-14.09089067,16.19425427,-8.54874410
11.88774479,16.41670917,-7.52715017
-12.93782908,15.84630805,-8.29470908
10.94366900,15.86529705,-7.34238375
-11.76400802,15.46667755,-8.05372923
-10.58968482,15.04569807,-7.81653493
9.95653336,15.32100875,-7.18244217
8.91054265,14.95334343,-7.06442179
-9.42487109,14.75463521,-7.61306024
-8.25696816,14.42923920,-7.44087859
7.81573170,14.61044560,-6.96508861
6.67000770,14.30082992,-6.90949479
-7.07638473,14.09420368,-7.32888580
-5.87516234,13.77700645,-7.28449301
5.47284466,14.02826242,-6.92130735
4.09473908,14.01537502,-7.01583819
-4.53774156,13.75220935,-7.29803969
2.66873378,14.01201582,-7.14269387
-3.16677086,13.78857753,-7.33118777
-1.74605852,13.85502424,-7.35016337
1.20715763,13.98886217,-7.25926945
-0.27485968,13.91064917,-7.32936027
