0.76416464,15.34815644,2.07186324
0.03017991,15.29419555,2.08836642
0.78933292,15.18813431,2.28838964
0.05573854,15.13331034,2.29720594
-0.73679186,15.21841751,2.10881505
-0.71063309,15.05872318,2.30817481
-1.53570430,15.11737363,2.13043684
-1.50993583,14.96162380,2.31852154
-2.36305588,14.99362828,2.15494013
-2.34004577,14.84491277,2.33039801
-3.15886459,30.05224544,2.36501060
-2.16788836,30.10569181,2.38107147
-3.15349290,30.08849732,2.48140274
-2.15820915,30.14591770,2.49920214
-1.15275055,30.18126259,2.40046139
-1.14343570,30.22310703,2.52108604
-0.16832030,30.26358199,2.42211856
-0.16418079,30.30552922,2.54522390
0.73984804,30.34263831,2.44289771
0.73686226,30.38430648,2.56761167
-3.08885187,15.02576356,2.16165434
-3.06901000,14.88012824,2.32636369
-3.82025360,15.03665142,2.17120826
-3.80656495,14.89862062,2.32533652
-4.55234299,15.02472112,2.18387914
-4.54684837,14.89769065,2.32844903
-5.28451380,14.97978277,2.20020750
-5.28851602,14.86630994,2.33697335
-5.97060356,28.94717028,2.37376657
-5.31276840,29.24169841,2.35552287
-6.00150735,28.96075678,2.50762692
-5.33300913,29.26053950,2.48252817
-4.64377377,29.51573214,2.34840018
-4.65415551,29.54048311,2.47035001
-3.93511099,29.78288551,2.35121619
-3.93656300,29.81345988,2.46947129
-5.92728710,15.27504895,2.24840777
-5.93974333,15.16586495,2.38043063
-6.55110813,15.51025227,2.29214383
-6.57268734,15.40676921,2.42184825
-7.15644203,15.69191102,2.33368668
-7.18769699,15.59316722,2.46390116
-7.75232794,15.83590932,2.37938744
-7.79354520,15.74099003,2.51231409
-8.12430897,16.04535366,2.41451648
-8.16941583,15.95697331,2.55120786
-8.51317317,16.23134896,2.45518821
-8.56190685,16.14951080,2.59683820
-8.93546403,16.39757232,2.50839791
-8.98817027,16.32196419,2.65605105
-9.42505965,16.54197359,2.56989922
-9.48054541,16.47334608,2.72524326
-8.04651358,27.25977934,2.42623217
-7.40394396,27.75430644,2.38347842
-8.09689657,27.26002753,2.58982273
-7.45133189,27.75699916,2.53925882
-6.88394311,28.20110276,2.36546247
-6.92642857,28.20655200,2.51350797
-6.41668495,28.59436306,2.36353488
-6.45354996,28.60349793,2.50412493
-9.49822929,17.19034998,2.61226813
-9.56123922,17.12763082,2.77463479
-9.63483601,17.79216129,2.67269820
-9.70445233,17.74051740,2.84029240
-9.85155775,18.39168138,2.74825826
-9.92717589,18.35505827,2.91909659
-10.17086133,19.03735888,2.85314738
-10.25116235,19.01946347,3.02362569
-9.78043010,19.96814249,2.81641410
-9.85203961,19.96069522,2.98793402
-9.46168763,21.04115366,2.78508744
-9.52679390,21.04057349,2.95808224
-9.15241174,22.23333836,2.72879335
-9.21554121,22.23584440,2.90493196
-8.83163732,23.46720280,2.61199609
-8.89507403,23.47258270,2.79353160
-8.52094717,24.45141487,2.58937396
-8.58576567,24.46010051,2.76738062
-8.27053377,25.41132215,2.54724535
-8.33519896,25.42040849,2.72058554
-8.09819347,26.34411619,2.49192308
-8.15875222,26.35072734,2.65973266
0.71976932,15.52576359,1.84328359
-0.01293407,15.47288183,1.86876993
-0.77798981,15.39500095,1.90085815
-1.57383847,15.28959339,1.93696849
-2.39544792,15.15524930,1.97575000
-3.16984037,30.01474783,2.25062744
-2.18705587,30.06444771,2.26534050
-1.17608126,30.13705331,2.28189590
-0.19100859,30.21781665,2.30063578
0.72166297,30.29671630,2.31947934
-3.11548911,15.18464449,1.99475907
-3.83860416,15.18598201,2.01555139
-4.56080601,15.15554088,2.03793713
-5.28279144,15.09222634,2.06204304
-5.94382202,28.93260964,2.24152214
-5.29753760,29.22390310,2.23030186
-4.63828635,29.49225221,2.22851559
-3.93786028,29.75146991,2.23496779
-5.91609820,15.38182396,2.11525451
-6.53061674,15.61079318,2.16094143
-7.12563635,15.78917505,2.20261991
-7.71470149,15.92558324,2.24509137
-8.08155775,16.13114555,2.27697033
-8.46655416,16.31166336,2.31338372
-8.88760406,16.47014370,2.35825043
-9.37181069,16.61010340,2.41582626
-8.00860637,27.25840851,2.26159530
-7.36870596,27.75293290,2.22702441
-6.84923589,28.19568873,2.21803216
-6.38714728,28.58594580,2.22447712
-9.43369481,17.25827075,2.45198201
-9.56505448,17.85292514,2.50028559
-9.77701091,18.44016533,2.57182863
-10.09326534,19.06896051,2.67640647
-9.71051906,19.99204477,2.63672707
-9.39685787,21.05696088,2.60245204
-9.09322492,22.24175397,2.54207111
-8.77847747,23.46665100,2.42154670
-8.46846371,24.44452503,2.40342635
-8.21370957,25.39988387,2.36779446
-8.04878535,26.33509934,2.31979436
1.49396835,15.17494341,2.30287820
1.47077235,15.32599694,2.08239779
2.17077988,15.14587571,2.32022481
2.14820497,15.28726337,2.10054139
2.82517649,15.09824570,2.34056979
2.80124655,15.23152989,2.12588450
3.46812820,15.03666677,2.36474123
3.44098145,15.16317123,2.15764943
3.49964608,30.32836161,2.47733886
2.91327249,30.33303744,2.50642585
3.48471776,30.27878401,2.34752807
2.90648073,30.28582000,2.37698497
2.27679422,30.34858195,2.53252412
2.27604268,30.30332863,2.40359525
1.55914308,30.36752190,2.55361567
1.56178896,30.32422727,2.42634649
4.00313017,15.12392678,2.36372306
3.96872138,15.24957827,2.16322500
4.53970281,15.20270117,2.36435939
4.49771438,15.32663309,2.17205259
5.08691641,15.27630372,2.36758947
5.03734373,15.39580861,2.18350408
5.65911320,15.33830281,2.37410406
5.60164325,15.45245959,2.19804286
5.55685433,29.69640704,2.46314175
5.01124786,29.82088494,2.43828626
5.49790843,29.63490804,2.31962119
4.96098299,29.76127597,2.29786206
4.50943841,29.97119643,2.43369187
4.46948047,29.91502441,2.29674163
4.01487110,30.13969783,2.44774467
3.98692801,30.08717358,2.31436306
6.11628852,15.76959945,2.42008746
6.05041415,15.88277283,2.24797533
6.60144702,16.17038327,2.46067511
6.52572956,16.27951062,2.29195387
7.12528983,16.56625608,2.49449993
7.03806104,16.66942696,2.32801147
7.71908198,16.95024688,2.52602062
7.61783612,17.04629014,2.35989109
8.08849180,17.35158574,2.54238656
7.97830060,17.43739373,2.37419940
8.50528081,17.74551465,2.56118480
8.38674403,17.82088700,2.39092831
8.99682718,18.13234864,2.58766416
8.87041503,18.19886948,2.41507285
9.58117877,18.52462881,2.62942503
9.44650691,18.58499402,2.45318183
7.72600866,29.16037069,2.50483836
7.04485958,29.26121677,2.48192439
7.63926969,29.11104883,2.34848231
6.96147898,29.20365026,2.32881635
6.47021490,29.38567630,2.46465542
6.39177645,29.32364287,2.31428491
5.98210361,29.53232594,2.45793647
5.91183705,29.46936876,2.31062505
9.60979348,19.38320796,2.63562903
9.45880931,19.43212304,2.44577070
9.77538242,20.28967629,2.66275327
9.61812927,20.33087793,2.46625796
10.05922602,21.31814097,2.71865570
9.90664153,21.35706994,2.52361527
10.42433233,22.44794489,2.78709744
10.27725364,22.48422029,2.59721813
9.86265669,23.69965708,2.68078216
9.72064617,23.73505147,2.48870016
9.37044246,24.87720642,2.59485859
9.22996741,24.89539813,2.40809907
8.92629200,25.92530824,2.52780368
8.78461408,25.91519709,2.34807900
8.54116706,26.84548194,2.45970977
8.39794256,26.80466482,2.28593322
8.27069887,27.49543694,2.50352415
8.14304364,27.45161755,2.33641598
8.04636510,28.09230525,2.52645004
7.93289763,28.04685164,2.36445305
7.86525736,28.64071140,2.52632428
7.76579366,28.59318664,2.36788083
1.42759715,15.49225105,1.84900463
2.10580282,15.44157385,1.86713481
2.75848987,15.37673772,1.89750195
3.39689836,15.29824563,1.93865647
3.44732879,30.22607209,2.21919105
2.87663381,30.23557516,2.24913283
2.25184202,30.25505866,2.27637874
1.54146001,30.27717440,2.30032487
3.91824614,15.38531286,1.95205377
4.44086207,15.45885228,1.96916662
4.97455641,15.51988048,1.98988307
5.53284848,15.57032873,2.01412373
5.41699605,29.56260042,2.17589928
4.88920663,29.69445139,2.15810493
4.40712607,29.85255813,2.16072564
3.93661496,30.03069796,2.18231293
5.97308737,15.99847575,2.06942299
6.43568244,16.39624249,2.11519579
6.93845267,16.77522154,2.15270879
7.50327714,17.14446468,2.18624489
7.85284942,17.52615717,2.19762968
8.25283685,17.89853605,2.21024200
8.72541410,18.26928584,2.23228668
9.30257311,18.64525430,2.27131573
7.53965590,29.04660586,2.19171172
6.85856268,29.12896508,2.17441068
6.29415360,29.24747084,2.16344519
5.82180869,29.39441154,2.16319303
9.28963365,19.48891882,2.24303612
9.43302318,20.38319138,2.25038646
9.72492665,21.40652815,2.31062385
10.10912697,22.52741732,2.39389278
9.55402524,23.76949591,2.28393688
9.06097955,24.89933315,2.21042040
8.61589283,25.88032454,2.15896900
8.23411142,26.73462761,2.10442425
7.99569770,27.37866573,2.16373025
7.80073457,27.97431958,2.19855466
7.65030964,28.52370724,2.20666121
-1.32895577,17.61706474,-6.43662597
-1.95210664,17.56535361,-6.40746839
-1.33506648,17.66020113,-6.26340300
-1.96283864,17.60731740,-6.23258972
-2.57375430,17.47586207,-6.38231143
-2.58806291,17.51606372,-6.20682121
-3.19785102,17.34406737,-6.35995629
-3.21387492,17.38204427,-6.18461248
-3.83229499,17.16653432,-6.33812758
-3.84794257,17.20157291,-6.16311286
-0.71480362,17.75137914,-6.28642647
-0.71368692,17.70775244,-6.45938272
-0.09430436,17.81146860,-6.31496328
-0.09732727,17.76813966,-6.48668497
0.53025158,17.84180233,-6.34879074
0.52422933,17.79993633,-6.51860011
1.16280809,17.84325140,-6.38722467
1.15549488,17.80416189,-6.55506609
-3.31683213,30.96232813,-6.58925338
-3.97696623,30.51371308,-6.55487339
-3.33506881,30.84831337,-6.37929642
-3.98105050,30.41065642,-6.34854456
-4.57804472,30.24286206,-6.57198812
-4.57102708,30.14964762,-6.36822605
-5.18614891,30.10564142,-6.62340341
-5.16796415,30.02267576,-6.42099934
-5.85585037,30.07653125,-6.69285017
-5.82439963,30.00537240,-6.49006560
-2.58322908,30.74950065,-6.35099579
-2.56341505,30.86531788,-6.56338189
-1.80517900,30.76365192,-6.36007701
-1.78150529,30.88144401,-6.57529334
-0.97698937,30.89697833,-6.40501198
-0.94655658,31.01804232,-6.62320274
-0.07092140,31.16100552,-6.48442251
-0.03194684,31.28501139,-6.70594684
-4.40598208,17.18805445,-6.28399611
-4.41846688,17.21921839,-6.10395054
-4.98775174,17.17024092,-6.22950939
-4.99530886,17.19777340,-6.04515127
-5.58891738,17.11507204,-6.17470386
-5.58971069,17.13986967,-5.98732338
-6.21854051,17.02864822,-6.12075973
-6.21067294,17.05084439,-5.93235131
1.65096458,18.06807085,-6.38059881
1.64692798,18.03191975,-6.55286045
2.12686898,18.27538227,-6.37763903
2.12913587,18.24261307,-6.55391468
2.59871456,18.46477473,-6.37867278
2.61003253,18.43636449,-6.55818136
3.07978439,18.63582083,-6.38435410
3.10270847,18.61255862,-6.56616133
-6.35978811,29.64158051,-6.65198761
-6.30642875,29.58393461,-6.45020626
-6.96407584,29.31145719,-6.60449709
-6.88888114,29.26426949,-6.40308222
-7.73665738,29.04730007,-6.53832410
-7.63967122,29.00709817,-6.33793224
-8.77072489,28.80149998,-6.45249801
-8.65487062,28.76324584,-6.25331176
0.73247338,30.65971069,-6.45041241
0.76834146,30.78094420,-6.67373967
1.60214218,30.25450766,-6.44915875
1.64008523,30.37613778,-6.67491272
2.58250228,29.95396986,-6.47435608
2.62922588,30.08190964,-6.70286485
3.76152757,29.79545905,-6.53044780
3.82397535,29.93567508,-6.76133207
-6.85218206,17.05670392,-6.06257337
-6.83397920,17.07645722,-5.87367029
-7.52434192,17.07583505,-6.01838592
-7.49382341,17.09288995,-5.83316576
-8.25474926,17.10124691,-5.99640874
-8.20962729,17.11365993,-5.81884428
-9.08000608,17.14928878,-6.00394182
-9.01808706,17.15378769,-5.83595408
3.49385369,18.94166102,-6.37900599
3.53173694,18.92397084,-6.56410347
3.94507353,19.22481183,-6.38401539
4.00023523,19.21398676,-6.57027454
4.47035973,19.48663695,-6.40200943
4.54489333,19.48472828,-6.58781450
5.12622084,19.73520279,-6.44221067
5.22247841,19.74439478,-6.62673811
-10.76447134,27.33944853,-6.33352906
-10.12839025,27.73756967,-6.33596263
-10.66050441,27.30306578,-6.14141961
-10.01506943,27.70093765,-6.14117479
-9.59163438,28.11474572,-6.35980349
-9.47469697,28.07810242,-6.16291600
-9.14425140,28.46868509,-6.40046673
-9.02654264,28.43145828,-6.20223114
5.99048742,28.72585067,-6.71015650
5.32666135,28.88787386,-6.63405155
6.05378089,28.86254902,-6.93063603
5.39214159,29.02792704,-6.85874919
4.74282204,29.12795692,-6.58251933
4.80734570,29.26825667,-6.81015038
4.22514715,29.43414932,-6.54944823
4.28846603,29.57407946,-6.77900438
-9.52341898,17.34484579,-6.00455445
-9.45402747,17.34383668,-5.83894825
-10.02615271,17.54827089,-6.01942108
-9.94896608,17.53989364,-5.85566092
-10.61022354,17.76778074,-6.05044256
-10.52560721,17.75058969,-5.88782416
-11.30084043,18.00955923,-6.09740161
-11.21039579,17.98321400,-5.93401087
5.40539358,20.05550614,-6.45642612
5.51292905,20.07192422,-6.64009828
5.76836703,20.37323010,-6.49346097
5.88692864,20.39785235,-6.67540509
6.24563463,20.70011656,-6.56228889
6.37305797,20.73340060,-6.74179673
6.87263763,21.05082295,-6.67312328
7.00530905,21.09228483,-6.85221770
-11.33286370,18.56265893,-6.08316062
-11.23288710,18.53791291,-5.91195857
-11.41139725,19.10463769,-6.09187515
-11.30121416,19.07884966,-5.91324555
-11.55291581,19.63666523,-6.13397925
-11.43266774,19.60500611,-5.95037501
-11.76324151,20.17469133,-6.20477274
-11.63409438,20.13139255,-6.01903862
6.61044676,21.69294629,-6.64468294
6.75832198,21.73349994,-6.81842229
6.46443053,22.28280992,-6.63639096
6.62308744,22.32491951,-6.80518030
6.43112051,22.83615050,-6.64258995
6.59793525,22.88331559,-6.80884212
6.51184828,23.37228106,-6.66166957
6.68553820,23.42870596,-6.82897122
-11.51609888,20.88190352,-6.25797115
-11.38739876,20.82612866,-6.07257254
-11.34335723,21.63755227,-6.31317738
-11.21563306,21.56519259,-6.13035145
-11.23614870,22.50022894,-6.35116158
-11.10905575,22.40989399,-6.17189817
-11.17701869,23.55419948,-6.35427806
-11.04997933,23.45081692,-6.17734312
6.15545312,23.95533054,-6.61507538
6.31905332,24.01713394,-6.78026373
5.97245982,24.52880248,-6.59336294
6.12443981,24.60094943,-6.76283426
5.93818367,25.14244537,-6.59396469
6.07877082,25.23139458,-6.77313698
6.02837817,25.85544581,-6.61777835
6.15658657,25.96869633,-6.81044933
-10.97724828,24.41142530,-6.32177154
-10.85506314,24.31371785,-6.14408983
-10.82571997,25.36769937,-6.29869068
-10.70741548,25.28484597,-6.11741538
-10.74747561,26.37005601,-6.29793862
-10.63423034,26.30905423,-6.11105334
5.97287113,26.38941496,-6.61872948
6.08293141,26.51334013,-6.81981536
5.95347359,27.02545201,-6.63239327
6.04607681,27.16063735,-6.84210617
5.96002407,27.79855747,-6.66116504
6.03754149,27.94091831,-6.87805032
-0.08543396,31.06988462,-6.25814982
0.72151169,30.58045873,-6.21813885
1.58723023,30.18091983,-6.21043832
2.55515629,29.87591553,-6.23010407
3.71273279,29.70068761,-6.28394015
1.17047631,17.88107664,-6.17122697
1.65491723,18.10534211,-6.15347321
2.12414940,18.31114594,-6.14221603
2.58661996,18.49740257,-6.13862870
3.05576105,18.66380216,-6.14433323
5.93007998,28.62163805,-6.48200148
5.26710921,28.78729823,-6.39750264
4.68659709,29.03181290,-6.34008896
4.17300764,29.34000448,-6.30372080
5.03010189,19.73214881,-6.22144677
5.29815366,20.04599447,-6.23924887
5.65084630,20.35574015,-6.28472010
6.11946418,20.67387493,-6.36517486
6.74163480,21.01565770,-6.48740384
6.46445490,21.66247507,-6.46232621
6.30905136,22.25397362,-6.45926502
6.26909375,22.80541345,-6.46986712
6.34353984,23.33531179,-6.49004905
-11.12383730,17.97027680,-5.76518451
-11.13651606,18.53006723,-5.73207842
-11.19490880,19.07266887,-5.72364031
-11.31669369,19.59446026,-5.75577947
-11.50889814,20.10968424,-5.82377086
5.99872064,23.91838421,-6.44233385
5.82728422,24.48713383,-6.41400536
5.80384955,25.08955322,-6.40421587
5.90528661,25.78299375,-6.41538648
-11.26454442,20.79405089,-5.87760356
-11.09501582,21.51783103,-5.93912901
-10.98935266,22.34402393,-5.98576923
-10.93007653,23.36842265,-5.99427902
5.86768773,26.30938544,-6.40691906
5.86534350,26.93485627,-6.41204550
5.88701667,27.69778404,-6.43470520
-10.74127530,24.23266123,-5.95931924
-10.59878470,25.21068260,-5.92822988
-10.53098187,26.24820509,-5.91631611
-10.56463074,27.26068280,-5.94302238
-3.32953101,30.75580278,-6.16384746
-2.57593387,30.66120873,-6.13092816
-1.80041921,30.67822639,-6.13696657
-0.97973101,30.81051235,-6.17980098
-1.34147649,17.70000404,-6.02410943
-0.71607693,17.79294145,-6.04665448
-0.09109055,17.85348633,-6.07933896
0.53661613,17.88269285,-6.12166132
-1.97410115,17.64565906,-5.99032664
-2.60312565,17.55224314,-5.96625111
-3.23094365,17.41582839,-5.94964764
-3.86503194,17.23277615,-5.93595703
-3.96517752,30.32604289,-6.13493171
-4.54931725,30.07067002,-6.15808341
-5.14052760,29.94951568,-6.21452267
-5.78839016,29.94020661,-6.28655459
-6.25309544,29.52877027,-6.24525563
-6.81807821,29.21567871,-6.19568589
-7.55052556,28.96064043,-6.12842859
-8.54830020,28.71472818,-6.04371694
-4.43274002,17.24965723,-5.86711602
-5.00485447,17.22884242,-5.80230220
-5.59275960,17.17199522,-5.74287194
-6.20522813,17.08383604,-5.69204762
3.45428740,18.96565843,-6.13355946
3.88836068,19.24257199,-6.14060351
4.39463685,19.49557155,-6.16731496
-6.81870139,17.11187855,-5.63687762
-7.46683115,17.12786346,-5.60769164
-8.16846446,17.14432900,-5.61106323
-8.96059409,17.17482499,-5.64833851
-9.38920100,17.35954260,-5.65631635
-9.87644787,17.54790057,-5.67870674
-10.44526537,17.74865089,-5.71583491
-9.91219595,27.65513834,-5.93719002
-9.36861051,28.03034784,-5.95492227
-8.91955989,28.38305857,-5.99242025
0.18866999,30.07505069,1.45833306
-0.69859751,29.98758868,1.45243970
-0.38635750,30.23457142,0.56428316
-1.22584865,30.10222364,0.55107461
0.98748409,30.04495485,1.41979998
0.40394054,30.23375890,0.53382742
-1.62381796,29.91372856,1.45162262
-2.08784228,30.00352233,0.54450072
1.68755941,30.01675709,1.38496630
1.12144570,30.25048066,0.50845416
2.30369926,29.99386577,1.35335345
1.76901116,30.28256388,0.48729921
-2.55337911,29.86536343,1.45093913
-2.95376937,29.94858659,0.53928148
2.86485880,29.98470534,1.32298342
2.36699372,30.33777478,0.46678964
-3.45321356,29.85725591,1.44258308
-3.80688424,29.95144890,0.52769481
-4.15585386,29.61667177,1.41252287
-4.48607003,29.69471685,0.50061538
3.31085535,29.73717150,1.25392328
2.86093069,30.09476924,0.39890231
-4.80666667,29.38149598,1.38325041
-5.13798840,29.44263109,0.47199659
3.74368771,29.49879158,1.20055768
3.33993401,29.85945570,0.33797948
4.19334152,29.27062693,1.16742117
3.83422986,29.62870228,0.28761053
-5.43228691,29.13170819,1.35379722
-5.78789807,29.16723665,0.44072622
4.69372521,29.05951591,1.15724111
4.37979833,29.40563762,0.24821090
-6.06066923,28.84561789,1.32481275
-6.46507704,28.83630431,0.40750418
5.04356485,28.83351899,1.11698657
4.75196436,29.17704099,0.18537459
-6.47463798,28.49623189,1.27427330
-6.89197116,28.44167723,0.35878044
5.46399327,28.62766070,1.09072077
5.19038333,28.95831565,0.12699510
-6.92066883,28.09103097,1.23147210
-7.36648957,27.98455833,0.32109225
5.98412748,28.45836861,1.07728132
5.72288302,28.76134472,0.07045973
-7.43830682,27.62318969,1.20444008
-7.93111637,27.46894450,0.30699545
-8.08805978,27.10302848,1.20737709
-8.64367265,26.92545846,0.33326014
6.63286416,28.34577545,1.07308564
6.37745599,28.60315327,0.01226647
6.70385524,27.76454311,1.03770033
6.50315911,27.97296591,-0.05801672
-8.14102779,26.17913784,1.22660486
-8.74688955,26.04076924,0.37192911
-8.32901942,25.28574711,1.24578515
-8.96707872,25.21767237,0.41911201
6.83167014,27.21527811,0.98857504
6.67983267,27.40491532,-0.12724174
7.01702109,26.68877652,0.92255195
6.90530335,26.88808380,-0.19626102
-8.60538407,24.41290004,1.26694073
-9.26025593,24.43895674,0.46843387
-8.92658080,23.55090105,1.28821828
-9.58849909,23.68521060,0.51260517
7.25532780,26.17870838,0.83851374
7.17539602,26.40612600,-0.26944011
-0.83523108,30.57054709,-0.39243846
-1.64739567,30.34193297,-0.41114109
-0.04714483,30.61844451,-0.39691096
0.68662542,30.69867490,-0.39974899
-2.47243780,30.17060468,-0.42401442
1.36564660,30.80609073,-0.40134205
-3.29966817,30.06257903,-0.43368677
2.00154204,30.94380304,-0.40546013
-4.12383512,30.02745803,-0.44538822
-9.13847245,22.46197567,1.38236602
-9.76747144,22.72120712,0.59144181
7.54918707,25.50864750,0.84373344
7.43365514,25.74236488,-0.26354691
2.54626246,30.69926993,-0.43540185
-4.78648086,29.70634663,-0.45243232
7.89203676,24.78949058,0.82887106
7.73638374,25.06438316,-0.27009757
-9.33183984,21.38807592,1.44193541
-9.90979216,21.74180237,0.62574602
3.07598588,30.46679322,-0.47293941
-5.43669212,29.39120544,-0.46506458
-6.10280602,29.04741150,-0.48362058
3.62381442,30.24350106,-0.51502426
8.25823822,23.95666998,0.81172764
8.05715504,24.30112308,-0.28018180
-9.54314679,20.38305532,1.48132223
-10.06074779,20.77081309,0.63101479
4.23043188,30.03087022,-0.56310833
-6.81910781,28.63589171,-0.50522605
8.64731591,22.95177416,0.82843451
8.35823285,23.36295915,-0.27643332
-9.83449958,19.47592241,1.51964189
-10.28683235,19.82796766,0.62711113
4.61880967,29.78338229,-0.63475574
-7.24466458,28.18925817,-0.53785989
-9.52758302,18.86642703,1.45519429
-9.92816384,19.15163263,0.56137827
8.26257002,21.94981518,0.73110009
7.98191534,22.38232299,-0.31299023
5.07253101,29.54188024,-0.71322979
-7.73762672,27.69448714,-0.55542798
-9.33236676,18.27854478,1.42667765
-9.69081590,18.48335417,0.52826869
8.00747230,20.94481109,0.69273913
7.70115535,21.34322239,-0.32589206
5.61846852,29.31209503,-0.80377407
-8.34360644,27.17029195,-0.54457130
-9.22330195,17.67135979,1.42103054
-9.54922175,17.78900735,0.51664910
7.93717941,20.01807007,0.74221078
7.58388267,20.33352418,-0.30134289
-9.11694931,26.65789376,-0.49141320
6.28400131,29.10596909,-0.91179183
-9.18963356,17.00276621,1.42575332
-9.49062481,17.03535063,0.51549614
8.06973151,19.16317154,0.87441882
7.67890974,19.41021976,-0.23156525
6.46028904,28.40608968,-1.00707043
-9.28481816,25.84577220,-0.42311724
-8.72311122,16.85108370,1.40146069
-8.98598661,16.83135567,0.49462471
7.60538126,18.80839097,0.86157860
7.23870925,19.04661468,-0.22866685
7.23358472,18.46841602,0.86547817
6.87812443,18.70750619,-0.21735022
-8.32149653,16.68615066,1.38120576
-8.55717508,16.62215565,0.47361085
-7.95879544,16.50389561,1.36247723
-8.17625054,16.40325296,0.45076880
6.92540110,18.13183320,0.87907955
6.57516873,18.37873042,-0.20181568
6.66217534,17.78770590,0.89478168
6.31530051,18.04849626,-0.18571812
-7.61844472,16.29929716,1.34247481
-7.82527926,16.17054031,0.42455030
-9.55522976,25.11029080,-0.34678362
6.67171192,27.77887650,-1.09633870
6.16904672,17.47361792,0.85876515
5.80694852,17.76793660,-0.19685201
-7.05179245,16.19666815,1.29890226
-7.23382609,16.06930341,0.37085920
5.73134017,17.13751820,0.81510541
5.35450988,17.46661297,-0.21397699
-6.49221456,16.06554752,1.24404684
-6.66460147,15.96144909,0.30620934
5.32761689,16.76392019,0.76054359
4.93620051,17.13028923,-0.23748344
-5.92681877,15.89469906,1.17413850
-6.10222995,15.83313761,0.23032547
-9.88549619,24.42732063,-0.27215202
6.90988802,27.21868256,-1.17502368
4.93795932,16.34029547,0.69581917
4.53052658,16.74607538,-0.26612747
-5.35132348,15.66923111,1.08747526
-5.54013848,15.66618721,0.14519160
2.84712850,16.10870429,0.43699963
3.36312754,16.18780624,0.48385895
2.36433223,16.45463586,-0.38598083
2.89818683,16.55576160,-0.36586181
-2.72872271,16.09514204,0.74699523
-1.97766169,16.28367115,0.62964130
-3.03105573,16.22523941,-0.14750143
-2.32254262,16.44015206,-0.22433541
-3.38640928,16.05895290,0.83598781
-3.65312805,16.16689279,-0.07894709
2.19907444,16.22758019,0.37090725
1.70449765,16.55000440,-0.40895317
-4.04125948,15.97059888,0.92407130
-4.27691270,16.04888807,-0.00612566
3.87780403,16.25230478,0.54413953
3.43267799,16.63783213,-0.33860103
1.54115998,16.33007196,0.33854054
1.04654841,16.62430601,-0.41439696
-1.23986224,16.40050993,0.52398515
-1.62708046,16.57839158,-0.28906236
4.39904105,16.30271062,0.61540738
3.97406072,16.70097461,-0.30521780
-4.69450557,15.83806593,1.00844432
-4.90399428,15.87848832,0.06909915
-0.52062017,16.45935078,0.43530601
-0.94582823,16.65762437,-0.34164017
0.86802063,16.41437518,0.33890540
0.38713815,16.67340380,-0.40480062
0.17840700,16.47278619,0.36767125
-0.27717132,16.69057408,-0.38238494
7.17275787,26.70798782,-1.24720178
-10.24182866,23.77143421,-0.20865230
-0.46638662,30.96139944,-1.36542150
-1.25189045,30.86447962,-1.37430041
-2.04337346,30.53278315,-1.38192651
7.40299546,26.02699186,-1.24022538
-10.45027081,22.91895082,-0.12196997
-2.83654517,30.28059359,-1.38707181
0.27841884,31.09998377,-1.35534066
-3.62581813,30.11062273,-1.39212135
0.98241681,31.27201884,-1.34387309
-10.60153568,22.03047460,-0.09217724
7.67082752,25.34732506,-1.23629432
1.65139342,31.47371735,-1.33315343
-4.41827599,30.02377731,-1.40038382
2.23793600,31.22552869,-1.31467512
-5.05764756,29.62614179,-1.38640617
-10.73679674,21.11021973,-0.10656176
7.96510067,24.60046293,-1.23128067
-5.69979716,29.24029634,-1.37998114
2.81087345,30.98883677,-1.31149085
-10.91689239,20.16794271,-0.14581751
8.25518029,23.69239686,-1.21343825
3.40491775,30.76056202,-1.32416621
-6.37941353,28.82819436,-1.38021642
7.86902758,22.72293099,-1.18308865
-10.48790043,19.46351256,-0.22495146
4.06528076,30.53929684,-1.35738721
-7.14064853,28.35097661,-1.38147299
-7.57442200,27.88735845,-1.39087453
4.45793979,30.25822702,-1.42052265
7.58023994,21.67057045,-1.15053366
-10.18124813,18.75202250,-0.27679184
4.91361641,29.97769073,-1.50009169
-8.09071136,27.39818579,-1.38597908
7.45203533,20.60712991,-1.11456369
-9.97602770,18.00837578,-0.31008238
5.45764627,29.70059717,-1.60375509
-8.72846521,26.90788928,-1.35830292
-9.85796602,17.20941959,-0.33412641
7.55112339,19.61336311,-1.08213579
-9.52816360,26.45304870,-1.30043684
6.11647089,29.43776913,-1.73943294
7.09584339,19.22894296,-1.04554181
-9.30026322,16.94889104,-0.35087506
6.72389459,18.87793518,-1.01013551
-8.83258191,16.68940397,-0.36944285
-9.73273681,25.69749129,-1.22238509
6.30976204,28.67516217,-1.84557796
-8.42383997,16.42822945,-0.39087620
6.41379833,18.54235057,-0.97793417
6.15059231,18.20932642,-0.95104126
-8.05397409,16.16200807,-0.41625535
-7.43040007,16.03837613,-0.45814574
5.60372204,17.94719829,-0.92086156
6.52214283,27.98894780,-1.94630288
-10.02468681,25.02119519,-1.14121961
5.12118870,17.66497311,-0.90778047
-6.84114905,15.92625947,-0.50758388
-6.26752443,15.81075263,-0.56448894
4.67844555,17.35033712,-0.90961072
4.25140123,16.99436615,-0.92328103
-5.70142406,15.66895905,-0.62804983
-10.36592005,24.39980348,-1.06455862
6.73955550,27.37944183,-2.03291982
-3.85072761,16.14137353,-0.75799800
-3.24790316,16.19750883,-0.80048365
1.34721210,16.72379111,-0.96779828
2.01326757,16.64203772,-0.96401491
2.55939770,16.76537637,-0.95317274
-2.56562813,16.43899721,-0.84082094
3.11004045,16.86433546,-0.94116253
-4.45844518,16.02948751,-0.71473307
3.67147350,16.94031697,-0.93051512
-5.07348230,15.86820797,-0.67139609
-1.89761007,16.60695523,-0.87679997
0.69446933,16.77591254,-0.96288793
0.04880501,16.79378469,-0.95144693
-1.24209975,16.71496259,-0.90812547
-0.59567523,16.77285480,-0.93489917
-10.72589710,23.80736766,-1.00076920
6.96016191,26.83232067,-2.10736379
-10.95488654,23.03175518,-0.91021081
7.12526067,26.12470504,-2.11518457
-11.12102920,22.22262426,-0.87360781
7.32650816,25.43323015,-2.12186270
-0.90031510,31.25109053,-2.29710091
-1.68198911,31.11660559,-2.29825249
-2.45044843,30.68992801,-2.28123944
-3.20939717,30.36216856,-2.26854274
-0.14645007,31.43382381,-2.29557411
7.57308226,24.69296020,-2.12526066
-11.25358228,21.37070603,-0.88709289
-3.95988552,30.13248314,-2.26292621
0.58137893,31.65202351,-2.29179486
-4.72191669,29.98980567,-2.26532408
1.28676446,31.89447459,-2.28551563
1.91431354,31.63514921,-2.23551536
-5.33752745,29.51762639,-2.23067455
7.85869206,23.81565739,-2.11370551
-11.40082992,20.47793553,-0.93975033
2.53036381,31.37875253,-2.19661098
-5.97377219,29.06740549,-2.20271103
7.51907451,22.88807140,-2.04242783
-10.94860672,19.80701780,-1.01847570
-6.67201379,28.60314321,-2.17996478
3.17124679,31.12315401,-2.17473311
7.28828794,21.87178809,-1.97717397
-10.59645488,19.11983206,-1.08764734
-7.48729151,28.09273685,-2.15844381
3.88766471,30.86514289,-2.18046655
4.27928815,30.53759599,-2.22152876
-7.92714835,27.64256430,-2.14911926
-10.33769188,18.39958810,-1.14893234
7.20977652,20.81529333,-1.92600732
-8.45290870,27.18914794,-2.13555114
4.73144079,30.20681682,-2.28422633
-10.16257745,17.62786553,-1.20668681
7.34233518,19.79143652,-1.91632372
-9.09285846,26.75327244,-2.11573371
5.26654133,29.87678716,-2.37650778
6.87571190,19.39285993,-1.84573846
-9.55746579,17.33689880,-1.21568699
-9.05461252,17.04421382,-1.22675649
6.49808544,19.03563074,-1.78689589
-9.87198350,26.36126070,-2.08986989
5.90814349,29.55998162,-2.50794128
-8.62078554,16.75136254,-1.24024234
6.18615658,18.69898831,-1.74014985
-8.23446901,16.45717062,-1.25636836
5.92530585,18.36733927,-1.70668861
-10.07079967,25.63317695,-2.03091127
6.07657753,28.74694939,-2.58596466
-7.58615763,16.29736530,-1.27029280
5.34702188,18.13501192,-1.63390534
4.84277737,17.88195855,-1.59158528
-6.98301695,16.16252181,-1.28918760
6.24815145,28.01414256,-2.66489476
-10.34158824,24.97975227,-1.97838323
-6.40241192,16.03859689,-1.31239024
4.38454215,17.59675407,-1.57529204
-5.83526666,15.90128959,-1.34143261
3.94659406,17.27308633,-1.58071995
3.35835100,17.22618784,-1.55255196
-5.21838201,16.06748343,-1.34647515
2.79276694,17.15038990,-1.53769517
-4.61639392,16.20149722,-1.35531880
-4.02414301,16.29176523,-1.36836738
2.24096837,17.04445915,-1.53159501
-3.43795370,16.33244794,-1.38592670
1.69566263,16.90703118,-1.53009465
1.03307888,16.97986681,-1.50587348
-2.77684119,16.58042499,-1.39702928
0.39066393,17.01262822,-1.48481573
-2.13043468,16.76034487,-1.41245266
-1.49561069,16.88250743,-1.43039893
-0.24037211,17.00473175,-1.46647213
-0.86761781,16.95459591,-1.45035725
-10.65187977,24.38063619,-1.93284860
6.40909212,27.36615311,-2.73652487
-10.97586241,23.81312714,-1.89755933
6.55936140,26.79015747,-2.80290211
6.62205325,26.05525009,-2.82766409
-11.18656158,23.07294212,-1.82614465
6.72787130,25.35136141,-2.85818324
-11.34694096,22.32213736,-1.78725082
6.90598800,24.61897053,-2.88942449
-11.47708265,21.54133252,-1.78858582
-2.09868253,31.11065494,-3.15296836
-2.83213765,30.62569046,-3.10981702
-1.33062038,31.25661434,-3.16158728
-11.61173436,20.72172663,-1.83350998
7.17884548,23.78081688,-2.90656431
-0.57807006,31.46046600,-3.17815967
-3.54748478,30.25716670,-3.08331299
-4.25652968,29.99747634,-3.07292265
0.16472354,31.70756400,-3.19928676
-4.98820999,29.82821832,-3.07590843
0.90393906,31.98063658,-3.22290842
-11.19720592,20.11070727,-1.88358588
6.92278600,22.92738674,-2.83773016
-5.58093323,29.32318299,-3.01432515
1.57116908,31.72221343,-3.16118099
2.23337499,31.45596564,-3.10508596
-6.21737239,28.85584028,-2.95915123
6.79429294,21.99452600,-2.76573539
-10.85777402,19.47896046,-1.94388524
2.92890577,31.17752203,-3.06206521
-6.94334753,28.39442699,-2.91194185
-10.59644688,18.81453473,-2.01208505
6.81135562,21.00482240,-2.70729760
3.71563952,30.88101908,-3.04700058
-7.82131134,27.91771435,-2.87864397
4.10691547,30.50916246,-3.06067623
-8.25578827,27.51185676,-2.86421842
7.00627962,20.01144762,-2.70312348
-10.40925155,18.10214816,-2.08625876
4.55523288,30.13383055,-3.09753604
-8.76745224,27.11448706,-2.86104096
6.54237700,19.61003250,-2.60385390
-9.77965349,17.82094930,-2.06645958
6.17019064,19.25438689,-2.52563921
-9.25566845,17.52792004,-2.05299918
-9.37408018,26.73991887,-2.87258674
5.07899918,29.76438488,-3.16586571
5.86548820,18.92352030,-2.46565569
-8.80515994,17.22888128,-2.04441408
-8.40705174,16.92545804,-2.03988104
5.61279830,18.60091719,-2.42412415
-10.08970481,26.40477549,-2.90358069
5.69743428,29.41769148,-3.27782702
5.01928372,18.39821579,-2.31701104
-7.73743045,16.73762823,-2.01157097
-7.12313010,16.57791869,-1.99090742
4.50585515,18.17627811,-2.24535890
-10.23291631,25.66047127,-2.87356080
5.80390682,28.58479201,-3.30177829
-6.53786199,16.43653322,-1.97463372
4.04153060,17.92325704,-2.20372713
-5.97093287,16.29149904,-1.96409783
3.60075561,17.63408819,-2.18847669
5.90228535,27.83600626,-3.34409027
-10.43625407,24.98410585,-2.86419267
-5.36585233,16.41167611,-1.93679226
3.02342005,17.58642987,-2.13217967
-4.77725389,16.50587281,-1.91700655
2.46886992,17.50482927,-2.09413134
1.92737559,17.38812404,-2.06893146
-4.19985918,16.56305414,-1.90481279
1.39147395,17.23409765,-2.05182481
-3.62870024,16.57806823,-1.90072459
-2.98565035,16.81486260,-1.89321338
0.73749840,17.28988898,-2.00434760
0.10629563,17.30080319,-1.96923634
-2.35701402,16.99230196,-1.89619716
-0.51187936,17.26909115,-1.94341021
-1.73853295,17.11714254,-1.90709968
-1.12492280,17.19522083,-1.92472514
5.98142403,27.17700855,-3.39804142
-10.67227869,24.36149051,-2.86732108
-10.92158130,23.77576334,-2.87880309
6.04697664,26.59412404,-3.46406368
-11.07501096,23.02395345,-2.84476377
5.99043453,25.85029555,-3.51226872
5.99599239,25.15253394,-3.57729372
-11.21073096,22.30013548,-2.81598612
6.10519388,24.44824294,-3.64397505
-11.34219011,21.57247358,-2.80860682
6.35993565,23.67009771,-3.68987645
-11.49184777,20.81617673,-2.83714136
6.18649030,22.91716672,-3.63107206
-11.16458310,20.26196272,-2.83958433
-2.56566814,30.80844829,-4.22692674
-3.24631529,30.33725254,-4.16867714
-1.80663306,30.89459497,-4.22005637
-1.05382310,31.05583482,-4.24309163
-3.90320654,30.00007274,-4.15155991
-4.56322746,29.77961592,-4.16819294
-0.29439440,31.27876160,-4.29120445
-10.89801469,19.68452676,-2.86758555
6.15766124,22.10185704,-3.55805877
-5.26065312,29.66334614,-4.21288829
0.48544373,31.54952509,-4.36245771
1.20835616,31.25854367,-4.28984287
-5.80231158,29.19753129,-4.11924024
-6.42220474,28.79117466,-4.03237429
1.93584013,30.96804397,-4.22920451
-10.69599441,19.07072139,-2.92335460
6.27493072,21.22447380,-3.49758544
2.71136502,30.67025670,-4.18570769
-7.16825185,28.41463577,-3.95951466
-10.55849196,18.40846235,-3.00386179
6.54750965,20.31522605,-3.49995248
-8.10465124,28.05045215,-3.92453108
3.60492972,30.36851724,-4.17832763
4.00370237,29.98454923,-4.17667885
-8.51219741,27.69725267,-3.90309744
6.10072453,19.92206728,-3.37291958
-9.94214463,18.18149929,-2.92862842
5.74951469,19.57430234,-3.27721480
-9.42551173,17.93405605,-2.86707711
-8.98494674,27.34845921,-3.91030545
4.45398177,29.61542700,-4.20327613
5.46724951,19.25156728,-3.20617928
-8.97828545,17.67230717,-2.81825026
-8.58113716,17.39846082,-2.78033588
5.23687885,18.93724279,-3.15770413
-9.53593158,27.01023276,-3.95233223
4.97136905,29.27594004,-4.26856579
-7.89618734,17.23082047,-2.69060804
4.65471778,18.75105602,-3.02235207
4.15365330,18.54818824,-2.92428161
-7.27205029,17.07585516,-2.62452727
5.57583393,28.98604636,-4.38957411
-10.18175974,26.69047510,-4.03487220
3.69994548,18.31716040,-2.85720301
-6.68081801,16.93168720,-2.57318966
-6.11033591,16.78456680,-2.53341547
3.26922640,18.05358633,-2.81779111
5.57821602,28.16744211,-4.35093404
-10.21579678,25.83990580,-4.00742657
-5.51423823,16.85479028,-2.48456548
2.71830047,17.99258600,-2.73884478
-4.93586994,16.90273314,-2.44801763
2.18524295,17.89655399,-2.68017275
1.66041824,17.76321828,-2.63644170
-4.36975880,16.91961226,-2.42217936
-3.80940462,16.90162798,-2.40705627
1.13714099,17.59062631,-2.60334772
0.48973020,17.62420302,-2.53315528
-3.18016033,17.11136076,-2.39058478
-0.13477976,17.61290052,-2.48233626
-2.56412022,17.27342998,-2.38873364
-1.95603164,17.39168270,-2.39893434
-0.74551274,17.56076582,-2.44562205
-10.31329550,25.03865184,-4.02677043
5.57288567,27.44915562,-4.35807220
-1.35031006,17.46905576,-2.41987020
5.55989845,26.82802533,-4.40227516
-10.45449383,24.29185608,-4.06988658
5.55627274,26.28122843,-4.47513477
-10.62653892,23.59839803,-4.12100956
-10.70552554,22.75364013,-4.10296651
5.41667433,25.57383661,-4.53505714
-10.81712798,22.00989806,-4.06610958
5.38052105,24.92222490,-4.61435119
5.48082549,24.27709120,-4.69082140
-10.97268853,21.30305257,-4.04018184
-11.18813342,20.58449508,-4.04952058
5.75223502,23.58500817,-4.74713131
-10.96403712,20.07006030,-4.02209028
5.62454079,22.95937861,-4.67523767
5.63301876,22.28757526,-4.59420466
-10.80482678,19.52271594,-4.04397455
5.78586911,21.55610852,-4.53379448
-10.70929752,18.92296056,-4.12368858
6.09981236,20.76917930,-4.54697128
-10.67143399,18.26782672,-4.25157932
-10.05521155,18.10064368,-4.16053823
5.61682220,20.40302092,-4.37127462
5.26707745,20.06971815,-4.25805922
-9.54518333,17.92127341,-4.08111940
-9.10695292,17.72854988,-4.01611960
5.00446328,19.75346565,-4.18686574
4.80227239,19.44019909,-4.14898226
-8.71818311,17.52083333,-3.96536219
4.25991395,19.24431657,-4.01422253
-8.01664331,17.47087521,-3.80224899
-7.38204481,17.40851288,-3.67525737
3.80635702,19.03439914,-3.91885385
3.39906415,18.80107178,-3.85639614
-6.78296143,17.33647433,-3.57919921
3.01198720,18.54025656,-3.82688675
-6.20579704,17.24777701,-3.51044273
2.51949631,18.45303669,-3.74394033
-5.61339953,17.32263759,-3.42403664
2.03310048,18.33606640,-3.68256358
-5.03946936,17.36502301,-3.36336993
1.54337186,18.18626249,-3.64101387
-4.47790440,17.37249860,-3.32657682
1.04513826,18.00036997,-3.61848962
-3.92032711,17.34452799,-3.31428029
-3.29524464,17.53098873,-3.26961396
0.39885890,18.02906799,-3.49668373
-2.68037597,17.67467539,-3.25510362
-0.22930803,18.00947250,-3.40693940
-2.06900749,17.78043370,-3.26711473
-0.84546717,17.94866161,-3.34383716
-1.45580692,17.85087782,-3.30341075
0.51099372,30.16688997,1.89063450
-0.40219537,30.08440940,1.87916096
1.32433800,30.13865230,1.86161774
2.02808536,30.10829488,1.83190189
-1.36999594,30.00646911,1.87061231
2.64328517,30.08080063,1.80164156
-2.34900051,29.94478723,1.86346925
-3.29395142,29.91472933,1.85318419
3.20189055,30.06425252,1.77063799
3.65720198,29.83789959,1.71764466
-4.02826629,29.66367295,1.83054629
4.09766783,29.62523169,1.68054567
-4.69907194,29.41761710,1.81182485
-5.33357865,29.16018327,1.79637352
4.55509081,29.43043681,1.66401401
5.06443611,29.26218135,1.66985609
-5.95974037,28.87398415,1.78466992
5.42984483,29.06179118,1.64444852
-6.37699771,28.52824968,1.74745642
-6.81750151,28.13312563,1.71776456
5.86796616,28.88617724,1.63322222
6.40618308,28.74891397,1.63454275
-7.32080647,27.68060903,1.70161071
7.07093025,28.66403273,1.64398846
-7.95100373,27.17528545,1.71196869
-7.99060730,26.24907032,1.74345228
7.15163664,28.11711405,1.63728232
7.27641029,27.56196384,1.60842819
-8.16564393,25.33189235,1.76811443
7.44701333,26.98729403,1.55338614
-8.43393975,24.41503297,1.78848185
-8.75311231,23.49386375,1.80329520
7.65997096,26.39584644,1.47260533
8.00011756,25.65952188,1.49615686
-9.01930060,22.33330063,1.91898581
-9.27118529,21.20095849,1.98795476
8.39302333,24.83317441,1.50446710
8.82703979,23.86881076,1.52442184
-9.53589479,20.16869563,2.03177206
9.33134436,22.74233359,1.59935583
-9.87357630,19.26340183,2.07635402
-9.56432038,18.66598959,1.99135129
8.90087658,21.68312913,1.48307348
8.61312448,20.67442299,1.43059466
-9.36559363,18.09686752,1.94518323
-9.25159928,17.51113540,1.92397254
8.53056750,19.77070305,1.47499269
-9.21035059,16.86567686,1.91394453
8.64356010,18.92507622,1.58605322
8.12058550,18.56617460,1.56074677
-8.74281813,16.72663951,1.87797248
-8.33828482,16.57098914,1.85005840
7.70320869,18.21636039,1.55535719
-7.97050664,16.39497327,1.82672837
7.35709390,17.86651777,1.56053770
7.05857046,17.50792301,1.56654840
-7.62204730,16.19452691,1.80461058
6.53341765,17.17349589,1.53180546
-7.05055413,16.07978784,1.76596717
6.06816058,16.82067627,1.49053132
-6.47816315,15.92809775,1.72131873
-5.89205459,15.72930303,1.66548476
5.64038075,16.43694858,1.43786451
-5.29023256,15.46977330,1.59515603
5.23207011,16.00853795,1.37284357
-2.54425552,15.71181043,1.36431724
-3.23356225,15.71112252,1.42587991
3.14602834,15.75866134,1.16720272
2.50559788,15.86518985,1.09623493
3.65741049,15.84285037,1.20799890
-1.75875976,15.87846192,1.27400565
1.85103104,15.95822562,1.05190205
-0.99087474,15.99325791,1.18807835
-0.24659119,16.06199898,1.11226817
1.17361243,16.03596748,1.03799013
0.47113343,16.09193960,1.05279140
-3.92065727,15.66832980,1.48565236
4.16871142,15.91181725,1.25733865
-4.60490455,15.58682876,1.54226687
4.68932145,15.96668447,1.31285869
-2.97798995,30.64269260,-5.11683372
-3.61825252,30.20942541,-5.06911611
-2.20831417,30.64303319,-5.07753743
-4.23504965,29.92654422,-5.08564494
-1.44311561,30.73512680,-5.08683937
-0.66202898,30.91056073,-5.13804059
-4.86257291,29.77253590,-5.15312608
-5.53546995,29.73832128,-5.25607883
0.15820974,31.16770650,-5.22860158
-6.00308456,29.32049079,-5.17129315
0.94594766,30.80795195,-5.14861980
1.74970346,30.48792204,-5.09491898
-6.56887628,28.97752211,-5.08292257
2.61362993,30.19854037,-5.06917224
-7.28991385,28.67391634,-4.99486178
3.61594407,29.95131480,-5.09246756
-8.24467719,28.38131909,-4.93354991
4.03706834,29.58442201,-5.10059263
-8.63120252,28.03825864,-4.88824099
-9.08798609,27.69112843,-4.87776033
4.50789651,29.24414564,-5.14124275
-9.62984247,27.34185737,-4.90960335
5.04598292,28.94029945,-5.22558291
5.67667406,28.68836975,-5.36914388
-10.27799254,26.99204985,-4.98555013
5.63166022,27.84905162,-5.30755977
-10.26732408,26.02318947,-4.95409357
5.59385531,27.13183938,-5.30021956
-10.34221173,25.07143472,-4.98617608
5.57103465,26.51822618,-5.33381621
-10.48317119,24.17413575,-5.04844338
-10.67141181,23.36150538,-5.11462908
5.58220056,25.97998693,-5.39629787
-10.74192102,22.41900993,-5.09302530
5.45533825,25.28945883,-5.43212693
-10.85143442,21.64861625,-5.02891983
5.45445751,24.66314406,-5.49137113
5.60319936,24.05418028,-5.56056969
-11.01922314,20.95236254,-4.96599283
-11.26237770,20.26302676,-4.93837482
5.93001161,23.41510670,-5.63565170
-11.05723757,19.76481467,-4.87830230
5.81954799,22.85947921,-5.57418901
5.83394810,22.26849301,-5.51520957
-10.92866185,19.23269481,-4.87996593
-10.86882185,18.65175178,-4.94427393
5.98524716,21.62200084,-5.48198170
-10.85966387,18.03373860,-5.04484036
6.29808480,20.90734386,-5.51717915
5.69845220,20.58535844,-5.27894016
-10.21160441,17.85544264,-4.96478796
-9.67546796,17.68261450,-4.89748904
5.27343316,20.28003465,-5.12678205
4.96959452,19.97753749,-5.04048041
-9.21816950,17.50640617,-4.84749133
4.74938245,19.66717475,-5.00452437
-8.81578436,17.32075761,-4.81470596
4.17548957,19.46863649,-4.86945912
-8.07879065,17.31018753,-4.69276216
3.72122091,19.24524326,-4.79065902
-7.42151566,17.29052605,-4.61008325
3.33100140,18.98994476,-4.75645595
-6.80767290,17.25637505,-4.56389100
-6.21985000,17.20007827,-4.55032020
2.97076452,18.70069518,-4.76522456
2.51406113,18.57415584,-4.72131549
-5.62261698,17.28580216,-4.51844986
-5.04478846,17.33511447,-4.50905804
2.06303816,18.41705679,-4.70485459
1.60461369,18.22732730,-4.71506415
-4.47896453,17.34491508,-4.52220959
-3.91511939,17.31498385,-4.55955946
1.13041929,18.00411845,-4.75109040
0.48853739,18.02715554,-4.64615275
-3.28090011,17.50916605,-4.51289287
-0.14326314,18.00394886,-4.57373571
-2.65324978,17.65819421,-4.48800035
-2.02540525,17.76574684,-4.48779717
-0.76941303,17.93847239,-4.53070556
-1.39401474,17.83318401,-4.51522231
