0.22124959,13.41672808,2.50528187
-0.53652743,13.45759095,2.51079588
0.20649519,13.36135388,2.70561632
-0.55977847,13.40057597,2.71271631
-1.33629137,13.43759958,2.50320492
-1.36499569,13.38646326,2.70793485
-2.19236829,13.33382074,2.50578928
-2.22375659,13.29098926,2.70858315
-3.10909110,13.15378298,2.54126730
-3.14102850,13.12114879,2.73774323
-2.28839928,33.07731267,2.45822915
-1.71593155,33.00908207,2.41395785
-2.29385084,33.14903326,2.74016299
-1.71385751,33.08334084,2.71136740
-1.13663310,32.97530399,2.37394210
-1.13056843,33.05237409,2.68379099
-0.53270362,32.97415634,2.34619280
-0.52603248,33.04916659,2.66117170
0.10450290,33.00996023,2.33056395
0.10891939,33.08190079,2.64168969
-3.81716665,13.20661511,2.55182987
-3.84657654,13.18327535,2.74989488
-4.55140827,13.20623046,2.59330578
-4.58004480,13.19037185,2.78850779
-5.31717214,13.16578554,2.66794271
-5.34840556,13.15641085,2.85682926
-6.12247559,13.10836557,2.77358527
-6.16282260,13.10127555,2.95487626
-4.49179656,32.15816347,2.67246615
-3.87075638,32.35863645,2.58862328
-4.56828599,32.21690265,2.91553900
-3.91804154,32.41544782,2.84193979
-3.31971654,32.57204033,2.53386153
-3.34745645,32.63223651,2.79642760
-2.80130333,32.80838475,2.48331726
-2.81469310,32.87321482,2.75692624
-6.76210864,13.29414575,2.83206322
-6.81034869,13.29421374,3.01420438
-7.47154512,13.45884115,2.90355515
-7.53095587,13.46823260,3.08819202
-8.24649358,13.66920333,2.99039460
-8.32195803,13.68841571,3.17874739
-9.15797839,13.91437917,3.09095716
-9.25241034,13.94429569,3.28214285
-9.69320939,14.27845784,3.12935160
-9.79721469,14.31841375,3.32287212
-10.30709620,14.70207024,3.17397231
-10.42200261,14.74983281,3.36784223
-11.02020448,15.17801196,3.22016623
-11.13898428,15.23201689,3.40932448
-11.85880362,15.75310682,3.25178257
-11.97220325,15.81353291,3.43299658
-7.31648621,31.08217264,2.70784581
-6.35470040,31.36578187,2.65768383
-7.46317389,31.14389338,2.97902130
-6.48129484,31.41814342,2.92783580
-5.61287729,31.64395175,2.64561326
-5.72147077,31.69610919,2.90885617
-5.00600788,31.90573611,2.65064078
-5.09741192,31.96015895,2.90630159
-11.53568893,16.80808174,3.13984714
-11.66847790,16.88653817,3.33639641
-11.36502241,17.95154233,3.03648047
-11.51831476,18.03301469,3.24675068
-11.31350637,19.21700714,2.93592838
-11.47312052,19.29130548,3.15810608
-11.43203448,20.61513563,2.85313548
-11.59727788,20.67770479,3.08650594
-10.28553536,22.29404585,2.65232237
-10.40610730,22.31417079,2.92254347
-9.58715715,24.02875227,2.53100547
-9.68580097,24.05721142,2.79652188
-9.07975909,25.63652575,2.44784133
-9.17466669,25.68956731,2.71005784
-8.66764556,27.11591287,2.33342360
-8.75350395,27.18335268,2.62007536
-8.25903865,28.19125317,2.42625317
-8.36760416,28.25753390,2.71253347
-7.89063384,29.20039874,2.52997674
-8.02343775,29.26461290,2.81371929
-7.57065095,30.15838386,2.61662852
-7.71251368,30.21875053,2.89624780
0.22713405,13.42218798,2.23720390
-0.53128284,13.45956925,2.24462787
-1.33543725,13.42973692,2.24616982
-2.19520290,13.32534499,2.26250917
-3.11673137,13.14129210,2.32069431
-2.30405845,33.01220480,2.11313450
-1.73591951,32.93751341,2.05229040
-1.15671962,32.89994855,2.00742269
-0.54971399,32.90068102,1.98220433
0.09278705,32.94097679,1.97934528
-3.82957633,13.17943845,2.33615110
-4.56188701,13.17608380,2.38848028
-5.32317461,13.13407648,2.47506174
-6.12579639,13.06486426,2.58574527
-4.45501901,32.11812177,2.35452359
-3.85790372,32.31307170,2.25387642
-3.32403111,32.52342494,2.18152641
-2.81457660,32.75494071,2.13570629
-6.76056473,13.24475446,2.64834910
-7.44646064,13.42380533,2.72307557
-8.21129969,13.62091082,2.80989789
-9.09402951,13.86715793,2.90722120
-9.62005439,14.22859976,2.94584931
-10.22813953,14.63540200,2.98979992
-10.93792591,15.10941176,3.03738040
-11.76780369,15.66937245,3.08339204
-7.19997407,31.01132547,2.39032140
-6.28168032,31.32679332,2.32875986
-5.55207539,31.60647244,2.30876946
-4.95858489,31.86472699,2.32201435
-11.44836983,16.71433797,2.95184921
-11.23995159,17.87250785,2.80455149
-11.17494770,19.16826047,2.67023801
-11.27379010,20.57917579,2.58005517
-10.22278209,22.28503893,2.36807165
-9.52532502,23.99607477,2.24427072
-9.02685371,25.57881459,2.13773584
-8.63909789,27.03886958,1.97085954
-8.19893786,28.11768800,2.07407574
-7.80976790,29.13544359,2.17564618
-7.47531813,30.09731919,2.28060268
0.94197353,13.30899274,2.72581750
0.94829686,13.36147069,2.53217779
1.66135942,13.21972858,2.73887096
1.65944300,13.26138308,2.54961482
2.38714419,13.09587110,2.75027331
2.37857018,13.11852890,2.56585861
3.14426860,12.95542685,2.78324061
3.13124800,12.95428058,2.60692406
2.84715482,32.98785314,2.35608470
2.14080397,32.95380923,2.43282521
2.84116750,32.92699545,2.10349375
2.13865488,32.89375324,2.14731700
1.44345418,32.95895961,2.50447025
1.44140608,32.89494988,2.19561840
0.76367153,32.99919086,2.57324059
0.76035626,32.93144657,2.25554251
3.76564116,13.08356631,2.79750644
3.75234310,13.06176630,2.61635308
4.42929529,13.21285105,2.82460598
4.41696287,13.17271714,2.64301985
5.15376888,13.35886133,2.86644968
5.14273606,13.30558382,2.68930315
5.95821033,13.53495365,2.92624815
5.94628670,13.48077332,2.75817135
5.46374716,32.04576574,2.21575070
4.77312388,32.24530088,2.23603491
5.41634629,31.96534854,2.01996819
4.73873041,32.17367707,2.02588004
4.11544490,32.46535053,2.27381635
4.09252405,32.39956649,2.04754409
3.47610397,32.70859006,2.30695605
3.46260629,32.64668833,2.06733484
6.65254169,13.98100345,2.95845551
6.63997081,13.92873817,2.78915216
7.39666028,14.43941182,2.98108595
7.38172400,14.39043680,2.80979945
8.14870315,14.96532014,2.98738804
8.12754792,14.92364016,2.81312398
8.93259549,15.51977715,2.97828017
8.90173535,15.48564529,2.80271861
9.34700958,16.10339925,2.93160037
9.30749311,16.07151124,2.74893492
9.78931611,16.72819247,2.87440130
9.73946919,16.70096916,2.68446930
10.28709841,17.36441663,2.80334311
10.23198414,17.34119826,2.60902383
10.87704628,18.05328658,2.68579311
10.82557348,18.02790241,2.48871850
7.95409939,31.07604979,1.97000521
7.20729487,31.29742061,2.02869099
7.87079971,30.99312048,1.78928675
7.13155569,31.21372543,1.84518320
6.57496224,31.54376503,2.08790637
6.50692558,31.45903243,1.90248672
5.99976311,31.79564360,2.14657161
5.94142980,31.71242071,1.95652460
10.66642669,19.38001771,2.56078200
10.58911706,19.34811993,2.35015674
10.63415035,20.69156089,2.45519961
10.53414855,20.66285731,2.23926685
10.74196693,22.00164975,2.33779171
10.63460342,21.97411645,2.12458078
11.01965616,23.29695204,2.20021333
10.91071126,23.26988461,1.99309100
10.23208770,24.58161070,2.09200120
10.11368204,24.55023854,1.85531930
9.67638175,25.81322707,1.94506335
9.55223476,25.77029127,1.68936952
9.24889820,26.96490908,1.79860161
9.12389424,26.90569373,1.54308529
8.90832364,28.04333142,1.66254891
8.78924535,27.97229840,1.41573851
8.62645865,28.83230276,1.74628983
8.51564108,28.75873804,1.51780868
8.38177099,29.59536732,1.83321473
8.27747074,29.51783112,1.62346294
8.15390654,30.33733841,1.90426963
8.06022733,30.25761079,1.71013169
0.95441806,13.35948585,2.27448135
1.66621417,13.24471492,2.30014687
2.38608543,13.08914993,2.33182055
3.14136868,12.90466207,2.38942915
2.83031413,32.87463413,1.85363425
2.13190100,32.84133342,1.85843612
1.43492066,32.83724759,1.87564321
0.75188081,32.86881490,1.91417605
3.76589033,12.98191105,2.39111036
4.43172185,13.07554861,2.42395724
5.15763596,13.19757281,2.48725036
5.96431917,13.35751974,2.56837752
5.36647841,31.89019769,1.82368423
4.70004645,32.10436892,1.81910570
4.06514873,32.33878819,1.81917007
3.44511399,32.59465724,1.82854594
6.66044110,13.80425556,2.59961531
7.38740741,14.29482896,2.62534585
8.13003807,14.82898698,2.63603077
8.88422905,15.40795490,2.62129665
9.27918812,16.00521266,2.56135097
9.70500752,16.62597451,2.49198891
10.19142047,17.27413996,2.40860084
10.77595533,17.95128655,2.29651803
7.77103079,30.89452372,1.60531451
7.05256470,31.12802492,1.65943717
6.43371005,31.37300685,1.71241018
5.87930121,31.62722663,1.76605759
10.52704297,19.27262407,2.14197331
10.42986048,20.60704042,2.00191988
10.51371990,21.93526879,1.88165084
10.76968883,23.22454722,1.76574580
9.99094202,24.50374155,1.59788383
9.41049973,25.70940971,1.41537709
8.98567228,26.83639537,1.26207105
8.66578704,27.89143193,1.14733853
8.39285852,28.67474759,1.27562828
8.16145860,29.43235285,1.39691486
7.95708777,30.17016870,1.50681507
0.44934493,14.00347828,-9.39837127
-0.54363949,14.03737365,-9.31130353
0.45897895,14.09927408,-9.14243902
-0.53039606,14.11503600,-9.06375690
-1.56125914,14.03853623,-9.21492481
-1.54433810,14.09793757,-8.97999299
-2.61016872,14.00483675,-9.11575163
-2.58966867,14.04714953,-8.89533739
-3.71928103,13.92949077,-9.01064668
-3.69712356,13.95560391,-8.80343725
1.40203464,14.11698338,-9.20763748
1.39650702,14.00353122,-9.46941036
2.28625648,14.07404211,-9.24049448
2.28668605,13.94994797,-9.50570683
3.12314209,13.96997824,-9.22555801
3.13100202,13.84308323,-9.49434040
3.93697388,13.81947454,-9.15535857
3.95184949,13.69692753,-9.42907993
-1.25361916,31.09101586,-12.58743151
-2.08643919,30.92035727,-12.54171303
-1.23879969,31.12915821,-12.22914993
-2.06466713,30.96847757,-12.16919620
-2.96580381,30.89691110,-12.55165333
-2.94133033,30.95159589,-12.16373442
-3.86680162,30.91846718,-12.61502116
-3.84179895,30.97583254,-12.21884151
-4.80196094,31.00555105,-12.73001879
-4.77354425,31.05829557,-12.33721113
-0.41977572,30.89624734,-12.12967693
-0.42744573,30.85624081,-12.46694440
0.40134234,30.79606156,-12.09378382
0.40351545,30.75832744,-12.41372452
1.21516382,30.74571703,-12.11280821
1.22811397,30.70989900,-12.42611105
2.04251656,30.76112903,-12.18976333
2.06812336,30.72975448,-12.51139282
-4.72144450,14.07405154,-8.94657686
-4.69766012,14.09246420,-8.74198183
-5.77413869,14.17180021,-8.89313870
-5.74852707,14.18494869,-8.68692820
-6.88546992,14.22507758,-8.85743558
-6.85725294,14.23349104,-8.64425287
-8.04428232,14.25164692,-8.83494603
-8.01316363,14.25444457,-8.60824694
4.59132696,13.89985267,-9.08265352
4.61163388,13.78218594,-9.36164505
5.23353760,13.95401240,-8.99833656
5.25891579,13.84258758,-9.28096638
5.89153092,13.98915264,-8.92155810
5.92194542,13.88485748,-9.20764769
6.59514253,14.02552615,-8.87264998
6.63242486,13.92886593,-9.16338431
-5.74469026,30.76930063,-12.66720933
-5.71082858,30.82867666,-12.27790753
-6.71862696,30.63311365,-12.64809235
-6.67399224,30.69315868,-12.27435148
-7.67103637,30.44775779,-12.61577281
-7.61238686,30.50532082,-12.26173581
-8.83913719,30.28905999,-12.60744320
-8.75328605,30.32602138,-12.27490722
2.89345009,30.39508380,-12.10395439
2.93124740,30.36594830,-12.42827357
3.78763774,30.14875201,-12.05868087
3.83913814,30.12318510,-12.39844969
4.69011517,29.88404213,-12.00089936
4.75557232,29.86528758,-12.35764057
5.83196223,29.71199733,-11.96533905
5.92300010,29.72450891,-12.33976695
-9.16344509,14.41903610,-8.85097164
-9.12852212,14.41819981,-8.60366619
-10.30636303,14.60356322,-8.88350432
-10.26947313,14.59781815,-8.61818845
-11.49227097,14.81564914,-8.96166014
-11.45340690,14.80455697,-8.69152544
-12.79239815,15.05487275,-9.09376734
-12.75066624,15.03287986,-8.84000151
7.28891694,14.22893507,-8.90740164
7.33875673,14.13919558,-9.21176393
8.05843583,14.50911256,-9.02853711
8.13122951,14.42957837,-9.35422062
8.93971193,14.92275987,-9.27805088
9.05267407,14.86064310,-9.62386667
10.01829413,15.50334118,-9.64901571
10.16903078,15.47059177,-9.97983421
-11.49443435,28.72175324,-12.43150870
-10.68192770,29.11062402,-12.44716493
-11.38527034,28.71365232,-12.14125931
-10.57483346,29.11963645,-12.14040990
-9.99428966,29.54452020,-12.49194172
-9.89204514,29.56692685,-12.17428883
-9.38895991,29.94936979,-12.55163356
-9.29391811,29.98009016,-12.22691276
8.71465743,28.64319876,-11.71849248
7.81913926,28.81146668,-11.74947294
8.81548243,28.69886380,-12.05882024
7.92400916,28.85460894,-12.10713371
7.06456046,29.09267285,-11.81549371
7.16789209,29.12358722,-12.18244959
6.40970827,29.40760396,-11.89465606
6.50839574,29.42940696,-12.26636456
-13.40887563,15.42690763,-9.24895751
-13.36634134,15.39950313,-9.00210837
-14.08327777,15.83039390,-9.41085317
-14.04309928,15.79342945,-9.17505693
-14.85069334,16.27666753,-9.58476240
-14.81290918,16.22737232,-9.36277389
-15.77784099,16.78204712,-9.79125212
-15.74293044,16.71829931,-9.58174615
10.51077248,16.05906620,-9.88234544
10.66753516,16.04208240,-10.20191667
11.06317586,16.65834655,-10.09553011
11.21361682,16.65460684,-10.41383574
11.69433407,17.30764329,-10.29028229
11.83131501,17.31776768,-10.61539552
12.47143903,18.03113403,-10.48161298
12.59579737,18.05893944,-10.80678241
-15.57351774,17.74250478,-9.99475166
-15.51533131,17.69329691,-9.77275395
-15.43340345,18.72043448,-10.24545979
-15.35462930,18.67849895,-10.01729728
-15.33522607,19.68629308,-10.51258459
-15.24002468,19.64379332,-10.28270534
-15.28596251,20.62982958,-10.76761387
-15.17567120,20.57658959,-10.53900872
12.20878387,18.88167730,-10.65916921
12.34882935,18.91359663,-10.99123297
12.05133334,19.78522265,-10.82725253
12.19909392,19.82466940,-11.14912351
11.97335778,20.69597200,-10.97749199
12.12366022,20.74379799,-11.27496448
11.97032852,21.58795055,-11.09655872
12.12638465,21.64708320,-11.36530221
-14.64541519,21.69127206,-11.04337971
-14.52632847,21.62805697,-10.80875890
-14.12366414,22.70797579,-11.27899211
-13.99956568,22.63438622,-11.03722999
-13.63308465,23.73420366,-11.49834332
-13.50832009,23.65181396,-11.24562318
-13.14641438,24.87429050,-11.72693284
-13.01910992,24.78375769,-11.46503126
11.40590440,22.48703498,-11.15002149
11.56080625,22.54977223,-11.42093990
10.97785348,23.36632796,-11.17711963
11.12990608,23.43820317,-11.45371317
10.60354071,24.25945027,-11.20207688
10.75025486,24.34392019,-11.48821978
10.24133763,25.25886714,-11.25183425
10.38270193,25.35870153,-11.54818372
-12.63145347,25.75769845,-11.87886750
-12.50583684,25.67219155,-11.60906535
-12.19567418,26.75520850,-12.05126053
-12.07176858,26.68656340,-11.77462088
-11.82671978,27.76847575,-12.24467123
-11.70883368,27.73004440,-11.96115032
9.80228073,26.01195915,-11.29235405
9.93492637,26.11347268,-11.60419187
9.41688233,26.88174558,-11.38698712
9.54002382,26.97544549,-11.71031899
9.06346896,27.78306192,-11.54094203
9.17524361,27.85832727,-11.87367300
2.04504359,30.75830975,-11.94818164
2.86034781,30.43196972,-11.83092375
3.72458792,30.14874745,-11.74520353
4.66711029,29.90916329,-11.68237287
5.73311318,29.72540150,-11.64432516
3.90126445,13.93744838,-8.99197748
4.55053716,14.00330332,-8.89126679
5.18460127,14.04726684,-8.79377711
5.82539931,14.07965098,-8.71749209
6.49980301,14.11495457,-8.68009704
8.70360070,28.60152369,-11.48015179
7.80232314,28.81094427,-11.44977295
7.02618107,29.08123468,-11.47738710
6.34450351,29.39065689,-11.54630173
9.80613764,15.50684292,-9.35251532
10.30932222,16.04921040,-9.57112078
10.86662836,16.63200590,-9.78413033
11.46710071,17.24996147,-9.98180927
12.10885557,17.89751988,-10.18309597
11.93757201,18.82295949,-10.33528233
11.80970964,19.73561280,-10.49305406
11.72658013,20.63744892,-10.65143678
11.68984969,21.53438892,-10.80360536
-15.41560349,16.63555261,-9.37410197
-15.30065313,17.65914592,-9.57230447
-15.16879657,18.64891915,-9.81270599
-15.04292909,19.60653471,-10.07424056
-14.93514972,20.55218130,-10.34219272
11.19439256,22.40044160,-10.83941977
10.76848359,23.26758348,-10.87103798
10.41467481,24.14175316,-10.90771365
10.13307270,25.02994093,-10.96489169
-14.34980954,21.54685053,-10.57998759
-13.81811826,22.53690636,-10.80043286
-13.34522022,23.53251594,-11.00607074
-12.94583521,24.53900138,-11.20474590
9.65120240,25.88266791,-10.99204345
9.25783806,26.75890660,-11.07785459
8.94505742,27.66339061,-11.23724748
-12.37292221,25.55059916,-11.35471632
-11.92427114,26.58627384,-11.51377748
-11.59299803,27.63572727,-11.70403384
-11.36361203,28.68022405,-11.94072038
-1.22531083,31.13384962,-11.93866947
-0.40594522,30.94669359,-11.85141718
0.39874866,30.81985863,-11.82848488
1.20871895,30.75726536,-11.86108754
0.46042842,14.21137365,-8.97761395
1.39229120,14.23521569,-9.03035790
2.27155986,14.19533057,-9.05574297
3.10253709,14.09183773,-9.04267717
-0.51717448,14.21100373,-8.90163762
-1.52675905,14.17656200,-8.82499553
-2.56792127,14.11413005,-8.75398245
-3.65783929,14.01745256,-8.68588782
-2.05386423,31.03383515,-11.85182046
-2.92010314,30.99990020,-11.82844244
-3.82940226,31.02111799,-11.87886882
-4.78014955,31.09240085,-12.01481477
-5.68756823,30.89937536,-11.92228990
-6.62332699,30.72872037,-11.90648362
-7.60551689,30.56017412,-11.94021130
-8.66450051,30.37019537,-11.98756103
-4.65051429,14.12853632,-8.60775295
-5.68941178,14.20569949,-8.54188338
-6.77432721,14.25177618,-8.49194382
-7.89316212,14.27777572,-8.45764220
7.16185494,14.32236932,-8.70428896
7.90110110,14.59247327,-8.80328121
8.76201496,14.97495613,-9.00907042
-8.97963484,14.45171400,-8.44696164
-10.10760312,14.63193370,-8.45589847
-11.30643720,14.81806627,-8.50955594
-12.60761809,15.01511359,-8.64718948
-13.25650056,15.36307312,-8.78987869
-13.93981632,15.74394420,-8.96047324
-14.65922839,16.16690290,-9.15602775
-10.55331928,29.13245216,-11.89300384
-9.85616255,29.57721840,-11.89508832
-9.23497954,29.99254184,-11.93029136
3.41481382,12.20604982,-0.25577574
2.58624140,12.32210959,-0.25772390
3.56897166,11.76860980,-1.40059418
2.69878220,11.86339825,-1.41937676
-3.46815857,12.21667435,-1.28685234
-2.52018410,12.09295950,-1.37960563
-3.36899402,12.74883341,0.02789327
-2.45783548,12.68534461,-0.08830371
4.13063245,12.19595810,-0.26156311
4.31537120,11.77276333,-1.38267780
-4.26699269,12.42419260,-1.20513470
-4.12478558,12.87473482,0.10928178
-5.07662663,12.57870016,-1.10174741
-4.88013075,12.96729693,0.23951909
4.85716639,12.18911183,-0.19523229
5.07063198,11.73898343,-1.35138295
1.77572255,12.39195073,-0.21854769
1.84755543,11.87240747,-1.43438677
-1.60909058,11.95711484,-1.43373437
-1.56972376,12.60226972,-0.13732181
5.54683386,12.35190190,-0.11474471
5.77709310,11.86779570,-1.31812680
-5.83005689,12.82035810,-1.02610763
-5.57796475,13.14047019,0.33197286
-0.70830047,11.97995104,-1.48169319
-0.68934379,12.61014361,-0.22817329
0.96907411,12.52242061,-0.25528509
1.00052266,11.96746103,-1.46653833
6.22879049,12.56944789,0.04128723
6.47340954,12.02132334,-1.26687043
-6.59653445,12.99649299,-0.93599762
-6.27871179,13.27570756,0.45605023
6.82046382,13.00090329,0.17330928
7.06457975,12.41239313,-1.22636917
-7.29868748,13.26529900,-0.88842628
-6.90790418,13.50563995,0.52601529
0.15598996,12.00339227,-1.49653197
0.15367722,12.59038251,-0.29803126
7.40480064,13.49886812,0.32749304
7.63439301,12.87686400,-1.18588205
-8.04502458,13.47240357,-0.82850054
-7.56817166,13.70361407,0.61700074
-8.80313350,13.73634646,-0.78455383
-8.23324551,13.96053740,0.68285476
7.92945273,14.14457077,0.41451055
8.12364977,13.55045327,-1.18453025
8.46662325,14.84697867,0.46419637
8.62222733,14.31451571,-1.22430043
-9.65696894,13.97373562,-0.70872057
-8.98124353,14.20569288,0.78131489
8.83007974,15.42388288,0.43142543
8.96356185,14.96222515,-1.29013558
-10.28252872,14.21587421,-0.64284856
-9.55113995,14.43924959,0.85072974
9.24637219,16.03120208,0.36994881
9.38833225,15.63404974,-1.38176812
-10.98315377,14.49289257,-0.54517470
-10.20514140,14.70182028,0.96270447
-11.59439365,15.02062752,-0.50643344
-10.76476561,15.19015430,1.01406613
9.54849904,16.83956185,0.19752873
9.75927094,16.53005021,-1.52745882
-12.29248561,15.60386377,-0.43399160
-11.42356293,15.73620925,1.11838151
10.01804392,17.66897069,0.04921179
10.35631830,17.40702687,-1.64361756
10.20133942,19.06364141,-0.21673583
10.73654147,18.90035956,-1.76336008
-12.67905097,16.80432731,-0.56026910
-11.72495818,16.86957572,0.93179885
10.69398067,20.46552897,-0.29431926
11.43406932,20.37051112,-1.75286849
-13.16826009,18.07303764,-0.63793117
-12.15345523,18.08712419,0.82491934
10.51565472,21.83625053,-0.39823884
11.39202869,21.82819964,-1.75038640
-12.97926974,19.49130074,-0.84384106
-11.88630369,19.44706570,0.50386118
10.50033971,23.15494397,-0.40102722
11.46673875,23.21021542,-1.71043640
-12.87181184,20.92873972,-0.99585095
-11.71917697,20.84242150,0.27224804
-12.30337807,22.55437104,-1.26758832
-11.08249000,22.40257934,-0.11542651
9.94221210,24.43176434,-0.57886671
10.96839795,24.56962068,-1.76356803
-11.88849948,24.17349793,-1.44658108
-10.59374346,23.97750280,-0.31277204
9.53887464,25.64345261,-0.68211666
10.54583114,25.83386040,-1.80485386
5.15095959,32.15643353,-0.08191227
5.66662831,31.87028920,-0.10347988
5.48197301,33.01064969,-1.94487983
6.03978230,32.66616858,-1.90546474
4.50917673,32.46120267,-0.15182302
4.79132990,33.36082569,-2.01818469
-5.12696205,33.87248214,-2.34985948
-6.00393627,33.72250870,-2.30045589
-4.48749585,33.07430532,-0.42389796
-5.18415649,32.91375149,-0.38902408
-6.75251488,33.50316451,-2.26219361
-5.78657027,32.70565185,-0.43574917
3.90930186,32.77944101,-0.20408846
4.14774771,33.68809985,-2.06448982
-4.35273897,34.01611042,-2.36879718
-3.85698793,33.23934826,-0.45007312
6.24990038,31.59861698,-0.10759046
6.67398840,32.31679495,-1.83738422
-7.63863717,33.23115780,-2.17356149
-6.49754043,32.45907647,-0.45306131
-0.06567801,33.97415435,-2.36852657
-0.79032342,33.97107122,-2.37943882
-0.01115020,33.43247250,-0.59700344
-0.68819118,33.43651215,-0.62404868
0.67598273,33.42780014,-0.56514238
0.67281096,33.98783610,-2.31189912
3.30248012,33.02919189,-0.28781830
3.50064522,33.90140873,-2.13318396
-3.61898062,34.07481546,-2.40449949
-3.23742514,33.33835353,-0.50813985
6.83848734,31.21154223,-0.17691756
7.32614738,31.83095512,-1.80082791
-8.57474171,32.69363727,-2.06774549
-7.26443789,31.98887299,-0.49537750
-1.49994065,34.06355752,-2.36996084
-1.34758034,33.49610105,-0.60627374
1.37308437,33.46129876,-0.48938504
1.42102468,34.08814306,-2.23820595
2.04087634,33.36698259,-0.43475571
2.14086818,34.07413165,-2.21789340
-2.20379159,34.07567849,-2.40533442
-1.99036126,33.45748430,-0.59512935
2.69714014,33.28314595,-0.35553501
2.85125244,34.09207086,-2.18648019
-2.92144197,34.15275192,-2.42471374
-2.62836255,33.46991723,-0.55513720
7.54933405,30.84620387,-0.20806376
8.11182599,31.36310417,-1.72347548
-9.65724298,32.03896714,-1.89063357
-8.17977261,31.40465985,-0.45534675
-11.53738094,25.77256051,-1.56175487
-10.14838439,25.53770754,-0.39341349
9.13964918,26.77377707,-0.70889625
10.08731206,26.99949526,-1.84902136
7.87928872,30.15777084,-0.37658109
8.51127434,30.59309158,-1.75917255
-10.16400358,30.97287804,-1.80148237
-8.65297339,30.43746893,-0.50833366
-11.27815132,27.34704077,-1.64241387
-9.81316237,27.07023192,-0.47016900
8.82072605,27.85535098,-0.69930466
9.68094854,28.10542518,-1.87464328
8.27150322,29.46018578,-0.51589966
8.97767699,29.82002638,-1.77333231
-10.67620665,29.83623948,-1.70464266
-9.16824457,29.39678068,-0.51439901
8.52363534,28.66869982,-0.61749879
9.30369373,28.97327571,-1.83522751
-10.97429253,28.61312276,-1.67352589
-9.47621460,28.25497389,-0.49220241
3.57896452,11.70991419,-1.91015721
2.70387521,11.79352500,-1.93758850
4.33345371,11.72449579,-1.90689821
-4.37159303,12.32940743,-1.89472460
-3.53376819,12.09167265,-1.94726079
-2.55841983,11.95208914,-2.02766467
1.84898434,11.77696844,-1.97790091
-1.62824418,11.79976868,-2.07499846
-0.71938436,11.84265602,-2.09549706
0.99670094,11.86119282,-2.02830377
-5.22691574,12.50212526,-1.83453573
5.09808557,11.68617584,-1.90716726
-6.03103613,12.76324002,-1.79799483
5.81436454,11.80461495,-1.91443185
0.14834273,11.88710515,-2.07890755
6.52595342,11.93529427,-1.92044330
-6.85609625,12.93508879,-1.75429143
7.14469028,12.30335198,-1.94111986
-7.62982671,13.19207236,-1.73934602
7.75248032,12.74726942,-1.97038036
-8.45933000,13.36668405,-1.70527249
-9.30716195,13.60726847,-1.67010812
8.28713662,13.42848729,-2.03398014
-10.26256882,13.83108541,-1.59217718
8.85075960,14.21806069,-2.13218621
-10.95267560,14.08501001,-1.53535750
9.24869318,14.88878938,-2.23165409
9.76209132,15.57649331,-2.33774091
-11.71761964,14.38275097,-1.45809665
10.24274994,16.49239838,-2.44372265
-12.37218909,14.94796957,-1.43307052
10.97899254,17.37626422,-2.51171773
-13.10907076,15.55555905,-1.39956924
11.47710712,18.90064752,-2.57823375
-13.52958207,16.80889518,-1.51273457
12.24036486,20.37532667,-2.58306601
-14.05186228,18.10503669,-1.60063450
12.20900830,21.84772886,-2.62552256
-13.94655215,19.55906156,-1.75516029
12.24080495,23.21984871,-2.66513595
-13.91919602,21.01700575,-1.89212946
11.67460948,24.57088665,-2.76499974
-13.44083658,22.66136705,-2.11961981
-13.05817335,24.27819463,-2.32002973
11.14827024,25.80543946,-2.85347423
-12.67916895,25.84616453,-2.48565570
10.58389115,26.93974451,-2.92627042
-12.35173119,27.36590901,-2.60961340
10.08600020,28.01734819,-2.96801578
-12.04061776,28.63468137,-2.69159800
9.67421655,28.90639157,-2.97722040
-11.73424100,29.86457137,-2.76410446
9.31946186,29.77893073,-2.96372414
-11.19411051,31.00205824,-2.89340798
8.81337795,30.58358179,-2.99648598
-7.71889232,33.57592577,-3.50099633
-8.66388166,33.28050173,-3.35604255
-9.61152991,32.72232464,-3.20620312
6.97054384,32.47632035,-3.18324348
7.61231254,31.92668774,-3.11322719
6.33632995,32.86943862,-3.27937827
-10.67676298,32.06483973,-3.01784710
8.38519218,31.39055752,-3.01070843
-6.89402199,33.82984707,-3.60719753
5.77420013,33.24259656,-3.34671285
-5.88884202,34.03302042,-3.73680641
5.04785472,33.60795689,-3.45067892
-4.99537022,34.21972100,-3.81904382
4.36124539,33.91799767,-3.52197438
-4.14632232,34.29459410,-3.87609267
3.65461776,34.07329641,-3.59041254
-3.35027155,34.36409728,-3.89589047
2.93931686,34.19366364,-3.63731827
-1.77285595,34.20783918,-3.80257910
-2.54728671,34.26098780,-3.85747979
-1.00565054,34.06175628,-3.78080140
0.56709115,33.99562758,-3.70082631
1.38159907,34.10023793,-3.64901127
2.16353070,34.11502503,-3.64372759
-0.22988732,34.01732165,-3.75747814
4.30714613,12.01609385,-2.62969062
3.54974241,11.99909843,-2.63061048
-4.54808650,12.54767293,-2.90162436
-3.65511101,12.32098635,-2.93421330
2.67905167,12.08450412,-2.67381098
-2.63647534,12.20264926,-2.98957655
-1.67303568,12.06065576,-3.01660501
1.83024559,12.06505418,-2.75292296
-0.74670164,12.12188453,-3.00059555
0.97923139,12.15134081,-2.84703754
-5.46288217,12.69484134,-2.87445071
5.07657577,11.97375952,-2.65608853
0.12875164,12.17624033,-2.94288073
-6.33290898,12.91430295,-2.86020821
5.80010383,12.07290453,-2.70060996
-7.22889652,13.02262516,-2.84116828
6.52281957,12.17986176,-2.76079324
-8.09226478,13.20423657,-2.83147954
7.17103286,12.51053617,-2.83681965
7.82238705,12.91889004,-2.92167664
-9.01358771,13.30636388,-2.79444317
8.42113657,13.57347884,-3.01267244
-9.94676683,13.51262448,-2.74289144
-10.97876550,13.74769196,-2.66334108
9.08540948,14.34693481,-3.11780042
9.55970503,15.00710375,-3.19834116
-11.69370130,14.03169691,-2.62066186
10.16572929,15.68340341,-3.28400734
-12.47534807,14.35097061,-2.58351821
10.72458326,16.58864350,-3.35854795
-13.14042689,14.92865930,-2.59267541
11.51096987,17.45409995,-3.42198207
-13.87369053,15.53156456,-2.61968245
11.98130509,18.94462687,-3.50614815
-14.31439841,16.80268100,-2.73167949
12.64002020,20.34848743,-3.57776375
-14.83691261,18.09832707,-2.82875644
12.52021867,21.75992333,-3.62943981
-14.76092278,19.56422740,-2.86091591
12.45556267,23.06646323,-3.68167605
-14.72420161,21.00564970,-2.91906363
-14.25947504,22.60557924,-3.07548849
11.86237660,24.36555450,-3.76044173
-13.81911793,24.15254101,-3.27299260
11.30892821,25.55531527,-3.82808646
10.72694901,26.65705392,-3.88443135
-13.35214554,25.63950423,-3.45863006
10.21459349,27.71076260,-3.92607200
-12.93870162,27.07041832,-3.59362459
9.78973079,28.62078007,-3.93623933
-12.57395575,28.31009077,-3.66140347
-12.24373339,29.51959575,-3.71136640
9.42512372,29.51539887,-3.93279189
-11.68656278,30.65262380,-3.79041125
8.90324052,30.35320154,-3.95094032
-11.17212209,31.72553089,-3.88067801
8.46424545,31.19393193,-3.96081027
7.71546659,31.78213189,-4.04953430
-10.17747732,32.40593270,-4.03253391
-9.27649899,32.99832580,-4.17162984
7.08680750,32.37663081,-4.12520821
-8.33568759,33.33641041,-4.29949171
6.45190170,32.80479899,-4.21581962
-7.49141373,33.63971448,-4.40341252
5.88226412,33.20090301,-4.28603220
-6.42455242,33.92350542,-4.55168883
5.11991333,33.58665597,-4.40232229
-5.46952159,34.18796379,-4.66107808
4.39103762,33.89402621,-4.48397628
-4.55260312,34.31948267,-4.72906813
3.63235470,34.02246963,-4.53786292
-3.69519683,34.42381350,-4.75491641
2.86587981,34.11551304,-4.56605466
-2.03084163,34.25964350,-4.68175563
-2.84473763,34.32644214,-4.72723730
-1.23040597,34.08253579,-4.65337388
0.38772238,33.93216969,-4.58383278
1.22976058,34.00922521,-4.55323666
2.04509593,34.01607243,-4.55717894
-0.43041124,34.00195200,-4.62898901
-4.71504692,12.89249081,-4.03059142
-3.76768496,12.70513369,-4.08258531
-2.70704156,12.62457194,-4.14084333
3.52907151,12.54505951,-3.60144566
2.67387493,12.62459477,-3.68163872
4.27830806,12.55166668,-3.57271108
-1.70841558,12.51210294,-4.17049332
1.83799539,12.59418331,-3.80598770
0.99001069,12.65862629,-3.93461122
-0.75685869,12.59360674,-4.13649279
5.04125630,12.49395232,-3.58862860
-5.69092313,12.98963655,-3.99018263
0.13388889,12.66166821,-4.05680504
-6.62992528,13.13893865,-3.94951257
5.76223905,12.55652414,-3.62711409
6.48894047,12.62996302,-3.69313512
-7.59956852,13.16568571,-3.91000724
7.16372004,12.91271302,-3.77459860
-8.54977069,13.25878790,-3.87173931
7.85725012,13.28493410,-3.86779275
-9.55033672,13.29976959,-3.82610156
8.51478173,13.91364870,-3.95611990
-10.55016005,13.49009931,-3.78461996
-11.63460734,13.74218159,-3.76192924
9.25658750,14.67094633,-4.05960082
-12.36207441,14.03129673,-3.77574216
9.77263744,15.31282586,-4.13343868
-13.14798911,14.33630980,-3.81901574
10.42123073,15.96404815,-4.21512344
11.00255688,16.81990626,-4.26725827
-13.81079616,14.89488487,-3.87196721
-14.52903289,15.47034970,-3.95313101
11.77795978,17.62920123,-4.32104606
12.18055574,19.01613203,-4.37985581
-14.95363371,16.73540900,-4.03086072
12.73290711,20.31895897,-4.46497953
-15.42607430,18.01500798,-4.11031504
12.56583813,21.63518712,-4.49437132
-15.32082630,19.46872042,-4.05040888
12.45901488,22.86450738,-4.53927135
-15.22647436,20.87343279,-4.04699090
11.88334252,24.10158255,-4.58101441
-14.71922002,22.40266507,-4.12977816
-14.21790594,23.86555902,-4.26604316
11.35292998,25.24901606,-4.62774541
-13.69665238,25.27520854,-4.38844015
10.79804293,26.32769723,-4.66875883
-13.24754289,26.63291312,-4.48144495
10.31356715,27.36832835,-4.71598313
-12.86656917,27.85300756,-4.52780214
9.90446835,28.30417223,-4.74467762
-12.53938614,29.04924618,-4.56734887
9.55526201,29.22623560,-4.77015092
-11.99667000,30.18258862,-4.62265947
9.02642611,30.09521755,-4.79457297
-11.50853866,31.27535235,-4.70566096
8.58383994,30.96854315,-4.82218676
-10.58529185,31.99292999,-4.82787482
7.83176630,31.59594223,-4.88761223
-9.74379541,32.63080654,-4.94961962
7.19675380,32.22532392,-4.96261409
-8.83851762,33.00688685,-5.05050259
6.54151788,32.67691031,-5.05567251
-8.01025794,33.34726321,-5.13313433
5.95052750,33.08889934,-5.14073116
5.13386700,33.49289049,-5.26304221
-6.90614406,33.70283117,-5.25441748
-5.90503139,34.04880100,-5.36178423
4.35275300,33.80515566,-5.34972024
-4.94293679,34.25016989,-5.44915267
3.53591772,33.91883725,-5.40877855
-4.04076624,34.41262702,-5.50253994
2.71848839,34.00652692,-5.43850301
-3.15047915,34.34620002,-5.49579839
1.86054387,33.91102788,-5.41829052
-2.30406874,34.28878632,-5.47375866
1.02421739,33.92940530,-5.40768981
-1.47491966,34.09665476,-5.45285198
0.17065886,33.88306175,-5.41431381
-0.65571205,33.99544011,-5.43820672
-3.86887145,13.03482586,-5.10923911
-2.77932164,12.98137847,-5.19614353
3.53822612,12.94100073,-4.66281035
2.69844605,13.00797027,-4.77466396
4.27539572,12.95915680,-4.60114883
-4.85588712,13.19663250,-5.02348316
-1.75164962,12.89460550,-5.25316191
1.86938244,12.98145077,-4.92035488
1.01454667,13.04283716,-5.04161826
-0.77218592,12.98114944,-5.22414518
-5.87502799,13.26695442,-4.95419132
5.02568733,12.92314603,-4.58544043
0.14197303,13.04426423,-5.14885387
-6.86494529,13.37603693,-4.88862361
5.73763187,12.99876497,-4.59773816
6.46268296,13.09311827,-4.64371028
-7.88910155,13.35815698,-4.83791150
7.15805146,13.37514375,-4.70807044
-8.90710884,13.39378836,-4.79520212
-9.97450801,13.39707689,-4.77350655
7.88553139,13.74846168,-4.79122442
-11.03517705,13.57159847,-4.77640649
8.58935818,14.35831909,-4.86533512
9.38747029,15.08619225,-4.95437714
-12.17579323,13.81502859,-4.84040404
9.92659646,15.69018907,-5.01664731
-12.91937672,14.08807257,-4.93110636
-13.71351767,14.36967912,-5.06599065
10.59005625,16.30032697,-5.08682686
-14.37478538,14.90413887,-5.17200389
11.16368699,17.08912877,-5.11968577
-15.08025187,15.45970208,-5.30401332
11.90070196,17.84239036,-5.17074263
12.23669667,19.10904010,-5.21532875
-15.46392930,16.69561328,-5.36123034
12.71879155,20.31567180,-5.31898233
-15.86760395,17.94351111,-5.43124889
12.52806899,21.51983323,-5.32742756
-15.69576106,19.33554272,-5.34073440
12.40503275,22.66112335,-5.36331788
-15.52018754,20.67441320,-5.31201032
-14.95808544,22.12052672,-5.32043282
11.86054511,23.81849176,-5.35996621
11.37061516,24.91159982,-5.38188130
-14.41754617,23.50173346,-5.37002894
-13.88307761,24.82816979,-5.42006834
10.86053865,25.95117202,-5.41808024
-13.43810161,26.10904917,-5.47081887
10.42003230,26.96483658,-5.48189258
-13.06981703,27.30787368,-5.50361192
10.04160652,27.91959434,-5.54530685
-12.76651668,28.48821160,-5.54933625
9.72198856,28.86466837,-5.61998074
-12.24842776,29.60961646,-5.60002077
9.17978704,29.75307307,-5.66638229
-11.79664500,30.70947640,-5.69943026
8.72846964,30.65024060,-5.73191748
-10.94797639,31.44841992,-5.81182925
7.94657609,31.29481652,-5.78474129
-10.17854447,32.12658932,-5.93567445
7.28835152,31.94575323,-5.87516425
-9.32550992,32.53451071,-6.00355268
6.59402189,32.40898213,-5.97806326
-8.53373974,32.89950946,-6.04310651
5.96825677,32.82946804,-6.08625634
-7.42782927,33.29207826,-6.10832828
5.07424294,33.24453474,-6.24922152
-6.40509080,33.69768444,-6.19095293
4.22083334,33.56287528,-6.37225144
-5.40015095,33.97587857,-6.27214819
3.33268988,33.67993178,-6.44281476
-4.45159911,34.22259773,-6.34666747
2.46505114,33.79566407,-6.48387678
-3.52054708,34.22175392,-6.37457722
1.58141426,33.73636310,-6.47433870
-2.64088470,34.20978844,-6.40121076
0.73634311,33.79843067,-6.46958029
-1.78202246,34.02895640,-6.41397715
-0.11547595,33.78654078,-6.44807858
-0.94520898,33.93155941,-6.43921250
3.57188383,13.38409831,-5.81021927
2.74827554,13.45021504,-5.91937391
-4.93064386,13.53304672,-5.94822279
-3.91183076,13.41056476,-6.05315265
-2.80572887,13.39395028,-6.15480996
4.29471620,13.40949116,-5.73154160
1.92348345,13.44215874,-6.04230791
-1.76225683,13.34558434,-6.23074809
5.02859004,13.40078982,-5.68626609
-5.98452390,13.57619657,-5.86205141
-0.76579553,13.44149434,-6.22825928
1.05874896,13.50610193,-6.12434388
0.16841338,13.50574351,-6.18860499
5.72887702,13.49289223,-5.65787662
-7.01228011,13.65120544,-5.77986854
-8.06928575,13.61532042,-5.72625204
6.44927365,13.60949587,-5.66144855
-9.13289760,13.62458643,-5.70518725
7.16023925,13.89081948,-5.69758583
7.91042045,14.25645861,-5.75313868
-10.24864141,13.61806134,-5.72762648
-11.36330445,13.78486843,-5.78473376
8.64272618,14.82848962,-5.79708130
9.46943882,15.51054839,-5.85756796
-12.56278041,14.02448606,-5.92089522
-13.32005434,14.29548873,-6.05193877
10.00808297,16.06378925,-5.90444574
10.66236656,16.62685949,-5.96681074
-14.12545981,14.58369775,-6.22502893
-14.78643230,15.11039442,-6.35221591
11.21508852,17.34855228,-5.99556476
-15.48059782,15.66886097,-6.50461629
11.91787362,18.05643293,-6.05315015
-15.80679700,16.84489682,-6.55271841
12.20566983,19.20585002,-6.09084243
12.63017823,20.32108037,-6.19240490
-16.12604899,18.03746074,-6.63108573
12.41401557,21.40376145,-6.16093269
-15.86604601,19.32363463,-6.55545668
12.26404977,22.44529689,-6.16068185
-15.59226610,20.57306930,-6.53780148
11.74833531,23.50564566,-6.11513866
-14.97459214,21.91324355,-6.52589878
-14.41145638,23.18295247,-6.53298861
11.29595090,24.52682860,-6.11074102
-13.88248919,24.39596829,-6.53335143
10.83021852,25.51302944,-6.13293972
-13.45622535,25.57971065,-6.54815094
10.43103815,26.48661723,-6.19910063
-13.10999625,26.74416248,-6.56559121
10.07900260,27.44696257,-6.28499830
-12.83782920,27.90270613,-6.61439439
9.78405943,28.40400439,-6.39863377
-12.34740618,29.00359469,-6.65654932
9.23365128,29.29845730,-6.46566443
-11.92938637,30.09803778,-6.76708706
8.77630912,30.20594691,-6.56724547
7.97770215,30.84832524,-6.62232757
-11.14976958,30.83878920,-6.86877331
-10.44749240,31.53918648,-6.99488462
7.30159744,31.50109017,-6.73100074
-9.65420187,31.96716701,-7.04394424
6.56933068,31.95596367,-6.84131119
-8.91375274,32.34177904,-7.04996502
5.90457643,32.36489032,-6.95698315
-7.82696954,32.73867789,-7.02787544
4.92403133,32.76938224,-7.11891062
-6.80405542,33.14499553,-7.02329073
3.99982938,33.08463843,-7.24288046
-5.77631989,33.44658824,-7.04240740
3.06223521,33.21516390,-7.32688616
-4.79366372,33.74457414,-7.09411303
2.17715304,33.36962875,-7.39368005
-3.82613965,33.80840455,-7.12817734
1.30426045,33.36110979,-7.40902021
-2.91455490,33.85433673,-7.18991239
0.47538891,33.46716523,-7.41134782
-2.03196920,33.70798132,-7.24756506
-0.35942683,33.48082598,-7.37016272
-1.18596421,33.63313971,-7.32575774
-3.86303690,13.70719265,-6.72218513
-2.76161897,13.71740617,-6.83314512
-4.88928684,13.80257475,-6.61613196
4.32854567,13.88222585,-6.54470093
3.62565692,13.85119199,-6.62557671
2.82367848,13.90664935,-6.73468776
-1.71803202,13.70121606,-6.92099497
2.00825224,13.88823177,-6.84271289
1.13702133,13.92123846,-6.88823597
0.23256906,13.89146438,-6.91382993
-0.71496544,13.81059967,-6.93126663
-5.95652505,13.83327244,-6.52755366
5.03859650,13.88258189,-6.48702840
-7.00506278,13.89707001,-6.44445177
5.71753635,13.96916020,-6.44144490
6.41997896,14.07778589,-6.42507788
-8.07979386,13.87563831,-6.39180512
-9.16626331,13.89875147,-6.37389729
7.12626171,14.32726790,-6.44057217
-10.30583932,13.91772319,-6.40407014
7.87781895,14.65260352,-6.47973399
8.62080720,15.16619608,-6.51796387
-11.45513678,14.09334320,-6.47655497
-12.69934181,14.33674682,-6.64154346
9.46625573,15.78654129,-6.58569636
10.00587736,16.29107856,-6.65055572
-13.46731703,14.61016812,-6.79982619
10.65514086,16.81322341,-6.73253511
-14.27969864,14.90604695,-7.00506658
-14.93074252,15.42578310,-7.15801586
11.19045767,17.48922503,-6.76558225
11.85859838,18.16975298,-6.81895514
-15.60458088,15.98359479,-7.33607416
-15.86292077,17.10968954,-7.42383245
12.09161508,19.23324249,-6.84839096
12.43428614,20.27384663,-6.93196639
-16.09538469,18.25644646,-7.55351498
12.19026427,21.26055148,-6.87303997
-15.75017136,19.46057772,-7.53610140
12.00801534,22.21973130,-6.84496849
-15.39447268,20.62471924,-7.56937097
-14.74842788,21.84257916,-7.59241051
11.52207175,23.20168724,-6.78391246
11.10018580,24.16109659,-6.77027204
-14.18748730,22.98355801,-7.60484262
10.67270319,25.09541892,-6.79300786
-13.67978254,24.07924388,-7.59399704
-13.27533301,25.16986541,-7.59322757
10.30854774,26.02557917,-6.87125966
9.98331276,26.97575111,-6.98305038
-12.94457185,26.29392252,-7.59654746
-12.68697811,27.42649058,-7.63759721
9.71466107,27.92500001,-7.13471009
-12.21506017,28.49760418,-7.64717685
9.17449407,28.80372945,-7.21131563
4.42231043,14.26269539,-7.47956163
3.75324806,14.22744637,-7.56863695
2.97793100,14.26160370,-7.64940313
-4.77007533,14.04034776,-7.46681269
-3.74767857,13.97128104,-7.56505741
-2.66207416,13.99450456,-7.64481368
-11.80770003,29.56459606,-7.73559102
-0.60807160,14.11342038,-7.73303457
0.36364225,14.20974100,-7.74520714
1.28922295,14.25189298,-7.74051439
8.72042677,29.69133499,-7.32645249
-1.62374334,13.99298165,-7.70779350
2.16946587,14.22886312,-7.71703154
-5.83975957,14.06552015,-7.37477203
5.09182553,14.26657064,-7.40351201
-11.08037003,30.27495052,-7.79632901
7.92124839,30.30205237,-7.36183962
-6.89801876,14.13764705,-7.29269742
5.73250306,14.34291668,-7.34752941
6.40099861,14.42601703,-7.32268285
-7.98287352,14.16195533,-7.23273945
7.09150159,14.61434777,-7.33111102
-9.08620914,14.23695915,-7.19643480
-10.43087562,30.95283687,-7.90136890
7.23019970,30.92081396,-7.45372575
7.84161861,14.86658615,-7.37692502
-10.24192923,14.31028836,-7.20659738
8.59829041,15.30419279,-7.45732435
-11.41221082,14.50881821,-7.29050041
-9.70055412,31.36632533,-7.93482273
6.46425667,31.33649376,-7.53950178
-9.02107282,31.73074175,-7.93181442
5.76418790,31.70927117,-7.63556658
9.46991688,15.85821493,-7.59256037
-12.68536653,14.74793819,-7.48626630
4.71965695,32.07949572,-7.78984929
-7.98294348,32.10784413,-7.86608408
-13.45236729,15.00691615,-7.65377402
10.01149678,16.32336034,-7.68874788
-6.98527835,32.47012617,-7.79143297
3.76356299,32.38172165,-7.93076951
10.64862645,16.82493215,-7.79907762
-14.26030963,15.29525499,-7.86346214
-5.95295302,32.74064904,-7.72380961
2.83119270,32.53432957,-8.04090878
-14.89154965,15.81498916,-8.05736536
11.14598194,17.47760107,-7.87670556
11.74756317,18.14280283,-7.97533739
-15.54479596,16.37436707,-8.27705353
11.90242862,19.12346935,-8.02913155
-15.73129910,17.44766379,-8.42666702
-4.94539227,33.03068457,-7.72106279
1.97049353,32.71617038,-8.13927050
-3.95166378,33.11590246,-7.74177084
1.13362750,32.74352372,-8.18017753
-3.01714801,33.18877914,-7.82906748
0.33700125,32.86781063,-8.19250914
12.14950610,20.08731208,-8.16348128
-15.88808689,18.53488800,-8.62267277
-1.27882351,33.03741263,-8.04843115
-0.46853660,32.89441767,-8.12992501
-2.12133651,33.08302122,-7.92358088
11.84975600,20.97152556,-8.14955858
-15.45900554,19.64387109,-8.75578041
11.60770023,21.83640195,-8.16942075
-15.03684993,20.67962283,-8.92800178
11.13699191,22.73576787,-8.11108233
-14.38277803,21.73006013,-9.05915707
10.73955110,23.62544832,-8.11060185
-13.81801752,22.74014608,-9.14438028
10.35279034,24.49870059,-8.13894189
-13.30143335,23.74596967,-9.17314841
10.02981908,25.37219992,-8.23064725
-12.88345839,24.77104771,-9.20097177
-12.52800377,25.86345985,-9.24048877
9.73223825,26.29215500,-8.36419462
-12.25950877,26.96234106,-9.33769379
9.49164334,27.22608173,-8.56069572
-11.78497321,27.96643930,-9.32854700
8.96351169,28.04668216,-8.59995435
-11.38668932,28.95699992,-9.44598523
8.51492120,28.88619140,-8.72635819
7.70981750,29.36885052,-8.63855915
-10.70980230,29.58117712,-9.42425508
-10.10809806,30.18299707,-9.51113143
7.00695026,29.88793780,-8.67042252
-9.43247735,30.53507292,-9.50594627
6.22194176,30.20967396,-8.68602371
-8.80954036,30.85624828,-9.48696014
5.51663927,30.52354236,-8.75620360
-7.83955057,31.19386903,-9.37733898
4.48022227,30.86308806,-8.91894455
-6.89580583,31.49484606,-9.23121935
3.56457465,31.16515624,-9.10374621
-5.89287646,31.68090009,-9.05749052
2.68871728,31.33983291,-9.27189839
-4.88483520,31.88592597,-8.99149469
1.88160900,31.54655652,-9.44535148
1.09551613,31.63045683,-9.49143415
-3.88338888,31.94884733,-8.94641864
-2.94477188,32.02392636,-9.05064887
0.33636536,31.78041614,-9.51619980
-1.22693633,31.93422445,-9.34497454
-2.05249575,31.94987493,-9.17212222
-0.43868779,31.81334536,-9.43683699
2.45016441,12.78081237,1.11963630
3.22885266,12.60300118,1.16062470
3.88882765,12.65135582,1.09607369
-2.31210892,13.12544605,1.13537718
-3.21388392,13.05568058,1.22809081
-3.92580660,13.16676105,1.22710048
4.56894443,12.72675332,1.09898304
-4.63651594,13.24599836,1.28301190
-5.35043372,13.28366205,1.39804050
5.27106590,12.84745982,1.18640470
-1.44323922,13.15223816,1.10420150
1.69589700,12.92860354,1.11478773
6.00768189,13.02931989,1.35504008
-6.07906222,13.27416863,1.56503353
6.64089710,13.49609201,1.42803258
-6.67897143,13.48290508,1.62586421
-0.61378006,13.13648298,1.09805036
0.94619189,13.02913982,1.11070796
-7.31524618,13.66912305,1.71565701
7.28677357,14.02056526,1.52161104
0.17840016,13.07128300,1.08596026
7.94702222,14.59482707,1.60834275
-8.01549095,13.84174940,1.83470431
-8.82194871,14.02714318,1.98154303
8.63137977,15.21370774,1.66604048
-9.31792095,14.35457042,2.01521172
8.97473768,15.82639301,1.60570890
9.35103103,16.46809033,1.53722138
-9.89128122,14.71521736,2.07223602
-10.56569064,15.13334873,2.15651775
9.79770429,17.14323429,1.45670560
10.36884693,17.85430976,1.35495238
-11.36733476,15.63808202,2.26369052
-11.15994772,16.78011226,1.92903431
10.06771831,19.20949742,1.02485411
9.97924315,20.57911103,0.77744755
-11.09469701,18.07615535,1.62024423
-11.15864370,19.44773633,1.42526217
10.13470541,21.93132427,0.66808976
10.49361573,23.23346594,0.66355882
-11.33757300,20.84306996,1.34270756
-10.53327843,22.43187389,0.97609118
9.76703321,24.47564044,0.42357993
0.04477026,33.11139830,0.57415134
-0.63119745,33.05462508,0.52754885
0.72088509,33.04211878,0.53981069
1.40977554,33.00778122,0.57564570
-1.27578494,33.04444015,0.55659884
-4.78626531,32.38855239,0.97841047
-5.33671218,32.16177292,0.87354476
-4.16589363,32.55853208,0.90904608
4.59705220,32.13740474,0.90245599
5.24660215,31.88447841,0.96620054
5.73436353,31.59941108,0.89975658
-3.59981428,32.73651772,0.85052560
3.98251464,32.40964011,0.84603134
2.10237260,32.99852120,0.66495222
-1.89422410,33.08162305,0.64347523
-3.05238836,32.93526503,0.80034247
3.38337126,32.69840512,0.80349484
-2.49937957,33.16228864,0.76523175
2.78812785,33.00369956,0.78626034
9.24185473,25.63574558,0.24164854
-9.95035823,23.97578529,0.70654354
-5.97787276,31.90606894,0.78763139
6.27186676,31.32408726,0.84197879
6.88697029,31.06309623,0.79296464
-6.74509837,31.58933218,0.75017405
-7.66711955,31.17864005,0.79201310
7.62212989,30.82466367,0.75924450
8.85319996,26.73106178,0.12034835
-9.52402399,25.48489031,0.49223867
-8.00180318,30.21929918,0.60284639
7.80133761,30.09107932,0.57227709
-8.36681008,29.19087983,0.46393240
8.00696823,29.33963770,0.38384230
-9.19783512,26.96015788,0.30140896
8.55184187,27.77577963,0.04720121
8.25176524,28.56855151,0.20494008
-8.76413497,28.10104883,0.36915197
-2.59513181,14.13556275,-8.12276669
-1.55343267,14.20970480,-8.16955791
3.05174805,14.32546618,-8.21250574
2.23054723,14.38700928,-8.24961049
1.35845699,14.37465725,-8.26018134
-0.54518186,14.26467512,-8.21273602
0.43095544,14.29408447,-8.25158117
3.84006289,14.20096872,-8.15237971
-3.68819587,14.03378604,-8.06622199
4.48103929,14.26995241,-8.05859944
-4.68405346,14.14232245,-7.98083617
5.11275792,14.31201464,-7.97590235
-5.72433563,14.21598783,-7.90039547
-6.80757974,14.25032922,-7.83244422
5.75571730,14.33931910,-7.91596239
6.43259438,14.36941244,-7.88890442
-7.92312090,14.25185829,-7.77917295
-9.00192237,14.40375899,-7.74415072
7.08574391,14.57981958,-7.90035114
7.80049876,14.85059702,-7.96027018
-10.12825749,14.55627610,-7.74522311
8.60661047,15.22476020,-8.08416231
-11.33272565,14.72261950,-7.81571079
-12.64291619,14.91144128,-7.99530594
9.55367500,15.73212667,-8.30415521
10.00265047,16.26037842,-8.44911749
-13.30128708,15.26193374,-8.14385639
10.53264091,16.82041217,-8.62026715
-13.99308036,15.64177476,-8.32656625
-14.71898474,16.05919528,-8.54229496
11.15581188,17.40637060,-8.80595210
-15.47972633,16.52155288,-8.78566147
11.86198132,18.01326368,-9.00987829
-15.36912268,17.59590797,-8.93010833
11.70411965,18.93583536,-9.07536683
11.60692893,19.84332836,-9.15693735
-15.22426858,18.64818244,-9.13384109
11.56683287,20.74226608,-9.27383929
-15.07361066,19.65674648,-9.37345737
11.57887342,21.64104939,-9.44945281
-14.94318404,20.62490188,-9.62368383
-14.30626935,21.62630297,-9.80862806
11.08070422,22.51392363,-9.40239411
10.65568017,23.38475931,-9.39183161
-13.74580238,22.61467915,-9.96267867
-13.26282749,23.61630010,-10.10136577
10.30236773,24.26038139,-9.43471029
-12.86176480,24.63289934,-10.24645898
10.01703778,25.14744792,-9.54383968
-12.31142151,25.65767821,-10.30476766
9.53213139,26.00000173,-9.54405644
-11.87436002,26.69336022,-10.38785639
9.13177488,26.87303129,-9.63215645
-11.53052006,27.73559642,-10.53295031
8.80725310,27.76984916,-9.80691515
-11.26507085,28.78860755,-10.75837154
8.55018210,28.69473739,-10.06903503
-10.49457148,29.26387328,-10.64738565
7.63652050,28.96008813,-9.85731628
-9.82321060,29.74050906,-10.63392077
6.84893096,29.29480467,-9.78478203
-9.22181817,30.19657198,-10.65970058
6.15958299,29.66055567,-9.81174669
-8.66840140,30.61868894,-10.69179946
5.54669987,30.03512950,-9.91174354
-7.66588277,30.85272876,-10.56452063
4.49596468,30.27178330,-10.02344590
-6.71146513,31.05486811,-10.42469811
3.57967586,30.51919950,-10.22030735
-5.76659950,31.26043521,-10.32921305
2.75027804,30.79338825,-10.45824257
-4.82120820,31.49169679,-10.34702226
1.97274263,31.10870590,-10.70072661
1.15726955,31.10671959,-10.63490686
-3.83276214,31.41995838,-10.20393954
-2.89654522,31.39296113,-10.21767364
0.37263576,31.16980893,-10.58767161
-2.02313428,31.41916736,-10.35338600
-0.40567520,31.30568774,-10.56099271
-1.20221005,31.51504563,-10.56810314
