1.86793279,14.67818735,0.61007216
1.02984162,14.56401105,0.65846599
1.95355547,14.45443153,0.94594208
1.10666002,14.32886954,0.99375210
0.18829392,14.53723613,0.77392767
0.24439632,14.29208028,1.11214570
-0.66359584,14.58101319,0.95918426
-0.63669779,14.33770567,1.29646162
-1.53725039,14.67326114,1.18328682
-1.54083640,14.44780161,1.51846527
-4.34526648,32.18513022,0.93638924
-3.69364632,32.18698229,0.86749138
-4.38094245,32.22674975,1.24696671
-3.72361581,32.22248375,1.16692003
-3.08188382,32.28275576,0.81664139
-3.10971290,32.30749090,1.11018998
-2.45483788,32.47694531,0.78825702
-2.48167744,32.48778207,1.08107354
-1.74448579,32.77233898,0.79051759
-1.76768544,32.76664193,1.08476915
-2.30380712,14.94546803,1.35860261
-2.32522519,14.73024427,1.70812660
-3.07731130,15.23012190,1.56897344
-3.11065844,15.03739048,1.93380378
-3.86509228,15.49395563,1.80753501
-3.90383101,15.32935844,2.18744136
-4.66572497,15.70816230,2.04206818
-4.70917965,15.56541453,2.43458429
-7.13365048,31.52279022,1.41558893
-6.41456295,31.64130014,1.20089175
-7.20997210,31.52956045,1.83186752
-6.48106494,31.66274890,1.58517478
-5.69404850,31.77682524,1.07435085
-5.74797018,31.80794958,1.42836147
-4.99840364,31.95339991,0.99846801
-5.04080026,31.99038269,1.32617588
-5.35628212,16.15972870,2.25153095
-5.40531093,16.03712298,2.66063285
-6.06757771,16.55842429,2.45536742
-6.13263117,16.45066661,2.86796452
-6.80890098,16.96194363,2.66562804
-6.90606626,16.86216313,3.06542296
-7.60841859,17.42598817,2.84676755
-7.75472628,17.32665602,3.22597214
-8.11970258,17.95026255,2.89807756
-8.29766543,17.85091485,3.27592539
-8.72091538,18.47656445,2.95653648
-8.93320977,18.37732872,3.31391524
-9.46625419,18.97875006,3.02506068
-9.70511372,18.88304517,3.34096456
-10.34766317,19.46858011,3.06276499
-10.59341824,19.38020771,3.33607853
-9.33999944,30.91188497,1.93497552
-8.72832299,31.04644688,1.77884842
-9.44273552,30.90958083,2.42051876
-8.82961397,31.04439193,2.26588149
-8.16271061,31.17865748,1.61784359
-8.25808885,31.17823199,2.08867313
-7.63572324,31.33383871,1.49763727
-7.72205818,31.33584374,1.94330015
-10.19094673,20.64687710,2.96083001
-10.45597161,20.53819074,3.27430159
-10.15417506,21.84606801,2.82702932
-10.42657988,21.71330807,3.16000883
-10.29559817,23.01469405,2.73776063
-10.55578339,22.87243739,3.06408028
-10.64169230,24.10864458,2.68534018
-10.87749297,23.97874606,2.99145786
-10.03895858,25.40066238,2.54642376
-10.22498017,25.29135200,2.89867019
-9.78041654,26.50873094,2.36713243
-9.92774695,26.44676498,2.77739876
-9.69312773,27.49038400,2.16233396
-9.81959628,27.46453260,2.61272785
-9.65082377,28.39127149,1.89813494
-9.76933009,28.39163665,2.37839193
-9.57299303,29.02822780,1.95338026
-9.68682453,29.03167389,2.44285754
-9.48264527,29.63920573,1.97112813
-9.59289373,29.64273974,2.46663984
-9.40252850,30.25972824,1.96521322
-9.50851625,30.26059364,2.45921995
1.75209072,14.97912716,0.21907169
0.91632494,14.89716012,0.28784869
0.09048767,14.89111816,0.40080976
-0.73289953,14.93952209,0.57963884
-1.57198808,15.01465060,0.80056163
-4.29348767,32.12978494,0.57245144
-3.64720174,32.13961350,0.51719194
-3.03404622,32.24890997,0.46776841
-2.40227288,32.45904364,0.43371455
-1.69196557,32.77122277,0.42802120
-2.30708614,15.30677266,0.94345535
-3.05457066,15.56470755,1.11152145
-3.82121961,15.77757865,1.31402079
-4.60138943,15.96454195,1.54829610
-7.03626784,31.47979448,0.96262946
-6.33293536,31.58926903,0.80571672
-5.62915541,31.72583416,0.70492625
-4.94267144,31.90041051,0.63304005
-5.29087020,16.34405780,1.74168896
-5.97730460,16.74588967,1.92407443
-6.67280539,17.18244682,2.09616932
-7.41792228,17.64968573,2.28664523
-7.89873649,18.14291377,2.37813730
-8.43904855,18.65006251,2.48792093
-9.07429439,19.16428980,2.60169473
-9.84165500,19.67787627,2.68702132
-9.16207348,30.82616389,1.42025313
-8.57146796,30.97336299,1.26272354
-8.03309017,31.12698275,1.12200406
-7.52752953,31.29448131,1.01847374
-9.77256815,20.84865406,2.53850861
-9.81331260,22.03636119,2.41805838
-9.99351011,23.18739186,2.35925441
-10.32465712,24.27000948,2.33419541
-9.80543289,25.50192269,2.10011832
-9.57631397,26.54691597,1.87410815
-9.49217444,27.47307153,1.65162328
-9.46069731,28.32934874,1.38444547
-9.39865200,28.96915630,1.44055731
-9.33411858,29.59484778,1.46228405
-9.25683225,30.21230649,1.45192146
2.79580418,14.61388876,0.98345362
2.71777839,14.82895691,0.64094441
3.60803086,14.84330437,1.07108361
3.54923007,15.06352919,0.70810165
4.38272434,15.09563151,1.20902594
4.34496266,15.32083031,0.82238062
5.12611541,15.34110589,1.39036043
5.09751447,15.55859339,0.98938449
3.04550576,33.75343600,0.96558761
1.53335351,33.54463380,1.00770525
2.96496475,33.81984500,0.64602499
1.49161777,33.59598974,0.69328925
0.19281812,33.27930992,1.04062272
0.18641235,33.31626372,0.73192655
-0.89251298,33.00080807,1.05986125
-0.87808001,33.02263006,0.75835558
5.71192454,15.70750549,1.54314350
5.68162507,15.91417321,1.12594042
6.28957995,16.10543647,1.72118374
6.24742476,16.28939419,1.30013129
6.88534984,16.51308517,1.89131294
6.82408686,16.67163292,1.47731796
7.52436710,16.87855470,2.02167779
7.43850495,17.01686201,1.62035662
7.48137755,33.11219818,0.96411903
6.53795790,33.27817042,0.86374358
7.39814160,33.19258215,0.56802032
6.44255715,33.37882662,0.50093438
5.51364704,33.44174300,0.86783780
5.41167367,33.53940683,0.52875646
4.36686498,33.60207955,0.91472747
4.26746254,33.68618888,0.58938106
8.05916881,17.48797978,2.15443436
7.95005915,17.61264728,1.74720768
8.66505379,18.01792901,2.27689987
8.52249888,18.13537997,1.87196600
9.35011783,18.50921159,2.40582901
9.16440990,18.62566872,2.01336229
10.12002241,19.01303619,2.50188588
9.88777138,19.13266376,2.13045462
10.59234138,19.55581234,2.50349185
10.33333900,19.67564281,2.13741539
11.15881501,20.07965283,2.46232377
10.88297562,20.19703204,2.12074265
11.84970675,20.56664312,2.38611163
11.57917705,20.67727664,2.08531762
12.63829734,21.02981295,2.27959632
12.39334077,21.13332234,2.02004425
10.62041151,32.56804533,0.90873362
9.69040168,32.66995838,0.98840544
10.59188402,32.58264645,0.47154376
9.63350229,32.68180646,0.52917027
8.87826045,32.77663457,0.98937540
8.80818293,32.80630855,0.53495670
8.15609703,32.92259115,0.97128493
8.07885122,32.97961817,0.54267644
12.54398088,22.20224595,2.20266167
12.28716521,22.31969291,1.92175048
12.55124876,23.35444952,2.06681004
12.29431615,23.49142424,1.77269396
12.72182469,24.45959532,1.91874366
12.47411642,24.61785911,1.61473720
13.09187374,25.49166935,1.74779844
12.86444124,25.65784858,1.43975603
12.29697678,26.89561546,1.45342940
12.11475988,27.05852500,1.09652765
11.86738788,28.13880051,1.14803605
11.77251935,28.24228240,0.78609994
11.69754032,29.20769406,0.89246945
11.66280548,29.26389769,0.52503744
11.60570677,30.15287224,0.63560223
11.60574278,30.17634610,0.24641109
11.37102381,30.78333734,0.70608035
11.36491604,30.79676279,0.29906457
11.10618843,31.37204232,0.77948042
11.09035967,31.37980940,0.35700233
10.84813483,31.95710889,0.84999447
10.82419670,31.96544432,0.41605415
2.61469298,15.13373517,0.26844865
3.47778492,15.37511278,0.31653324
4.31236434,15.63686866,0.39710537
5.09449936,15.85886158,0.54070329
2.88157226,33.88284857,0.25581498
1.46843617,33.64008676,0.31221627
0.20876592,33.34587459,0.35625618
-0.83411070,33.03675258,0.38941391
5.67696112,16.22802742,0.63735504
6.23765519,16.57056955,0.77199317
6.79371917,16.90387437,0.92946751
7.36350532,17.23753493,1.09812666
7.29336829,33.29421184,0.10825499
6.32270404,33.47693776,0.09607226
5.28978777,33.63213151,0.14141042
4.15286050,33.76710401,0.20142442
7.85593375,17.77117198,1.22459854
8.37188583,18.31390006,1.34132346
8.93361337,18.85467644,1.45777341
9.59048579,19.37419527,1.59614358
10.02135353,19.88342424,1.65182047
10.53404028,20.38452536,1.69917219
11.15456628,20.88080431,1.71803706
11.90018200,21.36972870,1.70039701
10.49648079,32.54510802,0.00827610
9.54012839,32.66968489,0.02225734
8.72092565,32.84650055,0.02349765
7.98871683,33.06429630,0.04656435
11.87652384,22.53311904,1.56570763
11.95339769,23.69957472,1.41310320
12.16096216,24.83436341,1.25163220
12.53286085,25.88443828,1.08255263
11.90912357,27.21721439,0.69324949
11.64784132,28.32653825,0.39607106
11.56855422,29.28476238,0.13722797
11.53456852,30.15725688,-0.15217177
11.30084301,30.77344023,-0.11242921
11.04938240,31.36924098,-0.07461436
10.78007197,31.95630733,-0.03563482
-2.04498329,32.37413700,-1.29050864
-1.31501127,32.74450365,-1.30337927
-1.89430813,32.67804625,-1.97233609
-1.15643808,33.02955387,-1.98966630
-0.49115126,33.05611108,-1.32302336
-0.34900476,33.29695056,-2.01217993
-2.71752267,32.10368785,-1.25177055
-2.58830547,32.41105681,-1.93269943
0.43745561,33.39682480,-1.32991992
0.53158313,33.58392940,-2.02667995
-3.37499065,31.94726388,-1.19682469
-3.27484166,32.25195934,-1.87473134
1.48399754,33.71532289,-1.34353660
1.49270079,33.84991026,-2.04744981
-4.05774249,31.91705182,-1.13226744
-3.99036094,32.22403581,-1.80050462
2.62943017,33.98475763,-1.37838171
2.52875241,34.07804836,-2.08276155
-4.72701365,31.67676739,-1.06785096
-4.68385223,31.96658260,-1.72894731
3.71533276,33.89190124,-1.45752934
3.52885357,33.94213020,-2.16316715
-5.42601356,31.50711219,-0.99971387
-5.41160614,31.78527067,-1.65046070
4.78029838,33.79751946,-1.56103524
4.54681773,33.81959084,-2.25985417
-6.13725131,31.36544687,-0.92093384
-6.15902272,31.62100013,-1.56824749
5.82266960,33.68351614,-1.67690379
5.57918725,33.69566959,-2.36496014
-6.83872245,31.21761785,-0.81712938
-6.90636148,31.42063493,-1.48194535
6.86101334,33.50974905,-1.77918865
6.63612369,33.52303832,-2.46186030
-7.33802486,31.00100967,-0.77074395
-7.44903025,31.14548306,-1.44338839
7.63839717,33.23109795,-1.89193256
7.44202743,33.23314921,-2.56031379
-7.83932748,30.78875800,-0.69087494
-7.99614340,30.86437314,-1.38659633
8.47784376,32.95175416,-1.95403326
8.31561249,32.94147647,-2.62127557
-8.36202489,30.59061037,-0.57323453
-8.56354295,30.59494238,-1.30186452
9.44257513,32.73463595,-1.93760864
9.32730894,32.72757921,-2.61952091
-8.93778520,30.41206005,-0.41600733
-9.17871975,30.35115696,-1.17779786
10.59225199,32.62940161,-1.82274756
10.56146309,32.67582765,-2.52493265
-9.02799474,29.80780687,-0.38893503
-9.28073441,29.70025533,-1.15639485
10.97064358,32.03058589,-1.82669708
11.00167029,32.08886558,-2.54664750
-9.11702936,29.20156875,-0.35616628
-9.37925006,29.05405376,-1.12486828
11.33163759,31.43368414,-1.79563711
11.43608773,31.50855692,-2.52970509
-9.21021585,28.58796964,-0.32210604
-9.47891733,28.40772154,-1.08507451
11.66506787,30.82732020,-1.74016490
11.84789749,30.91619635,-2.47971231
-9.31523251,27.96097143,-0.28954622
-9.58669964,27.75527083,-1.03931920
11.96822808,30.20118569,-1.67260424
12.22532678,30.29542951,-2.40671589
-9.31557637,27.14216480,-0.06637858
-9.53722752,26.89043023,-0.87852634
12.03977661,29.29088307,-1.38957345
12.40692426,29.36878660,-2.19634141
-9.36815032,26.28405877,0.15459448
-9.53463759,26.00595801,-0.70080453
12.05280959,28.34029636,-1.09989836
12.50228299,28.39093070,-1.96028285
-9.51111459,25.35955481,0.37057925
-9.63266797,25.08074719,-0.50435063
12.07392655,27.32396295,-0.81319738
12.55583180,27.34826899,-1.70990715
-9.86697812,24.32003211,0.63385881
-9.92086192,24.08390480,-0.27751444
12.29953568,26.17964076,-0.49042530
12.67008267,26.21509069,-1.43502862
-9.43676539,23.34242720,0.56518417
-9.47576450,23.10557578,-0.32036696
11.70542968,25.24362733,-0.42616515
11.98150786,25.27822526,-1.42652043
-9.16022987,22.30903635,0.52668721
-9.16833126,22.09579254,-0.35821480
11.31021923,24.23125154,-0.33632964
11.47612252,24.29458822,-1.40254325
-9.03990035,21.21767397,0.56387571
-8.98884914,21.06624257,-0.38353274
11.09392431,23.13544197,-0.20634857
11.14704632,23.25574174,-1.34614528
-9.08616109,20.06137119,0.72693843
-8.93643071,20.02162704,-0.37324695
11.04860338,21.94747035,-0.03626135
10.97605804,22.15782133,-1.25163567
-8.37060575,19.64022777,0.36433771
-8.32088992,19.53998676,-0.59826453
10.31680971,21.53410701,-0.22336720
10.39036129,21.69138420,-1.39020789
-7.83961924,19.17568203,0.09976497
-7.84927099,19.04099689,-0.75290878
9.78892820,21.05842508,-0.38171816
9.96472622,21.16396254,-1.49665316
-7.40772570,18.70091797,-0.07717017
-7.45282903,18.55381697,-0.86516895
9.39934655,20.54169914,-0.50999269
9.63901602,20.59864829,-1.57677121
-7.02625063,18.23469618,-0.19369515
-7.09567590,18.08875880,-0.95208144
9.09380006,20.00294621,-0.61055818
9.37244720,20.01642193,-1.63565252
-6.42847546,17.79772470,-0.36518843
-6.53847116,17.63120337,-1.06650958
8.65510980,19.43976400,-0.78659313
8.98731530,19.36838579,-1.73672104
0.56681072,15.57085108,-1.75022709
1.42973823,15.59811919,-1.84305721
0.46587655,15.44887334,-2.49658852
1.36978991,15.47195955,-2.60334940
-5.85112054,17.39460469,-0.48547866
-5.99519081,17.21739181,-1.16603555
2.34826364,15.76684264,-1.87348375
2.33208656,15.64475616,-2.66676535
8.27334176,18.86969417,-0.92221001
8.63027069,18.73221876,-1.81742787
-0.25526503,15.63856997,-1.63122503
-0.38581536,15.52194041,-2.35945721
-5.25932233,17.03243668,-0.59251011
-5.43462604,16.84996679,-1.26732451
3.32570227,16.05966965,-1.94230941
3.35698088,15.92323232,-2.74149507
7.90259872,18.32013844,-1.04914674
8.26987002,18.12957359,-1.90158030
-1.05105829,15.76383116,-1.46043828
-1.20361880,15.65570092,-2.18392701
-4.64525835,16.69778247,-0.69763280
-4.84213490,16.52125748,-1.37823210
4.31029350,16.38324454,-1.96842069
4.39080687,16.22117152,-2.77028141
7.51595033,17.80433599,-1.18063438
7.88021991,17.57579932,-2.00142285
-1.83965564,15.89112613,-1.24923999
-2.01138635,15.79100046,-1.98400906
-3.94052327,16.55034571,-0.85946162
-4.14751584,16.36603532,-1.52354856
5.23486009,16.62733456,-1.86359894
5.38112768,16.43718413,-2.67803206
7.02811190,17.51122885,-1.38678621
7.36608146,17.24351202,-2.16760425
-2.53046702,16.16560378,-1.14225222
-2.71478506,16.02742208,-1.83644695
-3.23176324,16.38158851,-1.01029570
-3.43259675,16.21061633,-1.67915240
5.89710264,16.95199018,-1.75737235
6.11295419,16.71015529,-2.54082731
6.49293800,17.23370461,-1.58530408
6.77773016,16.96340930,-2.35572426
-1.77623573,33.12428612,-2.61001942
-1.02843677,33.42600032,-2.63902236
-0.23146643,33.61737713,-2.67594892
-2.49299540,32.88783762,-2.56791173
0.61291714,33.82274246,-2.71078297
-3.20974000,32.74503578,-2.51160461
1.50883333,34.01323315,-2.74938462
-3.95997403,32.72669597,-2.44018487
2.45876099,34.18151956,-2.79186648
-4.68139945,32.45988681,-2.35917620
3.38446559,33.98701877,-2.86036183
-5.44415262,32.27256849,-2.26847341
4.34944627,33.81928992,-2.93477809
-6.23715814,32.09035771,-2.17613764
5.35605796,33.67224162,-3.01057382
-7.04576917,31.83829977,-2.09059697
6.41177916,33.49935462,-3.07709520
-7.64282242,31.48976159,-2.05108169
7.23179367,33.20925318,-3.14583026
-8.25097804,31.12666250,-2.00556413
8.12155726,32.91541197,-3.18658521
-8.88218598,30.77646632,-1.94416717
9.15259448,32.70504527,-3.18425401
-9.55616203,30.46292257,-1.85594786
10.42977030,32.69829849,-3.11989943
-9.68108664,29.73555094,-1.82841504
10.91561098,32.12466215,-3.15381391
-9.80252222,29.01998162,-1.79738046
11.41096448,31.56857187,-3.15265545
-9.92309028,28.31335207,-1.76033938
11.89758954,31.00546564,-3.11875925
-10.04744288,27.61000196,-1.71591368
12.35925482,30.41121611,-3.05779571
-10.02386494,26.67622373,-1.60455060
12.68758645,29.50084698,-2.91316179
-10.01845809,25.73261118,-1.47915265
12.93969608,28.51490757,-2.73967810
-10.07599135,24.76042626,-1.33563559
13.12563558,27.44616179,-2.54843636
-10.28468816,23.73797851,-1.16789373
13.30860192,26.28212039,-2.34311461
-9.81247494,22.72604921,-1.16911219
12.64716736,25.28169960,-2.37544268
-9.48085610,21.69206348,-1.15583992
12.12139399,24.24113586,-2.39451731
-9.27671562,20.65583977,-1.14336214
11.74968354,23.16718506,-2.38492721
-9.18525257,19.63220941,-1.13444732
11.51494940,22.06653526,-2.34397054
-8.61544802,19.11485462,-1.25208842
11.00520711,21.54117279,-2.45460151
-8.16101822,18.60424003,-1.34021733
10.61408382,20.96996855,-2.53313549
-7.77299824,18.11348622,-1.41004912
10.29287710,20.37189883,-2.58261502
-7.42113501,17.64841893,-1.46995408
10.01449973,19.75935594,-2.60689981
-6.87445628,17.18170630,-1.55230950
9.59556289,19.05517978,-2.63931982
0.38642741,15.15609302,-3.09083905
1.35382962,15.16284280,-3.17814590
-6.34232951,16.75786746,-1.63401018
2.37376909,15.30379264,-3.23164511
9.19942891,18.35915446,-2.65229833
-0.52479369,15.23209279,-2.95895080
-5.79473545,16.37834123,-1.72476816
3.44484054,15.53610792,-3.29786099
8.80118718,17.69502422,-2.67153923
-1.39537967,15.34522474,-2.77244738
-5.20861871,16.04434568,-1.83300102
4.52653950,15.77946292,-3.33723756
8.37590913,17.08165666,-2.71328417
-2.25330341,15.43576805,-2.54265812
-4.50499826,15.89245295,-1.98056574
5.59099283,15.93489192,-3.27417481
7.80712933,16.69588783,-2.82188394
-3.00262480,15.62164961,-2.34884337
-3.76266093,15.76124635,-2.15536465
6.40152797,16.16429539,-3.14365805
7.14731425,16.39962012,-2.97629396
-1.61947480,33.50537707,-3.39322552
-0.86185055,33.74101384,-3.44680769
-0.07796833,33.85442299,-3.50369484
-2.36236176,33.31741753,-3.34220428
0.73042661,33.98322368,-3.56207924
-3.11269564,33.20171524,-3.28998289
1.56861836,34.10843408,-3.61820878
-3.89797377,33.18792747,-3.23323203
2.44539014,34.22907456,-3.66550991
-4.64892498,32.91566687,-3.13961384
3.30270201,33.99163878,-3.70199024
-5.44490927,32.71988347,-3.04222600
4.20739223,33.78633158,-3.73685465
-6.28126750,32.52001454,-2.94855514
5.16978244,33.61537296,-3.76636968
-7.15038453,32.22401109,-2.86784206
6.19960232,33.44090753,-3.78309535
-7.80214140,31.81148177,-2.82087776
7.01541246,33.15783823,-3.80302664
-8.47157117,31.37959624,-2.77704646
7.90142490,32.86908720,-3.80162356
-9.16493724,30.97039771,-2.72959259
8.92442476,32.66020423,-3.77607292
-9.88829782,30.61751198,-2.67201502
10.19720779,32.67480673,-3.73094463
-10.03794944,29.82894885,-2.60155722
10.71320225,32.11212201,-3.75732280
-10.18303721,29.04757544,-2.53865516
11.25415832,31.58269133,-3.76007576
-10.32667272,28.27289614,-2.48034873
11.80199790,31.05764109,-3.73866150
-10.47357183,27.50512949,-2.42375816
12.33706971,30.50447559,-3.69446574
-10.51464241,26.49411676,-2.32690061
12.78285917,29.63829588,-3.59698036
-10.56235880,25.48269169,-2.23481097
13.18382359,28.68599045,-3.47507620
-10.64944324,24.45059414,-2.14543174
13.54213840,27.62791035,-3.33724243
-10.84129471,23.37892077,-2.05869687
13.88247064,26.44916840,-3.19367522
-10.35212730,22.33444145,-2.05336388
13.31465866,25.38900393,-3.22502497
-9.98471333,21.26689990,-2.02586571
12.83142655,24.27574180,-3.26631610
-9.75285089,20.19489300,-1.98496477
12.47476168,23.12241814,-3.29899767
-9.64330297,19.14023466,-1.94182639
12.25274670,21.94238804,-3.31411978
-9.10247704,18.59987586,-1.95975879
11.72563219,21.35906028,-3.40887196
-8.65908620,18.08073442,-1.97631778
11.30962826,20.74668579,-3.47151152
-8.27410710,17.58786665,-1.99438457
10.96341012,20.12171561,-3.50606241
-7.92258010,17.12210753,-2.01563532
10.66145781,19.49278500,-3.51801852
-7.36816475,16.65925946,-2.05680701
10.18247025,18.77779892,-3.51220815
0.29981478,14.85782957,-3.59894947
1.33720929,14.81715898,-3.65073635
-6.82850194,16.23642472,-2.11078009
2.41225877,14.90490031,-3.68182264
9.73200339,18.05353644,-3.48466892
-0.68969810,14.96854662,-3.49909023
-6.27562580,15.85335194,-2.18244824
3.52307582,15.08872644,-3.73926399
9.28547934,17.34236492,-3.45743296
-1.63892027,15.07110548,-3.33108711
-5.68622192,15.51236172,-2.27821477
4.64786871,15.29011231,-3.79364226
8.81890830,16.66675638,-3.44761236
-2.57499680,15.08855355,-3.08993769
-4.96427327,15.37314124,-2.42414695
5.78297659,15.40124512,-3.77168879
8.19457754,16.21456413,-3.47698549
-3.38287969,15.20062486,-2.85214376
-4.18902811,15.27974904,-2.61954540
6.66196927,15.61928760,-3.67596684
7.47543555,15.86952924,-3.56072628
-1.34320686,33.59147257,-4.48340215
-0.59475116,33.79667591,-4.55295857
0.15837326,33.88041211,-4.61412936
-2.09944042,33.43000262,-4.43372180
0.92158649,33.98152018,-4.67827238
-2.87591103,33.32579589,-4.40036187
1.70518835,34.08376332,-4.73406843
-3.68872712,33.29754451,-4.37410627
2.52035452,34.18891995,-4.77343009
-4.46696390,33.00566422,-4.26596076
3.31620712,33.93173562,-4.77073170
-5.28656526,32.79439700,-4.14629704
4.15628779,33.70358619,-4.76261283
-6.15349840,32.59270324,-4.02815465
5.05556523,33.51134465,-4.74470819
-7.07088635,32.30199604,-3.92553546
6.02865043,33.33081477,-4.70955033
-7.77344875,31.87574103,-3.84544045
6.81221030,33.05536065,-4.67011708
-8.49606023,31.41472228,-3.78504864
7.66394602,32.77611325,-4.61010267
-9.23586833,30.97389869,-3.74321032
8.63913084,32.56403249,-4.53928503
-9.98609535,30.60014491,-3.71840512
9.83994979,32.55698044,-4.48964540
-10.16003481,29.77862163,-3.58900676
10.36415931,31.99343106,-4.47181328
-10.32604919,28.95948654,-3.47539383
10.93157298,31.48516782,-4.45170625
-10.48865092,28.14524683,-3.37446116
11.52604270,31.00218302,-4.42654205
-10.65109368,27.33554758,-3.28463790
12.12588128,30.50546600,-4.39387946
-10.73832115,26.26828420,-3.16854455
12.66797306,29.70912461,-4.33347009
-10.83595260,25.19847507,-3.07582354
13.18336200,28.82072165,-4.26376793
-10.96490586,24.11601417,-3.01058503
13.67554859,27.81635639,-4.18900622
-11.17448038,23.00803739,-2.98601298
14.16210748,26.67668278,-4.11891381
-10.72356689,21.93739744,-2.95994644
13.69387804,25.59709940,-4.12074987
-10.37230241,20.85219025,-2.94138912
13.28369504,24.44843412,-4.14601173
-10.14468149,19.76876312,-2.92564862
12.96731834,23.24478247,-4.17957347
-10.03893985,18.70200113,-2.90986466
12.76506807,22.00534247,-4.21578373
-9.51300121,18.15620823,-2.85097115
12.18287926,21.36794985,-4.27401639
-9.07981790,17.63330366,-2.80133569
11.72306399,20.71413794,-4.31186973
-8.70487943,17.13848667,-2.76419129
11.34609762,20.06142354,-4.33200714
-8.36381717,16.67236220,-2.74091782
11.02451431,19.41539498,-4.34057408
-7.80912934,16.22122109,-2.72590932
10.50966091,18.69285733,-4.32116929
0.20247650,14.61835478,-4.11375980
1.30842268,14.50926528,-4.12909075
-7.26658932,15.80944956,-2.74023676
2.43003192,14.53886394,-4.13257461
10.02966528,17.95732289,-4.29005599
-0.87304197,14.78920290,-4.04765024
-6.71079615,15.43534448,-2.78433806
3.56847008,14.68758146,-4.17720824
9.55773849,17.21749233,-4.25931972
-1.91079012,14.90122461,-3.90728469
-6.12103658,15.09979595,-2.86136422
4.71778682,14.87865230,-4.24624305
9.06926617,16.49315007,-4.23737610
-2.92874213,14.85259426,-3.67838773
-5.39016088,14.97744739,-2.99238512
5.89319329,14.99716522,-4.28197838
8.41294000,15.97232167,-4.20575465
-3.77609385,14.89565676,-3.42848214
-4.60349031,14.91893741,-3.18701369
6.81219688,15.24874183,-4.24812846
7.66310356,15.55350847,-4.21146314
-0.90028834,33.40020547,-5.91548674
-0.19148588,33.63629145,-5.99861833
0.51501507,33.73757011,-6.05067122
-1.63094264,33.21103576,-5.86063407
1.22901825,33.84530819,-6.10310204
-2.39799381,33.08156955,-5.84499674
1.96057522,33.94492968,-6.14411440
-3.20716956,33.01309428,-5.85338896
2.71532944,34.04275453,-6.16770908
-3.99179173,32.64626647,-5.75243122
3.44364094,33.75955990,-6.12246033
-4.80742203,32.34999244,-5.62710783
4.20298722,33.50338138,-6.07250122
-5.66327871,32.09533649,-5.48931834
5.00920638,33.28106425,-6.01419945
-6.57371535,31.81931676,-5.36108904
5.88135832,33.08292052,-5.94348058
-7.29547804,31.43021534,-5.23562775
6.59304200,32.81267344,-5.86102330
-8.04588879,30.98848114,-5.13393114
7.36923320,32.55282818,-5.75915285
-8.81229457,30.54200889,-5.06863123
8.24706770,32.34510205,-5.64643679
-9.58033764,30.14811200,-5.05507878
9.29893326,32.28205095,-5.56557727
-9.81290188,29.33714558,-4.84531035
9.79054149,31.69127697,-5.45991777
-10.02902123,28.52767321,-4.66746281
10.34248791,31.17681684,-5.37531228
-10.22884215,27.71718143,-4.51655711
10.94897518,30.71886165,-5.31258383
-10.41645900,26.90638255,-4.38566006
11.59389849,30.28102620,-5.26949611
-10.52739147,25.82789174,-4.23670142
12.22128435,29.58057963,-5.23132813
-10.63796106,24.74586922,-4.12240061
12.84272864,28.79201138,-5.21717973
-10.77182153,23.65523243,-4.05774021
13.45380174,27.87641983,-5.22793626
-10.98739601,22.55206853,-4.07272213
14.06761467,26.81156881,-5.26654554
-10.60869396,21.46647850,-3.98021995
13.67631505,25.76090516,-5.22454411
-10.32578813,20.38056094,-3.94267262
13.33733003,24.63453946,-5.22788322
-10.15640362,19.30859650,-3.94995420
13.07602565,23.44534631,-5.26013993
-10.10092903,18.26224378,-3.99111957
12.90958980,22.21163016,-5.31274240
-9.61879637,17.72478907,-3.88480719
12.29953406,21.53463927,-5.30696665
-9.21495973,17.21519638,-3.80236826
11.82047345,20.84962930,-5.29741765
-8.86194606,16.73602142,-3.74166033
11.43284566,20.17910827,-5.28343714
-8.54037223,16.28608619,-3.70027169
11.10628278,19.52703801,-5.27094568
-8.00576580,15.86020430,-3.64650357
10.58321951,18.80022297,-5.22005014
0.09622094,14.46055504,-4.78012276
1.27162855,14.27048448,-4.77095509
-7.48342214,15.47727971,-3.63568222
2.43177260,14.23465760,-4.74924109
10.09286608,18.06694642,-5.18427229
-1.07790944,14.69811800,-4.73515155
-6.95149607,15.13192693,-3.66358330
3.58470322,14.35595976,-4.77345596
9.60850858,17.32115722,-5.17095785
-2.21346154,14.82256203,-4.62073740
-6.39226450,14.82276876,-3.72977615
4.73526781,14.56512496,-4.85346861
9.10863320,16.57326708,-5.17639159
-3.29915786,14.71922336,-4.42629688
-5.69644279,14.72682540,-3.83413859
5.91013003,14.75066136,-4.96556681
8.44380158,15.98961599,-5.12472374
-4.14948739,14.70928634,-4.20288019
-4.94966566,14.69384999,-3.99541370
6.83468347,15.08463431,-5.01706617
7.69010963,15.48353385,-5.07147000
-0.54629970,33.21833731,-7.13899728
0.13413580,33.48918160,-7.22549722
0.81487351,33.60223212,-7.25939034
-1.24221620,32.97920287,-7.07064174
1.50239488,33.70643697,-7.29337799
-1.96979695,32.79189560,-7.03922372
2.20031292,33.79681658,-7.31902318
-2.73646915,32.66130492,-7.04030334
2.91088042,33.88419312,-7.33007034
-3.48251732,32.20908967,-6.92149783
3.58475056,33.58852737,-7.25708510
-4.26279765,31.80894366,-6.78532804
4.27785922,33.31795361,-7.17409895
-5.07422793,31.45592215,-6.61971739
5.00597507,33.07823614,-7.08070409
-5.93542981,31.13040958,-6.46299097
5.78992198,32.86504362,-6.98209145
-6.63786896,30.76505734,-6.31922048
6.43287757,32.58861548,-6.87424806
-7.38276871,30.36005192,-6.21206436
7.13939054,32.33129577,-6.76548925
-8.15786644,29.93398715,-6.14866034
7.93864590,32.12100250,-6.65900192
-8.94594734,29.53672005,-6.14620549
8.88735451,32.02034348,-6.58536253
-9.20368027,28.73436711,-5.88804579
9.33654145,31.40435075,-6.40957628
-9.45442739,27.93767137,-5.66009411
9.84032510,30.86650862,-6.25006007
-9.69738635,27.14819377,-5.46885350
10.40540135,30.39730229,-6.12215742
-9.92753757,26.36660009,-5.30706788
11.03004371,29.97268914,-6.03458339
-10.06475440,25.31671931,-5.14245363
11.66383723,29.32208092,-5.98543345
-10.18455468,24.26999290,-5.00730890
12.33071823,28.61233148,-5.99203708
-10.32196040,23.21846981,-4.92883039
13.01618298,27.77202012,-6.05856635
-10.53895965,22.15779195,-4.95244283
13.72762616,26.76719751,-6.18536106
-10.20898652,21.09257590,-4.78933462
13.38458520,25.76458962,-6.09450668
-9.98207123,20.02675137,-4.72302237
13.09599330,24.68717518,-6.08074249
-9.86889320,18.97701184,-4.73852253
12.87863391,23.54500173,-6.12043189
-9.86821942,17.95390928,-4.82092818
12.74692676,22.35499870,-6.19832115
-9.44737840,17.42795453,-4.69621320
12.13438280,21.68285641,-6.15497504
-9.09155634,16.93234175,-4.60618138
11.65708192,21.00537264,-6.12048391
-8.77585443,16.46800612,-4.54455295
11.27331817,20.34819878,-6.08747162
-8.48392118,16.03404104,-4.50658484
10.95128293,19.71466500,-6.05956628
-7.98532548,15.63222614,-4.44476760
10.43454656,19.01031548,-5.97250096
0.00886073,14.44266015,-5.40696045
1.23374580,14.19776625,-5.40604239
-7.49902631,15.27875035,-4.43339614
2.41349617,14.11335071,-5.38420584
9.94810468,18.30302597,-5.91148682
-1.24686845,14.71515187,-5.35729444
-7.00775276,14.96600763,-4.46410902
3.56714446,14.21435448,-5.39058583
9.46462259,17.57971640,-5.88989136
-2.46045521,14.84034882,-5.25411909
-6.49672994,14.69011314,-4.53151174
4.70221576,14.44839595,-5.46489818
8.96350448,16.84303833,-5.90380661
-3.58571279,14.70709264,-5.09620019
-5.86157864,14.62769875,-4.61566405
5.84398342,14.72069502,-5.61548474
8.30592408,16.22998184,-5.84970178
-4.42032159,14.66569765,-4.90882053
-5.17569893,14.62250429,-4.74262248
6.74034973,15.15443790,-5.70098670
7.56899712,15.65437815,-5.78508382
-0.25592240,32.93733853,-8.25889440
0.41153477,33.21367009,-8.32292764
1.07487605,33.33483366,-8.33043532
-0.93357954,32.67427698,-8.20467351
1.74154335,33.43647971,-8.34675535
-1.63148048,32.44290254,-8.17227637
2.41168919,33.52433064,-8.36387230
-2.35739929,32.25646413,-8.16736749
3.08817824,33.61106855,-8.37405370
-3.06357531,31.76043453,-8.02936333
3.72100775,33.34297147,-8.29874741
-3.80159948,31.29662734,-7.87456645
4.36817433,33.09733616,-8.20822855
-4.56990337,30.86610459,-7.67275010
5.04512789,32.87857263,-8.10161336
-5.38506216,30.47239527,-7.45955764
5.77218845,32.68318070,-7.98932290
-6.06367557,30.09097512,-7.26956489
6.36452450,32.42210946,-7.85466343
-6.79754243,29.70532205,-7.14720970
7.01846104,32.17310834,-7.73593088
-7.58938799,29.29949260,-7.11071483
7.76200046,31.95514076,-7.64713730
-8.42116693,28.91023840,-7.16696377
8.64807687,31.81457027,-7.61918156
-8.69570960,28.13051478,-6.89776068
9.06733914,31.17288176,-7.40949276
-8.94296343,27.35769408,-6.62566810
9.53652772,30.60630790,-7.20387148
-9.18078287,26.58730253,-6.38569251
10.05753569,30.11617435,-7.01048646
-9.41939944,25.82304877,-6.18851205
10.63446602,29.68421053,-6.84850522
-9.56660700,24.77977464,-6.03640169
11.22349206,29.04997894,-6.75189855
-9.70368793,23.75585563,-5.91582308
11.87143465,28.38551701,-6.73394048
-9.85994630,22.74734303,-5.83996480
12.57759740,27.61125036,-6.81181065
-10.09572770,21.74230549,-5.85989411
13.35090090,26.66117765,-6.99094760
-9.79717495,20.74515627,-5.58718682
13.01824944,25.70768800,-6.84626662
-9.60973732,19.72967194,-5.46048859
12.75776037,24.67958974,-6.80674399
-9.53701934,18.71219555,-5.46245085
12.57400680,23.59033023,-6.84440976
-9.57712419,17.70796243,-5.56584740
12.47267312,22.45462211,-6.93984742
-9.19978465,17.19787822,-5.43640091
11.85009288,21.81419530,-6.87800637
-8.88320157,16.72049580,-5.34615335
11.36809679,21.16769452,-6.83873048
-8.60224076,16.27423204,-5.28777964
10.98406013,20.53996453,-6.80665293
-8.34163973,15.85714350,-5.25620641
10.66480726,19.93492344,-6.77926765
-7.88825431,15.48066302,-5.19277134
10.15455022,19.26677035,-6.67254703
-0.07406608,14.48768827,-6.03390168
1.19151244,14.20775623,-6.05585934
-7.44900347,15.15468327,-5.18423390
2.38106013,14.08612141,-6.05176006
9.67752473,18.59728445,-6.58396048
-1.40479408,14.77283872,-5.97012788
-7.00812426,14.87199045,-5.21913066
3.52810811,14.17168886,-6.04653028
9.20310861,17.90881333,-6.53528309
-2.68785452,14.89258238,-5.86962590
-6.55245106,14.62819631,-5.28905271
4.64023111,14.43452312,-6.10406277
8.71019622,17.19751093,-6.53189661
-3.84076317,14.74780575,-5.74049332
-5.98355820,14.60140528,-5.35573119
5.73454037,14.80171879,-6.25507683
8.07258056,16.57426651,-6.46182912
-4.65406531,14.69096483,-5.58357700
-5.36156097,14.62594378,-5.45371630
6.58502848,15.34258317,-6.32674510
7.36846964,15.94150884,-6.39905862
0.02172464,32.35141395,-9.31221772
0.67024923,32.63137522,-9.33830645
1.31059463,32.77558152,-9.31292225
-0.63575896,32.07205457,-9.30188603
1.95324262,32.89182038,-9.31316267
-1.30949628,31.81154691,-9.30876392
2.59760153,32.99319447,-9.32943869
-2.00707486,31.58938340,-9.33366658
3.24839686,33.09425003,-9.35458945
-2.69486176,31.10762882,-9.21186909
3.85498053,32.87884823,-9.29407392
-3.41778309,30.65178454,-9.07442137
4.47699614,32.68428814,-9.22719064
-4.17896807,30.22113553,-8.88339151
5.12957813,32.51331351,-9.14949431
-4.98447175,29.81496108,-8.62559699
5.83180855,32.36246021,-9.06975599
-5.65064253,29.43436492,-8.33162080
6.39532292,32.15429293,-8.92706260
-6.37605578,29.05700982,-8.13738772
7.01670945,31.94632496,-8.80510482
-7.17961996,28.66730821,-8.09719732
7.72377013,31.74865839,-8.73065070
-8.05582749,28.28927237,-8.22296539
8.57047790,31.59569603,-8.74157223
-8.36576525,27.53147000,-7.96525562
8.94756698,30.95696365,-8.46605335
-8.63908311,26.79646017,-7.68301886
9.38955912,30.37129795,-8.22031284
-8.87042640,26.06769772,-7.38864927
9.89013141,29.85367204,-7.99329296
-9.07939227,25.33588607,-7.12211352
10.44199682,29.40060812,-7.78130399
-9.19900196,24.29351907,-6.97044460
11.00092869,28.75824726,-7.65454311
-9.33580398,23.26278035,-6.88083167
11.61554468,28.11035935,-7.59025889
-9.51187242,22.25614882,-6.84812675
12.30394865,27.38144283,-7.62730664
-9.77851010,21.27547482,-6.89482467
13.09334365,26.48882679,-7.78844774
-9.49746589,20.32326582,-6.55338946
12.73517115,25.60295292,-7.57551916
-9.32660910,19.39231611,-6.31517121
12.47001262,24.63440868,-7.49966371
-9.27431462,18.43906116,-6.24123843
12.29475004,23.60054328,-7.52665294
-9.34011455,17.46893624,-6.31577093
12.20774896,22.51746315,-7.62987012
-8.98239283,16.98967071,-6.16179812
11.56116084,21.91579646,-7.56730333
-8.68871948,16.53695200,-6.06363629
11.05964433,21.30403411,-7.53729655
-8.43141537,16.11187785,-6.00572164
10.66140379,20.70475474,-7.51699451
-8.19460164,15.71361569,-5.97906594
10.33465783,20.12302758,-7.49939239
-7.78036697,15.36750491,-5.91519530
9.82331356,19.48169897,-7.39253963
-0.15457552,14.51859599,-6.67431068
1.14423454,14.22343510,-6.72707047
-7.38492168,15.07027812,-5.90805503
2.33758561,14.08096526,-6.75355079
9.35994468,18.84078773,-7.29252598
-1.55102277,14.79990433,-6.59043519
-6.99197790,14.81533821,-5.94533077
3.47433011,14.16414243,-6.74241889
8.90374745,18.18331352,-7.22165554
-2.89302493,14.91091933,-6.48621762
-6.58818584,14.59801542,-6.01583206
4.56182643,14.46197883,-6.77696200
8.42892247,17.49771229,-7.19439553
-4.06524833,14.76743228,-6.37849259
-6.08114534,14.59816183,-6.06866317
5.60816452,14.91568089,-6.91003067
7.81587547,16.88299538,-7.09273457
-4.85693436,14.71251215,-6.24586763
-5.51842755,14.64092508,-6.14420735
6.41085928,15.54692285,-6.95532282
7.14781090,16.21787851,-7.01763584
0.24210070,31.67008423,-10.34359506
0.87021421,31.96400853,-10.34643646
1.49309692,32.12724716,-10.28933682
-0.39607660,31.37731642,-10.37291234
2.11728432,32.26748443,-10.27713873
-1.05459279,31.10725339,-10.42666863
2.74415231,32.39683109,-10.30041305
-1.74603423,30.88651405,-10.49656138
3.38076457,32.53010635,-10.35274593
-2.41542142,30.39187152,-10.40960665
3.97769007,32.35020747,-10.28734102
-3.12830473,29.93628124,-10.31557539
4.59267899,32.19254250,-10.23732776
-3.89186950,29.51651957,-10.18943737
5.24081785,32.05851138,-10.19789257
-4.71555809,29.13215182,-10.00289582
5.94060381,31.94582830,-10.17354681
-5.38662988,28.77781388,-9.67132261
6.49381398,31.78038094,-10.04663281
-6.11501403,28.43146665,-9.38808855
7.10230163,31.61801539,-9.94108988
-6.92717196,28.08309022,-9.28231952
7.79452535,31.46564286,-9.87698982
-7.83497504,27.77000508,-9.40086273
8.62441131,31.35135051,-9.87745706
-8.15047502,26.98192244,-9.08018386
8.94949690,30.72294958,-9.55919802
-8.45985623,26.25442123,-8.78915818
9.35268823,30.13883594,-9.25963653
-8.72981037,25.56472619,-8.48594774
9.82911711,29.60853799,-8.98148251
-8.94885057,24.88617808,-8.16253587
10.36835813,29.13624100,-8.72620940
-9.05365983,23.87529990,-7.97957123
10.92790569,28.46859686,-8.60785717
-9.16560114,22.85898279,-7.86099519
11.53833365,27.81173090,-8.52927113
-9.33424006,21.85828370,-7.82047373
12.21722297,27.10321531,-8.52042648
-9.61773562,20.89433443,-7.86134971
13.00068208,26.26299654,-8.61022311
-9.33375588,19.89345406,-7.56444561
12.61554262,25.42233492,-8.36093363
-9.18071806,18.97063335,-7.32285483
12.32899811,24.51696456,-8.24254402
-9.13977699,18.07253425,-7.17793908
12.14336266,23.54266850,-8.24519362
-9.21138487,17.15960992,-7.16998613
12.05512048,22.51092450,-8.34317985
-8.85269155,16.72935428,-6.95799111
11.38666793,21.94181582,-8.30903692
-8.56385449,16.32037513,-6.81222013
10.86271190,21.35182980,-8.31214734
-8.31675176,15.92793026,-6.72595919
10.44338568,20.76321356,-8.32441827
-8.09372797,15.55439677,-6.68421739
10.09989475,20.18361180,-8.33354634
-7.70637094,15.24100798,-6.60757553
9.56992573,19.53820818,-8.25469807
-0.22769762,14.46606554,-7.37929326
1.09511673,14.17536822,-7.46661723
-7.34414853,14.96852330,-6.59612276
2.28971144,14.03176742,-7.53759475
9.10506823,18.90089458,-8.16141491
-1.67410998,14.73284810,-7.26631511
-6.98835836,14.73276267,-6.63365263
3.41730085,14.13089667,-7.53100768
8.66056945,18.25785640,-8.08239902
-3.06132348,14.83576041,-7.13993003
-6.62452893,14.52984933,-6.70490618
4.48578373,14.46627435,-7.56278665
8.20531774,17.59110754,-8.04407000
-4.24692497,14.69926667,-7.03059004
-6.16454607,14.54181963,-6.75169868
5.49926425,14.97419734,-7.73060402
7.61253898,17.00382479,-7.92576676
-5.02128330,14.65572308,-6.90437726
-5.64673544,14.58860359,-6.81662869
6.26737563,15.65437068,-7.77321820
6.97125494,16.34740288,-7.84064351
-2.23961589,32.33276530,-0.42915352
-1.52022133,32.67955750,-0.44529574
-0.67690821,32.98165943,-0.48056777
-2.88891974,32.09266289,-0.38472996
0.31168499,33.32495653,-0.50198935
-3.51880582,31.96143222,-0.32786869
1.46712807,33.65038811,-0.52915958
-4.17522377,31.94080945,-0.27007633
2.74935140,33.92302340,-0.57485790
-4.82728155,31.71427993,-0.20378351
3.93380838,33.83574113,-0.64103795
-5.50946202,31.54686039,-0.13713573
5.04060575,33.73480415,-0.72706517
-6.20243008,31.41282759,-0.05260565
6.08080784,33.60769250,-0.81664189
-6.88561114,31.29449081,0.07534917
7.08509391,33.42834948,-0.87321038
-7.36441614,31.10202572,0.11923306
7.81953890,33.17149093,-0.97319955
-7.85086085,30.92434600,0.20587063
8.60417908,32.91589682,-1.01786572
-8.36819420,30.76394971,0.33078789
9.49332191,32.70560587,-0.99625156
-8.94786562,30.61847095,0.48604907
10.53707741,32.57058940,-0.92222596
-9.04854160,30.02503996,0.51161669
10.85879389,31.97229271,-0.93144740
-9.14448354,29.42559513,0.53794106
11.16462545,31.37737288,-0.92114328
-9.23620071,28.81357072,0.55441831
11.44934493,30.77572330,-0.90062461
-9.32893536,28.18327687,0.55278806
11.71191819,30.15632698,-0.87821465
-9.36355286,27.35896906,0.81696003
11.73981927,29.27227330,-0.56486236
-9.42684362,26.47695044,1.04297764
11.74828540,28.34011050,-0.27740861
-9.60413608,25.50246863,1.27264272
11.87125288,27.29857436,0.00949388
-10.05788324,24.35687494,1.58245292
12.33119746,26.06064365,0.39665468
-9.67813370,23.32699303,1.57628261
11.85978630,25.07295529,0.53473301
-9.46387657,22.21650389,1.61533143
11.58437037,23.97407473,0.68901808
-9.41038079,21.03452513,1.73758432
11.48991176,22.77459080,0.87330385
-9.49989310,19.82150970,1.95323333
11.53357395,21.54210126,1.06284290
-8.73421781,19.35791966,1.73133230
10.75998108,21.08659918,0.98495898
-8.12900340,18.88166764,1.50586498
10.15025665,20.61127472,0.88593413
-7.63047994,18.39896911,1.33184321
9.67667396,20.11507661,0.78751696
-7.19372443,17.91884388,1.21978109
9.29711109,19.59997258,0.70666638
1.59084137,15.32512101,-0.66948079
0.75059551,15.27084903,-0.58328644
-6.51166712,17.48751721,0.99019902
2.47924029,15.47181032,-0.63164034
8.73032247,19.08628781,0.52614001
-0.06312570,15.30098454,-0.46150144
-5.86888948,17.07983423,0.82955848
3.39684237,15.74391181,-0.65761408
8.25396894,18.54793668,0.39236992
-0.85953315,15.37751688,-0.26405120
-5.22381729,16.70749737,0.68710547
4.30599824,16.04412435,-0.65233279
7.81060024,18.01486578,0.26949899
-1.65938955,15.46386517,-0.02347121
-4.56705344,16.35598649,0.55123232
5.15227174,16.26357057,-0.50439663
7.37402714,17.49987717,0.14463177
-2.36943200,15.76982011,0.06375263
-3.82347706,16.20876034,0.34299964
5.76193416,16.62852888,-0.44308185
6.85333564,17.21711957,-0.07888651
-3.08902841,16.02051066,0.18177425
6.32301974,16.93433772,-0.28512214
0.34578423,31.23889605,-11.36001350
0.97015897,31.53228506,-11.36943265
1.59556697,31.68493493,-11.29910111
-0.29259306,30.96016330,-11.39393823
2.21762846,31.83542442,-11.28389098
-0.95784707,30.71632966,-11.45650170
2.84160558,31.98954412,-11.31653785
-1.66513087,30.53236639,-11.52903255
3.47744119,32.15858156,-11.38755277
-2.31877270,30.00304198,-11.45219663
4.07797528,31.98727128,-11.29283027
-3.02370076,29.52560755,-11.37982207
4.69657911,31.84524490,-11.22656257
-3.79026224,29.10014849,-11.29569937
5.34882824,31.73160587,-11.18508820
-4.63104010,28.72883611,-11.18334039
6.05361402,31.64621292,-11.16828905
-5.29789170,28.36411736,-10.91317802
6.60587198,31.49583625,-11.03036936
-6.02258481,28.03000627,-10.64862727
7.21305062,31.36016480,-10.91544963
-6.83089884,27.73129795,-10.48244298
7.90333549,31.24674816,-10.82804321
-7.73806098,27.50313367,-10.46571410
8.72697471,31.17829458,-10.77380847
-8.02435801,26.64136584,-10.12250234
9.01569612,30.53964106,-10.45598936
-8.34213099,25.86016174,-9.80719275
9.38103863,29.94559004,-10.15598654
-8.64700544,25.14880025,-9.50190003
9.83019486,29.40309639,-9.86416344
-8.90792969,24.48822996,-9.16977126
10.35561854,28.91538042,-9.57845763
-9.05331506,23.51634069,-8.99008154
10.91953757,28.22549922,-9.46490060
-9.18221136,22.54572568,-8.82423621
11.53826384,27.55690193,-9.37578623
-9.34822124,21.57887554,-8.71792473
12.22004083,26.85821424,-9.32601344
-9.62834638,20.64450245,-8.68853813
12.99562657,26.05731451,-9.33537280
-9.28466506,19.59334795,-8.38836990
12.61234412,25.22013788,-9.11162981
-9.12005039,18.63424557,-8.17282151
12.32534607,24.34214886,-9.00061260
-9.08953096,17.72842209,-8.03882975
12.13617702,23.40909763,-8.99958611
-9.16555481,16.84073820,-7.99017962
12.04412087,22.41959840,-9.08986493
-8.81302364,16.41096249,-7.79675359
11.38235758,21.86374997,-9.13030150
-8.52607423,16.02803550,-7.62928488
10.85624313,21.28111097,-9.19112692
-8.28049943,15.66960546,-7.50564926
10.42548398,20.69141693,-9.24127172
-8.06148616,15.32676300,-7.42940839
10.06363602,20.10407795,-9.26902894
1.05288489,14.03169280,-8.34817500
-0.28361378,14.29572371,-8.21858850
-7.68682661,15.05002161,-7.31740210
2.25138489,13.90639736,-8.48891407
9.50035492,19.43478776,-9.21089616
-1.75865148,14.53814228,-8.06004844
-7.34391775,14.80111015,-7.28829912
3.37826913,14.03219130,-8.52435552
9.01028082,18.77749984,-9.12942924
-3.17830670,14.63454542,-7.88768807
-7.01178814,14.57828323,-7.32018478
4.44214463,14.39622846,-8.58999982
8.55546616,18.12741572,-9.05413243
-4.37853082,14.51141727,-7.74729183
-6.67330869,14.38063700,-7.39245141
5.44694656,14.92295659,-8.77666842
8.10270690,17.46918983,-9.00868156
-5.14640393,14.48618511,-7.60645105
-6.24290429,14.39170412,-7.44477552
6.19745140,15.60941464,-8.78674073
7.51457986,16.90920328,-8.89499765
-5.75163446,14.43145893,-7.51433987
6.88479458,16.28502383,-8.82375329
