-1.50297662,15.01061186,2.23299399
-2.18842093,15.03754435,2.28818779
-1.48492163,14.80109684,2.43356818
-2.17749954,14.82551579,2.48492351
-2.84554964,15.05943768,2.34026162
-2.83852752,14.84404612,2.54255395
-3.50015097,15.04968487,2.40259332
-3.49510870,14.83399821,2.60782047
-4.17376351,15.00833103,2.47423574
-4.16988873,14.79488807,2.68105435
-1.60361376,29.50085203,2.83653479
-0.88067109,29.48533400,2.81768384
-1.58177042,29.44968132,3.06021719
-0.84968799,29.43907208,3.04632190
-0.14111462,29.49492527,2.79784564
-0.10495286,29.45280801,3.02699686
0.62938874,29.52810278,2.77570762
0.66679882,29.48749047,3.00403617
1.44090989,29.58234517,2.74810595
1.47681923,29.54069933,2.97913442
-4.76038467,15.14922566,2.52411922
-4.76043036,14.93936464,2.73701152
-5.37265248,15.25228624,2.58098736
-5.37660306,15.04781973,2.80131143
-6.01254543,15.29968801,2.65162857
-6.02078882,15.10781863,2.87259607
-6.68292954,15.27542211,2.72743632
-6.69654010,15.09538094,2.95076321
-4.36763600,28.86687620,2.91249617
-3.62976613,29.01295296,2.87020614
-4.39998063,28.79666886,3.12049387
-3.64594765,28.94746519,3.08577613
-2.94091926,29.16654614,2.84831948
-2.94195352,29.10712920,3.06475862
-2.27231797,29.32751073,2.83770176
-2.26058244,29.27227390,3.05810564
-7.19699259,15.70766066,2.79938950
-7.21695858,15.54090496,3.03031409
-7.72285862,16.02968327,2.85649569
-7.75124689,15.87147398,3.09586621
-8.27084219,16.26123444,2.90785781
-8.31082660,16.10746792,3.15256514
-8.86766740,16.40980903,2.96655411
-8.91981881,16.26278712,3.21296565
-9.22594580,16.67360750,2.98119953
-9.28392989,16.53754505,3.23307185
-9.62435316,16.91347227,3.00520089
-9.68889232,16.78814421,3.26100182
-10.08206193,17.13417361,3.04576110
-10.15566108,17.01921913,3.30168602
-10.63382403,17.35006427,3.09867277
-10.71989286,17.24308166,3.35361448
-7.03519875,28.19681748,2.93136251
-6.24675170,28.37233967,2.89370462
-7.10787690,28.09200935,3.13010751
-6.31196705,28.27503096,3.09371658
-5.56198695,28.54112100,2.88271138
-5.61767992,28.45158910,3.08723395
-4.93925008,28.70287410,2.88845865
-4.98377813,28.62302944,3.09526198
-10.50089180,18.35552916,2.99716754
-10.60115829,18.26205782,3.26718280
-10.43639340,19.29264717,2.97366803
-10.55463157,19.21169576,3.24642743
-10.46578624,20.22664281,3.05337389
-10.60200360,20.15928702,3.30551393
-10.61231778,21.20511479,3.20224208
-10.76648886,21.14921754,3.43295514
-9.80475870,22.44097309,3.11872006
-9.95254757,22.39010745,3.34343976
-9.11325131,23.61700975,3.02146357
-9.25795670,23.56321375,3.24606063
-8.53511338,24.72417602,2.91207752
-8.67553780,24.66406109,3.13542780
-8.06065533,25.76239748,2.77845958
-8.20037628,25.69017634,3.01171515
-7.73254936,26.45398604,2.81393351
-7.85705114,26.37026102,3.03478516
-7.45444094,27.08700779,2.84529451
-7.56215138,26.99287942,3.05710783
-7.23215032,27.66844855,2.88617830
-7.32164095,27.56685312,3.09034168
-1.50075588,15.23622701,2.01856339
-2.18161947,15.26349185,2.07588243
-2.83685376,15.27977493,2.12821354
-3.49138209,15.27275289,2.18355686
-4.16553983,15.23311241,2.24678517
-1.62414852,29.55891897,2.60597492
-0.90995802,29.53472108,2.58612922
-0.17557416,29.53869488,2.56467295
0.59272164,29.57002282,2.53750345
1.40612425,29.62513111,2.50952716
-4.74877733,15.37562177,2.28461529
-5.35796306,15.46842982,2.33542733
-5.99495798,15.50165662,2.39664189
-6.66126491,15.46269702,2.46918744
-4.33261170,28.94934264,2.69552107
-3.61239848,29.08977955,2.64844306
-2.93805172,29.23535296,2.62125637
-2.28263272,29.39079839,2.60791356
-7.16973402,15.87367267,2.53850686
-7.68647174,16.18551168,2.59119963
-8.22727023,16.40643191,2.63512281
-8.81620733,16.54564898,2.68887699
-9.16609099,16.80241819,2.69719013
-9.55876987,17.03033184,2.71446353
-10.01443322,17.24028106,2.75114841
-10.56057963,17.44696842,2.80728083
-6.96132459,28.31616304,2.71988006
-6.18073221,28.48236861,2.68378262
-5.50264114,28.64156266,2.66892469
-4.89427999,28.79629259,2.67347452
-10.39947280,18.44672784,2.68543279
-10.31024034,19.37488894,2.65560798
-10.32151599,20.29483924,2.75000794
-10.45773594,21.26018218,2.93563860
-9.64572457,22.48993665,2.85305482
-8.96226439,23.66718997,2.76314695
-8.38567021,24.78312403,2.64876263
-7.90920769,25.83196631,2.50534262
-7.60071391,26.53842685,2.56483501
-7.34337738,27.18477513,2.61444847
-7.13285095,27.77505306,2.66592462
-0.71693456,14.71263740,2.40459929
-0.74889199,14.90964444,2.19770585
0.17907366,14.62522384,2.38628555
0.12694934,14.80960087,2.16476612
1.27372838,14.51665455,2.38165460
1.19607061,14.69236306,2.14586495
2.61967384,14.34553043,2.39863557
2.51910876,14.52243810,2.15454247
5.10795942,29.53252157,2.65027741
4.12229464,29.53374646,2.74841542
5.09414080,29.60158599,2.42144926
4.10251772,29.59348409,2.51329764
3.18946780,29.53248238,2.82583200
3.16305283,29.58406613,2.58978110
2.30978216,29.53142976,2.90684126
2.27729131,29.57747396,2.67044824
3.82181873,14.33350390,2.36985797
3.72081108,14.51620111,2.12739437
5.06009364,14.23099552,2.30146638
4.97757862,14.42088617,2.07312818
6.24854931,14.01947906,2.19236246
6.18760052,14.22154674,1.97475451
7.35875596,13.70416406,2.03774546
7.30844876,13.91181523,1.83531615
8.89036506,28.38263490,2.11238844
7.87995529,28.75097284,2.24894968
8.85359943,28.48088771,1.89979031
7.85543847,28.84704757,2.03408155
6.91942258,29.05292033,2.39190208
6.90237850,29.14159318,2.17305774
5.99718182,29.30563343,2.53035094
5.98345774,29.38615565,2.30320209
8.20748115,14.04098732,1.96653582
8.15302688,14.24410018,1.76012334
9.06928552,14.28444223,1.87162499
9.00453735,14.48313413,1.66858753
9.95515606,14.46451535,1.77345098
9.87279597,14.66276923,1.57226775
10.90112148,14.59671120,1.67372657
10.80013544,14.78663695,1.47997681
11.50170826,14.93249599,1.60921502
11.39215690,15.10761769,1.41473378
12.14921019,15.24445689,1.54091251
12.03028301,15.40667130,1.34417162
12.85665856,15.53386404,1.45960374
12.73285154,15.67966729,1.26835747
13.65062063,15.80300898,1.36752917
13.52291768,15.93530362,1.17874651
11.98546966,26.55727152,1.63184020
11.15945845,27.06593548,1.74078859
11.88243623,26.61884788,1.41972817
11.07252384,27.13904183,1.52462713
10.37982997,27.55401593,1.84531638
10.31187967,27.63986125,1.62987229
9.62291081,27.99493659,1.96663706
9.57209603,28.09063116,1.75156173
13.64789975,17.06337196,1.31673890
13.50772646,17.18424983,1.11933951
13.74055587,18.18899826,1.24712992
13.58905159,18.29526738,1.04695873
13.94238314,19.19038755,1.18052262
13.78230068,19.28396814,0.99218595
14.26306874,20.09022330,1.13020340
14.09375201,20.17861218,0.95246553
13.66217675,21.22503032,1.12892607
13.50296298,21.28954771,0.96671824
13.22423100,22.19357201,1.16989781
13.07039965,22.24357666,1.01473766
12.88619440,23.07895012,1.21950143
12.73210876,23.11940317,1.06047317
12.60766034,23.93263500,1.23688258
12.45148862,23.96675842,1.06697526
12.40364444,24.58219522,1.35901207
12.25343996,24.62181921,1.17517112
12.23056759,25.23918459,1.45928902
12.09313663,25.28487248,1.26515410
12.10016496,25.90215524,1.54683041
11.97972980,25.95503190,1.34373086
-0.75753811,15.12374920,1.97464727
0.10199308,15.00868000,1.92783420
1.14761698,14.87905613,1.89402702
2.44293545,14.70338799,1.88848709
5.08221370,29.67229919,2.18716642
4.08512950,29.65429746,2.27013394
3.13912711,29.63459445,2.34841704
2.24664872,29.62270341,2.42693342
3.63209583,14.70143818,1.85582723
4.89414503,14.61029302,1.80854868
6.12189220,14.41319098,1.72639532
7.25079913,14.11259047,1.60091341
8.81073105,28.57874805,1.67840513
7.82957360,28.94636262,1.80810788
6.88523986,29.23310471,1.94377678
5.97149444,29.46827009,2.07021162
8.09009541,14.43597315,1.52164732
8.92715058,14.67653758,1.42727738
9.78062271,14.84929753,1.33220339
10.68979861,14.96706790,1.24668276
11.26981841,15.27519732,1.18667552
11.90083361,15.55579871,1.12015320
12.60362608,15.81410655,1.04827078
13.39330226,16.05744528,0.96097644
11.77284674,26.68234980,1.19670513
10.97158060,27.21208968,1.28829329
10.22811063,27.72384556,1.39303744
9.51414131,28.18491312,1.52346927
13.34956936,17.29109525,0.89680523
13.41227427,18.38222735,0.83018514
13.59943471,19.35515248,0.78465996
13.91494650,20.24349862,0.76276029
13.32562766,21.33270240,0.79230448
12.90546820,22.27614196,0.84837989
12.57115030,23.14583488,0.89276467
12.28481967,23.98916384,0.88418434
12.09552887,24.65245973,0.98188531
11.94594992,25.32501867,1.05819714
11.84027730,26.00536970,1.12587375
-1.53884606,16.49128843,-7.52488896
-2.08905865,16.47472191,-7.45083149
-1.55810056,16.64821259,-7.29777805
-2.10609493,16.64070825,-7.23453012
-2.64706508,16.40799539,-7.38309230
-2.66260903,16.58186411,-7.17524439
-3.22783505,16.30443242,-7.31907698
-3.24237982,16.47868007,-7.11774736
-3.84816466,16.16134019,-7.25788543
-3.86122705,16.33211978,-7.06174474
-1.00026215,16.74178185,-7.36573916
-0.97955879,16.59269231,-7.60443495
-0.42612778,16.77807235,-7.44057962
-0.40261435,16.63836219,-7.69281243
0.18147431,16.76128042,-7.52750053
0.20906990,16.63519828,-7.79398512
0.84227697,16.69234687,-7.63335902
0.87529221,16.58047782,-7.91499469
-0.09545120,29.44349829,-7.76869417
-0.90127316,29.24477676,-7.64462729
-0.10473614,29.34760001,-7.48683716
-0.90314387,29.15683681,-7.36602516
-1.65256466,29.16683642,-7.54901374
-1.64700363,29.08711919,-7.27603710
-2.37730750,29.19164294,-7.48180637
-2.36334239,29.12411362,-7.21642289
-3.11089744,29.31960408,-7.44159721
-3.08595144,29.26677181,-7.18052145
0.71050649,29.14893788,-7.55668513
0.72050239,29.25241716,-7.85185652
1.58350482,29.06627817,-7.63640763
1.59577741,29.17441110,-7.94003244
2.53352603,29.08020533,-7.73737968
2.55154339,29.18982058,-8.04075875
3.58868023,29.17978266,-7.87137845
3.61865196,29.28960141,-8.16680884
-4.40216407,16.42677482,-7.21794527
-4.41096679,16.59779632,-7.02379624
-4.99800143,16.64390052,-7.18627100
-5.00154661,16.81162782,-6.99134952
-5.64119462,16.81570045,-7.16438033
-5.63814931,16.97397810,-6.96658319
-6.33286849,16.93564502,-7.15336837
-6.31975478,17.08271630,-6.95170153
1.46936680,16.99148203,-7.70782810
1.50172328,16.89133357,-8.00134373
2.15538876,17.23913713,-7.79336956
2.18832821,17.15060210,-8.09955676
2.91609629,17.45187477,-7.89625397
2.95056923,17.37384610,-8.21441926
3.76657435,17.64203164,-8.02330409
3.80477444,17.56788159,-8.35185036
-3.81461269,29.06405784,-7.36244071
-3.77194691,29.02276544,-7.09490190
-4.56579268,28.90676946,-7.30349563
-4.50263648,28.87733076,-7.02742614
-5.41442366,28.83215164,-7.25249370
-5.32948666,28.81516504,-6.96939913
-6.43585069,28.84166066,-7.19429320
-6.32925983,28.83280879,-6.90678202
4.57928231,28.84655082,-7.89126314
4.61581719,28.94299830,-8.19419380
5.68274067,28.51030852,-7.94553514
5.73451447,28.59736325,-8.24273157
6.93294741,28.07170555,-8.03363476
7.00748723,28.16038869,-8.31552738
8.39294892,27.46711678,-8.17604500
8.49609938,27.57777821,-8.44117318
-7.00423517,17.22598671,-7.15401310
-6.97556858,17.36340701,-6.94771417
-7.70610540,17.46075056,-7.15982461
-7.65857242,17.58550903,-6.95378600
-8.44390163,17.66055960,-7.17751532
-8.37680324,17.76865098,-6.97921895
-9.24744341,17.85044222,-7.21312384
-9.15970266,17.93818842,-7.02779771
4.67892093,18.02463761,-8.15154593
4.72235152,17.95017233,-8.49018737
5.69436201,18.38508734,-8.31063714
5.74889348,18.29945582,-8.65147538
6.81312214,18.71115811,-8.50196874
6.88781969,18.60308380,-8.83597765
8.05958525,18.95879732,-8.73770630
8.16562842,18.82466564,-9.05115515
-8.46757586,28.18828155,-7.17779398
-7.86976482,28.33393190,-7.18184335
-8.35535436,28.17587903,-6.90531273
-7.75337534,28.32355791,-6.90106493
-7.33892361,28.49036993,-7.18623906
-7.22336403,28.48177659,-6.90078833
-6.86453798,28.65950572,-7.19005765
-6.75199626,28.65094738,-6.90214495
11.09724997,25.96269024,-8.71596383
10.32812200,26.26007089,-8.52599163
11.18695060,26.09846701,-8.96755349
10.42734234,26.39751608,-8.78039580
9.62217396,26.62062024,-8.36776325
9.72734347,26.75228804,-8.62392784
8.97723989,27.02932956,-8.24998365
9.08346892,27.15107116,-8.50986280
-9.60637416,18.21745349,-7.22329198
-9.50878069,18.29089316,-7.04437343
-10.02060655,18.57205827,-7.23815886
-9.91184046,18.63112801,-7.06543850
-10.51513675,18.91823141,-7.25440762
-10.39427124,18.96226440,-7.08624033
-11.11916785,19.25808329,-7.27237723
-10.98532863,19.28678405,-7.10524191
8.71896791,19.29367663,-8.83671083
8.83488715,19.15902053,-9.14437452
9.44859446,19.57099054,-8.96210057
9.57566991,19.43804129,-9.26186894
10.27424778,19.78430403,-9.12237106
10.41299060,19.66135002,-9.41213906
11.21849582,19.94630991,-9.31586403
11.36421097,19.84297634,-9.59736431
-10.95334128,20.13007409,-7.24841375
-10.80377013,20.15790138,-7.07884248
-10.83730626,20.94416783,-7.20921767
-10.67312988,20.96652432,-7.03331494
-10.77302752,21.70649023,-7.16758103
-10.59490282,21.71870691,-6.98056575
-10.76388636,22.43243653,-7.13712010
-10.57307203,22.43107329,-6.93687534
11.21502421,20.71510542,-9.23790991
11.36766387,20.60961345,-9.52693963
11.30080152,21.35307695,-9.18433126
11.45655910,21.26019835,-9.48059985
11.47213220,21.88411657,-9.15535500
11.62963129,21.81236255,-9.45653981
11.72138367,22.34021610,-9.14953657
11.88207068,22.29292379,-9.45147089
-10.24343897,23.35595092,-7.08921998
-10.04779389,23.34140297,-6.86849578
-9.81532442,24.21784827,-7.08524030
-9.62028470,24.19129746,-6.84823928
-9.48432453,25.04496553,-7.11895836
-9.29346043,25.00804696,-6.87171705
-9.24751532,25.86414121,-7.16763025
-9.06692342,25.82034160,-6.91655837
11.47562985,22.90859959,-9.03589150
11.61363328,22.90095355,-9.34086529
11.34298589,23.38918373,-8.95887901
11.46613879,23.41904826,-9.25888903
11.30383938,23.83740096,-8.91028093
11.42170154,23.89815384,-9.20187801
11.35101664,24.29863533,-8.88758598
11.46834632,24.38375155,-9.16715999
-8.97565852,26.42107572,-7.18790828
-8.80854250,26.37915615,-6.93098095
-8.75565373,26.98620201,-7.19840087
-8.60490437,26.95027941,-6.93568228
-8.58577388,27.57070550,-7.19447734
-8.45388485,27.54519151,-6.92610557
11.23987221,24.64467248,-8.83009414
11.34772426,24.74631724,-9.10117924
11.16278381,25.02747700,-8.78100629
11.26256062,25.14267080,-9.04470058
11.11588432,25.46102545,-8.74204036
11.20849102,25.58697773,-8.99811264
3.59368826,29.12347073,-7.52086971
4.58580980,28.80826208,-7.53284010
5.68034480,28.48277332,-7.59556698
6.90909256,28.03916750,-7.70770623
8.33257982,27.40298678,-7.88138782
0.82726818,16.78795089,-7.33700344
1.45695648,17.06849021,-7.39479790
2.14426375,17.29502527,-7.46360162
2.90525855,17.48544648,-7.54959804
3.75417606,17.65758292,-7.65932422
11.03085019,25.84315418,-8.45355754
10.25499118,26.14711342,-8.25904163
9.54719224,26.52147265,-8.09465925
8.90779110,26.94821386,-7.96766078
7.99756210,19.00259376,-8.35738957
8.64668002,19.34693443,-8.46394843
9.36152289,19.64088744,-8.60649401
10.16775292,19.87081545,-8.78811242
11.09613054,20.03456526,-9.00391903
11.09424170,20.79068783,-8.90601344
11.18632978,21.40308614,-8.83524541
11.36072644,21.90708276,-8.79844252
11.60924442,22.34046896,-8.79525968
-10.85013584,19.32058329,-6.93783590
-10.65066711,20.19130688,-6.90295779
-10.50306304,20.99357026,-6.84264258
-10.40841123,21.73527319,-6.77142682
-10.36920611,22.43523500,-6.70724179
11.38671706,22.86510111,-8.67903739
11.26323397,23.31717413,-8.61372125
11.22532357,23.74873120,-8.58541038
11.26678405,24.19849207,-8.58249667
-9.83044615,23.33201654,-6.59742386
-9.39609938,24.17062628,-6.54779677
-9.07334612,24.98210045,-6.56005635
-8.85655428,25.79317983,-6.60243501
11.16178780,24.53799474,-8.53832626
11.08977758,24.91550391,-8.50093206
11.04714114,25.34489700,-8.47132824
-8.61272675,26.35843184,-6.61228618
-8.42705532,26.93940027,-6.61527564
-8.29808820,27.54861598,-6.60654032
-8.22205953,28.19523233,-6.58861290
-0.09814318,29.29813941,-7.18345588
0.72168420,29.09397578,-7.23138300
1.59763298,29.00918369,-7.29238124
2.54714987,29.02457422,-7.38318795
-1.56621323,16.80521718,-7.06283944
-1.00748998,16.88829771,-7.11739369
-0.43406685,16.91189061,-7.17726735
0.17096877,16.87688341,-7.24817586
-2.11416174,16.81002585,-7.01019375
-2.67116807,16.76019252,-6.95916593
-3.25185612,16.65855714,-6.90840836
-3.87118608,16.50899294,-6.85710185
-0.89167104,29.11283569,-7.07121598
-1.63038456,29.04881571,-6.99026080
-2.34055733,29.09661193,-6.93725508
-3.05439041,29.25325807,-6.90558801
-3.72237144,29.02018176,-6.81354169
-4.43240154,28.88542777,-6.73656806
-5.23572248,28.83435499,-6.66699760
-6.21085909,28.85980512,-6.59254999
-4.41743676,16.77411720,-6.81681424
-5.00312804,16.98196329,-6.77912281
-5.63277315,17.13373907,-6.74668498
-6.30384463,17.22995935,-6.72443604
4.66477424,18.02250685,-7.77139113
5.67414305,18.37463064,-7.91511821
6.77965291,18.71144463,-8.10219849
-6.94301124,17.49844033,-6.71188400
-7.60684627,17.70728502,-6.71815378
-8.30578516,17.87457295,-6.75618839
-9.07088177,18.02492118,-6.82852539
-9.40966753,18.36502428,-6.85371552
-9.80158545,18.69276477,-6.88408544
-10.27082942,19.01068951,-6.91364113
-7.61818375,28.34684092,-6.57961014
-7.09046157,28.50756353,-6.57799552
-6.62545813,28.67824816,-6.58261764
2.13051369,29.52518280,-0.67323368
1.30530721,29.57610444,-0.60737424
2.18613024,29.43241420,0.47677720
1.34968336,29.46557761,0.54254301
0.51792251,29.53811998,-0.56466625
0.54965985,29.42059523,0.56384656
3.00122803,29.57243434,-0.72849967
3.06948706,29.47324739,0.42975572
-0.21745988,29.59594677,-0.51538517
-0.19762153,29.44768122,0.59520149
3.92271907,29.70458221,-0.77926682
4.00303545,29.57680770,0.39677008
-0.91165192,29.75081104,-0.46321579
-0.90164232,29.54433389,0.63224288
4.90151098,29.90663517,-0.82955486
4.98821343,29.72640984,0.36785821
-1.57950569,30.00051702,-0.40809091
-1.57542006,29.70682097,0.67552129
-2.16600751,29.91914933,-0.37419960
-2.17326908,29.59220774,0.69231217
5.75583153,29.81614289,-0.88579734
5.84175135,29.60661387,0.30882268
6.62296836,29.71299316,-0.95043933
6.70400381,29.46455373,0.23448573
-2.74821153,29.88774893,-0.33378845
-2.76288814,29.51140835,0.72606244
-3.35298701,29.89838843,-0.28613047
-3.36902228,29.45702388,0.77897843
7.51005659,29.54869531,-1.03141773
7.57913113,29.26061729,0.13413701
-4.01465337,29.93499993,-0.22640385
-4.02367600,29.41764952,0.86080197
8.42339802,29.26105266,-1.12448622
8.47256770,28.94840346,0.01649468
-4.47533754,29.85618640,-0.22315048
-4.49428678,29.30874789,0.85337926
8.96893243,28.86283486,-1.22238380
9.04429620,28.55835734,-0.12173877
-4.99136417,29.77801435,-0.21188648
-5.01772737,29.20148234,0.86426706
9.53614329,28.36656118,-1.30536748
9.63478470,28.08194811,-0.23182532
-5.58766502,29.69182537,-0.19142477
-5.62085782,29.08749416,0.89820658
10.14995310,27.78256036,-1.36584540
10.26954336,27.53098541,-0.29873119
-6.29877170,29.58561309,-0.15609560
-6.34205167,28.95831596,0.95893485
10.84895301,27.15743573,-1.40234648
10.99066947,26.94908379,-0.32082871
10.81429722,26.27163385,-1.41020594
10.98183940,26.15540963,-0.34242733
-6.37983535,28.94058489,-0.24267130
-6.43323679,28.35752170,0.84739832
-6.52988785,28.24400937,-0.32528050
-6.58664850,27.71518554,0.75639522
10.84421455,25.41994127,-1.40406088
11.03221663,25.37422372,-0.34910620
2.01771329,29.75811529,-1.68143052
1.18524918,29.83393443,-1.61008918
0.39461869,29.77680144,-1.56131503
-0.34437480,29.82942738,-1.50522064
2.89432882,29.79536554,-1.74392285
3.82353029,29.93239693,-1.80036103
-1.04627516,29.99198334,-1.43795027
-1.72883460,30.26387330,-1.35944005
4.81555379,30.15525623,-1.85611908
-2.32616052,30.16725218,-1.30759236
5.68959385,30.04841942,-1.90526459
-6.76315925,27.49759558,-0.40903052
-6.80982407,27.02626758,0.67579545
10.93528754,24.61183497,-1.40143180
11.14069851,24.61687853,-0.36228506
6.58331874,29.93495472,-1.95489837
-2.92693570,30.13653139,-1.24423169
-3.56153839,30.16369914,-1.17118053
7.50922939,29.75777642,-2.01041300
-4.26828339,30.23144433,-1.08717675
8.47888775,29.43979844,-2.06592310
11.08479548,23.85380205,-1.42098165
11.29647507,23.88577742,-0.40760876
-7.09427357,26.70776371,-0.49927388
-7.10880823,26.28979468,0.58858096
-4.72625138,30.13956405,-1.07515227
9.01852911,29.00131090,-2.12195805
-5.23933739,30.05241846,-1.05897012
9.59278885,28.46859284,-2.16718435
11.18645876,22.93315271,-1.39276819
11.48630502,22.99887376,-0.37023461
-7.51811873,25.57048560,-0.53813586
-7.52311531,25.18692153,0.62466311
-8.12530165,24.42995974,-0.59585391
-8.06779840,24.04997157,0.62221788
11.38258189,22.03903026,-1.44281386
11.71795173,22.10032335,-0.43135270
-5.82875661,29.96236353,-1.03615945
10.23453370,27.85950260,-2.19815677
11.69051759,21.13337989,-1.57224800
12.02000656,21.15768860,-0.56409452
-8.91830250,23.30530648,-0.67216153
-8.74432460,22.89815001,0.56875140
-6.52336397,29.85961433,-1.00688585
10.98611280,27.23017887,-2.22379528
-9.87051365,22.18072732,-0.75784626
-9.56502120,21.73374025,0.50159067
12.15961188,20.17294849,-1.75224305
12.50703172,20.15713844,-0.68740069
-6.58887273,29.15110666,-1.08235920
10.96575312,26.30728940,-2.22315695
11.93983754,19.39093702,-1.89068579
12.21412273,19.32643805,-0.80189766
-9.98040638,21.26568203,-0.89125971
-9.61249394,20.84799329,0.27886248
-10.08549350,20.36543234,-0.98462611
-9.73629715,19.97944619,0.18116550
11.83381617,18.57787471,-2.02679442
12.08468163,18.48485482,-0.86443907
-6.72522181,28.39859267,-1.14984544
11.01467828,25.44786298,-2.21323301
1.81702385,30.00724764,-2.62151266
0.97900048,30.10666690,-2.56916130
0.18650790,30.02074838,-2.52935241
2.70356636,30.02680276,-2.67117896
-0.55147716,30.04645066,-2.48413732
-10.18579555,19.43779014,-0.99910498
-9.87905752,19.08789810,0.20493798
11.84283403,17.72206987,-2.12259499
12.10894553,17.60294789,-0.85530209
3.64934971,30.15505256,-2.72400256
-1.25412028,30.17857275,-2.42679661
-6.95016197,27.61214332,-1.21518203
11.12110155,24.65353307,-2.21025752
4.66763309,30.37967025,-2.78400639
-1.94209263,30.41471938,-2.35211448
-2.54534488,30.27274074,-2.28036717
5.57856009,30.24041641,-2.81697230
11.97212127,16.82141146,-2.14039110
12.28386833,16.63965204,-0.76556938
-10.29159863,18.44579147,-0.90826977
-10.03524661,18.13330135,0.35320816
-3.15912693,30.20244996,-2.19313064
6.51746320,30.09355080,-2.85336870
7.49990012,29.86492780,-2.89159710
-3.81606392,30.19820078,-2.08904843
11.27536952,23.92246229,-2.22729247
-7.27621203,26.80347229,-1.28282873
11.24891025,16.57828632,-2.14247426
11.52619055,16.40542371,-0.76136369
-9.68786179,18.17332495,-0.87702059
-9.50744457,17.93764427,0.35955540
-4.55861357,30.24715141,-1.97143570
8.53715853,29.45437649,-2.92119446
10.61286602,16.36249449,-2.12587718
10.87547190,16.18096283,-0.74195260
-9.17269392,17.91135464,-0.82978249
-9.06206924,17.74864854,0.39148981
-4.99992412,30.12775157,-1.93930839
9.06967950,28.94092975,-2.94606147
-8.72942033,17.65486270,-0.77747861
-8.68125820,17.55525414,0.43187606
10.04166534,16.16186108,-2.08657556
10.30465465,15.95877937,-0.70777238
-7.69889011,25.67973363,-1.32313333
11.34607295,23.03083854,-2.19557290
9.51845128,15.96281353,-2.02624564
9.79265909,15.72667842,-0.65428557
-8.34356997,17.39690844,-0.72956709
-8.35009404,17.34605743,0.47602183
9.64646833,28.34130783,-2.96559152
-5.49318644,30.01554046,-1.90504638
8.62134677,15.98919541,-1.90425614
8.93883677,15.69212828,-0.60198337
-7.67679381,17.28842123,-0.69659753
-7.77366673,17.27976989,0.48567010
11.50255543,22.17126440,-2.23290467
-8.29544355,24.57711023,-1.38747535
-7.08648927,17.14565964,-0.67971301
-7.25776523,17.15191182,0.48760358
7.79201549,15.99669727,-1.74138872
8.15176710,15.62857635,-0.50958952
10.30956372,27.69359798,-2.98495364
-6.05692686,29.90576960,-1.86792412
-6.54851496,16.95114804,-0.68193274
-6.77835366,16.95059394,0.47060479
6.99893218,15.93901952,-1.57721262
7.38849691,15.50311436,-0.39693561
-9.05070896,23.49779910,-1.48223016
11.76213585,21.29991586,-2.35589664
-6.04455528,16.69018300,-0.70013794
-6.31881287,16.66320322,0.43904238
6.22348857,15.78511690,-1.43850744
6.62550814,15.28853429,-0.27941660
11.10507947,27.07145422,-3.02137083
-6.71608419,29.79121592,-1.83081285
12.16727717,20.36527656,-2.55911830
-9.93356143,22.41034953,-1.59830301
-4.16477670,16.81961070,-0.70843582
-3.58678120,16.77003249,-0.69788263
-4.50153974,16.72532652,0.41347495
-3.93165888,16.62392486,0.43561012
2.54033537,16.26636157,-0.94080291
3.40919234,16.23440623,-1.03098136
2.46812047,15.84170093,0.08820226
3.47695965,15.80834504,-0.01015048
-2.89017414,16.90646993,-0.68070332
-3.24366005,16.68179542,0.45480037
1.56189895,16.53048478,-0.83312999
1.34609580,16.08699749,0.20685426
-4.76228074,16.82325713,-0.71374795
-5.08599661,16.76979186,0.40275093
4.32609426,16.15639092,-1.13976093
4.53762957,15.71851351,-0.10349754
5.27102733,16.01500282,-1.27431188
5.60135439,15.55149904,-0.19199887
-5.38728880,16.78114791,-0.71088457
-5.69053415,16.75101584,0.41177628
0.68541392,16.74175984,-0.74559382
0.38273350,16.28549267,0.32476204
-2.21023438,16.98931576,-0.66246558
-2.56899809,16.68723034,0.47522787
-0.10571114,16.89613121,-0.68745061
-0.44963259,16.45053473,0.41156400
-1.53106986,17.01826797,-0.65288907
-1.89181354,16.65344807,0.47934130
-0.83545863,16.99257952,-0.66132823
-1.19333214,16.58769777,0.45782467
11.10544795,26.17861307,-3.03106844
-9.99799369,21.50503504,-1.72697124
11.91551361,19.59955276,-2.69476603
-6.76439898,29.05046287,-1.86993440
-10.07267614,20.60891353,-1.81532034
11.77284516,18.79957730,-2.85289093
11.17144051,25.37188402,-3.04663098
-6.88952792,28.28338031,-1.91207493
-10.16655667,19.68527175,-1.84294344
11.74129932,17.95487907,-3.00669941
1.56784606,30.17081467,-3.45033729
0.72760757,30.29392780,-3.42556298
-0.06250989,30.17092438,-3.39638559
2.46269476,30.17327207,-3.48227182
-0.79513177,30.16538413,-3.36764567
-7.10615260,27.50045035,-1.96104183
11.28726446,24.64164489,-3.07180881
-1.49225042,30.26904072,-3.33134980
3.42638184,30.29034832,-3.52850240
-10.28773952,18.69874106,-1.79415384
11.82407349,17.06585122,-3.12417021
4.47672095,30.50973283,-3.59381796
-2.17658833,30.47657238,-3.28007589
5.43765226,30.33200651,-3.61947589
-2.78000893,30.28773589,-3.20325881
-7.42167439,26.71070264,-2.01978891
6.43964509,30.13515416,-3.65745443
11.44387534,23.97522997,-3.10719970
-3.39934085,30.17442121,-3.11077984
11.07190148,16.82343349,-3.11951684
-9.68789777,18.39393531,-1.75650053
7.49337246,29.81754226,-3.70250330
-4.06968596,30.12860886,-2.99942677
-9.17450818,18.09608888,-1.70504678
10.40698454,16.61157925,-3.09270499
-8.72915202,17.80218096,-1.65164859
9.80906297,16.41567874,-3.04266216
8.60082106,29.24924985,-3.73780599
-4.83711255,30.13752145,-2.87122662
11.49807264,23.14518235,-3.07032079
-7.82362806,25.62624105,-2.06598761
9.26122963,16.22151532,-2.97552807
-8.33715738,17.50738857,-1.60720111
-5.25489688,29.98024117,-2.82665228
9.12274588,28.64287802,-3.75295560
8.31404765,16.26899664,-2.76133819
-7.62942778,17.36043529,-1.56722598
11.63252686,22.33827370,-3.07229112
-8.37731095,24.56458305,-2.12888624
-6.99688143,17.19068276,-1.55209040
7.44417930,16.29832960,-2.52678807
9.70118125,27.97883820,-3.77505141
-5.72149483,29.83103584,-2.78092643
6.61993184,16.26130308,-2.32119058
-6.41712082,16.98401032,-1.56039851
-9.06285953,23.52019728,-2.20417976
11.86297256,21.51292143,-3.13863504
5.82623697,16.12981318,-2.16858353
-5.87484609,16.72955337,-1.58681600
-6.25343519,29.68648468,-2.73610506
10.38568062,27.32248951,-3.82292055
-5.19933943,16.79712435,-1.59865328
4.91360941,16.32979460,-1.96600062
-4.56064527,16.82528842,-1.60767001
4.03364066,16.44795272,-1.82762520
-3.95443649,16.81644722,-1.60999343
3.19902044,16.50689524,-1.73380852
-3.37236413,16.76912295,-1.60778943
2.41575301,16.51815302,-1.67138782
1.54120245,16.76082015,-1.59604533
-2.67955474,16.92830034,-1.58691249
-2.01053485,17.03831312,-1.56272638
0.74498232,16.93892929,-1.54965154
12.22542160,20.62610120,-3.29585805
-9.85537441,22.46515040,-2.28826532
0.01032709,17.05172771,-1.52976520
-1.34982811,17.09709824,-1.54243359
-0.68161852,17.10096550,-1.53262255
11.21690438,26.75491997,-3.91737164
-6.87284768,29.54139739,-2.69648660
11.94202712,19.88774148,-3.38625558
-9.89834876,21.59307246,-2.38978307
11.25150266,25.96321054,-3.94946114
-6.91889485,28.78853442,-2.69917111
-9.96371291,20.72525593,-2.46998797
11.76074243,19.12024663,-3.52222543
-7.04416940,28.02629804,-2.71261070
11.33760230,25.26291621,-3.99913211
11.68265872,18.30990746,-3.68747871
-10.06295619,19.82850785,-2.51689032
-7.25738389,27.26204905,-2.73586745
11.46453494,24.63478256,-4.05515854
0.51109158,30.14480987,-4.19246165
-0.27031953,29.97460203,-4.15886250
1.34470075,30.02058198,-4.20439153
11.71103082,17.44910308,-3.85512271
-10.20465774,18.86943789,-2.51718058
-0.99204175,29.93217725,-4.12919069
2.23802757,30.02677046,-4.22651011
3.20852913,30.14534116,-4.27035123
-1.67779188,30.00955638,-4.09829777
-2.35279732,30.20424077,-4.06150669
4.27873069,30.35955313,-4.34428465
-7.55861965,26.50028960,-2.76644457
11.62777390,24.05978363,-4.10216868
-9.64162982,18.54928364,-2.49133556
10.92408657,17.19631819,-3.81451239
-2.95510842,29.99642173,-3.98324665
5.28457704,30.15972230,-4.36733875
10.22775158,16.97737692,-3.75785341
-9.15975822,18.23474887,-2.44927783
-3.58039266,29.87370736,-3.89826340
6.34937521,29.91442454,-4.41581591
-8.73815797,17.92286679,-2.40468678
9.60140816,16.77619495,-3.68727757
11.66929236,23.31046583,-4.05357471
7.47466132,29.49455844,-4.48261070
-7.92705062,25.45748374,-2.78573438
-4.26605149,29.82329494,-3.80419469
9.02825136,16.57612754,-3.60614901
-8.36255080,17.61009396,-2.36587535
8.65692989,28.76661395,-4.55806308
-5.06317452,29.82776794,-3.70281210
-7.64453775,17.44854240,-2.32804290
8.03233351,16.61765475,-3.32696234
11.79048943,22.57170869,-4.00912824
-8.42206765,24.43806435,-2.81446246
-6.99438865,17.27189145,-2.32079368
7.11995820,16.63484064,-3.05518389
9.17945064,28.12258851,-4.59892535
-5.45848773,29.64408281,-3.66145527
-6.39326716,17.06745966,-2.33961950
6.25986334,16.58594652,-2.84150225
11.99963689,21.80732676,-4.00427670
-9.02586701,23.43367048,-2.85525203
9.77709025,27.47783202,-4.67721147
-5.90010847,29.46801598,-3.62151033
-5.82893753,16.82486451,-2.37992689
5.44233209,16.45175056,-2.70112117
-5.14978233,16.87624994,-2.40815461
4.55059803,16.60743820,-2.52975162
-4.50841689,16.89268637,-2.43483929
3.71027522,16.69699553,-2.43150390
2.92686265,16.73438290,-2.38055461
-3.90163442,16.87422198,-2.45486879
-3.32086014,16.81867817,-2.46617012
2.19755418,16.72226381,-2.35902857
-2.63496511,16.98910956,-2.45245831
1.39356720,16.94977518,-2.33477876
-9.71770877,22.42155247,-2.92093581
12.31757567,20.98428695,-4.09233061
-1.97794030,17.11173140,-2.42864613
0.65592838,17.10379680,-2.33298624
-6.40282479,29.29593772,-3.58584941
10.49291622,26.90409382,-4.81692620
-1.33544314,17.18411846,-2.40230123
-0.03365809,17.18638812,-2.34916524
-0.69271582,17.20212532,-2.37682253
11.34626623,26.45297539,-5.02462417
-6.98731913,29.12464464,-3.55836149
12.00831394,20.27901540,-4.12183456
-9.74469841,21.60054642,-3.02694491
11.40988982,25.79387685,-5.07220373
-7.03173617,28.37422239,-3.51967106
11.79219739,19.54458643,-4.20512092
-9.80321559,20.77928970,-3.13205911
11.50714462,25.21036789,-5.12870334
-7.15179625,27.63074616,-3.49711516
-9.90235656,19.92689273,-3.22592504
11.67169272,18.76767441,-4.33660459
-7.35082869,26.89922989,-3.48872497
11.63498414,24.68275388,-5.17643994
-10.05367147,19.01201851,-3.29489113
11.64793524,17.93886738,-4.50102728
1.08050351,29.46394482,-5.28001583
0.24655468,29.60247321,-5.29151244
-0.53106482,29.41720517,-5.24549257
10.83037669,17.65567716,-4.41084114
-9.55609472,18.68241840,-3.27033436
-1.25000779,29.35946181,-5.20865439
1.97098722,29.45649667,-5.28098592
-7.62568635,26.18076021,-3.49409451
11.79389213,24.19597629,-5.20425302
2.93619070,29.55675830,-5.31426160
-1.93109270,29.42338046,-5.16969479
10.10201428,17.41314769,-4.32453472
-9.13009924,18.35644015,-3.23398164
-2.59898019,29.60726919,-5.12186839
3.99895314,29.73895916,-5.39899125
-3.19071994,29.39527928,-5.01059472
5.02802785,29.53327489,-5.39768903
9.44402003,17.19287922,-4.23654594
-8.75340669,18.03314042,-3.19464467
11.82359297,23.54335616,-5.13274150
-7.94870720,25.20039952,-3.49761403
6.12818655,29.26476538,-5.45927144
-3.80828019,29.27473906,-4.89612955
-8.41310696,17.70925041,-3.16148062
8.84033030,16.97648689,-4.14832257
-7.71213535,17.53945830,-3.11777088
7.77822889,16.99108350,-3.85151997
7.30008629,28.80029989,-5.57861597
-4.49301239,29.23328612,-4.77920807
11.92548966,22.89696403,-5.05939866
-8.38088702,24.24720032,-3.52921118
-7.06494462,17.36500000,-3.11131559
6.80520235,16.97633951,-3.58089074
8.56230651,28.04590150,-5.76284350
-5.31021791,29.25692699,-4.67303940
-6.45846349,17.17194221,-3.13555309
5.89608403,16.89755960,-3.38406138
-8.90219738,23.30701140,-3.59601515
12.09977909,22.22296418,-5.01147163
5.04808332,16.74424148,-3.26648853
-5.88337713,16.94903183,-3.18340587
9.09687135,27.47364527,-5.87189250
-5.68926253,29.06912882,-4.64402219
-5.21125321,16.98965276,-3.22644798
4.16798871,16.84670940,-3.14792678
3.35563894,16.89726052,-3.09984873
-4.57515645,16.99560415,-3.27238273
2.60854063,16.89973707,-3.09271676
-3.97293756,16.96358015,-3.31269179
9.70315134,26.92599594,-6.03169550
-6.11731210,28.89073416,-4.62284782
1.91619052,16.84854002,-3.11030060
-3.39717140,16.88907876,-3.34315270
-9.48913051,22.35867222,-3.71536019
12.35360998,21.48984129,-5.03401504
-2.71982128,17.05853667,-3.34636356
1.16282048,17.05732591,-3.13799695
-2.07404037,17.17612251,-3.33391066
0.46723980,17.19100132,-3.17943907
-0.18915506,17.25436325,-3.22656055
-1.44660351,17.24191475,-3.30856863
-0.82387345,17.25323017,-3.27406248
-6.61138961,28.71994896,-4.61288358
10.39844408,26.43713652,-6.23639723
12.02836920,20.83903972,-4.99697020
-9.50992979,21.60393795,-3.84968695
-7.19637674,28.55630342,-4.62061727
11.18697163,26.02714672,-6.47443830
-9.56987778,20.84113018,-3.98381981
11.78289626,20.15300631,-5.01116848
11.25453579,25.46643117,-6.47332145
-7.23682861,27.83849755,-4.59131565
-9.67761135,20.04193635,-4.10426721
11.62086972,19.41921769,-5.07741836
-7.35314598,27.15159289,-4.58788041
11.34668991,24.97146498,-6.47544257
11.54508378,18.62722751,-5.20030640
-9.85000266,19.17642721,-4.20141917
-7.54475771,26.49443987,-4.60289319
11.46522008,24.52904216,-6.47366011
-9.41155770,18.85504696,-4.14978610
10.71101768,18.30179613,-5.05629328
11.61249296,24.12926921,-6.46520865
-7.80733524,25.85944277,-4.63174437
-9.04514676,18.53392019,-4.09708363
9.95826392,18.01559303,-4.94259477
-8.72274659,18.21435407,-4.04935388
9.27093996,17.75550560,-4.84582825
11.64126266,23.61501625,-6.34989567
-8.07993919,24.97671316,-4.64403142
-8.42983775,17.89454863,-4.01193788
8.63584909,17.50289160,-4.76023147
7.49385862,17.45548737,-4.50209053
-7.77029804,17.73308878,-3.95087094
-8.45798693,24.11405687,-4.68254803
11.73271133,23.11470154,-6.25247551
-7.14646602,17.57697773,-3.93398308
6.44586538,17.38024800,-4.27528861
5.48251446,17.24833892,-4.11545678
-6.55069761,17.41110005,-3.95218905
11.88335767,22.59324898,-6.19324026
-8.92852647,23.25061078,-4.76495590
4.60610705,17.05431058,-4.02614286
-5.97775720,17.22095689,-3.99903970
3.74158445,17.08910258,-3.95779596
-5.32219402,17.25526261,-4.04949332
-4.69800875,17.25238589,-4.10993602
2.95977467,17.08644194,-3.94779819
2.24771155,17.04248531,-3.97045290
-4.10477274,17.20426681,-4.17041824
12.09491052,22.00888956,-6.21036713
-9.49158074,22.36411876,-4.92086962
-3.53683633,17.10343239,-4.22483048
1.58895593,16.94828375,-4.01080781
0.88302597,17.14956503,-4.06506823
-2.86853067,17.25798195,-4.24909078
-2.23317144,17.35320136,-4.25680398
0.22608711,17.28481038,-4.12305377
-0.40067235,17.35620173,-4.17660734
-1.61895608,17.38957926,-4.24714500
-1.01363797,17.36711745,-4.22128020
11.79135548,21.48871839,-6.13220760
-9.53763854,21.66849992,-5.04503998
-9.64977927,20.95401461,-5.19726036
11.54811512,20.91091061,-6.11906585
-9.83395398,20.19000455,-5.37060004
11.37077846,20.25641946,-6.19183429
11.26775597,19.50341457,-6.38521048
-10.09072769,19.34459286,-5.54297090
10.42911779,19.20178830,-6.08648458
-9.58191406,19.04160950,-5.41207275
-9.17774386,18.73419101,-5.28892185
9.67328562,18.88721160,-5.88918546
-8.84408654,18.42597052,-5.18889044
8.97857459,18.57127800,-5.75831988
8.33238182,18.25087659,-5.66873114
-8.55756911,18.11576270,-5.11830766
-7.88196764,17.99710660,-4.97125521
7.14712039,18.06292789,-5.43063405
-7.26284481,17.87988003,-4.91715834
6.05945716,17.85942834,-5.26353629
5.07326036,17.62542302,-5.15919361
-6.67492439,17.74388541,-4.92751687
4.18894266,17.36045480,-5.11098478
-6.10764088,17.56825021,-4.98494006
3.35058901,17.31940438,-5.07983646
-5.46795696,17.58622273,-5.04363901
-4.85745873,17.55065937,-5.12422070
2.59584277,17.26328230,-5.09200194
1.90528753,17.17696534,-5.13038794
-4.27699052,17.45340163,-5.21246594
-3.72379252,17.28616302,-5.29938652
1.25978913,17.04411027,-5.18707082
0.58901737,17.25536993,-5.23236559
-3.06594993,17.43864135,-5.33549647
-2.44214896,17.52436271,-5.35957408
-0.04200087,17.40252451,-5.28164758
-1.84103048,17.54280368,-5.36868737
-0.65067250,17.48196483,-5.32633638
-1.25090926,17.49380494,-5.36089481
1.34431794,29.68483245,1.57741335
0.52631379,29.62273390,1.59703368
2.19856560,29.66385997,1.48689651
-0.23740972,29.60813892,1.62375354
3.10433504,29.68503805,1.41480810
4.06135677,29.73931928,1.35447189
-0.95786144,29.64062772,1.65018924
5.06694431,29.81362503,1.29937695
-1.64972838,29.71954375,1.68357063
-2.27525358,29.56521560,1.68527891
5.94276635,29.63411455,1.20233121
-2.89354582,29.43577463,1.70724213
6.82885076,29.42761179,1.09216791
-3.52929554,29.32507410,1.75614311
7.72939860,29.16319912,0.96451659
8.65072545,28.80409259,0.83099260
-4.21338314,29.22438569,1.83922106
9.25902688,28.39628271,0.66133861
-4.71726074,29.08510244,1.81509578
-5.27087665,28.94709136,1.81294165
9.88571971,27.91765489,0.52815154
10.56156085,27.38420471,0.44656159
-5.90011639,28.80556305,1.83558929
-6.64226298,28.65453259,1.88643214
11.32739719,26.83361841,0.41286899
11.35544085,26.10304070,0.37336268
-6.75486598,28.07232153,1.77287838
-6.91701421,27.44176296,1.66930501
11.43960591,25.37717717,0.34963690
-7.13779254,26.76113295,1.57252090
11.57675343,24.66714572,0.31732428
-7.42438881,26.02898253,1.47276104
11.75528239,23.97261790,0.25498727
-7.87976701,24.94913659,1.59934673
12.01673770,23.12203222,0.29758655
-8.44417356,23.81736931,1.69104381
12.30539918,22.24558378,0.25087920
-9.11848708,22.64726824,1.74332053
12.65592082,21.30662155,0.15291325
13.18286938,20.27258363,0.07326910
-9.91988493,21.45060508,1.78592508
12.84113416,19.40280422,0.00566415
-9.83726364,20.54489962,1.49119104
12.66440388,18.49942269,-0.01695383
-9.86976535,19.67875950,1.32535793
12.65892493,17.52743485,0.03147376
-10.00034259,18.78854822,1.35091766
12.79869071,16.43091804,0.13270656
-10.21083183,17.81512392,1.55290439
-9.69803075,17.62173151,1.52230163
12.02106472,16.19844717,0.16528688
11.34535069,15.95975005,0.19835195
-9.27149471,17.42620128,1.52788095
-8.90530013,17.21618571,1.55307260
10.75136082,15.70935260,0.24097078
10.21717712,15.43770565,0.29574242
-8.58152206,16.98087543,1.58667953
-8.01035197,16.88036868,1.56733559
9.34383284,15.35463118,0.35072276
-7.48904262,16.70954671,1.54647985
8.53585886,15.22605176,0.44210900
7.74571046,15.03141027,0.55462328
-6.99441491,16.46204804,1.50922338
-6.51155083,16.13211838,1.44661066
6.94594923,14.75477387,0.66293323
-4.07433753,15.97417500,1.36033199
-3.39375551,16.01131325,1.34114761
1.17953121,15.50374413,1.02613592
2.38284479,15.29666773,0.95423937
3.48991307,15.28436325,0.88311864
-4.65034377,16.11028870,1.35493938
0.18370936,15.66076757,1.12047036
-2.73186289,16.00425492,1.32729417
-2.07031796,15.97218581,1.30046576
-0.65237639,15.79788607,1.20015272
-1.38690211,15.92218840,1.25566016
4.67016141,15.19744168,0.82068520
-5.24697276,16.18731581,1.36589995
-5.86641527,16.19825721,1.39520944
5.84578106,15.02324426,0.75016283
0.86418292,29.17067934,-6.23373447
0.02711571,29.34717742,-6.24034456
-0.75534557,29.17339479,-6.16844452
-1.48285485,29.12293644,-6.11718980
1.75500094,29.12157471,-6.23772386
2.71501162,29.17644610,-6.27517213
-2.17749973,29.18992873,-6.07740548
3.76424009,29.31094534,-6.36926594
-2.86641144,29.37380158,-6.03937508
4.78759645,29.07192169,-6.34110341
-3.48192294,29.16237971,-5.92813779
5.88881762,28.79041449,-6.39197035
-4.12846386,29.04462330,-5.81635618
7.08062122,28.33946871,-6.52203233
-4.85018321,29.00709397,-5.69810618
-5.72132028,29.03863206,-5.57920950
8.39516999,27.62782493,-6.74321639
-6.11381757,28.85571747,-5.55713756
8.93499294,27.10243642,-6.86797303
-6.55972811,28.68329109,-5.54292129
9.53548589,26.59158785,-7.04419869
-7.07623661,28.51982931,-5.53944766
10.21574685,26.12643082,-7.26330883
10.98796186,25.73684663,-7.51264690
-7.68477449,28.36423869,-5.55135874
-7.73157163,27.68008733,-5.55186520
11.04168857,25.21691045,-7.51826708
-7.84245789,27.02963640,-5.55859062
11.11905548,24.76388038,-7.53167713
-8.01974004,26.40899302,-5.56481085
11.22263678,24.36304461,-7.54709986
-8.26380069,25.80892135,-5.57219995
11.35538615,24.00330186,-7.56316148
-8.48570112,24.96213526,-5.54391466
11.36136870,23.53685855,-7.48114749
-8.82490760,24.12960450,-5.54950926
11.43576791,23.08867107,-7.42094007
-9.28485445,23.28914846,-5.62634733
11.57822532,22.62466967,-7.40788454
-9.87591292,22.41376690,-5.81551541
11.79365986,22.10231646,-7.48911657
11.51708291,21.65063017,-7.43525074
-9.93839834,21.73036161,-5.94543056
-10.06936667,21.01347029,-6.10869281
11.30092938,21.14026810,-7.45781444
-10.25691144,20.23210272,-6.27124966
11.14829670,20.55006682,-7.57476553
-10.49009196,19.36627078,-6.38647724
11.06856792,19.85646292,-7.78241951
10.21417044,19.57840032,-7.43529095
-9.94556584,19.07015376,-6.30883922
-9.50618824,18.76308665,-6.21404826
9.45368361,19.27163845,-7.16821882
-9.14130351,18.44692918,-6.12333149
8.76088494,18.94464854,-6.99009521
-8.82957781,18.12115264,-6.05379678
8.11930679,18.59811317,-6.88573755
-8.10109581,17.99936211,-5.86889852
6.93317130,18.33337790,-6.60697021
5.84157677,18.05737814,-6.45552537
-7.44575619,17.87188040,-5.78434404
-6.83141644,17.71057657,-5.78207232
4.84189302,17.77046676,-6.37631713
3.93587881,17.46971405,-6.34139224
-6.24141634,17.48983972,-5.83435184
3.08611583,17.38068563,-6.29358772
-5.59296143,17.45689457,-5.88495512
2.31942351,17.27625712,-6.27664291
-4.97824984,17.36042358,-5.95857632
-4.39943139,17.19752608,-6.03881653
1.61947996,17.13679171,-6.28106138
-3.85435734,16.96499516,-6.11717171
0.96914222,16.94184610,-6.30010446
0.31225466,17.10957596,-6.27087222
-3.21615056,17.12393981,-6.15601697
-0.30158933,17.21512724,-6.25761695
-2.61436506,17.22116139,-6.19056664
-2.03660778,17.25433108,-6.21993849
-0.89091974,17.25303215,-6.25059020
-1.47019045,17.22181119,-6.24337353
