-0.30076623,14.57767531,1.60922029
-1.21769792,14.72166762,1.65741337
-0.31263855,14.46652767,1.73211761
-1.23784391,14.61131030,1.78102338
-2.14644917,14.86092933,1.71656992
-2.17422457,14.75145591,1.84145243
-3.09386518,14.98530111,1.79160442
-3.12862175,14.87670678,1.91817914
-4.07135628,15.08374196,1.88579254
-4.11242942,14.97602451,2.01425757
-5.13265653,34.16501851,1.97563110
-3.95482303,34.15182502,1.99194861
-5.16841030,34.15638687,2.08032649
-3.98654213,34.14609021,2.09690454
-2.76399842,34.10003291,2.01656941
-2.79131828,34.09618861,2.12232480
-1.57203419,34.05191922,2.04298774
-1.59470653,34.04926364,2.14995068
-0.39092459,34.04723732,2.06687226
-0.40882359,34.04506676,2.17518720
-4.89727890,15.31019161,1.96514117
-4.94411772,15.20355449,2.09512548
-5.74864736,15.49715822,2.05073421
-5.80104918,15.39080553,2.18214226
-6.63164596,15.63309509,2.13837449
-6.68945008,15.52602820,2.27082899
-7.55294892,15.70128538,2.22033259
-7.61622943,15.59261279,2.35327174
-8.61440445,31.81832495,1.94584638
-7.74566669,32.46830927,1.92898884
-8.67066676,31.79578974,2.05884684
-7.79494386,32.44731186,2.03912493
-6.90049009,33.08531422,1.92735808
-6.94439808,33.06744307,2.03517337
-6.03929715,33.65562050,1.94257554
-6.07882031,33.64187277,2.04856275
-8.26960903,16.17399544,2.28897807
-8.33860547,16.06970308,2.42346555
-9.02514654,16.56066710,2.33412040
-9.10007039,16.46006254,2.46950174
-9.83906682,16.86514915,2.35988111
-9.92060340,16.76764138,2.49563053
-10.73478264,17.09103935,2.36639200
-10.82342536,16.99642807,2.50227091
-11.28420203,17.39229489,2.34699462
-11.37293472,17.30608771,2.48257114
-11.89311581,17.65273546,2.31932524
-11.98193744,17.57443180,2.45456053
-12.57910146,17.87432739,2.28584976
-12.66731554,17.80402682,2.42087699
-13.36153399,18.06104003,2.24893401
-13.44794271,17.99894166,2.38384786
-11.56133777,29.31857139,1.97051170
-10.64726445,29.92007249,1.93566430
-11.63763090,29.29030299,2.09474592
-10.71735765,29.89224493,2.05649958
-9.88279408,30.54708832,1.92337478
-9.94699557,30.52019723,2.04109721
-9.21815773,31.18328391,1.92836045
-9.27798491,31.15812419,2.04356019
-13.34883848,18.98157381,2.19179348
-13.44610190,18.92389394,2.32499542
-13.47254641,19.80547923,2.16019497
-13.57944961,19.75322498,2.29118732
-13.74380247,20.56753906,2.15574314
-13.86095835,20.52140214,2.28497167
-14.15659551,21.30927743,2.16789994
-14.28502378,21.26975380,2.29604158
-13.45161288,22.32701554,2.16360187
-13.57830001,22.29570872,2.29037986
-12.88878685,23.31353385,2.14159975
-13.01367434,23.28852888,2.26845304
-12.43084920,24.33546757,2.08297131
-12.55436453,24.31444923,2.21084003
-12.06973999,25.43103821,1.98596273
-12.19167912,25.41271014,2.11470047
-11.79130618,26.34475536,1.97665302
-11.90366400,26.32432065,2.10616882
-11.60516994,27.30601638,1.96272273
-11.70721184,27.28288618,2.09181416
-11.52632217,28.30235950,1.95753621
-11.61620758,28.27665238,2.08481368
-0.28940951,14.68750431,1.48790054
-1.19814608,14.83040689,1.53532714
-2.11931840,14.96858451,1.59322641
-3.05986315,15.09177724,1.66656204
-4.03108487,15.18944236,1.75876164
-5.09735451,34.17263817,1.87203247
-3.92352944,34.15664533,1.88822139
-2.73710499,34.10306032,1.91207585
-1.54975891,34.05396164,1.93730986
-0.37337860,34.04869638,1.95970144
-4.85125472,15.41491257,1.83634368
-5.69712750,15.60149985,1.92041791
-6.57476056,15.73785124,2.00689611
-7.49070277,15.80775001,2.08821638
-8.55928547,31.84033945,1.83433980
-7.69723886,32.48859260,1.82021073
-6.85729947,33.10237008,1.82083333
-6.00036936,33.66845078,1.83781013
-8.20204309,16.27617633,2.15552341
-8.95145446,16.65935668,2.19981989
-9.75885949,16.96084695,2.22512393
-10.64787095,17.18383793,2.23156182
-11.19680273,17.47708942,2.21255693
-11.80582652,17.72952389,2.18518886
-12.49241497,17.94351368,2.15175819
-13.27644869,18.12222684,2.11481398
-11.48688743,29.34682231,1.84774521
-10.57921626,29.94778166,1.81637083
-9.82013459,30.57385924,1.80709648
-9.15987607,31.20812302,1.81472647
-13.25320222,19.03834257,2.05951173
-13.36747847,19.85671908,2.03040177
-13.62877776,20.61305923,2.02756887
-14.03019440,21.34829097,2.04067472
-13.32695411,22.35800977,2.03778360
-12.76612853,23.33843089,2.01573284
-12.30956335,24.35657387,1.95610127
-11.95033696,25.44975153,1.85845147
-11.68129076,26.36567375,1.84858751
-11.50546988,27.32932748,1.83506006
-11.43847810,28.32794772,1.83167258
0.60498063,14.26808096,1.70535729
0.60822824,14.37803384,1.58179573
1.52476862,14.08030409,1.69836038
1.51935127,14.18827475,1.57322978
2.44899581,13.91189954,1.71954373
2.43506595,14.01749860,1.59185042
3.37681193,13.77348917,1.77563752
3.35468005,13.87552908,1.64431398
4.17188914,33.82270981,2.09060122
3.06895508,33.85110866,2.10934295
4.16861016,33.82584350,1.97667949
3.07136533,33.85452268,1.99692812
1.93984927,33.87544571,2.13288109
1.94762970,33.87894768,2.02182970
0.78302588,33.92948130,2.15632108
0.79593433,33.93246598,2.04656208
4.14337464,13.85913423,1.85163348
4.11329573,13.95901214,1.71693649
4.90602961,13.97543694,1.95701134
4.86750932,14.07356333,1.81804011
5.67850965,14.11881070,2.09080087
5.63075191,14.21609126,1.94706298
6.47946797,14.28178542,2.25066863
6.42137527,14.37972117,2.10207017
7.78291268,31.72137322,2.08169178
6.88529986,32.28703253,2.05024389
7.75087495,31.72094228,1.95576817
6.86231644,32.28985739,1.92816046
6.01959045,32.83863486,2.04070546
6.00406688,32.84282288,1.92188514
5.12828234,33.35366283,2.05429018
5.11915464,33.35791955,1.93815108
7.07314231,14.95147246,2.43512026
7.00505452,15.04847151,2.28096299
7.70198066,15.62337672,2.60143799
7.62372694,15.72023565,2.44210253
8.40566350,16.27617498,2.74376164
8.31680949,16.37508591,2.57975644
9.22810561,16.87122940,2.86547010
9.12879360,16.97338302,2.69777165
9.76022365,17.44295671,2.90828622
9.66067264,17.54022608,2.73912407
10.38884331,17.95095123,2.93773526
10.28957628,18.04292223,2.76840717
11.12582307,18.38637448,2.95748109
11.02680012,18.47292772,2.78972834
11.98496433,18.74551278,2.96869798
11.88630173,18.82612738,2.80404655
11.21691319,29.80282856,2.11507988
10.16426006,30.19121719,2.09470485
11.16211537,29.79941000,1.97903680
10.11438764,30.18687423,1.96098309
9.25639536,30.65017348,2.07966472
9.21269032,30.64719785,1.94857581
8.47438325,31.17012975,2.07507582
8.43669587,31.16872755,1.94660887
12.19791417,19.84706683,2.83675055
12.09562427,19.92059170,2.67121287
12.57091013,20.82457292,2.73619112
12.46436286,20.89017435,2.57254974
13.09237694,21.70945310,2.69062223
12.97982099,21.76621111,2.53063908
13.75410531,22.53998829,2.69348963
13.63332905,22.58659614,2.53753127
13.28895452,23.62815268,2.59368632
13.17914806,23.66024819,2.43885478
12.94399959,24.62493464,2.50219920
12.84243603,24.64430581,2.34940576
12.65635894,25.58352577,2.39334793
12.56091221,25.59186295,2.24348192
12.37517897,26.54554837,2.24756413
12.28461194,26.54393739,2.10191145
12.05270401,27.30936786,2.21165132
11.97187340,27.30503131,2.06830762
11.74297375,28.10015140,2.17060548
11.67104455,28.09428640,2.02981098
11.45780105,28.92767740,2.13478720
11.39442389,28.92208463,1.99648995
0.61104852,14.48696939,1.45987482
1.51358533,14.29572432,1.44989296
2.42090004,14.12257516,1.46607316
3.33241266,13.97754731,1.51492724
4.16522238,33.82815932,1.86410673
3.07357369,33.85732158,1.88597001
1.95512231,33.88182997,1.91219650
0.80851339,33.93483856,1.93817015
4.08318808,14.05897014,1.58394143
4.82920224,14.17177059,1.68070672
5.58340187,14.31355453,1.80480960
6.36396797,14.47754277,1.95468957
7.71982868,31.72028840,1.83190233
6.83994019,32.29205867,1.80792700
5.98887528,32.84639227,1.80474388
5.11012225,33.36146001,1.82357006
6.93823287,15.14495672,2.12800354
7.54699483,15.81648298,2.28377696
8.22992652,16.47288910,2.41643505
9.03200996,17.07382988,2.53050582
9.56362970,17.63579058,2.57040400
10.19294808,18.13328867,2.59949705
10.93041295,18.55797724,2.62215155
11.79011035,18.90524348,2.63937933
11.10925896,29.79596950,1.84506804
10.06655457,30.18260549,1.82940961
9.17053680,30.64410231,1.81955090
8.40041634,31.16720096,1.82033182
11.99622058,19.99261195,2.50618948
12.36088595,20.95426367,2.40997909
12.87063845,21.82155726,2.37162446
13.51603561,22.63209756,2.38225101
13.07251126,23.69163129,2.28512419
12.74383297,24.66336084,2.19803206
12.46832282,25.60008370,2.09514609
12.19679504,26.54240803,1.95804031
11.89380704,27.30077156,1.92698594
11.60161876,28.08849728,1.89102902
11.33328045,28.91647086,1.86019037
-0.63948604,16.17694748,-6.16944661
-1.39350936,16.18432736,-6.15284273
-0.61409793,16.31795481,-6.02359996
-1.35647062,16.32692778,-6.00614345
-2.17133328,16.17674402,-6.15690329
-2.12214684,16.32002715,-6.00854841
-2.98046465,16.16432736,-6.18423095
-2.92045188,16.30168348,-6.03353231
-3.82375472,16.14632466,-6.22190496
-3.75612889,16.27166159,-6.06952818
0.12327338,16.39194258,-6.04583322
0.10900910,16.25244599,-6.19234401
0.85076463,16.45523258,-6.08538183
0.84754573,16.31746579,-6.23435731
1.57789924,16.51939132,-6.13943743
1.58540405,16.39065238,-6.29050123
2.30813936,16.58449598,-6.20599903
2.32464694,16.47118025,-6.35882643
-0.68074840,34.95572447,-6.29755590
-1.96974899,34.89862040,-6.19618362
-0.67853919,34.99215827,-6.18901439
-1.96211488,34.92633786,-6.08638918
-3.25955349,34.89533992,-6.13942492
-3.24594093,34.91714757,-6.02882706
-4.52728164,34.87117796,-6.12670052
-4.51164063,34.89791050,-6.01808591
-5.77830699,34.79943341,-6.17558213
-5.76077933,34.83408601,-6.06852357
0.66785577,34.73419882,-6.22590108
0.66630472,34.70829596,-6.33710179
1.96896862,34.58110384,-6.27696406
1.97013637,34.56102906,-6.39031976
3.23687071,34.45867755,-6.34282515
3.24144545,34.43437806,-6.45413075
4.48398814,34.32024630,-6.42557471
4.49296803,34.28760804,-6.53355317
-4.53168910,16.41505032,-6.22403036
-4.46009685,16.52596535,-6.06980989
-5.25248045,16.66974884,-6.24119622
-5.18186730,16.76046324,-6.08713923
-5.99102984,16.90435359,-6.27661438
-5.92519680,16.97286278,-6.12205384
-6.77598538,17.08254174,-6.32852930
-6.71152816,17.13702402,-6.17177123
2.95472416,16.95287913,-6.23578956
2.97723270,16.85877995,-6.38991891
3.58573822,17.31922843,-6.28856072
3.61136249,17.24863549,-6.44312701
4.20685268,17.67897253,-6.37550897
4.23278981,17.63390219,-6.53176747
4.83627782,18.01078054,-6.49325988
4.86407322,17.98205245,-6.65317770
-6.75737464,34.18834221,-6.16846316
-6.72709252,34.21537311,-6.05932660
-7.69659161,33.49812518,-6.19304219
-7.65417783,33.52733016,-6.08133261
-8.66192666,32.78856957,-6.24891031
-8.61037839,32.81903968,-6.13442505
-9.75785474,32.11164324,-6.36886847
-9.68395001,32.14015469,-6.24906146
5.62921737,33.66893940,-6.37838364
5.64679448,33.64082144,-6.48786176
6.72535953,32.89393145,-6.32364087
6.75413427,32.86183195,-6.43464569
7.83607080,32.06990503,-6.28466207
7.87300270,32.03573090,-6.39755852
9.04172193,31.29411433,-6.31563397
9.09601795,31.26288892,-6.43259969
-7.52989942,17.37918962,-6.37586611
-7.45725018,17.43371452,-6.21417163
-8.31538440,17.62811719,-6.45638214
-8.22945052,17.68797042,-6.28834190
-9.17976298,17.81665195,-6.57318109
-9.08125187,17.87745601,-6.40066747
-10.12074593,17.97337200,-6.71555891
-10.01259255,18.03035046,-6.54091295
5.45400694,18.49606481,-6.61705472
5.48930389,18.46862518,-6.78424616
6.09389904,18.96273329,-6.76484430
6.13994303,18.93101505,-6.94228099
6.80232222,19.38795467,-6.94196868
6.85982558,19.35324043,-7.12831759
7.61073539,19.77225795,-7.13361686
7.67891930,19.73610823,-7.32507920
-12.08689058,29.92661444,-6.91668260
-11.33991422,30.42551522,-6.70665774
-12.02340767,29.89965451,-6.78261725
-11.26390924,30.40696431,-6.57313472
-10.73871221,30.94604250,-6.55187811
-10.65204182,30.93841632,-6.42042288
-10.21930244,31.50296135,-6.44023821
-10.13410019,31.51549106,-6.31329132
11.94661038,29.35072258,-6.61924455
11.13846623,29.72060848,-6.47378688
11.94912161,29.36903108,-6.74802003
11.16054006,29.73532312,-6.60274338
10.39753922,30.15236017,-6.37510211
10.43947913,30.15927121,-6.50368293
9.69854925,30.67395727,-6.32198810
9.75318685,30.66121933,-6.44623019
-10.51481078,18.28979936,-6.77296579
-10.40607081,18.33987135,-6.59788365
-10.97834020,18.57448641,-6.85374619
-10.87388241,18.61416668,-6.67940860
-11.46775988,18.85632365,-6.95620960
-11.36872041,18.88323730,-6.78487698
-12.08698319,19.12208867,-7.10590225
-11.98332947,19.13800814,-6.93506539
8.04017639,20.18330839,-7.19774189
8.11070042,20.14997915,-7.39090504
8.55660799,20.54406124,-7.26966846
8.62596737,20.51541785,-7.46161054
9.13358052,20.86365126,-7.34414447
9.20056077,20.84185309,-7.53157042
9.84968436,21.12996341,-7.42746348
9.92223696,21.11300999,-7.60997383
-11.96136339,19.96592129,-7.03349801
-11.82501657,19.98951434,-6.85142990
-11.97116128,20.75675868,-7.01511403
-11.81354950,20.78085468,-6.82452910
-12.00150653,21.55150266,-7.02328737
-11.83628539,21.56786461,-6.82947352
-12.13428261,22.33196097,-7.05987530
-11.96287915,22.33601470,-6.86542715
10.12030399,21.90747286,-7.30866041
10.21594025,21.88330367,-7.49799553
10.56027151,22.57927811,-7.23896889
10.66612119,22.55373592,-7.43072979
11.04639309,23.20238135,-7.19453882
11.15287547,23.18279013,-7.38180983
11.60248895,23.77819667,-7.15896279
11.70796953,23.76781482,-7.33844800
-11.88404380,23.26661962,-6.97883402
-11.71449030,23.25029280,-6.78627922
-11.70718024,24.22871333,-6.92748783
-11.54384785,24.18422075,-6.73794217
-11.66176379,25.11486192,-6.92571864
-11.49966264,25.05599644,-6.73867661
-11.70262904,26.11052032,-6.94264645
-11.54334877,26.01523004,-6.76211352
11.85656364,24.46176632,-7.03763044
11.96040172,24.46811906,-7.21136611
12.11651859,25.14081373,-6.92288579
12.21583275,25.17018622,-7.08977836
12.34600732,25.76775500,-6.84254261
12.43517893,25.80886415,-7.00418374
12.51228576,26.45067072,-6.76905361
12.58646950,26.52026222,-6.92068882
-11.60129219,27.04706858,-6.90556850
-11.44779703,26.94886412,-6.73264095
-11.63303645,27.98685149,-6.89897771
-11.49705124,27.90976456,-6.73630732
-11.79581450,28.92702193,-6.91054387
-11.69245032,28.87369187,-6.76143700
12.40977749,27.11896293,-6.67202244
12.46721578,27.19149599,-6.81880036
12.26940116,27.80757887,-6.61145615
12.30914015,27.86646934,-6.75509898
12.11055097,28.53311532,-6.59550815
12.13058340,28.57413873,-6.73372069
4.47673957,34.34508318,-6.32604501
5.60899636,33.68723441,-6.27550031
6.69530540,32.91990684,-6.21934754
7.79412994,32.09708784,-6.18099526
8.98472656,31.32129113,-6.20329413
2.28851799,16.72755152,-6.06481936
2.92466741,17.07552861,-6.09444639
3.55064732,17.41556786,-6.14667028
4.17173886,17.74702795,-6.22634766
4.79573177,18.06825848,-6.33787390
11.94561076,29.32486186,-6.50312121
11.12062876,29.69622103,-6.35552639
10.35011542,30.14365688,-6.25590477
9.63720947,30.68509140,-6.20615769
7.53032171,19.82473853,-6.95341798
7.96405149,20.22151900,-7.01158534
8.46392932,20.58361719,-7.07906901
9.04587461,20.90175428,-7.15742050
9.72262357,21.16833491,-7.24706822
10.00695627,21.94442927,-7.12678736
10.41967124,22.62664975,-7.05035104
10.92794634,23.23548303,-7.00825476
11.49305194,23.79646272,-6.98659802
-11.82280529,19.17709828,-6.76923247
-11.67173213,20.02728723,-6.68432007
-11.61804533,20.83027317,-6.64346548
-11.65792303,21.59982315,-6.64380481
-11.78931464,22.35101798,-6.68349399
11.75216544,24.46827884,-6.86906274
12.01603991,25.10510895,-6.77020846
12.25615894,25.73047895,-6.69217741
12.44506338,26.36500763,-6.63701853
-11.54366534,23.25177892,-6.60308307
-11.39594343,24.12992007,-6.56516104
-11.34755759,25.00439502,-6.56584159
-11.41325915,25.89398678,-6.60343251
12.36554536,27.03827959,-6.54627383
12.24698139,27.73794044,-6.48925446
12.10083008,28.48986826,-6.47223254
-11.32759651,26.84254892,-6.58487264
-11.39072067,27.81504238,-6.59670439
-11.60460692,28.81741680,-6.62581443
-11.96146445,29.86314182,-6.66121382
-0.67672906,35.02758335,-6.08819981
0.66954802,34.75475538,-6.11966126
1.96853536,34.58939184,-6.17342794
3.23389532,34.47112190,-6.24411650
-0.58659581,16.48629356,-5.88887929
0.13830491,16.55947592,-5.91057678
0.85355100,16.62263319,-5.94767638
1.56833818,16.67865008,-5.99837918
-1.31618668,16.49587135,-5.87164884
-2.06847716,16.49007208,-5.87405665
-2.85372429,16.46737333,-5.89391618
-3.68112400,16.42464626,-5.92942448
-1.95347541,34.94865150,-5.98483213
-3.22948674,34.92595079,-5.92600474
-4.49486983,34.91116755,-5.92000467
-5.74411203,34.86014371,-5.97059559
-6.69202294,34.23229289,-5.95777590
-7.60912190,33.54891066,-5.97634080
-8.55197975,32.84221612,-6.02862915
-9.60657409,32.16443711,-6.13520840
-4.37635276,16.66235686,-5.93034843
-5.09542541,16.87662425,-5.94523608
-5.84318532,17.06535106,-5.97405163
-6.62348984,17.22335588,-6.01906824
5.40125868,18.55106521,-6.45514499
6.03818838,19.00973872,-6.59490709
6.73394789,19.43939921,-6.75843762
-7.35618576,17.51954269,-6.06079925
-8.12797975,17.76611846,-6.12824553
-8.96263537,17.96070013,-6.23141517
-9.88862162,18.10513943,-6.38401219
-10.29399768,18.39522336,-6.43785148
-10.74332556,18.66826917,-6.51505776
-11.24780628,18.92736219,-6.62272303
-11.19048332,30.37704456,-6.45092399
-10.56132368,30.92969439,-6.29756868
-10.04275076,31.52501978,-6.19490663
0.91758121,34.51330849,0.57830111
-0.26902044,34.59611858,0.59503096
0.86584088,34.32713345,1.24076718
-0.31945088,34.39278011,1.26300734
-1.51984247,34.46796812,1.25574368
-1.46997384,34.66607491,0.60769954
-2.73861483,34.59332220,1.24294909
-2.68908236,34.78861705,0.61291104
2.07200171,34.49567539,0.55482626
2.02089890,34.32416142,1.21233976
3.18825055,34.32791930,0.48052954
3.14047154,34.17165881,1.15924684
-3.88492553,34.52464160,1.20729688
-3.82674488,34.71755522,0.56730382
4.25418774,34.15069996,0.41103285
4.21404573,34.01308187,1.11172746
-5.00426162,34.41609032,1.17792349
-4.93489369,34.60705712,0.52490273
5.19404228,33.68651907,0.36014724
5.16414031,33.57548148,1.06323822
-5.93294597,33.96841939,1.14259896
-5.85143687,34.15207959,0.49001754
-6.81587915,33.44939474,1.12039374
-6.71921660,33.62259204,0.46505345
6.06273725,33.15620842,0.32774822
6.04729642,33.07874169,1.03364742
6.86101625,32.50400442,0.30151969
6.86744094,32.47165521,1.01478840
-7.62531613,32.80604702,1.10074138
-7.50244016,32.95906222,0.43541071
-8.44927306,32.12434819,1.09322834
-8.29517236,32.25351754,0.41511757
7.68034441,31.82542227,0.29083462
7.71052029,31.84226829,1.01377066
-9.09243577,31.54306443,1.07931476
-8.89488481,31.66201879,0.38604029
8.34463029,31.27702409,0.27108731
8.40793038,31.32423996,1.00605388
9.10505180,30.76569642,0.25588052
9.20455659,30.84384367,1.00570176
-9.80049363,30.95855905,1.07476087
-9.55290024,31.06523508,0.36318680
9.81836475,30.12272265,0.22590643
9.95507915,30.22446756,0.98514369
-10.35210228,30.18725985,1.04518780
-10.04500070,30.28154156,0.31664444
-11.02693865,29.43280412,1.03587223
-10.65108876,29.51215078,0.28558312
10.65705402,29.55936972,0.20495813
10.83495852,29.67727673,0.97675088
10.98616513,28.74093939,0.21601904
11.17155079,28.84615122,0.97034109
-11.07533851,28.43673211,1.00140474
-10.67266711,28.51242410,0.26469733
-11.24764730,27.45816739,0.99002536
-10.82313994,27.52987073,0.26981438
11.35954065,27.98149954,0.23733451
11.55678215,28.06857822,0.97754609
11.54159102,27.21631695,0.24243595
11.77805212,27.28251132,1.01593103
-11.34319276,26.47782287,1.01244823
-10.86855533,26.55418370,0.27097692
-11.54053173,25.54723814,1.03697078
-11.01974824,25.62782213,0.27711336
11.72418559,26.49441982,0.24066618
12.00522832,26.53390618,1.04951212
-11.83261086,24.48214426,1.12012584
-11.27824362,24.58992261,0.36147578
11.86658119,25.66934756,0.31242232
12.19821118,25.64885290,1.14548644
-12.22165241,23.49553154,1.16960585
-11.63191434,23.62925811,0.41612564
11.99616578,24.86074869,0.36072619
12.38512415,24.77864286,1.21246877
-12.65450232,22.54886261,1.19802884
-12.01777523,22.71846442,0.43883007
12.08729679,24.02947195,0.39799441
12.54821384,23.87662031,1.27973688
12.24702048,23.14194937,0.43966357
12.79695766,22.90769728,1.35642716
-13.21508714,21.59396348,1.20134617
-12.52047762,21.81292258,0.42990839
11.94956050,22.36598015,0.41968631
12.52340100,22.06129239,1.35652073
-13.22978922,20.79885070,1.17210748
-12.54285950,21.06269679,0.39313144
-2.66075091,34.93650306,0.00013947
-1.44142575,34.81300149,-0.00879883
2.10935487,34.61982410,-0.08057657
0.95216515,34.64817333,-0.04991118
3.22378994,34.43307119,-0.15536775
-3.79240981,34.85685797,-0.03857298
-0.23926996,34.74371453,-0.02711786
4.28546256,34.23425915,-0.22559056
-4.89256206,34.73732260,-0.07730010
11.75359754,21.50832248,0.43396768
12.36531815,21.13000566,1.40758175
-13.37490165,19.94926722,1.15501429
-12.68686309,20.26322325,0.35857599
5.22201634,33.74724026,-0.28186948
-5.79822396,34.27591098,-0.11769966
6.08501093,33.18728875,-0.31974917
-6.65238497,33.73842716,-0.15155163
6.87285969,32.49368457,-0.34601179
-7.41330147,33.05668197,-0.18821317
-12.90172244,19.29119092,1.19009803
-12.26663177,19.63556825,0.39125952
11.03923669,20.76571129,0.46307941
11.62749266,20.34570050,1.45269042
-8.18077020,32.33135622,-0.21851021
7.68291621,31.77162226,-0.35912225
-12.59283820,18.55987248,1.24318022
-12.00256876,18.93676373,0.43415395
10.49168776,19.90046478,0.52243384
11.06848844,19.43976676,1.53627537
8.32848272,31.20064368,-0.38068863
-8.74554163,31.73375396,-0.25554027
-11.94979813,18.30217818,1.28440634
-11.40937396,18.68491207,0.47977436
9.79209171,19.46154688,0.51983771
10.33200916,18.99768123,1.53045157
9.06893286,30.66867168,-0.40114432
-9.36483582,31.13070353,-0.28909553
-11.39569705,18.00601182,1.32200302
-10.89940436,18.39572984,0.51787942
9.20175970,18.94451220,0.51995430
9.70976860,18.47628393,1.52689174
-9.81068598,30.34171331,-0.34374849
9.76033238,30.01311284,-0.43278290
-10.73797180,17.85441780,1.34711540
-10.27887354,18.24923910,0.54229421
8.57503339,18.53601087,0.49169622
9.04650645,18.06789263,1.48853602
-10.14368339,17.66443233,1.36190327
-9.71734114,18.06637061,0.55511854
8.04138772,18.06731597,0.46369805
8.48049736,17.59653938,1.44795408
2.21162637,15.16901619,-0.05552331
3.01755867,15.06828771,-0.04213785
2.31704806,14.68809194,0.70585309
3.17067838,14.57325790,0.73740589
3.71233285,15.03937090,-0.02237577
3.90017637,14.53652222,0.75923269
-3.77622517,15.76173514,0.98867588
-4.58928494,15.88010880,1.03988572
-3.56631656,16.17408469,0.21215946
-4.35129039,16.29710665,0.26813114
-2.85677126,15.63151563,0.90873999
-2.68968917,16.04239396,0.14614880
-9.34359030,17.38069198,1.35797080
-8.94883015,17.79121597,0.56063679
7.37790620,17.37619233,0.41807427
7.78097976,16.90381883,1.36744113
-1.96720967,15.47841226,0.84403973
-1.84378167,15.88966633,0.09144581
1.40766218,15.28733262,-0.05065488
1.46527379,14.82613012,0.69974712
0.60408017,15.42457340,-0.03065883
0.61516025,14.97133198,0.71390322
-1.09714213,15.30397347,0.79025289
-1.01667689,15.73105075,0.04386897
-0.20272318,15.56570923,-0.00180321
-0.23789651,15.12347151,0.74193087
-5.43634475,15.96266502,1.10017930
-5.17148894,16.38912861,0.33196428
4.40913423,15.03754044,0.01583311
4.63237357,14.52919606,0.80609487
-8.61688934,17.01716017,1.33478308
-8.24938203,17.43917983,0.54595634
6.82594647,16.65014223,0.35038038
7.19683283,16.16586937,1.26489173
10.57169550,29.44363814,-0.46092869
-10.36378300,29.56708233,-0.38773906
5.05382873,15.26391510,0.07128658
5.31862943,14.74868712,0.89488574
-6.25816020,16.18194529,1.16846735
-5.96110781,16.61637711,0.38621070
6.24964987,16.07698781,0.24924573
6.58949269,15.57460666,1.13853327
-7.84541054,16.71925225,1.29348666
-7.49852503,17.15261305,0.50100142
5.70455722,15.51965752,0.13838402
6.01652495,14.99577371,1.00147929
-7.11322407,16.34176915,1.23203445
-6.78370787,16.79116092,0.43657605
10.89174415,28.63701715,-0.45927257
-10.35116055,28.57107757,-0.41861883
-10.46869826,27.59336116,-0.42470654
11.25019506,27.89535114,-0.45292361
11.40435483,27.15493061,-0.45329462
-10.48319334,26.62424057,-0.42027928
-10.60700246,25.70243451,-0.40966534
11.55378269,26.46000738,-0.46178262
-10.83067265,24.69312401,-0.33250171
11.65011272,25.68840356,-0.41322990
-11.14862672,23.75590718,-0.28127748
11.72751832,24.93363296,-0.38495176
11.75727218,24.16183529,-0.37206360
-11.49318358,22.87179887,-0.26495121
-11.94394080,22.00209709,-0.28497453
11.84178295,23.34086805,-0.36136501
-11.97949909,21.28148194,-0.32259067
11.52562127,22.62028296,-0.38856114
11.29998326,21.82071847,-0.39933466
-12.12740409,20.51672943,-0.36742748
-2.66027992,35.05662905,-0.84752802
-1.43773694,34.93323778,-0.85704218
3.25698416,34.50562844,-1.03089824
2.13818901,34.71304786,-0.95335677
-3.78602414,34.96453167,-0.88150256
0.97216275,34.75376341,-0.91123620
-0.23050441,34.86569143,-0.87900622
4.32107363,34.28325399,-1.10460722
-4.87693429,34.83069924,-0.92060353
-11.75596810,19.90867634,-0.33549106
10.59834093,21.11512828,-0.38025038
-5.77077957,34.35646789,-0.95939399
5.26380193,33.76877055,-1.15552816
6.13270432,33.17115167,-1.18752964
-6.61083719,33.80481915,-0.99603923
6.92375563,32.42418323,-1.20890865
-7.34627649,33.09807089,-1.04076672
10.05697419,20.28681468,-0.34895721
-11.52848013,19.23380362,-0.30432944
-8.08766361,32.34919592,-1.08345747
7.74310457,31.64771265,-1.22124131
9.38272496,19.85679649,-0.35102722
-10.97658289,18.98465396,-0.25937018
-8.61342581,31.74961804,-1.13074063
8.38067442,31.05495079,-1.24456338
-10.50099951,18.70071822,-0.22570040
8.81503494,19.35091066,-0.35478173
-9.19128235,31.14774547,-1.17898067
9.11281196,30.50777480,-1.27351805
-9.91413250,18.55445954,-0.19604526
8.22003624,18.94583162,-0.36746387
7.71338711,18.48569019,-0.38233170
-9.38150958,18.37414831,-0.17979612
9.78987612,29.84982703,-1.30623655
-9.58846449,30.36382491,-1.23877530
-8.63123786,18.10957662,-0.17310571
7.06580130,17.81660032,-0.41347860
-7.94707869,17.77174500,-0.18830795
6.52464832,17.11855890,-0.46467444
2.10935364,15.60619411,-0.71914265
2.87587578,15.52661168,-0.71876538
-2.56417949,16.37633120,-0.52834385
-3.40414046,16.50347985,-0.47533070
-4.16061972,16.63301711,-0.42885147
3.53978779,15.52063598,-0.71128440
1.34489572,15.69883645,-0.70744221
-1.75553278,16.22988681,-0.57373672
4.20470327,15.53802888,-0.69242280
-4.95265865,16.73578194,-0.37676297
5.96927620,16.56109148,-0.52995027
-7.21549390,17.48944754,-0.22226045
-0.96451979,16.09178978,-0.61466268
0.57981390,15.82194566,-0.68436470
4.82208205,15.76417592,-0.65218039
-5.71829966,16.95925409,-0.32421601
-0.18851999,15.94649861,-0.65643309
5.44295296,16.01925637,-0.60585553
-6.51790555,17.13706203,-0.27539564
10.57655204,29.28448016,-1.34563628
-10.08587534,29.59655274,-1.29541239
-10.04019240,28.61297271,-1.32785893
10.89213426,28.49883010,-1.34998353
-10.12461837,27.64984183,-1.34078217
11.23750601,27.78383399,-1.35801487
11.35426065,27.07515940,-1.36274750
-10.09915157,26.69596579,-1.33086971
-10.18624551,25.78532307,-1.31670221
11.45818889,26.41361298,-1.37834111
-10.36174789,24.82050575,-1.25492716
11.49630245,25.70800893,-1.35585446
11.50757129,25.01870629,-1.35095510
-10.63113610,23.91643643,-1.21559121
11.46371586,24.31661633,-1.35654973
-10.92973489,23.05979273,-1.20396694
11.45898389,23.57173504,-1.37103612
-11.32314896,22.22079231,-1.23148173
-11.37781501,21.52201286,-1.27246508
11.11716406,22.91431101,-1.40353338
-11.53400520,20.78393087,-1.33175195
10.85309216,22.18272999,-1.43877157
-11.22397466,20.18607555,-1.30044468
10.15872941,21.52477332,-1.42208364
9.62129298,20.74612807,-1.42192265
-11.04135203,19.52787946,-1.28500905
8.97221572,20.33509801,-1.42250703
-10.53610464,19.27695029,-1.24247946
8.42883803,19.85170613,-1.43389588
-10.09952653,18.99449614,-1.21616068
7.86745031,19.46099964,-1.42648887
-9.54891377,18.84749169,-1.17465663
7.38769897,19.02420101,-1.42748578
-9.04756394,18.66936885,-1.14930495
6.74849013,18.39955561,-1.44487520
-8.31055750,18.41842962,-1.13695213
6.20595801,17.74773473,-1.48048323
-7.63710428,18.09836696,-1.14955075
-6.91714517,17.82990487,-1.17815167
5.65724417,17.22324475,-1.51781918
-2.44714122,16.74541379,-1.41190684
-3.24525164,16.85914149,-1.37375958
1.97420088,16.15531351,-1.58277027
2.69709069,16.11436290,-1.59388677
-3.96879054,16.99141166,-1.33798132
3.32816298,16.14940506,-1.59687912
-4.72796602,17.10034446,-1.29982637
3.95915543,16.20271022,-1.59634837
1.25314146,16.20490111,-1.56610766
-1.68078107,16.61374104,-1.44676259
4.54765621,16.44353698,-1.58025259
-5.46233689,17.31887297,-1.26013706
5.13722940,16.70928416,-1.56582630
-6.23151013,17.49844854,-1.22528234
-0.92968212,16.50830241,-1.47605367
0.53057417,16.30025818,-1.53795716
-0.19547850,16.39420755,-1.50929268
3.27415592,34.51934441,-1.86954635
2.14282559,34.74006884,-1.79244932
-3.83371098,34.99573962,-1.69448277
-2.70786476,35.10020322,-1.66609228
-1.47633416,34.97941614,-1.67607785
0.96151619,34.78937281,-1.74113245
-0.25816513,34.91502349,-1.70228488
-4.92115161,34.84570300,-1.73361202
4.35037258,34.28097798,-1.94377548
-5.81027574,34.35605977,-1.77106800
5.31174621,33.74591491,-1.98740188
6.20160270,33.11670071,-2.01139826
-6.64483243,33.78834211,-1.81055512
7.01382347,32.32346040,-2.01805753
-7.36609832,33.05718807,-1.85464306
-8.09695583,32.28846098,-1.90147660
7.86411264,31.50328575,-2.02147943
-8.59980686,31.69252952,-1.95229278
8.51034055,30.90139240,-2.04186905
-9.15671253,31.09956048,-2.00894280
9.25093108,30.35527385,-2.07569064
-9.52564081,30.32990279,-2.07362290
9.92766143,29.70798483,-2.11345740
-9.99265880,29.58129018,-2.14343673
10.70288266,29.15792502,-2.16883387
11.01951700,28.39189218,-2.17452209
-9.92697936,28.61292598,-2.16840011
-9.99098054,27.66720823,-2.18179501
11.35798377,27.69931055,-2.19247561
11.44102830,27.01219613,-2.20245066
-9.92778167,26.72870244,-2.16887991
11.50388787,26.37334424,-2.22657870
-9.98060893,25.83028796,-2.15647903
-10.11489440,24.90754003,-2.10842816
11.49390873,25.71703734,-2.22151155
11.45036425,25.07591824,-2.23271553
-10.34319426,24.03333041,-2.08189248
-10.60257817,23.19691439,-2.08058565
11.34441047,24.42490160,-2.25362688
-10.95117743,22.37324063,-2.11836386
11.26470579,23.73613480,-2.28727448
-11.02527647,21.67703242,-2.16544345
10.90230369,23.12345987,-2.32391642
-11.19446254,20.94231459,-2.23901089
10.60802402,22.44116576,-2.37544261
-10.93153282,20.33795893,-2.20838762
9.91424043,21.82205562,-2.35394925
9.37617728,21.08732581,-2.37178096
-10.78548451,19.67769594,-2.20486207
-10.31432510,19.41808895,-2.15630617
8.74363451,20.69458765,-2.36278329
8.21696463,20.23308770,-2.37303005
-9.90700019,19.12981306,-2.12858242
7.67170583,19.86899803,-2.35821324
-9.37553769,18.98444920,-2.08209511
-8.89065977,18.81049497,-2.05444317
7.20368611,19.46466537,-2.35611488
-8.15228260,18.57406304,-2.03397847
6.55991893,18.88707762,-2.36112826
-7.47744432,18.27135033,-2.04209228
6.00627791,18.28141515,-2.38443938
-6.75930173,18.01792928,-2.05713172
5.45262324,17.78401115,-2.39476593
4.92792339,17.28953790,-2.41600536
-6.07676724,17.70661743,-2.09089806
2.55701778,16.57244968,-2.39542075
3.16849060,16.65547805,-2.40569626
-3.17502643,17.07374644,-2.20081347
-3.87675573,17.20764214,-2.17552676
1.86174925,16.57133460,-2.37854185
-2.40391925,16.97528665,-2.22796899
3.77884717,16.75223103,-2.41792408
-4.61353019,17.31953674,-2.15069012
4.35322496,17.01129042,-2.41334484
-5.32762095,17.53034602,-2.11774470
1.16760132,16.57561115,-2.36072834
-1.66471970,16.85912374,-2.25541838
-0.93741589,16.78820436,-2.27803266
0.47120783,16.64337018,-2.33253233
-0.22880767,16.70745826,-2.30706329
2.12823517,34.73372305,-2.64339849
0.92537335,34.78823077,-2.58396294
-2.79888629,35.10391567,-2.49750180
-1.55211407,34.98634252,-2.50835478
-3.93177586,34.98756698,-2.51896071
3.27990904,34.50596819,-2.71764494
-0.31703299,34.92552218,-2.54030753
-5.02286500,34.82083296,-2.55829190
4.37740027,34.25789037,-2.79073802
-5.91604591,34.31470623,-2.58868053
5.36849342,33.70785445,-2.81934049
-6.75629343,33.73075962,-2.62587039
6.29251260,33.05257171,-2.82842561
7.14231028,32.21906668,-2.82070423
-7.47768960,32.97580547,-2.67008962
-8.21648752,32.19095077,-2.72340332
8.04259884,31.36502848,-2.81834801
-8.71272578,31.60290727,-2.78151035
8.70995866,30.76446960,-2.84128818
-9.26943138,31.02570172,-2.85203783
9.47083877,30.23319391,-2.88694182
10.15336411,29.60675697,-2.92886865
-9.62868824,30.27627122,-2.91895541
10.92276367,29.07917730,-2.99950607
-10.08824778,29.55350510,-3.00103012
-10.00810836,28.59708667,-3.02082622
11.24448958,28.32691666,-3.01138232
-10.05936631,27.66652646,-3.03895216
11.58165088,27.64951869,-3.04479094
11.63368835,26.97181265,-3.05595628
-9.95720153,26.73722500,-3.01724947
-9.97695236,25.84549889,-3.00351264
11.65829395,26.34291735,-3.08532462
11.60702129,25.71947657,-3.09485321
-10.07505833,24.95740605,-2.96799536
11.51607432,25.10962301,-3.12078563
-10.26802744,24.10677447,-2.95586007
11.35698917,24.49176827,-3.15618616
-10.49481174,23.28272175,-2.96797060
11.21421284,23.83949696,-3.20722993
-10.81020572,22.46171562,-3.01941239
10.83719554,23.25404251,-3.25421778
-10.90368911,21.75363541,-3.07786336
10.52113756,22.60236768,-3.32444620
-11.09006993,21.00482206,-3.16940565
9.82745961,22.01090264,-3.29809701
-10.86126834,20.38045590,-3.13840551
-10.74466452,19.70289833,-3.14432692
9.28774147,21.31000264,-3.32710560
-10.29422415,19.43004369,-3.09198745
8.66196339,20.93670201,-3.31247311
-9.90548432,19.13087290,-3.06511472
8.14202569,20.49901521,-3.32360789
7.60142721,20.16217547,-3.29565351
-9.38195349,18.98567249,-3.00715611
7.13601431,19.78812808,-3.28345030
-8.90432250,18.81421736,-2.97096935
6.47629589,19.25258953,-3.26709815
-8.15130787,18.59269740,-2.93405319
5.90511625,18.68619260,-3.27022233
-7.46470635,18.30644606,-2.93014081
-6.73773500,18.07101417,-2.93547533
5.33681224,18.21695393,-3.26070926
-6.04726129,17.78030901,-2.96094726
4.79734239,17.74345591,-3.26282801
-3.18803793,17.15093756,-3.03731304
-3.87993257,17.28663633,-3.02076882
2.44852851,16.89225505,-3.20753253
3.05299755,17.02514213,-3.22254844
-2.43036862,17.06660916,-3.05871521
1.76655763,16.84814078,-3.19052797
-5.30936310,17.60674646,-2.98032169
4.22627615,17.44945812,-3.24736167
3.65539501,17.16750236,-3.24387484
-4.60593921,17.40086798,-3.00756310
-1.70444484,16.96481629,-3.08362435
1.08453753,16.80645449,-3.17615667
-0.98595653,16.92748741,-3.09689552
0.40028046,16.84537592,-3.14482711
-0.28799414,16.87896128,-3.11905067
-1.66006248,34.98124890,-3.39919144
-0.40303304,34.92502298,-3.43912782
0.86687343,34.77768375,-3.48699342
-2.92759576,35.09499711,-3.38652578
2.09697740,34.72097980,-3.55457856
-4.07376350,34.96730304,-3.39573177
3.27621642,34.49023224,-3.62052481
4.40362520,34.23758703,-3.68754281
-5.17557465,34.78442533,-3.43174827
5.43542941,33.67669625,-3.70239106
-6.08492669,34.26274602,-3.45787986
-6.94616200,33.66451457,-3.49657853
6.40704336,33.00087143,-3.69885777
7.30974666,32.13440313,-3.67644826
-7.68568826,32.88935329,-3.54082332
8.27690304,31.25965278,-3.67213188
-8.45670834,32.09569988,-3.60330595
8.97195701,30.67264164,-3.69893242
-8.96434521,31.52223868,-3.66852413
9.75704911,30.17064349,-3.75915521
-9.54447857,30.97062412,-3.75573093
-9.91369706,30.24503591,-3.83446941
10.44724263,29.56924784,-3.81298616
-10.39034781,29.55335844,-3.94136158
11.21289793,29.06604124,-3.90678568
11.54127867,28.31950109,-3.92883031
-10.29923686,28.60142638,-3.95998049
-10.34369392,27.67888813,-3.98847079
11.87976089,27.64764561,-3.98282611
11.90221499,26.96411476,-3.99258497
-10.19218412,26.74570274,-3.95019375
-10.17331589,25.84960468,-3.92961005
11.88966831,26.33005631,-4.02557922
11.80371446,25.72250519,-4.06026692
-10.23993063,24.98405146,-3.91415896
11.67269842,25.12656869,-4.11361689
-10.40487194,24.14541731,-3.92697073
11.46650126,24.52339195,-4.16490319
-10.60366704,23.32162465,-3.95227213
-10.89352501,22.48959470,-4.01864090
11.26874894,23.88743578,-4.23494023
10.88473149,23.31036734,-4.30642210
-11.00827694,21.75593068,-4.09610730
-11.21624162,20.97781199,-4.21314169
10.55710409,22.66886464,-4.40855902
9.87045759,22.08910836,-4.38278978
-11.01073409,20.32060740,-4.17938244
9.33461297,21.40683340,-4.42223452
-10.91733267,19.61302958,-4.19271300
-10.47783695,19.31905569,-4.13909441
8.71145858,21.04922102,-4.40655384
8.19299525,20.63076770,-4.42050170
-10.10059186,19.00092991,-4.11617349
7.64656302,20.32091993,-4.36614788
-9.57186064,18.85368347,-4.03721087
7.17499350,19.97390011,-4.33059252
-9.09072011,18.68262789,-3.98384173
6.48686776,19.47789485,-4.28307624
-8.30877484,18.47467526,-3.92654671
-7.59867430,18.20405696,-3.90785250
5.88923697,18.94656851,-4.25839311
5.29840917,18.49970428,-4.21261679
-6.85213895,17.98725698,-3.88988670
4.73709168,18.04171390,-4.18151173
-6.14292683,17.71641723,-3.89501092
4.15995783,17.73015053,-4.15199893
-5.40726394,17.54236261,-3.90655136
3.58295398,17.42248841,-4.13957494
-4.70472963,17.33692092,-3.92822947
-2.52660063,17.00510299,-3.95727218
-3.28459504,17.07803146,-3.94449484
2.36670917,17.05302836,-4.09419822
2.97642552,17.23564481,-4.11144307
-3.97824283,17.21829225,-3.93307789
1.68511740,16.96446719,-4.07361017
-1.80018413,16.91425301,-3.97731585
1.00189125,16.87558147,-4.05949582
-1.07573257,16.91021303,-3.98064100
0.31618777,16.88794369,-4.02336815
-0.37406035,16.89320818,-3.99591680
0.80343309,34.78699853,-4.30928532
-0.49292716,34.94247916,-4.26546082
-1.77013440,34.99299657,-4.20811164
2.06049877,34.72958697,-4.37609439
-3.05741005,35.10270694,-4.18414409
3.26734567,34.49659890,-4.43819654
-4.22025266,34.96461680,-4.18509722
4.42571740,34.24244263,-4.50383502
-5.33888988,34.77004479,-4.22190970
5.49808130,33.67443005,-4.49927400
-6.27073231,34.23783254,-4.23723533
-7.16129803,33.63253454,-4.27079301
6.51682868,32.98711655,-4.47883751
7.46959994,32.10240739,-4.43548987
-7.92837118,32.84705293,-4.30512355
-8.74265078,32.05529054,-4.36753264
8.49568117,31.22368337,-4.42388634
-9.27352361,31.49979838,-4.43870771
9.21268983,30.65632419,-4.45461220
-9.88992485,30.97616041,-4.54136198
10.01386834,30.18497578,-4.52722268
10.70308259,29.60208552,-4.58133428
-10.27562937,30.27061677,-4.62419990
-10.77426539,29.60270880,-4.74575245
11.45802927,29.11346230,-4.68258432
-10.66921936,28.64527047,-4.75495128
11.78510949,28.36267181,-4.70011377
12.11782521,27.68514645,-4.75714147
-10.70312920,27.71971066,-4.78146501
-10.50219727,26.77028810,-4.72239294
12.11803348,26.98615083,-4.76151766
12.07775052,26.33717247,-4.79338010
-10.44551103,25.85923294,-4.68801384
11.96474755,25.72971146,-4.82743793
-10.48236848,24.99818153,-4.66363379
11.80345417,25.13257812,-4.88167023
-10.62164535,24.15829198,-4.67135098
11.56787646,24.52787431,-4.93961882
-10.79943772,23.32559843,-4.69649909
-11.07065502,22.47848710,-4.76410920
11.33714591,23.89100918,-5.01791369
-11.19470489,21.72192434,-4.84194994
10.95204919,23.30836056,-5.09959764
10.62255294,22.66150036,-5.21405666
-11.41159001,20.92113875,-4.96198841
-10.67667059,19.20553461,-4.83295780
-11.11732311,19.51434875,-4.89849257
-11.20768411,20.24054742,-4.90388402
9.41735248,21.39930368,-5.19642504
9.94619862,22.07926107,-5.17251423
8.79563589,21.04646780,-5.17014123
8.27671934,20.63478747,-5.17311656
-10.29927468,18.87480600,-4.80140590
-9.26901467,18.55440878,-4.62647351
-9.75938332,18.72539906,-4.69994826
-8.46337221,18.35225066,-4.55124460
6.53310069,19.53185669,-4.94543800
7.24272198,20.00732285,-5.02369485
7.72213425,20.33988398,-5.08830674
-7.73401243,18.08956958,-4.51823123
5.91617854,19.01790695,-4.89329075
5.30802342,18.58347601,-4.81635016
-6.97065899,17.88384714,-4.48103306
4.73049966,18.13406022,-4.75761657
-6.24562698,17.62421218,-4.46909705
4.14603689,17.81218987,-4.71049479
-5.50612878,17.44922079,-4.46889902
-4.79894128,17.24336088,-4.48049597
3.56193568,17.48946436,-4.68438272
-4.06630620,17.12267213,-4.47158688
2.94897905,17.27885087,-4.64187716
-3.36611523,16.97987778,-4.47151063
2.33253746,17.06980091,-4.61355888
-2.60371534,16.91064337,-4.48369632
1.64607435,16.95835286,-4.59421071
0.95688300,16.84470506,-4.58356756
-1.87257179,16.82321162,-4.50529539
-0.43124811,16.83511154,-4.51859310
0.26529679,16.84404573,-4.54575888
-1.13991864,16.83603243,-4.50496767
-3.21519181,35.16112872,-5.10244753
-1.90282453,35.05735587,-5.13760353
3.25480778,34.55166045,-5.38356358
2.01437731,34.79114470,-5.32995206
0.72556211,34.85070169,-5.25892192
-4.40080237,35.00975551,-5.08815969
-0.60096339,35.01685675,-5.21353747
-9.15115220,32.08522931,-5.25677514
-8.26562043,32.86509142,-5.18475958
8.74809909,31.25840269,-5.31898106
7.65670582,32.12787992,-5.32766042
9.48338894,30.71676342,-5.35108219
-9.72037124,31.55340200,-5.33373201
4.45100998,34.29394608,-5.44345878
-5.54565576,34.80472986,-5.12065306
6.64556334,33.02303061,-5.38396439
-7.45040873,33.65611847,-5.15384748
5.57133147,33.71711383,-5.41931845
-6.51345593,34.26337149,-5.12440171
10.29384315,30.27729808,-5.43055731
-10.38813670,31.06294112,-5.45214729
-10.80261402,30.37447107,-5.55021754
10.97695950,29.70612911,-5.48650723
11.71719322,29.22257206,-5.59342297
-11.33644008,29.72685323,-5.69695130
-11.21246773,28.75114393,-5.69992004
12.03679114,28.45574277,-5.59954787
-11.22975038,27.80875536,-5.72375132
12.35892952,27.76015203,-5.65098814
12.33475145,27.03443939,-5.64586964
-10.96199365,26.82631400,-5.63684095
12.26515433,26.35958477,-5.67187139
-10.85188035,25.88538483,-5.57836913
-10.85158959,25.01683051,-5.54470679
12.12662803,25.74287552,-5.71077254
11.41722673,23.87272576,-5.92426940
11.67609386,24.51970100,-5.83774468
-11.46910397,21.66592905,-5.66695557
-11.35760213,22.44620186,-5.63291663
-11.11050974,23.31494588,-5.56814751
11.03249234,23.27790211,-5.97396914
-10.95971182,24.16518156,-5.54696994
11.93767244,25.13520976,-5.77132314
9.53864438,21.34110535,-6.10106501
10.04953872,22.02820137,-6.04657204
-11.39520219,19.38833844,-5.71421365
-11.47670086,20.13911638,-5.70055564
8.91658629,20.99167445,-6.04083589
-10.93952212,19.06648602,-5.61108419
-9.50530436,18.38969506,-5.36461855
-10.00231410,18.56740942,-5.44020678
6.60931842,19.52766477,-5.70566951
7.34704424,19.98298765,-5.83968104
-8.66503451,18.19419859,-5.25139305
7.83353792,20.30305770,-5.91374386
10.70314047,22.62201051,-6.05161108
-11.67166207,20.84772264,-5.74246637
-10.54941816,18.72655103,-5.54475951
8.39384884,20.58613913,-6.00503117
-7.90668397,17.94172351,-5.18440293
5.96779960,19.03030438,-5.60150552
4.14701790,17.83776652,-5.32365981
4.74231149,18.16831827,-5.40308536
-6.38036136,17.49487462,-5.10098955
-7.12367046,17.74459368,-5.12906363
-5.63137404,17.32070398,-5.07687078
5.33912834,18.60828269,-5.49139228
2.30360412,17.03529572,-5.19487120
2.93046443,17.26935742,-5.22389684
-2.69564859,16.77599519,-5.05427613
-3.46786531,16.83969336,-5.05634412
1.60982009,16.90328773,-5.16216483
-4.17557280,16.98848505,-5.05626533
3.55307958,17.50141934,-5.27027774
-4.91461160,17.11539371,-5.06684580
-1.95498062,16.69373139,-5.06433750
0.91288957,16.76801377,-5.14089123
-1.21336368,16.71797534,-5.07442445
0.21150200,16.75318466,-5.11443443
-0.49608040,16.72840578,-5.10087859
-0.34358474,34.22668074,1.60339664
0.84241532,34.09160278,1.57523150
-1.51792609,34.21872514,1.58273958
-2.70127528,34.25561229,1.55864767
1.98966836,34.01967193,1.54234158
3.10527359,33.97614943,1.50887865
-3.88159591,34.29709477,1.53502547
4.19051610,33.92637356,1.47933506
-5.04737725,34.30090139,1.51770272
-5.94156910,33.79286528,1.47928797
5.12591417,33.44535833,1.43130724
-6.78726654,33.22055314,1.45640504
5.99134487,32.91198563,1.40423147
6.82554424,32.33525602,1.39815521
-7.61301106,32.59716648,1.44842492
-8.45723532,31.93641644,1.45392293
7.68595718,31.73780409,1.41141727
8.34006119,31.16488671,1.39319225
-9.02942707,31.29388328,1.42771084
9.08197260,30.62096810,1.38521659
-9.65765414,30.64811109,1.41238864
-10.38016090,30.00824486,1.41250449
9.94799301,30.13944592,1.38814978
-11.24611292,29.39051493,1.43323206
10.95984477,29.73697116,1.39812677
11.17277747,28.86081497,1.40922579
-11.17432383,28.37021481,1.41120731
11.42894542,28.04110454,1.43471210
-11.22223617,27.37032803,1.41208606
-11.38277675,26.40496724,1.42651048
11.70703857,27.26494620,1.46477698
11.99410499,26.52104741,1.49015501
-11.63951436,25.48780567,1.43973596
12.23172700,25.61212406,1.60970942
-11.97478269,24.40955314,1.53575360
-12.40644087,23.40860962,1.59563269
12.46862571,24.71256299,1.69868905
-12.93882304,22.45200924,1.61671412
12.75093063,23.78386493,1.77396126
13.13584895,22.77565074,1.86024737
-13.60949532,21.47435810,1.61439147
12.49994073,22.00192911,1.83991568
-13.22878479,20.76452487,1.60135097
11.99263300,21.16887641,1.86646432
-12.98469979,20.03321774,1.60109042
11.62477631,20.23904675,1.95238376
-12.88423682,19.24021754,1.62362967
-12.92390613,18.34837721,1.67265174
11.41114856,19.18262116,2.08206776
-12.16390263,18.17595170,1.71034384
10.57730557,18.83341702,2.05980617
-11.50113145,17.96775186,1.74407046
9.86266607,18.40643266,2.03727741
9.25382392,17.90698507,2.01243986
-10.91440143,17.72112092,1.77093587
-10.38576526,17.43437224,1.78953455
8.74184698,17.34323661,1.98039795
7.96985976,16.73163490,1.88044891
-9.51598959,17.21736463,1.78410639
7.31632680,16.07085053,1.76324874
-8.72612429,16.92205912,1.75997508
6.73447008,15.40064043,1.62375086
-7.99249557,16.54625525,1.71733481
-3.89926901,15.48538316,1.36577064
-4.70250752,15.70249286,1.43162502
3.25135353,14.27671777,1.11628723
3.98024924,14.34645422,1.16674833
-2.95470082,15.36834304,1.27948601
2.36966363,14.40574638,1.07633309
-2.04029065,15.22709631,1.21037085
1.49080801,14.56043632,1.06551331
0.61493727,14.73125607,1.07792084
-1.14482445,15.07119066,1.15430900
-0.26122169,14.90999062,1.10619933
4.70355728,14.44820146,1.24203288
-5.53224928,15.88311643,1.50433391
-7.29510949,16.08659651,1.65282117
6.18510134,14.73732875,1.46771600
5.43279873,14.58025586,1.34260705
-6.39443966,16.01638851,1.58044427
2.92052659,17.21082742,-5.64066567
3.53705346,17.52317901,-5.68578080
4.14964753,17.82982062,-5.75568521
-4.97326089,17.05545309,-5.48332671
-5.71754682,17.22579778,-5.50535364
-4.25934311,16.85955218,-5.47417249
-6.49609960,17.36531541,-5.54283080
4.76563076,18.12950616,-5.85489000
2.29517552,16.89280851,-5.61568014
-3.57089158,16.64069175,-5.47752307
-7.21336196,17.66575556,-5.57186707
5.35548880,18.61646098,-5.95074694
-2.76286349,16.66097346,-5.45563858
1.58699686,16.83346015,-5.56212674
5.97611965,19.08116523,-6.06769623
-7.96835856,17.91508414,-5.62639201
0.88270173,16.76837224,-5.52243494
-1.99483472,16.66170973,-5.44773676
6.65457312,19.51874645,-6.20781739
-8.78366875,18.10992091,-5.71689970
0.17662684,16.69692988,-5.49507336
-1.25736969,16.64642330,-5.45560307
7.43248138,19.91363621,-6.38150752
-9.68828400,18.25042676,-5.85772322
-10.08800735,18.53384848,-5.90637613
7.86287975,20.31339959,-6.42952751
-0.54026817,16.61624485,-5.48153734
-10.53145364,18.79834491,-5.97941305
8.36090889,20.67781966,-6.49043380
-11.02993822,19.04699749,-6.08342605
8.94347648,20.99714136,-6.56745297
-11.59968587,19.28371169,-6.22823769
9.62542544,21.26219046,-6.66297253
9.92320292,22.02817760,-6.54202667
-11.44403932,20.12594891,-6.13888427
-11.38896502,20.91513074,-6.09765430
10.35168008,22.69700622,-6.47460005
-11.42790890,21.66799454,-6.09925874
10.87489106,23.29150637,-6.44654956
-11.55832622,22.40131773,-6.14163343
11.45433444,23.83848949,-6.44215432
-11.29702622,23.28600039,-6.06286331
11.70203411,24.49753281,-6.33589970
11.95373800,25.12211081,-6.24984438
-11.13350800,24.14858290,-6.02816959
12.18089935,25.73672788,-6.18471633
-11.06723262,25.00959444,-6.03179988
12.35634899,26.36159963,-6.14186258
-11.11253750,25.88732472,-6.07254510
-11.02189035,26.81656025,-6.06047075
12.26858053,27.01867258,-6.06004693
12.14317519,27.70422687,-6.01119342
-11.07640589,27.77124097,-6.07956993
8.86369437,31.28102840,-5.74661317
7.70435880,32.07192171,-5.73254651
9.51202431,30.63709276,-5.74668382
-9.78145375,31.46846398,-5.73386627
-9.36238750,32.11216379,-5.68100911
-8.36018777,32.80576360,-5.58575334
-10.27890628,30.86622432,-5.82650070
10.22453434,30.08781804,-5.79313240
10.99861653,29.63704903,-5.88988846
-10.88401253,30.30593385,-5.96745077
-11.28042691,28.75652378,-6.11790191
11.99126879,28.44373126,-6.00078481
11.83103210,29.26867706,-6.03643599
-11.63080923,29.78670315,-6.16640407
-7.45416974,33.51791343,-5.53885654
6.63465895,32.89907931,-5.77341433
5.57379412,33.66338109,-5.82727188
-6.56477053,34.19990393,-5.52140357
-5.63887557,34.82182572,-5.53192090
4.46316376,34.31326709,-5.87218985
3.23824238,34.44712534,-5.79145623
1.98733639,34.57000426,-5.72130115
-4.41201743,34.88446942,-5.48353598
-3.16356442,34.90582711,-5.48764195
-1.90148410,34.93196802,-5.54102536
0.69996186,34.73787185,-5.66787083
-0.63698488,35.01231122,-5.63732581
