0.05914789,13.89945377,1.24793424
-0.96564839,13.78317342,1.30363780
0.09446906,13.77249299,1.46558198
-0.93048844,13.64651344,1.51580678
-1.90417551,13.65029824,1.36464123
-1.87062448,13.50842917,1.57325055
-2.80316560,13.51058235,1.43665196
-2.77303329,13.36906459,1.64255680
-3.70256383,13.38462099,1.52883337
-3.67771607,13.24925003,1.73237632
-5.41582523,33.81767557,1.68013950
-4.28762803,34.18539306,1.58567098
-5.38531478,33.77961604,1.88199639
-4.25529761,34.14560528,1.78514476
-3.15701283,34.54529015,1.51453782
-3.12494027,34.50751308,1.70859712
-1.99725008,34.87979625,1.47432305
-1.96565871,34.84698349,1.66319097
-0.78050754,35.17274421,1.44962619
-0.74902606,35.14523790,1.63436916
-4.49379617,13.41898002,1.60266569
-4.47544966,13.29302972,1.80572230
-5.30110939,13.46640237,1.69824861
-5.28925955,13.35239761,1.90007853
-6.12039845,13.52750548,1.81492652
-6.11362971,13.42469093,2.01363142
-6.94335347,13.58662738,1.95252124
-6.94004593,13.48847724,2.14604325
-9.70220492,30.76845861,2.19884738
-8.58856659,31.48539582,2.06396126
-9.69757024,30.76669650,2.38289638
-8.57865686,31.47637706,2.25113471
-7.50220112,32.23917757,1.93530457
-7.48513017,32.22032682,2.12826301
-6.44677445,33.02231119,1.80958501
-6.42204151,32.99298329,2.00802717
-7.69203794,13.89954626,2.11504860
-7.69078058,13.79957992,2.30243682
-8.43533146,14.17167523,2.26887535
-8.43714720,14.06456821,2.45334825
-9.17469830,14.40502892,2.40938474
-9.18233087,14.29009760,2.59645725
-9.90927592,14.62182096,2.53981719
-9.92556930,14.50426949,2.73452380
-10.40012395,14.89605899,2.61348516
-10.42049066,14.78814168,2.81698580
-10.91639619,15.17712639,2.68988823
-10.94185462,15.08149530,2.90393321
-11.47427623,15.46712717,2.77880045
-11.50602425,15.38548003,3.00325617
-12.10109366,15.76178949,2.87219197
-12.13853424,15.69572583,3.10695222
-12.99717943,28.19301916,2.33907681
-12.15977082,28.79717091,2.32689357
-12.98933350,28.17846198,2.53472766
-12.15217822,28.78676549,2.51654612
-11.34274191,29.43530282,2.29694453
-11.33632543,29.42890613,2.48333566
-10.52279602,30.09146741,2.25153676
-10.51766762,30.08815915,2.43610123
-12.45405763,16.61558114,2.84757640
-12.49726823,16.56659740,3.09022013
-12.86573463,17.47879005,2.83677652
-12.91537382,17.44464183,3.08175302
-13.34307838,18.35630503,2.82023043
-13.39881410,18.33373279,3.06423896
-13.88321212,19.26048871,2.80067787
-13.94343479,19.24738648,3.04228721
-13.71711402,20.38623770,2.60235467
-13.76810011,20.38241975,2.83868074
-13.60749022,21.53854744,2.43619128
-13.64991552,21.54035000,2.66468864
-13.53743586,22.72872042,2.30153270
-13.57339690,22.73217010,2.52189227
-13.49253513,23.96819374,2.18266780
-13.52283968,23.97043454,2.39617552
-13.37298679,24.97878414,2.23610128
-13.39443906,24.97875201,2.44311478
-13.25835787,26.02575427,2.27702593
-13.27016924,26.02183577,2.47908161
-13.13008381,27.09658502,2.31078211
-13.13185603,27.08774154,2.50841954
0.02576690,14.02140105,1.02057362
-0.99961005,13.91575087,1.08192883
-1.93728260,13.78895608,1.14697719
-2.83363494,13.65076849,1.22294025
-3.72814461,13.51879450,1.31696943
-5.45185308,33.86858202,1.46706489
-4.32359854,34.23769743,1.37785238
-3.19084101,34.59224027,1.31430745
-2.02883782,34.91835828,1.28086419
-0.81114078,35.20368762,1.26111935
-4.51317431,13.54631042,1.39094589
-5.31417828,13.58118116,1.48621797
-6.12846283,13.62521027,1.60347035
-6.94893457,13.67260606,1.74394025
-9.71010967,30.77987934,2.01077425
-8.60493204,31.50904007,1.86987624
-7.52730195,32.27437958,1.73245174
-6.47831940,33.06549788,1.59917912
-7.69677814,13.98189325,1.91411786
-8.43881111,14.25895220,2.07244607
-9.17318011,14.50195764,2.21273796
-9.90260436,14.72097529,2.33635496
-10.38859001,14.99000782,2.40269096
-10.89978843,15.26214955,2.47032258
-11.45365227,15.53896292,2.54567570
-12.07153020,15.82162903,2.63456369
-13.00722391,28.21673613,2.14250832
-12.17165525,28.82002600,2.13525652
-11.35134692,29.45222775,2.10853955
-10.53221366,30.10646652,2.06458754
-12.41573409,16.66246924,2.60355372
-12.82342163,17.51157973,2.58223073
-13.29558198,18.37748302,2.56867340
-13.83135326,19.27289819,2.55454541
-13.67369516,20.39186959,2.36139525
-13.56834001,21.53963686,2.20436918
-13.50395313,22.72971522,2.07815143
-13.46610340,23.97272408,1.96541898
-13.35561272,24.98775895,2.02575069
-13.24483289,26.03603355,2.07272926
-13.12979341,27.11373071,2.11031538
1.25340071,13.82128962,1.44174820
1.22037602,13.93256130,1.21680657
2.55857616,13.78307905,1.42874640
2.53119577,13.87746981,1.19436991
3.99766650,13.60078206,1.44267414
3.97880299,13.68022182,1.19591611
5.50736663,13.29315633,1.49396454
5.49957642,13.35923996,1.23392617
4.64398642,35.12285305,1.23598835
3.33613441,35.14805526,1.38978328
4.61577779,35.14235930,1.06019921
3.30680272,35.16608392,1.21196281
1.94872944,35.18839126,1.50503464
1.91788002,35.20735508,1.32435522
0.55911780,35.20083036,1.58158130
0.52749319,35.22335165,1.39880971
6.76265841,13.09489474,1.52607201
6.76477668,13.15009273,1.25695126
7.95381914,12.89364742,1.57429484
7.96528276,12.93764640,1.30289373
9.04891728,12.74314091,1.63441682
9.06749068,12.77501873,1.36750333
10.03067456,12.67470626,1.72214738
10.05070640,12.69765647,1.46479570
9.07162479,33.52381454,1.22601945
7.95524510,33.88404837,1.12930297
9.04146356,33.52721450,1.02904342
7.92833559,33.89396357,0.94197541
6.88019941,34.26438284,1.09723675
6.85362702,34.28026255,0.91689849
5.79027740,34.67387168,1.13706334
5.76283419,34.69298915,0.96062352
10.74681195,12.99793339,1.84325851
10.76021952,13.01677261,1.59295195
11.42065946,13.38117104,1.98406033
11.42102591,13.39834767,1.74021769
12.08100007,13.83790480,2.12837057
12.06457928,13.85432759,1.88792377
12.77328941,14.35739553,2.26759552
12.73736304,14.37344585,2.02654054
13.21279437,14.87542851,2.33124650
13.16565869,14.88800390,2.08903632
13.69302868,15.42876175,2.38279948
13.63542206,15.43808860,2.13962404
14.24151359,16.01224684,2.42003683
14.17375479,16.01958182,2.17471828
14.87838795,16.63263036,2.44524816
14.80020475,16.63978199,2.19543672
13.13620730,31.89245464,1.65113264
11.95821699,32.24820714,1.51405583
13.09362441,31.90481184,1.41111115
11.91881011,32.25564030,1.28489779
10.90080391,32.65157082,1.38972490
10.86547088,32.65621534,1.17156454
9.94849788,33.08365095,1.29313009
9.91610980,33.08728870,1.08570726
15.01296538,17.75131914,2.38145964
14.92008631,17.75155655,2.12275306
15.25233930,18.95833339,2.34156267
15.14626758,18.95245898,2.07852335
15.60297291,20.25703985,2.33122862
15.48781722,20.24613031,2.06897973
16.06509964,21.65110971,2.35229232
15.94550533,21.63619686,2.09638385
15.60881420,23.02093268,2.30511021
15.50136602,23.00030014,2.04258928
15.27099325,24.45149256,2.26388010
15.17620955,24.42775902,1.99854528
14.97742449,25.92611265,2.19208716
14.89011374,25.90050299,1.92402771
14.67115883,27.41712481,2.04106628
14.58812394,27.39285532,1.77094806
14.32276031,28.55586408,2.02490997
14.24927399,28.53917339,1.75952614
13.94284228,29.68719347,1.93635329
13.87856649,29.68027711,1.67781940
13.53941152,30.79994242,1.80163503
13.48572083,30.80275404,1.55189284
1.18950056,14.03703501,0.98238899
2.50555033,13.96366886,0.94988994
3.96086750,13.75175577,0.93739449
5.49213661,13.41651514,0.96063072
4.58731161,35.16675297,0.88628738
3.27718178,35.18936422,1.03495665
1.88736306,35.23097861,1.14306314
0.49676632,35.24908223,1.21360690
6.76673449,13.19840472,0.97079152
7.97780702,12.97345172,1.00989505
9.08944967,12.79511994,1.07936734
10.07669227,12.70864692,1.19019819
9.01648626,33.53697788,0.83368597
7.90636899,33.91392249,0.75740328
6.82940729,34.30350672,0.73963996
5.73657360,34.71985514,0.78711160
10.78053425,13.02482003,1.33120248
11.42797459,13.41081340,1.48515064
12.05681123,13.86575889,1.63872302
12.70712203,14.38875321,1.77987269
13.12235543,14.90208420,1.84142452
13.58148662,15.44931325,1.88867087
14.10542332,16.03197753,1.92187896
14.72703532,16.65050825,1.94368638
13.05954392,31.92372982,1.17039299
11.88520990,32.26686424,1.05467848
10.83867948,32.66819706,0.95400653
9.89262477,33.09900430,0.87991572
14.83156669,17.75898377,1.85739325
15.03949689,18.95279307,1.80366221
15.36693738,20.24105054,1.79431128
15.82162319,21.62711001,1.82726799
15.39038446,22.98708479,1.76745714
15.07396557,24.40939188,1.72032964
14.79571175,25.87867561,1.64331439
14.50546040,27.37485338,1.49022532
14.17556257,28.52641954,1.48574869
13.81446652,29.67481001,1.41344723
13.43676977,30.80847836,1.29826531
0.31821775,16.50576818,-9.06343019
-0.57243300,16.41192051,-8.97551199
0.30888373,16.52046031,-8.82577970
-0.58008940,16.43007930,-8.73527696
-1.42819690,16.29897756,-8.89458084
-1.43608421,16.32081507,-8.65322078
-2.28720080,16.17682203,-8.83687241
-2.29693292,16.20077449,-8.59630935
-3.18493446,16.05203922,-8.81302008
-3.19723936,16.07404585,-8.57575059
1.26828678,16.63748105,-8.90520298
1.27997361,16.62387058,-9.14076005
2.33332054,16.68026447,-8.96813965
2.34654279,16.66745670,-9.20066226
3.53273634,16.60929754,-9.01580641
3.54409182,16.59839194,-9.24385400
4.87386460,16.41017106,-9.06107026
4.87749674,16.40230324,-9.28140812
-2.59119661,33.51696115,-10.96439344
-4.05199711,33.15511334,-10.83362715
-2.58294589,33.42368594,-10.65124211
-4.05083355,33.06742782,-10.52248019
-5.51246350,32.88685399,-10.76341268
-5.51997280,32.79672374,-10.45554261
-6.93820434,32.70489949,-10.72699532
-6.95515946,32.60868155,-10.42555530
-8.27089412,32.60447015,-10.71449091
-8.29376038,32.50351301,-10.42377497
-1.08445714,33.19008803,-10.75383768
-1.09813389,33.27743443,-11.06837232
0.33830457,33.04079277,-10.88520260
0.32470731,33.13197515,-11.19741799
1.70380311,32.95168114,-10.99026800
1.69480267,33.04954321,-11.29999836
3.01654864,32.91307211,-11.10725567
3.01719428,33.02135371,-11.41212608
-4.06647379,16.15078355,-8.81810297
-4.08047157,16.16787349,-8.58141033
-4.99255899,16.23690297,-8.84185389
-5.00825391,16.24564598,-8.60497927
-5.95075137,16.30340154,-8.87608172
-5.96866274,16.30211422,-8.63649445
-6.92706439,16.35290023,-8.91921186
-6.94871246,16.34131408,-8.67436404
6.11247691,16.36446317,-9.09601414
6.10522563,16.35987054,-9.30991447
7.35217443,16.34508334,-9.15388992
7.33329455,16.33995413,-9.36196070
8.53788685,16.35899868,-9.23333181
8.50866768,16.35063451,-9.43843875
9.61770010,16.37550384,-9.31497605
9.58146830,16.36493873,-9.52226909
-9.36148544,31.96075731,-10.60249452
-9.37886461,31.87455714,-10.32376577
-10.36867323,31.41038843,-10.53420925
-10.37572235,31.33524129,-10.27259106
-11.33146490,30.90455735,-10.49362847
-11.32688030,30.83763593,-10.24913906
-12.29725535,30.39787189,-10.45265457
-12.28138088,30.33794545,-10.22009404
4.21179970,32.20186159,-11.13237894
4.22099447,32.30072126,-11.43523434
5.38312771,31.45499693,-11.18245085
5.40182541,31.55286386,-11.48055679
6.58500147,30.62571449,-11.20264369
6.61114518,30.72900219,-11.49556104
7.93925446,29.80186792,-11.18864388
7.97219911,29.91620340,-11.47347732
-7.91058375,16.53206444,-8.98262155
-7.93867737,16.51002452,-8.73140398
-8.86931245,16.72969808,-9.04584785
-8.90633882,16.69766195,-8.79015551
-9.79059896,16.96226240,-9.10409605
-9.83773948,16.92265793,-8.84617502
-10.68421910,17.23112307,-9.17305976
-10.73794156,17.18917189,-8.91689868
10.50769396,16.50137502,-9.39410734
10.46775895,16.48965207,-9.61096294
11.29194184,16.67444217,-9.48979744
11.25459141,16.66021437,-9.72334778
12.02251274,16.92238997,-9.63361114
11.99765589,16.90519085,-9.89118026
12.77827754,17.26148050,-9.86025449
12.78202099,17.24780876,-10.14680500
-13.84087647,28.67136167,-10.31805702
-13.42136188,29.10402262,-10.34660213
-13.82321946,28.63994847,-10.09720581
-13.40251136,29.06641585,-10.12452534
-13.02820535,29.53481282,-10.38026206
-13.00947248,29.49046249,-10.15578112
-12.65553047,29.96560256,-10.41630284
-12.63782181,29.91383230,-10.18843108
11.09172696,28.04866005,-11.26681848
10.12068772,28.31825343,-11.18822511
11.15220872,28.17964761,-11.53234342
10.16199156,28.43347932,-11.45555957
9.28451268,28.72297187,-11.15984916
9.31631275,28.83224021,-11.43262666
8.56344531,29.22717680,-11.16595375
8.59398378,29.33770230,-11.44525984
-11.16175655,17.56766021,-9.21743455
-11.21725045,17.52400839,-8.96499940
-11.65323445,17.90970537,-9.26981641
-11.70667449,17.86502022,-9.02368106
-12.17237593,18.25477019,-9.32694754
-12.22075082,18.20910145,-9.08901788
-12.73608650,18.60034496,-9.38804001
-12.77729971,18.55344951,-9.15785658
13.15332022,17.61486093,-10.02516954
13.17670090,17.61193242,-10.32578765
13.59726316,18.01308613,-10.22913437
13.64635538,18.02838554,-10.53981339
14.14179186,18.47512142,-10.46894138
14.21990873,18.51528084,-10.78297193
14.81858844,19.02317029,-10.73365264
14.92503746,19.09267753,-11.04224411
-12.95767105,19.34553009,-9.42723897
-12.98681140,19.29975743,-9.20608774
-13.20847980,20.09028990,-9.47590198
-13.22345825,20.04568668,-9.26265568
-13.48943571,20.83766766,-9.53160632
-13.48927145,20.79483190,-9.32401994
-13.80085884,21.59079193,-9.59204456
-13.78536784,21.55005090,-9.38763504
14.76956301,19.68618516,-10.84687550
14.89120318,19.77470976,-11.15805162
14.76282713,20.38832452,-10.96996050
14.90035279,20.49672285,-11.28181323
14.79856751,21.13063365,-11.09880343
14.95187209,21.25947744,-11.40929177
14.87708317,21.91532017,-11.22966424
15.04570597,22.06504828,-11.53622617
-13.83693468,22.60187430,-9.67398661
-13.80981601,22.56426368,-9.47332878
-13.89092339,23.61488009,-9.76742395
-13.85429483,23.58064026,-9.56793790
-13.96125147,24.63355819,-9.86839691
-13.91843655,24.60200902,-9.66760392
-14.04304280,25.66090155,-9.97484099
-13.99835836,25.63115169,-9.77033831
14.38078917,22.69286006,-11.27090327
14.54321157,22.84790331,-11.58154851
13.89936675,23.49607609,-11.30017853
14.05299881,23.65302497,-11.61094099
13.42952880,24.33792103,-11.31871476
13.57312609,24.49543951,-11.62519686
12.97424715,25.23543713,-11.33035576
13.10756943,25.39422056,-11.62881409
-13.99173609,26.39971505,-10.04903631
-13.95207732,26.37138584,-9.84142868
-13.94317988,27.14560152,-10.13003460
-13.91005184,27.11779196,-9.91851128
-13.89396365,27.90160457,-10.21921835
-13.86826943,27.87286537,-10.00329999
12.45920813,25.83406953,-11.29036046
12.57031983,25.98034554,-11.58049256
11.96596024,26.49180056,-11.26181819
12.05634218,26.62821918,-11.54264417
11.50556979,27.22397130,-11.25149802
11.57865518,27.35518042,-11.52370793
3.03104030,32.86754728,-10.78229086
4.22166301,32.16198212,-10.81051663
5.38846526,31.41179263,-10.86593411
6.59096029,30.57597036,-10.89212084
7.94893243,29.74442882,-10.88827403
4.86877064,16.37664953,-8.84406108
6.11630983,16.33100986,-8.88610277
7.36643161,16.31648693,-8.94917594
8.56271100,16.33767342,-9.03080369
9.65100976,16.36004867,-9.11073269
11.07197336,27.97414088,-10.99207168
10.12464736,28.26157265,-10.91120001
9.29942023,28.67280821,-10.87542581
8.57881831,29.17523620,-10.87281943
12.78845863,17.27128659,-9.57772225
13.14739719,17.62202791,-9.72446537
13.56822972,18.01032577,-9.91277831
14.08364380,18.45245581,-10.14454977
14.73011279,18.97317369,-10.41165138
14.66633662,19.62042847,-10.52129827
14.64417212,20.30530901,-10.64223209
14.66421296,21.02984669,-10.77128332
14.72683363,21.79542341,-10.90408902
-12.83771440,18.49301646,-8.91414245
-13.03434208,19.24224810,-8.97304383
-13.25571159,19.99119395,-9.03956788
-13.50496308,20.74354460,-9.10868573
-13.78382427,21.50238697,-9.17688134
14.23938297,22.57266395,-10.94067732
13.76962032,23.37918379,-10.97009359
13.31319935,24.22545920,-10.99475457
12.87164609,25.12599109,-11.01636405
-13.79403598,22.52138605,-9.26752771
-13.82580163,23.54326328,-9.36397215
-13.88035304,24.56979075,-9.46272404
-13.95530574,25.60323944,-9.56184952
12.38252539,25.74034036,-10.98711370
11.91312111,26.41010160,-10.96974577
11.47233687,27.14912397,-10.96934813
-13.91255251,26.34731272,-9.62984617
-13.87555513,27.09619561,-9.70346376
-13.84020632,27.85243599,-9.78401686
-13.80259373,28.61871499,-9.87334047
-2.57273707,33.38953531,-10.32417801
-1.06533329,33.17037400,-10.42204967
0.36152444,33.02134399,-10.55291628
1.72556790,32.92388805,-10.65930911
0.30029778,16.50131183,-8.58315540
1.25819289,16.61340724,-8.66628084
2.32171719,16.65212656,-8.73403788
3.52192154,16.57780033,-8.78882055
-0.58830896,16.41738126,-8.48886319
-1.44584564,16.31387534,-8.40444963
-2.30944814,16.19719676,-8.34729550
-3.21230722,16.06958373,-8.32886484
-4.04860952,33.03301160,-10.19746271
-5.52482716,32.75516977,-10.13266915
-6.96666007,32.55564716,-10.10869110
-8.30885130,32.43896537,-10.12004269
-9.38654503,31.81971556,-10.03436637
-10.37304494,31.28543040,-10.00313829
-11.31355136,30.79044268,-9.99880808
-12.25844435,30.29388962,-9.98341603
-4.09695116,16.15940364,-8.33279614
-5.02585036,16.22955231,-8.35375609
-5.98809641,16.27643017,-8.37998493
-6.97190131,16.30543405,-8.41028367
10.54707650,16.49021938,-9.18170927
11.33218788,16.66915901,-9.26192478
12.05491718,16.92564546,-9.38231639
-7.96943313,16.46395711,-8.45817269
-8.94874355,16.64199666,-8.51020383
-9.89406674,16.86034550,-8.56314311
-10.80534654,17.12607805,-8.63677808
-11.28871477,17.46068121,-8.68972543
-11.77786964,17.80281083,-8.75752454
-12.28785391,18.14813302,-8.83408958
-13.37949424,29.04010692,-9.89936439
-12.98537248,29.45885051,-9.92799582
-12.61384986,29.87627995,-9.95673976
-1.01902233,35.69947379,-0.07686144
-2.28768470,35.45010009,-0.08909399
-1.22454504,36.12029171,-1.19543278
-2.55965327,35.88748615,-1.21079286
0.32313611,35.68327077,-0.08651880
0.15999188,36.07130488,-1.19881916
-3.51845862,35.17242400,-0.10163072
-3.87800779,35.65626561,-1.23166792
1.73328762,35.64128564,-0.11089165
1.58686405,36.04322147,-1.21409324
3.14692832,35.60339251,-0.16926021
3.02380788,36.04144102,-1.26008932
-4.72906767,34.86083406,-0.09742987
-5.18176646,35.39475040,-1.23744095
4.49922503,35.59767477,-0.27836842
4.43062627,36.06386921,-1.35975596
-5.92814461,34.50903273,-0.05696611
-6.46410913,35.07228756,-1.20353252
-6.98158279,33.64711098,0.05030518
-7.56125524,34.19201940,-1.11930546
5.70936223,35.12880113,-0.36648403
5.72026622,35.57036104,-1.45004120
-8.01952641,32.76970858,0.19706544
-8.61220934,33.28485871,-1.00705772
6.87584210,34.66404324,-0.42968335
6.97592104,35.05307601,-1.52647566
8.02960025,34.19850662,-0.45293441
8.22205078,34.51086688,-1.57548334
-9.05343003,31.90421842,0.37527275
-9.62738542,32.37861152,-0.87931350
9.20433986,33.72805804,-0.44450127
9.48749990,33.95220461,-1.60996840
-10.09783938,31.07572480,0.56476291
-10.62968628,31.49873950,-0.75039371
10.05433945,33.23495664,-0.46383027
10.33501834,33.40847111,-1.66218973
-10.82453984,30.37900875,0.63270476
-11.27508761,30.78410683,-0.71856747
10.94693221,32.74976057,-0.46510422
11.21654161,32.87508817,-1.69926518
-11.55638695,29.70578053,0.67986371
-11.93518028,30.09072657,-0.70156581
11.90518424,32.29771678,-0.44187742
12.14523135,32.37460334,-1.71154667
-12.30143370,29.05795362,0.70006426
-12.62243990,29.42066673,-0.70287960
-13.07568391,28.43853959,0.69389819
-13.35317777,28.77497966,-0.72147765
12.95572910,31.91380301,-0.39803949
13.13251924,31.94065296,-1.70015292
13.27931952,30.79219192,-0.35075677
13.44901306,30.80479060,-1.68372483
-13.17848908,27.33854204,0.64098943
-13.46826746,27.65671223,-0.77530140
-13.28465648,26.26150947,0.58170137
-13.59675831,26.55909646,-0.83013899
13.60178377,29.66470775,-0.31359860
13.75888409,29.66859122,-1.67447030
13.91042758,28.53302657,-0.30374120
14.05157955,28.53225330,-1.68087250
-13.39866070,25.20924174,0.51283654
-13.74103471,25.48222744,-0.88833910
-13.52547585,24.18263116,0.43119708
-13.90307850,24.42584076,-0.95191531
14.19449647,27.40528360,-0.33373371
14.31878371,27.40081559,-1.70758945
-1.46651520,36.34720312,-2.19896458
-2.86819650,36.10327656,-2.21096937
-0.02792936,36.29948627,-2.21085596
1.43458852,36.30912435,-2.25048661
-4.26244120,35.89669429,-2.23499528
2.91060580,36.35843856,-2.32267360
-5.63576575,35.65741891,-2.24678490
4.37810431,36.42281901,-2.43363962
-6.96741988,35.33810570,-2.22437757
-13.55186576,22.88524398,0.50256914
-13.95817731,23.07649023,-0.90145065
14.38666369,25.91548241,-0.24360874
14.47369334,25.89457927,-1.64817305
5.74914496,35.91279849,-2.52260185
-8.08320670,34.44544443,-2.15925191
14.56867964,24.45415960,-0.19534436
14.62417562,24.41206989,-1.60695783
-13.60013596,21.64515586,0.58003202
-14.03611909,21.76997639,-0.84825250
7.09071322,35.34261573,-2.59903607
-9.13177809,33.52713587,-2.08182393
-10.13103472,32.60430182,-2.00562661
8.42406416,34.71706920,-2.65704005
14.78605561,23.03728125,-0.15487088
14.81058724,22.97009053,-1.56190827
-13.67732074,20.45989929,0.68080033
-14.14049487,20.50714146,-0.78135618
9.78207639,34.06378980,-2.71491444
-11.12122640,31.69878731,-1.93879631
15.10745104,21.68146274,-0.08157047
15.08404426,21.58971811,-1.48989618
-13.78951578,19.32690923,0.81676206
-14.27455807,19.28876030,-0.69413185
10.62822748,33.46851923,-2.78163960
-11.71372182,30.98377581,-1.94482643
-13.30402635,18.42513669,0.80388831
-13.84927669,18.29979073,-0.68772922
14.72305781,20.28649518,-0.12902489
14.80799101,20.13771885,-1.50434192
11.50179007,32.88483492,-2.83917427
-12.32844138,30.28810509,-1.96184936
-12.88216889,17.55254235,0.80551008
-13.47473438,17.31956643,-0.66492519
14.48392405,18.97741030,-0.11127697
14.66088259,18.75599333,-1.47335256
12.40328926,32.33249114,-2.87692093
-12.97658064,29.61480256,-1.99066401
-12.51966187,16.70553453,0.83648085
-13.14838352,16.34979511,-0.61887672
14.36414577,17.76840979,-0.03011493
14.61327022,17.47059390,-1.40141577
-13.66863532,28.96404715,-2.03148534
13.32989788,31.84456942,-2.89490816
-12.21113978,15.88584366,0.90153200
-12.86532882,15.39913718,-0.54967042
14.33491998,16.66706802,0.10294125
14.63324005,16.30080071,-1.29696270
13.62978414,30.69506515,-2.89174376
-13.78721530,27.85219150,-2.07417711
-11.62482524,15.57481442,0.85980234
-12.24469789,14.97150856,-0.53540347
13.84438245,15.99036416,0.08491745
14.22657868,15.50765976,-1.30652700
13.44238499,15.35540375,0.05948534
13.88726780,14.77237445,-1.31842789
-11.09114712,15.27728709,0.83382263
-11.66251949,14.57342434,-0.51676919
-10.59009770,14.99286277,0.81070063
-11.10410768,14.21289261,-0.50488379
13.09475739,14.75880737,0.01923620
13.58469719,14.09102956,-1.33876841
12.77971377,14.19724395,-0.03746649
13.29798016,13.45954304,-1.37028723
-10.10548596,14.71945038,0.77923033
-10.55688582,13.88964158,-0.50940960
-13.92219770,26.76134266,-2.11826135
13.91381059,29.55113966,-2.89529991
12.24358935,13.58360477,-0.19933114
12.75206841,12.76468533,-1.47956582
-9.34895019,14.49412032,0.67975958
-9.68360270,13.65165062,-0.57591327
11.68424450,13.05775351,-0.37326393
12.13149523,12.20484045,-1.60785308
-8.57625750,14.27356496,0.54771217
-8.80655498,13.46746479,-0.70404190
11.04664215,12.63883559,-0.54356210
11.37762006,11.80550916,-1.75322629
-7.79198437,14.05367005,0.39317721
-7.93370204,13.32260764,-0.88581117
-14.07406971,25.69034019,-2.16489120
14.17339610,28.41381697,-2.90929695
10.28769115,12.33970839,-0.69856149
10.45516261,11.57387889,-1.90874355
-7.01059307,13.83043918,0.22403753
-7.08369568,13.19675367,-1.08802247
5.35334946,13.40495549,-0.84067749
6.66754497,13.11650890,-0.90252879
5.14823093,12.88988334,-2.05000913
6.46697050,12.58077596,-2.12089760
-3.86161014,13.98370449,-0.23502885
-2.99018310,14.13245583,-0.34496195
-3.88570699,13.61837752,-1.51509114
-3.01731530,13.79210620,-1.58476841
-4.61872949,13.96208913,-0.14647872
-4.64162469,13.56875858,-1.44997409
3.81756754,13.81957368,-0.77979619
3.65526241,13.33831368,-1.96277362
-5.39108031,13.92372746,-0.04041253
-5.41639109,13.47557567,-1.36343510
7.95594910,12.80062316,-0.91325029
7.80791253,12.21713041,-2.13791286
2.36971325,14.11313061,-0.71032053
2.26439589,13.65646445,-1.87560339
-2.09660418,14.24634201,-0.43771447
-2.11957610,13.90316366,-1.64463890
9.18445937,12.51330000,-0.84450658
9.16346305,11.84950664,-2.06492466
-6.18726398,13.87764220,0.08271692
-6.22628567,13.34753090,-1.24614814
-1.14909250,14.31469363,-0.51758032
-1.16847206,13.94718918,-1.69937526
1.05677716,14.27218728,-0.64754582
1.00073394,13.84073639,-1.80728347
-0.11125996,14.33415896,-0.59147567
-0.13783616,13.92742917,-1.75485163
14.40529452,27.28843713,-2.93458000
-14.24441994,24.63808081,-2.21555596
-0.23175265,36.40923843,-3.21617999
-1.72885328,36.43208058,-3.19351553
-3.19194119,36.15388702,-3.20018153
14.54256650,25.78515373,-2.87196271
-14.33079081,23.27717245,-2.16796088
-4.64505080,35.93693180,-3.22816137
1.27452523,36.47068955,-3.28034377
-6.06067541,35.67561828,-3.25119991
2.79436242,36.57152035,-3.37703240
-14.44216028,21.94595762,-2.12246428
14.68899796,24.30791521,-2.81220506
4.32026906,36.66325786,-3.50060761
-7.40749451,35.32945671,-3.25655046
5.76673137,36.11465389,-3.59195675
-8.51702804,34.42052849,-3.22220584
-14.58167914,20.64396836,-2.07268219
14.88554815,22.87299946,-2.74107830
-9.54431090,33.49827128,-3.19300719
7.18331786,35.46600858,-3.67337321
-14.75098875,19.37144939,-2.01370440
15.17634202,21.49752748,-2.64636190
8.59084898,34.73342008,-3.74350326
-10.52119039,32.57662052,-3.17660384
14.97819838,20.04865788,-2.62680937
-14.38249294,18.34048150,-1.99404847
10.03012779,33.96817325,-3.82711864
-11.50076442,31.67435861,-3.17457592
-12.04663619,30.98735040,-3.21054087
10.86059600,33.31989164,-3.90886667
14.90244189,18.65710266,-2.58134436
-14.05367005,17.29777541,-1.96489206
11.71045170,32.68871716,-3.99009043
-12.61916070,30.31946804,-3.25379096
14.92085753,17.34631679,-2.51349393
-13.76444333,16.24134479,-1.92293956
12.57007184,32.09233453,-4.05907625
-13.22764283,29.67262400,-3.30362839
-13.51101666,15.17790257,-1.86775231
15.00146933,16.13474254,-2.42886388
-13.87948409,29.04551055,-3.36005630
13.42969452,31.56256778,-4.11395032
14.61656365,15.27181694,-2.43823401
-12.86504376,14.62364641,-1.82539090
14.28566164,14.47936719,-2.45372829
-12.24404837,14.08752201,-1.78713698
-13.99663563,27.96923265,-3.38382479
13.70443605,30.41629421,-4.11927992
-11.63347447,13.59207862,-1.76168650
13.97902893,13.75570984,-2.47981944
13.67690814,13.09697440,-2.51916710
-11.02444447,13.15322698,-1.75914722
-10.02168229,12.83327904,-1.81712862
13.05626634,12.39747071,-2.63720811
13.95837274,29.28634482,-4.13016997
-14.13197116,26.91232533,-3.41069281
12.34115942,11.86894042,-2.77623390
-9.02319007,12.65678596,-1.93844514
-8.04207627,12.59266292,-2.09497945
11.47786721,11.52440528,-2.93102709
10.43894246,11.35140329,-3.09370298
-7.10421232,12.56845660,-2.24805822
-14.28609416,25.87286353,-3.44072814
14.18831964,28.17483657,-4.14740736
-4.57550214,13.08517836,-2.47366229
-3.81413900,13.13662917,-2.51950638
3.53109301,12.96123803,-3.05538776
4.98540997,12.53967374,-3.17693550
6.30328963,12.27855446,-3.26101451
-2.94989809,13.33054434,-2.57150091
7.66342066,11.96089485,-3.28949481
-5.36279683,12.97094419,-2.41984860
9.06303024,11.62916802,-3.23248142
-6.19850065,12.79649785,-2.34859820
-2.05728158,13.45055719,-2.62926057
2.19612255,13.24949354,-2.93921653
0.98796226,13.40815092,-2.84538630
-1.11702312,13.49679988,-2.69476598
-0.10932399,13.47632941,-2.76949526
-14.45989524,24.84950827,-3.47414472
14.39653210,27.08760952,-4.16952979
-14.56904774,23.50745364,-3.41752085
14.52324186,25.63280931,-4.10108439
-14.70526667,22.18541626,-3.36677785
14.67141334,24.21452774,-4.02639100
-0.43725880,36.32827197,-4.26879850
-1.98701211,36.32633243,-4.23310192
-3.49572541,35.99265676,-4.23312717
-4.98117714,35.72485037,-4.26515357
1.10758192,36.41822984,-4.35759560
14.87876810,22.84428596,-3.93747685
-14.86914635,20.88148520,-3.32187634
-6.40822539,35.40675069,-4.30661587
2.65770420,36.52443685,-4.48147641
-7.74245734,35.02644466,-4.35820137
4.21472418,36.59195083,-4.63258340
5.70051511,35.97485784,-4.74292168
-8.83181160,34.11760428,-4.37131889
15.18314137,21.53155363,-3.83045329
-15.06009774,19.59487410,-3.28189290
7.15546310,35.23496819,-4.83994269
-9.83377717,33.22048901,-4.40838187
15.03544543,20.16390860,-3.78064694
-14.75213947,18.56722666,-3.24570862
-10.79208209,32.34112566,-4.46669569
8.60785000,34.39709588,-4.92275938
14.99530874,18.84615870,-3.72607073
-14.47226755,17.52217211,-3.21007907
-11.76519526,31.49024268,-4.53856478
10.10981939,33.53589038,-5.03699938
10.91345545,32.85859628,-5.13924198
-12.26709356,30.85810903,-4.59957270
-14.22085777,16.45231348,-3.17755743
15.04154259,17.59251922,-3.66915562
-12.79639855,30.24208505,-4.66090866
11.73620924,32.20935643,-5.25048528
-13.99689375,15.35875003,-3.15051267
15.14753095,16.41459725,-3.61377637
-13.36052696,29.64214456,-4.72050560
12.56350346,31.60191998,-5.35448170
14.75247656,15.55131427,-3.62207251
-13.35488905,14.74521132,-3.09572664
-12.73034451,14.12718165,-3.05824393
14.40831015,14.76384528,-3.64115450
-13.96637590,29.05665704,-4.77851777
13.38161622,31.06120112,-5.44516180
-12.10383059,13.53399351,-3.04348901
14.08532520,14.05126937,-3.67277104
-11.46394686,12.99530719,-3.05366656
13.76446862,13.41037338,-3.71765347
-14.07861801,28.03580105,-4.78201830
13.65010801,29.94974243,-5.44656681
-10.35660534,12.57758126,-3.10234782
13.08444307,12.74951419,-3.83047722
12.31038603,12.26926024,-3.96161216
-9.24129874,12.37636725,-3.18577407
13.89814520,28.86686766,-5.45311325
-14.20922638,27.03049253,-4.79084024
-8.15031241,12.35788551,-3.27874890
11.39376734,11.96099700,-4.10314743
-7.12478754,12.40331038,-3.36847872
10.31646402,11.78612894,-4.24723254
8.94997632,11.96173222,-4.35601993
-6.16940203,12.66843319,-3.41783730
7.56193900,12.17189100,-4.40629388
-5.30283940,12.86203076,-3.45999006
-4.49595021,12.98049304,-3.50078090
6.20247728,12.38332711,-4.38479077
-3.72138522,13.02551377,-3.54638014
4.88704674,12.56544168,-4.30167350
3.46111996,12.94075180,-4.15443760
-2.85538914,13.22906337,-3.59338090
2.16974314,13.19421370,-4.02122224
-1.96625308,13.35212820,-3.65631276
-1.03775065,13.39796749,-3.73487163
1.00738005,13.32702736,-3.91513529
-0.05323302,13.37709208,-3.82577217
-14.35911113,26.03902964,-4.80335945
14.12572151,27.81511582,-5.46543445
-14.52938488,25.05997034,-4.81827715
14.33802103,26.79868371,-5.48304440
14.48209880,25.43843527,-5.41421819
-14.65307450,23.75794565,-4.74727745
14.64861419,24.12687250,-5.33942587
-14.80545181,22.47093568,-4.67879574
14.86854766,22.87057106,-5.25151010
-14.98176691,21.19603932,-4.61875194
-2.20872409,35.84277415,-5.42533461
-3.73016049,35.44782365,-5.40972002
-0.62884524,35.83936565,-5.48005465
-15.17819204,19.93281999,-4.57120740
15.17265458,21.67160649,-5.14990591
0.92916848,35.89062247,-5.60298426
-5.21100367,35.10967813,-5.43818356
-6.62035474,34.73934719,-5.50086165
2.46381193,35.92195943,-5.77229614
-7.92424915,34.35127340,-5.60665662
3.97573626,35.89546424,-5.97561637
-14.92192539,18.94526631,-4.50118447
15.04554336,20.44837111,-5.07499166
-8.98800030,33.48774549,-5.67304696
5.40419499,35.18990214,-6.12146480
6.81096326,34.37207560,-6.23603385
-9.96223036,32.66954096,-5.78242504
15.00628820,19.27038129,-5.00846736
-14.67995333,17.94882406,-4.43131314
8.25382979,33.46635837,-6.31401444
-10.89465730,31.88999257,-5.91975670
-14.45308079,16.93331930,-4.37297107
15.04485634,18.14225445,-4.95283813
9.80060623,32.57519747,-6.43877433
-11.84616049,31.14428787,-6.06211223
10.57682933,31.92260517,-6.55115044
-12.29580048,30.58498251,-6.13512533
15.14219678,17.06761543,-4.91205375
-14.24200448,15.89239269,-4.33843936
11.37450600,31.30955211,-6.68027241
-12.77240983,30.03552983,-6.20007392
14.72070841,16.25438264,-4.90193383
-13.61176270,15.30971579,-4.24011195
14.35558771,15.51278590,-4.90978586
-12.99750505,14.70483142,-4.18023358
-13.28430243,29.49544114,-6.25534255
12.17291073,30.73880530,-6.80064369
14.01713288,14.84238249,-4.93296618
-12.37800556,14.10677967,-4.16337887
-11.73592909,13.55027412,-4.18400186
13.68586830,14.24056431,-4.97067844
-13.83917613,28.96378091,-6.30117243
12.95388192,30.22331210,-6.89293198
12.97699807,13.61974963,-5.05683154
-10.57557723,13.09859510,-4.23141356
-9.39130950,12.87335620,-4.29557970
12.18373731,13.17167980,-5.15584764
-13.94051377,28.01446104,-6.28456468
13.22579033,29.18431304,-6.87107904
-8.23613124,12.84260487,-4.34900420
11.25873464,12.87188808,-5.25610966
-7.15672779,12.88581182,-4.39795920
10.18841070,12.67229161,-5.35208986
13.48330908,28.18572521,-6.85950118
-14.05800537,27.07595419,-6.27475259
-6.16367671,13.12077507,-4.41580405
8.86851277,12.73814094,-5.41334934
-5.26333530,13.28805841,-4.44090115
7.51386222,12.82261138,-5.45132542
6.16616241,12.92134675,-5.43615588
-4.42737705,13.38012770,-4.47596416
4.85388104,13.02551983,-5.35281854
-3.62887327,13.39801284,-4.52454947
-2.75221093,13.58551522,-4.56622489
3.44475192,13.34802548,-5.18295619
2.18192104,13.56629206,-5.03427385
-1.86288762,13.69463367,-4.63165596
1.05188009,13.67451755,-4.91793707
-0.94472627,13.73164392,-4.71831512
0.01945513,13.70819600,-4.81962934
13.72821443,27.22671891,-6.86142455
-14.19346945,26.14729641,-6.26910907
-14.34912280,25.22789565,-6.26524787
13.96795969,26.30910330,-6.87610273
-14.46869137,23.98808069,-6.18829390
14.17450653,25.08124039,-6.83189303
14.40311910,23.90891987,-6.79321134
-14.62120708,22.76092172,-6.10651844
14.67456265,22.79592991,-6.74960208
-14.79459976,21.54501822,-6.02820142
15.00948581,21.74144852,-6.69574125
-14.97971717,20.33978151,-5.96006677
14.91487600,20.70586440,-6.62190925
-14.76233906,19.41793841,-5.85847171
-2.37616146,34.64586747,-7.24419222
-3.87591267,34.25915945,-7.16826360
-0.80796837,34.55492169,-7.32257299
0.70332974,34.49673016,-7.46412462
-5.33394703,33.91622234,-7.14729024
-6.73076296,33.57615388,-7.20377534
2.14268837,34.43671745,-7.62972524
-14.55214249,18.50084759,-5.74687093
14.88330042,19.71365593,-6.55621367
-8.02570554,33.26925455,-7.34642683
3.51888906,34.35428600,-7.81567379
4.80106610,33.64570992,-7.92911027
-9.06675816,32.52961242,-7.43320767
-10.01230479,31.86053197,-7.58803393
6.09400183,32.85160202,-8.02795214
-14.34568816,17.57861042,-5.64218793
14.91312570,18.76488638,-6.50200665
7.48948660,31.97561162,-8.08491512
-10.91398945,31.23726356,-7.76549180
-14.14180424,16.64112847,-5.56516609
14.99438392,17.85486673,-6.46429196
-11.83782750,30.63829714,-7.91324898
9.03978275,31.12951843,-8.18149671
9.76262035,30.53963723,-8.27745984
-12.23457261,30.16576870,-7.96590868
14.55020853,17.13741891,-6.41705365
-13.53317240,16.15401095,-5.39699746
14.17032788,16.47730845,-6.39522322
-12.93522932,15.64157269,-5.27863047
-12.65733372,29.69754048,-8.00441613
10.50979248,30.00012447,-8.39600044
13.82538687,15.87597401,-6.39336107
-12.33241705,15.12296464,-5.21852084
-11.70999472,14.62812223,-5.21141735
13.49541184,15.33290354,-6.40854546
-13.11430275,29.23206277,-8.02984034
11.27063427,29.51147268,-8.51276729
-10.56738702,14.22308144,-5.21882282
12.78302454,14.76258524,-6.44449731
11.99773985,14.35317955,-6.48661531
-9.39875872,13.99184857,-5.25277315
12.04122020,29.08268475,-8.60386164
-13.61306182,28.76837850,-8.04413857
11.09690395,14.07641473,-6.51769650
-8.25491383,13.90598215,-5.28590877
-7.17457965,13.88202382,-5.32177002
10.06528318,13.88325085,-6.53412369
12.34269683,28.16479121,-8.56454810
-13.68292346,27.92102824,-8.00602104
-6.16991934,14.03173583,-5.33513019
8.81533783,13.88373217,-6.52094346
-5.24297826,14.13292465,-5.35574082
7.50589412,13.88610956,-6.51121646
6.17663658,13.91357134,-6.46813996
-4.37533225,14.17319442,-5.38574318
-3.54713483,14.15188391,-5.43083862
4.86840169,13.97255931,-6.36257923
3.46863230,14.23303739,-6.15974524
-2.65383249,14.31226906,-5.46314838
2.22382933,14.39271461,-5.98181553
-1.76082661,14.40987313,-5.52562369
-0.84948484,14.45164877,-5.61518306
1.11419885,14.45251747,-5.84096898
-13.76384310,27.08015728,-7.97388710
12.64516210,27.29530918,-8.53826632
0.10038421,14.44729272,-5.72628608
12.95049518,26.46965270,-8.52460034
-13.85914350,26.24520367,-7.94436176
13.26286625,25.68551833,-8.52340860
-13.97165332,25.41570445,-7.91408212
-14.01996869,24.27597815,-7.82513614
13.55534931,24.61881096,-8.47140944
-14.10761832,23.14436771,-7.71992669
13.87112874,23.60629702,-8.43746098
14.22178725,22.64945999,-8.41944548
-14.22303227,22.01992729,-7.60711241
-14.35393323,20.90275769,-7.49659073
14.61902771,21.74669961,-8.40879665
-14.13819859,20.05778124,-7.38193993
14.56073540,20.89955862,-8.33308547
14.55122896,20.09410236,-8.26691748
-13.94260664,19.21902615,-7.25001726
14.58972256,19.32992634,-8.20953860
-13.76004716,18.38123565,-7.11389043
14.67261834,18.60306783,-8.16347836
-13.58256229,17.54055833,-6.99356081
-13.03695470,17.12022370,-6.77660150
14.19417641,18.01905431,-8.06289919
13.79972823,17.48051149,-7.99426603
-12.49991551,16.69676224,-6.58875051
-11.95384265,16.27781261,-6.45539134
13.45571212,16.98521372,-7.94858230
13.13843401,16.53218271,-7.92035689
-11.38917845,15.87611375,-6.38467491
12.44778722,16.04731315,-7.88418150
-10.33400061,15.55759156,-6.31916114
-9.24984092,15.34257537,-6.32072203
11.70843234,15.69515678,-7.86216642
10.87403219,15.45396143,-7.83587152
-8.17378986,15.20874062,-6.35150374
9.91624871,15.27994152,-7.79400987
-7.13170969,15.11215799,-6.40130009
8.75111750,15.24333548,-7.72593192
-6.13801500,15.17003037,-6.43805362
7.49089798,15.20739480,-7.65548316
-5.19202774,15.20182437,-6.47235620
6.18667595,15.21293866,-7.57734028
-4.28904044,15.19601766,-6.50436866
4.89190450,15.26885108,-7.47822264
-3.42334394,15.15242216,-6.54773636
-2.51073369,15.30447785,-6.58041257
3.50589128,15.50468578,-7.31459859
-1.61579919,15.42319389,-6.65412057
2.28119828,15.62559577,-7.16286709
-0.71743410,15.51088558,-6.76345502
1.19630444,15.63353439,-7.02436465
0.20927257,15.56597494,-6.89580235
-0.91928143,35.44456180,0.57062265
-2.15916034,35.17726952,0.57178102
0.40535053,35.45703418,0.54353043
1.80879067,35.42072364,0.49636814
-3.35022793,34.87224710,0.57920615
3.21266546,35.37398618,0.41296104
-4.51552896,34.53370219,0.60942051
-5.67217722,34.16630745,0.67255102
4.54178175,35.35665405,0.28451943
5.71691217,34.89900110,0.19261737
-6.70559768,33.32467203,0.80141953
6.84118475,34.45934038,0.13829149
-7.74472918,32.48079392,0.95686442
-8.80013299,31.65703858,1.13252044
7.95038541,34.03262453,0.13619113
9.08568263,33.60931338,0.17914894
-9.88048777,30.87241821,1.31189644
9.94443403,33.14510552,0.19157376
-10.66007140,30.18772648,1.37672801
-11.44012261,29.52506540,1.42351403
10.85873554,32.68824464,0.22628641
11.85653533,32.26365206,0.28575185
-12.22518852,28.88696875,1.44544241
12.96832040,31.90372187,0.36333020
-13.02946833,28.27852324,1.44202079
-13.13836283,27.18128924,1.40010390
13.31593661,30.78659459,0.44854618
13.66434368,29.65717883,0.52318350
-13.24350892,26.10914553,1.35036019
13.99785521,28.51850294,0.56271401
-13.34927549,25.06541570,1.28890900
-13.45993289,24.05241369,1.21186234
14.30147140,27.38120626,0.54755283
14.54314531,25.88806540,0.67987259
-13.48371525,22.78774653,1.30496879
-13.52929994,21.58280493,1.40727028
14.77077292,24.42492806,0.75204590
15.03358231,23.00986810,0.80343416
-13.60813628,20.43112039,1.53698373
15.40835760,21.65801552,0.87795763
-13.73028845,19.32375911,1.70357806
-13.21341923,18.44737224,1.70435628
14.97387621,20.28240075,0.83632226
14.68375480,19.00070514,0.85428141
-12.76253106,17.60391302,1.71286698
-12.37603083,16.78351654,1.74303916
14.52015988,17.81652186,0.93071047
-12.05043908,15.98098439,1.79830054
14.45793940,16.72665510,1.04968335
13.90015528,16.09204205,1.03697348
-11.45767671,15.70193331,1.73596835
-10.92484198,15.42625687,1.68904766
13.43774985,15.49483975,1.01232615
-10.43004745,15.15367173,1.64706093
13.03640901,14.93309666,0.96998207
12.67450526,14.40470747,0.90842178
-9.95561574,14.88356104,1.60004402
12.08814382,13.84605561,0.74111961
-9.22783548,14.65126400,1.48280545
11.50628073,13.35977350,0.55049167
-8.48610713,14.40490271,1.33545007
-7.73099744,14.14505411,1.16617754
10.88099164,12.95645348,0.35624991
-6.97122301,13.87666144,0.98949615
10.17008697,12.64523759,0.18013504
-3.79856250,13.88007049,0.56823862
-4.56620242,13.88325381,0.64516249
5.43619776,13.50959109,0.00155940
3.89190948,13.88234561,0.03712348
6.73804745,13.26021363,-0.04324904
-2.91987826,14.01672283,0.46449204
2.43046873,14.13627862,0.09366023
-2.02925150,14.13727220,0.37406914
-1.09018791,14.22859253,0.29242252
1.10888784,14.25635871,0.15454701
-0.05984989,14.28504042,0.21287605
-5.34987597,13.87960990,0.73909421
7.98881769,12.99510498,-0.04079698
-6.15250027,13.87656845,0.85205686
9.14728797,12.76826449,0.03121492
-2.48850634,33.82087168,-8.80177181
-3.97724834,33.47206556,-8.67930547
-0.94530930,33.67532305,-8.88969753
-5.44294142,33.17310506,-8.61628699
0.51970101,33.57711450,-9.02281758
1.90925823,33.50545864,-9.14380764
-6.86332402,32.90074355,-8.63135084
-8.18739037,32.67997019,-8.72678087
3.23110344,33.42947838,-9.28333433
-9.23348308,32.02781418,-8.73909427
4.45348750,32.74209761,-9.33034314
5.67180694,31.97768841,-9.39930873
-10.19106437,31.44466369,-8.81980857
6.97181498,31.13189554,-9.44488324
-11.10722989,30.90341655,-8.91761846
8.42904627,30.29592430,-9.50178361
-12.03486390,30.37726789,-8.98281240
9.09820173,29.71348188,-9.54842158
-12.40537103,29.94617009,-8.99271061
-12.79654976,29.51656152,-8.99369060
9.81296914,29.17947169,-9.61923193
-13.21588280,29.08642632,-8.98806652
10.57540177,28.70411021,-9.70939508
11.39819839,28.30940042,-9.81263047
-13.67085462,28.65449378,-8.97785637
11.75685509,27.45974191,-9.77882859
-13.71603171,27.86247297,-8.91626743
12.13079167,26.67001078,-9.76016574
-13.76685371,27.07573349,-8.86207650
12.51753740,25.93124694,-9.75346316
-13.82704018,26.29321177,-8.81265461
-13.90041555,25.51410836,-8.76490008
12.91731018,25.23702090,-9.75928867
-13.88026468,24.43615135,-8.67537822
13.29207810,24.27867206,-9.70214733
-13.89441052,23.36459516,-8.57416592
13.68403077,23.36989861,-9.65756055
14.10017193,22.50654782,-9.62945651
-13.93812601,22.29836354,-8.46481741
-14.00366350,21.23677612,-8.35322771
14.54908372,21.68530387,-9.61158353
-13.75978428,20.44173116,-8.25986275
14.49477853,20.92034585,-9.48323271
14.48606834,20.19419545,-9.36789942
-13.54380775,19.65316854,-8.15416345
-13.35037209,18.86695907,-8.04371163
14.52198301,19.50559090,-9.26674245
-13.17267047,18.07900185,-7.94122448
14.60063471,18.85163309,-9.18110249
14.06168572,18.34689633,-8.97979734
-12.63978541,17.69721244,-7.78694327
-12.13135326,17.31088447,-7.63811288
13.63008228,17.88488828,-8.83420416
13.26671849,17.45634344,-8.73060077
-11.62560868,16.92897630,-7.51621046
12.94306616,17.05860686,-8.65787106
-11.10862800,16.56351290,-7.43784562
12.25101754,16.63630312,-8.56792128
-10.13102904,16.27642108,-7.35228517
11.53275144,16.32262616,-8.51560535
-9.11748031,16.06829380,-7.32788730
10.73214323,16.10462869,-8.47464658
-8.08968495,15.91769881,-7.32608889
-7.06837969,15.79385255,-7.33947106
9.81128893,15.94506907,-8.42470874
8.68567466,15.90396839,-8.35078069
-6.07624178,15.81229334,-7.35399183
-5.11662110,15.80991627,-7.36511787
7.45245064,15.86284473,-8.26904192
6.16789360,15.86521021,-8.19274160
-4.19370961,15.77718987,-7.37324629
-3.31178737,15.71544902,-7.39351705
4.88946056,15.91504477,-8.12053393
3.51758289,16.13275265,-8.01401661
-2.39813335,15.85712590,-7.41845983
2.30469906,16.23353175,-7.91471015
-1.51571146,15.97663995,-7.48692985
-0.63816153,16.07219915,-7.58869650
1.23368983,16.22328017,-7.81313844
0.26583147,16.13861439,-7.70637807
