1.20923925,13.27688095,2.77029790
-1.07727748,13.23477120,2.87437084
1.20579414,13.31413140,2.90086722
-1.07627618,13.26542601,3.00510466
-2.97142148,13.19377504,2.98608291
-2.96651161,13.22281218,3.11700685
-4.53457345,13.18981787,3.03178196
-4.52886525,13.21915237,3.16149997
-5.85040943,13.27071467,3.03704817
-5.84585824,13.30345448,3.16466734
-6.34174946,33.38876440,0.38383497
-4.92495313,33.71081376,0.52449902
-6.37838933,33.46078926,0.52733249
-4.95726399,33.78317885,0.66778685
-3.46365274,34.08744519,0.64011956
-3.49227001,34.16201741,0.78221743
-1.92520066,34.45749096,0.74276564
-1.95005189,34.53152706,0.88424748
-0.24869464,34.78861336,0.85119780
-0.27072371,34.86379773,0.99119070
-6.83511634,13.57000806,2.98772711
-6.82980031,13.60310815,3.11331275
-7.73753988,13.87579051,2.95253505
-7.73026103,13.90835503,3.07623643
-8.62075182,14.16836729,2.92279958
-8.61080853,14.19859294,3.04477745
-9.50379932,14.44627476,2.88610609
-9.49230041,14.46997970,3.00677614
-11.25165174,31.22329049,-0.17744631
-10.10305977,31.71720622,-0.07080390
-11.30321250,31.30022187,-0.04211903
-10.15132675,31.79216261,0.06736950
-8.89764832,32.21584969,0.09182570
-8.94292718,32.29024274,0.23278366
-7.64041587,32.75378030,0.25917582
-7.68152160,32.82632874,0.40079136
-10.32715267,14.84476555,2.77512301
-10.31337405,14.86680622,2.89504264
-11.14643813,15.21260687,2.64383471
-11.13068303,15.23459598,2.76412962
-11.94994585,15.59267228,2.48775278
-11.93256196,15.61350817,2.60909035
-12.72511381,15.97177053,2.31514140
-12.70824562,15.98994486,2.43810996
-13.21953990,16.35658247,2.15300529
-13.20276416,16.37564734,2.27703612
-13.70234393,16.76905505,1.98997647
-13.68702884,16.78565100,2.11613824
-14.16749654,17.18456430,1.83541796
-14.15422664,17.19825946,1.96353233
-14.63874707,17.62606313,1.67716125
-14.62896206,17.63993934,1.80739994
-14.36705242,29.21167352,-0.28096437
-13.61958811,29.70099578,-0.28131571
-14.42484808,29.27774641,-0.15071736
-13.67440185,29.77051200,-0.14977967
-12.86313898,30.21250411,-0.27187362
-12.91728104,30.28657871,-0.14034445
-12.07269906,30.72281664,-0.24354963
-12.12572018,30.79896027,-0.10993897
-14.90906807,18.50857849,1.42419655
-14.90979769,18.53217265,1.55089909
-15.18388702,19.40472961,1.19826006
-15.19730840,19.43300072,1.32271420
-15.45451215,20.33077872,0.98733166
-15.47895387,20.36398565,1.10993652
-15.73301916,21.29118789,0.79271036
-15.76873453,21.32835269,0.91666431
-15.59710195,22.32306969,0.53218829
-15.63591054,22.36802053,0.65527641
-15.47782353,23.37831407,0.30652250
-15.52336212,23.42992674,0.42914480
-15.34196652,24.45553042,0.10586556
-15.39551998,24.51417373,0.22775165
-15.18679073,25.56395068,-0.08822248
-15.24531615,25.62644229,0.03402442
-15.00416871,26.45000270,-0.13591087
-15.06465688,26.51422971,-0.01188183
-14.80291901,27.35173421,-0.17709516
-14.86604525,27.41854577,-0.05168749
-14.58645566,28.27099496,-0.22794174
-14.64744961,28.33725215,-0.10033045
1.21885031,13.22301894,2.64550239
-1.07515769,13.18209122,2.74906204
-2.97583424,13.13887430,2.86356411
-4.54469909,13.13844976,2.91012535
-5.86493417,13.21926297,2.91891023
-6.30454656,33.31924615,0.24677638
-4.89204846,33.63857969,0.38500332
-3.43450823,34.01303511,0.50139596
-1.89926782,34.38340491,0.60402745
-0.22554002,34.71378853,0.71337375
-6.84430331,13.51069678,2.87370561
-7.74557124,13.81628288,2.84159349
-8.63078818,14.11057608,2.81292753
-9.51689072,14.38427872,2.77344009
-11.20254203,31.14908865,-0.30753698
-10.05508642,31.64077932,-0.20030485
-8.85330164,32.14304122,-0.04520415
-7.60017372,32.68648726,0.12280384
-10.34287247,14.78304020,2.66514556
-11.16290690,15.16468850,2.53450223
-11.96707302,15.54077428,2.37944937
-12.73999778,15.92867132,2.20318705
-13.23542762,16.31839101,2.04064301
-13.71405312,16.72520175,1.87729260
-14.18032412,17.14762453,1.71739628
-14.63897003,17.58223822,1.56511440
-14.29794618,29.12810927,-0.40323556
-13.56518484,29.62783156,-0.40626134
-12.80657184,30.13430217,-0.39832893
-12.01975394,30.64206010,-0.36966595
-14.90585646,18.45818839,1.31365035
-15.16881251,19.36086121,1.07699988
-15.42775739,20.29152666,0.86146701
-15.68802172,21.24526003,0.67009506
-15.55916278,22.27020455,0.41922725
-15.42585636,23.31877906,0.19188268
-15.28344082,24.39515042,-0.01409417
-15.12647973,25.49860707,-0.20627559
-14.93734601,26.38104107,-0.25230335
-14.73438650,27.28102190,-0.29956232
-14.52002924,28.19719523,-0.35015967
3.70811638,13.45363077,2.98000086
3.71577540,13.40663340,2.84655051
6.20270420,13.48242274,2.95132092
6.21582533,13.42089737,2.81855091
8.62451322,13.44652587,2.88326181
8.64309432,13.36791952,2.76005258
10.79437954,13.47426264,3.05665839
10.81844935,13.38012521,2.94437722
6.76279712,34.66300321,0.87937468
5.24464444,34.80950151,1.02655948
6.76732621,34.58243709,0.74282228
5.25471790,34.72763176,0.88732745
3.51506895,34.95968589,1.15273295
3.53119547,34.87770680,1.01310271
1.60352726,34.97629447,1.13913901
1.62332089,34.89848316,0.99971351
12.39603524,13.68936885,3.17649683
12.42863586,13.59130376,3.06772368
13.74997643,13.97054554,3.22417746
13.78803160,13.87550317,3.11371212
14.87496310,14.32476628,3.18235446
14.91331011,14.23788429,3.06798223
15.83720909,14.70767746,3.10086518
15.87108850,14.63301954,2.98302955
12.39065809,33.33654711,0.77221265
10.99785550,33.59939940,0.81623221
12.37429963,33.25070237,0.65274615
10.98697982,33.51704215,0.69123143
9.60511668,33.88174112,0.84178156
9.59906191,33.80033703,0.71182615
8.18998577,34.21485228,0.84698536
8.18903868,34.13427896,0.71435867
16.62286708,15.17733560,2.95842322
16.65224486,15.11117190,2.83785700
17.39360684,15.62618792,2.81828681
17.42131478,15.56622196,2.69591906
18.20972014,16.10763399,2.69039697
18.24041172,16.05439250,2.56713251
19.10147490,16.62808700,2.57972161
19.13581259,16.58119886,2.45639051
19.67280337,17.09961112,2.48085903
19.70977596,17.05629022,2.35713900
20.23986284,17.61674625,2.38223844
20.27831602,17.57948292,2.25781462
20.79205437,18.16106941,2.28723604
20.83282206,18.13075859,2.16263573
21.36507981,18.75633041,2.18183523
21.40975220,18.72934809,2.05668595
17.30068774,31.62984089,0.65785859
15.90190379,32.08934416,0.64944479
17.25449534,31.54950234,0.54812442
15.86836994,32.00995315,0.53743859
14.65888573,32.56640798,0.66544391
14.63233748,32.48355812,0.55246438
13.49624427,32.98412585,0.70741677
13.47535450,32.89900208,0.59142306
21.54266817,19.67093922,2.05641990
21.57588984,19.63594692,1.93321413
21.75742305,20.63441141,1.94795105
21.77556223,20.59373945,1.82772337
22.00250091,21.65645005,1.83019815
22.00701984,21.60878234,1.71481930
22.30737010,22.75750890,1.70476123
22.29650777,22.70250023,1.59271993
21.74519167,23.76908630,1.51560589
21.72277697,23.70825654,1.40645072
21.17449857,24.89913377,1.30816017
21.13736200,24.83162611,1.20269130
20.56083632,26.11869705,1.09091482
20.50899113,26.04278724,0.98973167
19.91399738,27.41358323,0.86790336
19.85346851,27.33389015,0.76858068
19.26653758,28.44329215,0.79309720
19.20562931,28.36117427,0.69201816
18.60979575,29.49152192,0.74043095
18.54755136,29.40652614,0.63667776
17.94380692,30.55091981,0.69823244
17.88822461,30.46796332,0.59122192
3.73613853,13.33936409,2.72268109
6.24805253,13.33640210,2.69706059
8.68207672,13.27242406,2.64994424
10.86516359,13.27225406,2.84535452
6.77061210,34.50379044,0.61276143
5.26362461,34.64581782,0.75256929
3.54678587,34.79471432,0.87644999
1.64356054,34.82008917,0.86225563
12.47277310,13.47339433,2.97100851
13.82864930,13.76254548,3.01494934
14.94932660,14.13461996,2.96637863
15.90376481,14.53242516,2.87489600
12.36057637,33.16812396,0.53650375
10.97693174,33.43272332,0.57324718
9.59457739,33.71953008,0.58546063
8.18855189,34.05905000,0.58635721
16.68322447,15.01831125,2.72501271
17.44907404,15.49344238,2.58173738
18.27119794,15.98481685,2.45642138
19.16778668,16.52094123,2.34205672
19.74627577,17.00559706,2.24257072
20.31544680,17.52660837,2.14356730
20.87541463,18.08642392,2.04453803
21.44255303,18.67814439,1.94434186
17.18917539,31.44750371,0.44446283
15.83392107,31.92565866,0.43117686
14.60385520,32.39661423,0.44337945
13.45565246,32.80751039,0.48159607
21.60781064,19.58239363,1.82313035
21.79150192,20.54209619,1.71029820
22.00636998,21.55835032,1.59907694
22.26378195,22.63481399,1.48398146
21.69730720,23.64345007,1.30423259
21.08425292,24.75653954,1.10452062
20.44362687,25.96820830,0.89046418
19.78835855,27.25381452,0.67220184
19.13050995,28.27416433,0.59680651
18.47286931,29.31736246,0.53535500
17.82288829,30.37704779,0.48832152
3.16126668,14.84282087,-6.81120792
1.55165934,14.77128809,-6.98194964
3.14326620,14.84062106,-6.71055011
1.53394620,14.77422655,-6.87908827
0.00879011,14.72277079,-7.01167688
-0.00814405,14.72765865,-6.90745426
-1.43655570,14.74750523,-7.04387707
-1.45308433,14.74997560,-6.94073672
-2.77087436,14.82005065,-7.06232594
-2.78940224,14.81380122,-6.96224466
4.72445278,14.98787495,-6.42984479
4.74099117,14.99570881,-6.52903638
6.20762572,15.14635346,-6.17490310
6.22135447,15.16181936,-6.27226499
7.56276626,15.28719695,-6.00476406
7.57197897,15.31210808,-6.10043977
8.79996822,15.36479514,-5.85894265
8.80193988,15.40380002,-5.95374331
2.02370102,34.93221156,-11.67999308
0.63760275,34.56640450,-11.72683270
2.02211889,34.90482871,-11.56566221
0.63654642,34.53586848,-11.61253324
-0.71032697,34.31350398,-11.81332225
-0.71010876,34.27992043,-11.69839981
-1.99104431,34.07900488,-11.91357779
-1.98909189,34.04525084,-11.79899222
-3.23046540,33.89491611,-12.03609176
-3.22486507,33.86136941,-11.92073178
3.48250731,34.80130396,-11.36506037
3.48500664,34.83145744,-11.47856522
4.98006553,34.80405534,-11.22952381
4.98450374,34.83703478,-11.34243311
6.45541313,34.80291990,-11.07592400
6.46273949,34.83662987,-11.18739629
7.90788374,34.86566749,-10.92275272
7.92018455,34.90033619,-11.03255300
-3.86804387,15.08542175,-7.10274013
-3.88976373,15.07314361,-7.00484884
-4.88039128,15.34535250,-7.17899584
-4.90501840,15.32958322,-7.08207399
-5.82792543,15.60891848,-7.30120550
-5.85510780,15.59226310,-7.20363140
-6.74316201,15.88050945,-7.47951300
-6.77254570,15.86466895,-7.37961291
9.79756481,15.61914589,-5.75365469
9.79302912,15.66891555,-5.85163542
10.78861815,15.85176920,-5.71044744
10.77863833,15.91062910,-5.81306783
11.83891041,16.08134727,-5.75526120
11.82586246,16.14944386,-5.86275728
13.00986653,16.37203742,-5.90980952
12.99832012,16.45045681,-6.02097138
-4.41252800,33.32467816,-12.04917592
-4.40082505,33.28363216,-11.93173301
-5.52896061,32.86840535,-12.08435669
-5.51323380,32.82532234,-11.96440398
-6.52211268,32.35646395,-12.09105791
-6.50450925,32.31433522,-11.96958610
-7.68586724,31.80773029,-12.12134849
-7.65893852,31.76055554,-11.99814846
9.41558407,34.60407813,-10.68273825
9.43615308,34.64641541,-10.79183694
10.89385354,34.46502902,-10.52347383
10.92132045,34.50972941,-10.63271061
12.25650116,34.27809754,-10.37018600
12.28757536,34.32254168,-10.47959062
13.71942341,34.14220728,-10.14199494
13.75599408,34.19355870,-10.25171306
-7.62629562,16.26224989,-7.75591704
-7.65727308,16.25052699,-7.65033494
-8.49211796,16.65623836,-8.09942970
-8.52287074,16.64830721,-7.98582312
-9.33072460,17.03927182,-8.50651242
-9.35757460,17.03257754,-8.38424568
-10.16018138,17.40124076,-8.96513179
-10.18039542,17.39150281,-8.83661045
14.31950868,16.97927940,-6.19403307
14.31471824,17.06870711,-6.30579619
15.76875186,17.81760380,-6.47894444
15.76819663,17.91607722,-6.58802834
17.15125218,18.85389937,-6.70917166
17.15059666,18.95412607,-6.81988476
18.40169186,19.85737112,-6.93738311
18.39771143,19.95240913,-7.04952399
-10.66710646,29.37223108,-12.09434641
-9.79528977,29.96816364,-12.09553887
-10.65920571,29.31507744,-11.97814340
-9.77807097,29.91797890,-11.97853056
-8.99134130,30.62357943,-12.09503369
-8.96692637,30.57721483,-11.97553697
-8.28669364,31.25416035,-12.10389007
-8.25913012,31.20770777,-11.98238871
16.80515664,32.52081605,-9.39779272
15.97453415,32.97062434,-9.57437380
16.81875080,32.56705560,-9.50090413
15.99701896,33.01445036,-9.67939500
15.18545026,33.41956550,-9.76335993
15.21505560,33.46459885,-9.87054336
14.43243785,33.81700151,-9.95914084
14.46720423,33.86602664,-10.06769650
-10.55596895,17.72012802,-9.24898206
-10.57400459,17.70684677,-9.11733829
-10.95873525,18.05589581,-9.52986502
-10.97578303,18.03644567,-9.39627732
-11.38222283,18.42394397,-9.80664599
-11.39708464,18.39522275,-9.67201491
-11.85106131,18.84531530,-10.08544068
-11.86239711,18.80424048,-9.94994604
18.93773524,20.49639785,-7.06914669
18.93047020,20.58680932,-7.18178988
19.45649065,21.07965184,-7.17759270
19.44546448,21.16655731,-7.28893255
19.98814897,21.62431578,-7.26243926
19.97421512,21.71030696,-7.37091222
20.58340285,22.14483687,-7.33692137
20.56874028,22.23172004,-7.44255295
-11.92327914,19.50142152,-10.29153266
-11.92367941,19.45220391,-10.14917296
-12.03544687,20.22924536,-10.52196019
-12.02656847,20.16928387,-10.37558483
-12.16548373,20.99781164,-10.75569642
-12.14895212,20.92904050,-10.60892297
-12.31181269,21.77664080,-10.97501598
-12.28663803,21.69956875,-10.83018993
20.48930508,22.98713647,-7.38655913
20.48893033,23.07060819,-7.49857428
20.44385976,23.84304700,-7.48080263
20.45532119,23.92271676,-7.59801417
20.42051324,24.67453239,-7.61415651
20.44105085,24.74825358,-7.73378125
20.41505878,25.45362388,-7.76867952
20.44568410,25.52180553,-7.88826113
-12.21102739,22.67158059,-11.16580583
-12.18328665,22.58776019,-11.02359035
-12.12780170,23.56733453,-11.33813363
-12.09834551,23.47396403,-11.19893689
-12.02651813,24.49974224,-11.49871479
-11.99790713,24.39634661,-11.36185306
-11.88764805,25.55662038,-11.65943755
-11.86003599,25.44399821,-11.52678928
20.01643992,26.37164927,-7.97831645
20.04992844,26.43710678,-8.09709727
19.66025638,27.22532756,-8.19305877
19.69365166,27.29317506,-8.30970922
19.28735001,28.07603033,-8.40928499
19.31690183,28.15045376,-8.52319736
18.85050001,29.02415481,-8.63380431
18.87500996,29.10691155,-8.74303539
-11.63306618,26.40575077,-11.76228846
-11.61019548,26.29378947,-11.63431597
-11.35446814,27.37334781,-11.87433532
-11.33627006,27.27301185,-11.75157321
-11.03357720,28.38315342,-11.98935519
-11.02140846,28.30446573,-11.87076910
18.35932680,29.80085304,-8.80853459
18.37784310,29.88580151,-8.91405278
17.84769618,30.68723671,-8.99402517
17.86269473,30.76528242,-9.09672681
17.32574932,31.61576383,-9.19220950
17.33937009,31.67810191,-9.29428903
7.93841359,34.80235647,-10.82521225
9.39363632,34.56306522,-10.58863295
10.84676626,34.38291349,-10.41916468
12.27294620,34.23115897,-10.26997429
13.65478426,34.10321341,-10.05867327
8.77027758,15.38285285,-5.80563752
9.77058388,15.60526131,-5.69001660
10.75733716,15.81674492,-5.63705833
11.78733801,16.03766548,-5.67393260
12.91589253,16.32218093,-5.82115823
16.84415605,32.46040853,-9.31989208
16.00813602,32.93791688,-9.48585143
15.20581286,33.37008463,-9.66422498
14.42368390,33.75510205,-9.85846460
18.30797658,19.73860983,-6.83995228
18.88332665,20.38516262,-6.96639529
19.41710872,20.97238121,-7.07417419
19.92155397,21.51679181,-7.16162872
20.41134366,22.02812762,-7.23836147
20.39045414,22.91964301,-7.28666250
20.36261455,23.78123631,-7.37777401
20.33066842,24.61441551,-7.50866471
20.29597666,25.42085952,-7.67116272
-11.74517359,18.72541646,-9.79194009
-11.86062391,19.40545311,-10.00881845
-11.97455303,20.11630952,-10.23589721
-12.08950610,20.86270314,-10.46818358
-12.20881886,21.64423803,-10.69916864
19.94057909,26.29289818,-7.86789430
19.58181606,27.14172536,-8.08802927
19.22100075,27.97920591,-8.30996714
18.86180952,28.81837169,-8.51709753
-12.12351290,22.48684740,-10.88397031
-12.03117281,23.36062297,-11.06412557
-11.93320195,24.26379601,-11.23456469
-11.83203813,25.19315052,-11.39341564
18.32017895,29.69231006,-8.71800866
17.79942739,30.59012687,-8.90822962
17.30609930,31.51372138,-9.10382646
-11.56010349,26.15509909,-11.52052085
-11.27654073,27.15432625,-11.64323247
-10.98773985,28.18518091,-11.76763028
-10.70163306,29.23889297,-11.90030705
2.02308317,34.83329543,-11.45918912
3.49191365,34.77495965,-11.26750404
4.97450401,34.75206306,-11.12711311
6.45759100,34.74403428,-10.97557087
3.12418395,14.88823147,-6.64521117
4.69567854,15.02496277,-6.36534869
6.18278709,15.17266790,-6.10977820
7.54247429,15.30730306,-5.94197465
1.52720594,14.81916871,-6.80983576
-0.01391842,14.76697110,-6.83726717
-1.45847093,14.78579498,-6.87379124
-2.77928252,14.84635281,-6.90557566
0.62407590,34.50817649,-11.51604299
-0.70567653,34.22594103,-11.59533618
-1.99270719,33.98335113,-11.69870635
-3.24934212,33.79086044,-11.82721628
-4.38652564,33.24411431,-11.83031331
-5.47782991,32.74665004,-11.84777177
-6.52454518,32.25870237,-11.86530783
-7.60976119,31.73478317,-11.89618864
-3.87737035,15.08087990,-6.93950104
-4.88791515,15.32142354,-7.01037993
-5.82634188,15.57799859,-7.12678339
-6.72143765,15.85023588,-7.29865506
14.18421568,16.91482530,-6.09684376
15.61961202,17.72844179,-6.38867143
17.03570127,18.74258312,-6.61897905
-7.59328155,16.24247058,-7.56054453
-8.45575965,16.64455920,-7.88663611
-9.30455594,17.02498089,-8.27182797
-10.13190274,17.37052060,-8.71058788
-10.54824897,17.68076527,-8.98642147
-10.95559465,18.00361492,-9.26172134
-11.35434316,18.34950691,-9.53117068
-9.82630708,29.86707336,-11.89061086
-8.99627330,30.51267421,-11.87692411
-8.25438890,31.14062203,-11.87585114
10.89109625,12.71112926,2.07069478
8.73818768,12.67904374,1.89567010
10.83492374,12.12077845,1.19856917
8.75045181,12.14074481,1.02705884
-5.59979743,12.44854955,1.14171067
-4.18735955,12.32065839,1.16654199
-5.78284542,12.93702472,2.08225365
-4.42640801,12.77224066,2.10914380
12.54253830,12.88717109,2.20565306
12.48827030,12.28899063,1.31791797
-6.69189662,12.67115744,1.10053486
-6.79732166,13.20029752,2.04301048
-7.71201432,12.90940350,1.06121228
-7.73503275,13.48168473,2.01444804
13.93379301,13.19190566,2.23765075
13.91259648,12.62099267,1.33081010
6.36038998,12.71715570,1.94866361
6.45821759,12.20380166,1.02302899
-2.56014781,12.23661416,1.15481865
-2.82486944,12.67455327,2.09965733
15.04187357,13.67561374,2.13864192
15.05048845,13.16180418,1.21325921
-8.70427233,13.21939262,0.98909731
-8.64786618,13.83252061,1.96158220
-0.64938933,12.27184743,1.05766811
-0.91364018,12.70479199,1.99219986
3.86650350,12.77973662,1.96472324
4.02844160,12.29133920,1.01479374
15.97534551,14.18523305,2.00882316
16.02227855,13.74178772,1.07108072
-9.69796189,13.52626152,0.90029746
-9.56125482,14.16730328,1.89715106
16.76277735,14.72335047,1.85804852
16.86572485,14.36267229,0.91482870
-10.66323988,13.90239960,0.76472003
-10.43783045,14.55247651,1.79279456
1.58949420,12.28751082,0.97156400
1.36615767,12.73215891,1.89302953
17.55768938,15.24692799,1.72593209
17.73935746,14.98497180,0.78433382
-11.62072803,14.28551859,0.60061235
-11.31176260,14.92194446,1.66588289
-12.50395769,14.73500397,0.39003189
-12.14594568,15.33432257,1.49811672
18.40900021,15.81810872,1.60889851
18.67773457,15.67067819,0.66855262
19.33551796,16.43512891,1.50269228
19.66073408,16.40491750,0.55369885
-13.29309166,15.22173388,0.14689060
-12.92782329,15.76876766,1.30587861
19.97369254,16.92589613,1.41777498
20.30039065,16.96022487,0.46424562
-13.77327103,15.61636432,-0.03334518
-13.43210784,16.12552445,1.15136085
20.59495877,17.44860959,1.32735757
20.91477743,17.52800372,0.36295668
-14.22131299,16.02189333,-0.21858382
-13.90781738,16.50131447,0.99301363
-14.60278590,16.53397652,-0.43190955
-14.32439845,16.99199104,0.81594783
21.10838550,18.06899837,1.22355963
21.41567971,18.17713331,0.23431295
-14.97238190,17.05531949,-0.64277647
-14.72702456,17.49778477,0.64367163
21.62718326,18.71376442,1.11779202
21.91647878,18.83896342,0.10340066
21.98802370,19.67603173,0.98422499
22.23277806,19.81821677,-0.06104836
-15.26360938,17.94316555,-0.93398987
-15.07288204,18.36509964,0.39428697
22.39265530,20.69003528,0.86806956
22.57803308,20.84305028,-0.20551518
-15.55911766,18.86343292,-1.21600414
-15.41058540,19.26238214,0.15808798
22.36038240,21.65507732,0.77254789
22.49237893,21.81762630,-0.30980652
-15.61319217,19.85111683,-1.43624012
-15.51212524,20.20709458,-0.06089661
22.32792936,22.67732741,0.66566130
22.40333066,22.83992769,-0.42289512
-15.67763637,20.86140523,-1.64560196
-15.61576352,21.17547078,-0.26840327
-15.53807971,21.96206143,-1.86041926
-15.51743533,22.21754823,-0.52775317
21.82049244,23.73882604,0.47945663
21.87870258,23.91010760,-0.57830732
-15.40117242,23.08070458,-2.05897216
-15.41354068,23.28579829,-0.76768507
21.27712262,24.89250866,0.27553941
21.32867395,25.05349405,-0.74387850
12.59122896,33.43869354,-0.36993816
13.70565750,33.10885308,-0.39866145
12.97815406,33.53688953,-1.71943249
14.07705670,33.20267782,-1.68417210
11.17956804,33.70449931,-0.35596182
11.53113260,33.82350726,-1.76727059
-9.89733620,31.97849073,-2.71348316
-11.09889939,31.42605659,-2.74860321
-10.04093553,31.85800074,-1.22696962
-11.20643974,31.34753197,-1.30807453
-11.93603441,30.92343136,-2.75979672
-12.03824302,30.85910132,-1.34902332
9.77558677,33.99061989,-0.36485282
10.09270689,34.12540260,-1.82635882
-8.64307504,32.54158733,-2.64499387
-8.81827316,32.37968707,-1.09705855
14.87088900,32.72729715,-0.40667284
15.20796171,32.82194573,-1.63063292
-12.74414062,30.42090762,-2.75782636
-12.83730182,30.36960683,-1.36317572
0.36606503,34.88363368,-2.12405400
-1.33808126,34.66278297,-2.20414699
-0.03333675,34.83765502,-0.36914585
-1.72378187,34.58038273,-0.49005607
1.82231843,34.98065785,-0.24185729
2.14335892,34.97328978,-2.00952843
8.34149777,34.21561988,-0.37713608
8.62441362,34.35570536,-1.89436724
-7.30532819,33.03314388,-2.56071973
-7.51702793,32.84051830,-0.93638385
16.02892398,32.10198205,-0.38881383
16.30785209,32.20064145,-1.55433955
-13.43730260,29.75465621,-2.74531950
-13.52695176,29.72477582,-1.36358560
-2.95236837,34.41854333,-2.29290402
-3.28481391,34.28908960,-0.60173920
3.68901497,35.00924843,-0.23211138
3.91666444,35.01029318,-1.95752009
5.37805886,34.76289700,-0.29714829
5.58179507,34.81853436,-1.95391808
-4.46805755,33.98177403,-2.38854216
-4.75518971,33.81257444,-0.69604571
6.89469750,34.53603206,-0.37574402
7.13918747,34.65642387,-1.96291538
-5.92756157,33.58515618,-2.50112698
-6.17665555,33.38412920,-0.81473992
17.29050834,31.46388152,-0.35118618
17.49238975,31.56407745,-1.46826955
-14.11911657,29.09859979,-2.73503416
-14.19591371,29.08898783,-1.36006089
-15.23117206,24.20145335,-2.23775171
-15.27040635,24.36992835,-0.95477104
20.64298235,26.09934980,0.09133328
20.70451896,26.23689431,-0.91157443
18.05234133,30.44934443,-0.31267697
18.21710665,30.55003709,-1.36187104
-14.42292006,28.16019221,-2.65109212
-14.49267408,28.18376004,-1.32605637
-15.06283816,25.33347562,-2.40932354
-15.11745755,25.47690162,-1.12874847
20.00166478,27.36873032,-0.09340677
20.08181907,27.46789014,-1.08204844
18.83539912,29.45170892,-0.27651101
18.96618932,29.54885059,-1.26541746
-14.72617888,27.23679256,-2.56894319
-14.78288934,27.29413930,-1.29365552
19.41721131,28.40035714,-0.19204209
19.51961949,28.49862417,-1.17666165
-14.89521563,26.28079875,-2.48870936
-14.95508151,26.37908405,-1.21137795
10.69455646,11.77276602,0.33276471
8.71084930,11.85040028,0.16810838
12.30527244,11.90521805,0.42068462
-6.53002058,12.18262355,0.11805758
-5.36206058,12.02021817,0.18243025
-3.89603038,11.94248198,0.19298070
6.53719915,11.93627035,0.10240587
-2.24556638,11.89805698,0.16341559
-0.34740466,11.98664186,0.09330534
4.19838201,12.03374049,0.06670481
-7.63427532,12.35105114,0.04214048
13.75070432,12.20618659,0.41229927
-8.70464537,12.60487025,-0.06778098
14.94474300,12.74019131,0.28679616
1.83709221,12.03726647,0.04012865
15.99734239,13.33767960,0.13090402
-9.77649002,12.86821526,-0.20356192
16.93858752,14.01926285,-0.03126226
-10.82451089,13.23168602,-0.39276011
17.92061348,14.73917236,-0.15770339
-11.85273172,13.61968626,-0.61777231
-12.77058576,14.08832359,-0.89155447
18.94751612,15.55663913,-0.26323559
-13.57434868,14.58781485,-1.19648566
19.96991270,16.41726087,-0.37525176
-14.05807462,14.97309167,-1.42610495
20.60655310,17.03084069,-0.48187837
21.21382555,17.63374254,-0.60783740
-14.51711698,15.36219623,-1.65606941
21.69139908,18.30724684,-0.75221494
-14.89527126,15.87816190,-1.88586066
22.16201594,18.98624125,-0.89799732
-15.27066773,16.40644496,-2.10988507
22.41441593,19.99016502,-1.07689445
-15.52680976,17.35148798,-2.39072642
22.68161583,21.03061847,-1.24011999
-15.79819054,18.34348392,-2.66085681
22.53537249,22.02481509,-1.35620182
-15.78755212,19.43232379,-2.85010236
22.38529784,23.05298770,-1.47664330
-15.79510833,20.53579523,-3.03275076
21.85281132,24.13280721,-1.58803706
-15.58154140,21.74371988,-3.17471767
-15.39475599,22.93790034,-3.31808381
21.30798439,25.26457655,-1.71059959
-15.19267475,24.10861376,-3.45386009
20.70536377,26.42152982,-1.83834020
-15.00973121,25.27026835,-3.59659526
20.11325527,27.61382088,-1.98037835
-14.83897268,26.26265900,-3.71218155
19.58362803,28.64982458,-2.10362991
-14.67358549,27.26177232,-3.83260977
19.06793555,29.70212512,-2.23369205
-14.35448697,28.22402579,-3.95119638
18.36046604,30.70628151,-2.38217382
-11.77649147,31.05728806,-4.15475971
-12.61257620,30.55151138,-4.13541119
-13.32671772,29.86952129,-4.10170780
15.53826823,32.96242996,-2.80941000
16.57717790,32.34858962,-2.67896307
14.44476141,33.33599416,-2.91991179
-14.03843263,29.19953375,-4.07788369
17.67818054,31.71659006,-2.55079224
-10.92063484,31.56444698,-4.16813318
13.36608521,33.67023788,-3.01823439
-9.67017428,32.14523696,-4.18397158
11.89027493,33.97344226,-3.15196731
-8.38078185,32.73506473,-4.17839254
10.42255418,34.28373987,-3.27942011
-7.01182515,33.23841484,-4.15196403
8.92092450,34.50968188,-3.40388238
-5.60666172,33.78659630,-4.13902232
7.40280329,34.79052939,-3.53720317
-2.58853218,34.55577115,-3.97221761
-4.12495283,34.15378236,-4.04779477
-0.95684083,34.75181682,-3.89602099
2.45121266,35.00495009,-3.72935382
4.16434610,35.06064204,-3.65210309
5.81584453,34.90825397,-3.59026811
0.73280993,34.94333047,-3.84002233
11.94367061,11.86819825,-0.82833504
10.42997093,11.77466948,-0.89207354
-6.21066547,11.96161335,-1.35047759
-4.98622918,11.83202728,-1.25171159
8.59608268,11.89693619,-1.03201413
-3.49281473,11.80533314,-1.22193140
-1.83173775,11.81835445,-1.24125121
6.59589441,11.99174367,-1.14385584
0.05146469,11.97429892,-1.26878172
4.40442638,12.08745692,-1.22582842
-7.37345834,12.09152731,-1.48431297
13.37148893,12.09861044,-0.86058031
2.16404183,12.07433206,-1.27451181
-8.48807888,12.32385827,-1.65285016
14.62543475,12.54853774,-1.01773981
-9.59693841,12.56561131,-1.85355278
15.78667889,13.07023505,-1.24419914
-10.68509270,12.90851003,-2.11135971
16.86970026,13.73906053,-1.45733311
17.99886375,14.51861925,-1.56691993
-11.76004897,13.25847889,-2.39635019
19.13116106,15.47966261,-1.58456032
-12.72622694,13.69182551,-2.69722560
-13.59251473,14.15679238,-2.99656065
20.20394511,16.48262858,-1.61341817
20.83664304,17.15273805,-1.68346826
-14.10643145,14.52941458,-3.19313896
21.43404209,17.78768012,-1.78953181
-14.59966282,14.91039740,-3.38322449
21.88118776,18.48889873,-1.91344712
-14.99077536,15.44717535,-3.55533886
22.31312511,19.18636283,-2.04398277
-15.38050325,16.00229710,-3.72628384
22.48773057,20.22189335,-2.20891852
-15.59052713,17.03998624,-3.93551463
22.66931206,21.27668684,-2.36403504
-15.82066521,18.12314118,-4.14181637
22.46497087,22.28364454,-2.42570985
-15.74886532,19.30829619,-4.22759155
22.26686728,23.30568586,-2.49269018
-15.70938017,20.47923288,-4.32318134
-15.45331442,21.74132782,-4.41365563
21.73621468,24.39460498,-2.55866567
-15.24262678,22.95996807,-4.52480978
21.20665600,25.51376290,-2.64607435
20.63471740,26.64459724,-2.75310767
-15.02846557,24.13659580,-4.64553333
20.08021204,27.79766122,-2.89046739
-14.84248449,25.29399128,-4.78454649
19.58153964,28.82808330,-3.01846116
-14.67768427,26.31233254,-4.89567139
-14.52289784,27.33675962,-5.01618707
19.09883406,29.87252471,-3.16543195
-14.19283619,28.31338037,-5.11656817
18.42088227,30.86470648,-3.32532065
-13.86736712,29.30222496,-5.23059975
17.76224761,31.86036603,-3.50700358
16.71880744,32.48364307,-3.65917078
-13.13126436,29.97029491,-5.26175499
-12.39725554,30.65279152,-5.30662726
15.72029574,33.08548272,-3.81630420
-11.53975656,31.14858145,-5.31579616
14.65204074,33.44164646,-3.93988152
-10.67336131,31.64769732,-5.32113302
13.59088430,33.76280239,-4.05427841
-9.38958368,32.23510950,-5.34501749
12.10015171,34.06145254,-4.22449384
-8.08244604,32.83088322,-5.35211374
10.61888760,34.36339716,-4.37606830
-6.70842103,33.32960472,-5.32346305
9.10270141,34.57466571,-4.50931237
-5.30520920,33.86761687,-5.30417102
7.57256245,34.83817977,-4.65563847
-2.30332876,34.60126507,-5.16034986
-3.83025352,34.21825172,-5.22351047
-0.68501019,34.77263637,-5.08666010
2.66555192,35.00653970,-4.92329755
4.34764617,35.07207331,-4.83531879
5.98406055,34.93551672,-4.74230793
0.97959898,34.95462356,-5.03283750
-5.79778440,12.35466702,-2.90425496
-4.58337021,12.18761172,-2.78519156
-3.10767354,12.14317598,-2.72973832
10.12377653,12.29107903,-2.11160548
8.42957324,12.36391351,-2.25025107
11.53214682,12.39139035,-2.04386443
-1.45586237,12.14587293,-2.71936903
6.59252559,12.38908905,-2.39227107
4.55628432,12.44123059,-2.52873732
0.40356317,12.29423157,-2.69444799
12.89093426,12.56594350,-2.08655693
-6.94296313,12.52106921,-3.07764336
2.44246683,12.40360836,-2.64382870
-8.03270494,12.79114311,-3.28880788
14.14025016,12.90734605,-2.27623464
15.34941546,13.29256779,-2.59329607
-9.10870810,13.06744863,-3.53867222
16.53568129,13.87066098,-2.88039893
-10.16321104,13.42627716,-3.83040197
17.79481395,14.63844572,-2.99131185
-11.21818535,13.74999189,-4.13065455
19.04229507,15.66223685,-2.94396815
-12.19864738,14.12717263,-4.41400399
-13.11189455,14.51723843,-4.67242577
20.19313971,16.73132811,-2.90618504
-13.64964094,14.84589830,-4.83011821
20.83761969,17.42213823,-2.94814916
-14.17049584,15.18478789,-4.98540846
21.43686295,18.06401868,-3.03712498
21.86586194,18.77437726,-3.12877627
-14.58523222,15.69365239,-5.10771035
-14.99625871,16.22637825,-5.23569485
22.27285793,19.47286661,-3.23152114
22.38578345,20.52700069,-3.34303280
-15.18502163,17.28538268,-5.37749055
22.50644761,21.58075282,-3.45109369
-15.39389476,18.37931422,-5.52168975
22.26752809,22.59274423,-3.45032583
-15.32259831,19.55051724,-5.53715427
22.04320577,23.60249133,-3.46700358
-15.28644230,20.69118186,-5.57566711
21.52452289,24.69380513,-3.49739073
-15.04239274,21.91804409,-5.63631343
-14.84514518,23.09423390,-5.73037096
21.01833034,25.79454712,-3.56681855
-14.64824055,24.22774521,-5.83389409
20.48259079,26.89130168,-3.66578790
-14.47710352,25.34456799,-5.96214805
19.96745586,27.99675963,-3.81074005
-14.32758203,26.36388977,-6.06930573
19.49623913,29.01284807,-3.95876373
-14.18667625,27.39118915,-6.18840105
19.03924925,30.04080976,-4.13012279
-13.85159342,28.36170279,-6.28091888
18.38040949,31.01477061,-4.31057765
-13.51767735,29.34537485,-6.38981304
17.73457247,31.98987335,-4.50531785
-12.77127920,30.00115431,-6.41945548
16.73351905,32.60039719,-4.66637552
-12.02737947,30.67526963,-6.46310555
15.76895399,33.18664541,-4.82854231
-11.15575882,31.15832100,-6.46965762
14.73122238,33.52172677,-4.96036936
-10.28411354,31.64803986,-6.47337174
13.70037280,33.82239552,-5.08669686
12.21537095,34.10266101,-5.25982868
-8.98445309,32.24049092,-6.47583857
-7.68289432,32.84011851,-6.46400141
10.73903865,34.38745528,-5.40706431
-6.32306822,33.33463169,-6.43682408
9.22830856,34.58024125,-5.55279699
-4.94193049,33.86477827,-6.42055979
7.70521183,34.82651820,-5.71617036
-3.49843347,34.20521575,-6.34330458
6.13214605,34.91077113,-5.82376789
-2.00292549,34.57814542,-6.28407401
4.51940793,35.04046096,-5.93838921
-0.41816118,34.74025290,-6.20536896
2.86611647,34.97017899,-6.03346461
1.21082917,34.92463366,-6.14186386
-4.19390494,12.90413208,-4.05596276
-2.74573286,12.82408354,-3.99092643
9.78869916,13.05520006,-3.10877807
8.21837700,13.07646688,-3.25938287
11.10350423,13.16850573,-3.02083709
-5.37464204,13.11848937,-4.16624354
-1.11458039,12.78272321,-3.95228287
6.52044295,13.03404395,-3.42474883
4.63067793,13.03716050,-3.60634444
0.69880566,12.88472761,-3.89152918
-6.47230048,13.33502887,-4.32611892
12.38375264,13.30466948,-3.04068593
2.64768429,12.98172384,-3.78893377
-7.50547665,13.64791620,-4.52951434
13.59034588,13.57396043,-3.20514560
14.79574112,13.87728626,-3.52681726
-8.52252012,13.97372916,-4.77570455
16.02620031,14.40650537,-3.85814656
-9.52038532,14.37924688,-5.05594186
-10.50781816,14.74067005,-5.35835611
17.35356356,15.18760588,-4.03856220
-11.44024273,15.11054575,-5.66550702
18.67492617,16.23224938,-4.06509790
19.89946379,17.27798522,-4.09033883
-12.32423094,15.45709173,-5.98026988
20.55894291,17.94539902,-4.15365175
-12.83289029,15.75475916,-6.17843346
-13.32574047,16.06303813,-6.37078711
21.16458502,18.56273081,-4.24657851
-13.72735355,16.53046329,-6.50786264
21.58955204,19.25739458,-4.31248843
-14.12415045,17.02347337,-6.64339338
21.98989881,19.93595443,-4.38705453
22.07145961,20.98651481,-4.43531171
-14.30883470,18.01083743,-6.75527603
22.16387064,22.01892531,-4.49566925
-14.51134237,19.01661931,-6.87532013
21.91528845,23.01726599,-4.46091432
-14.48230395,20.05847235,-6.87473026
21.68393156,24.00127190,-4.46158555
-14.47759545,21.07982879,-6.90512754
-14.29433263,22.18396977,-6.95685159
21.19550393,25.07328708,-4.48670718
20.72502295,26.13627878,-4.56916412
-14.14197328,23.25741703,-7.04793820
-13.97715711,24.30403152,-7.16040634
20.22933355,27.18429394,-4.70275114
-13.82637359,25.34468544,-7.29846073
19.75133875,28.22766692,-4.89057161
-13.69095691,26.33943800,-7.42011039
19.29942519,29.21777744,-5.08459256
-13.55882717,27.34622101,-7.55170812
18.85661280,30.21694439,-5.29303900
-13.21859336,28.29289913,-7.64880804
18.20325048,31.16144783,-5.49927915
-12.87140701,29.25930202,-7.76150943
17.56100925,32.10844381,-5.70472055
-12.12223941,29.90580792,-7.79728551
16.60751408,32.70729762,-5.87045736
-11.36849014,30.58160290,-7.84498841
15.68981646,33.27999468,-6.03286808
-10.48647666,31.06952989,-7.83909632
14.70145784,33.59280501,-6.16182587
-9.61467011,31.56840771,-7.82705299
13.72175135,33.86780416,-6.29270207
-8.30818223,32.18575705,-7.82056871
12.26978876,34.12242811,-6.49131791
-7.04832680,32.79227933,-7.81344378
10.82126724,34.38421729,-6.65646996
-5.74946383,33.28151653,-7.78876851
9.32976330,34.55217771,-6.80606647
-4.42866747,33.80403622,-7.77628557
7.82590357,34.77716483,-6.97817791
-3.04401974,34.13852656,-7.71019966
6.28518751,34.85346919,-7.11401771
-1.60715316,34.51000502,-7.66013754
4.71328835,34.98550828,-7.26220554
-0.08337696,34.67523061,-7.57569510
3.10185228,34.91372084,-7.37463979
1.49117346,34.87297281,-7.49900306
9.40857567,13.94441622,-3.97582856
7.96612417,13.93099177,-4.12841405
-4.90657588,13.99947244,-5.13048261
-3.74729419,13.78131976,-5.04229030
-2.32870587,13.68703166,-4.97869833
10.62655902,14.05845022,-3.86658411
6.40096133,13.84054295,-4.30123200
-0.74405510,13.60962962,-4.92779112
11.82278434,14.17341822,-3.84793268
-5.97101360,14.23103363,-5.25719848
0.98817947,13.68340967,-4.87351228
4.65547115,13.81411044,-4.51485996
2.81718666,13.76309316,-4.74508985
12.97903086,14.39689835,-3.94657850
-6.96095259,14.54864522,-5.41895597
-7.92748955,14.88453346,-5.62575177
14.16884836,14.67396585,-4.20055133
-8.87128891,15.31933117,-5.88360878
15.42155099,15.20161160,-4.54026122
16.78294037,15.99856253,-4.80116516
-9.79090121,15.73114854,-6.18034419
-10.65596126,16.13637560,-6.51196512
18.12905169,17.06529292,-4.92863756
19.38761417,18.08556519,-5.05492531
-11.47833940,16.49229036,-6.88806619
-11.94496545,16.77355173,-7.13167405
20.05592551,18.71376811,-5.15236801
20.67071177,19.29106255,-5.25554636
-12.39736944,17.05968592,-7.37168067
-12.77106924,17.48285846,-7.54971671
21.10544887,19.95127487,-5.30828291
-13.13766551,17.92777244,-7.71946364
21.51703138,20.59011655,-5.36418196
-13.33085740,18.77537570,-7.85561950
21.60422459,21.60054476,-5.37788086
21.70073802,22.58179059,-5.42157272
-13.53295285,19.63761931,-8.00690437
21.46828268,23.53742957,-5.39634613
-13.54088449,20.51814281,-8.04891063
21.24839922,24.47360362,-5.41786274
-13.56093256,21.39746013,-8.11949377
20.80272519,25.49880909,-5.48645912
-13.43474366,22.35459169,-8.21332564
-13.32092972,23.30390727,-8.34063678
20.37134760,26.50262827,-5.62025888
-13.18649038,24.24480354,-8.48028520
19.91256530,27.48201905,-5.80539191
-13.05504080,25.19599957,-8.63709394
19.46201430,28.44909220,-6.03476992
-12.92574021,26.15746962,-8.77944112
19.01376283,29.40140951,-6.26134897
-12.79634264,27.14555806,-8.92152065
18.57152335,30.36311075,-6.48078374
-12.44735858,28.08353263,-9.01815004
17.91802876,31.27429924,-6.68371402
-12.08350868,29.05914107,-9.12432504
17.28583399,32.19717172,-6.87547544
16.39217261,32.79357487,-7.03107887
-11.32455839,29.73609483,-9.15958380
-10.55240069,30.45776373,-9.19198957
15.53399246,33.36091296,-7.18736587
-9.65613447,30.98714032,-9.15756837
14.60580315,33.65848280,-7.31701548
-8.80236443,31.51142732,-9.12079979
13.68534368,33.91122114,-7.45713453
-7.56518763,32.14943950,-9.09036574
12.27642956,34.14151641,-7.66648636
-6.40507445,32.75326714,-9.08286605
10.85860876,34.38511252,-7.83120538
-5.18739640,33.22993672,-9.06804142
9.38631028,34.53117012,-7.98058455
-3.93803140,33.74311493,-9.05853816
7.90114666,34.73611961,-8.15945254
-2.62056566,34.07741079,-8.98676443
6.39219599,34.81191006,-8.31080220
-1.25244430,34.45441897,-8.93201437
4.86041149,34.95280937,-8.48049284
0.20573299,34.62920318,-8.83872964
3.29140898,34.88198580,-8.60526419
1.72557705,34.84263764,-8.74947227
-3.40728633,14.32848492,-5.64599863
-2.01671191,14.22635241,-5.59752939
-4.55167141,14.53880548,-5.72053888
10.28797653,14.68108538,-4.44168101
9.14512580,14.55419119,-4.55791171
7.79205296,14.50931472,-4.71528642
-0.47787608,14.13542638,-5.55827861
6.31518349,14.38420649,-4.89630524
4.66518906,14.32859142,-5.12203277
2.92462848,14.26941529,-5.37009189
1.18442609,14.19912451,-5.51548209
-5.59949643,14.76641961,-5.83035597
11.41593496,14.80418323,-4.40296998
-6.56327595,15.07838780,-5.97525864
12.52446620,15.02609505,-4.46671364
13.68962759,15.31456291,-4.67234804
-7.49457929,15.40976765,-6.16830792
-8.40803739,15.83850466,-6.41998712
14.95732543,15.84958245,-4.99904819
-9.29638940,16.26229779,-6.71719766
16.34932767,16.64273877,-5.29667615
17.71094585,17.71410965,-5.47576382
-10.13374558,16.68718035,-7.05679461
-10.93433481,17.04559620,-7.45676256
18.97682036,18.73023314,-5.65020298
19.64012510,19.33958670,-5.77111152
-11.38241156,17.31273422,-7.72371468
20.25337279,19.89415774,-5.88755049
-11.81726928,17.58293911,-7.98938557
-12.17845813,17.97613082,-8.19660871
20.69499838,20.52798699,-5.94307171
21.11612872,21.13618585,-5.99745391
-12.53008211,18.39144361,-8.39499722
-12.72199629,19.14961276,-8.58006533
21.21684169,22.10670332,-6.02167573
21.32366381,23.04260948,-6.08591838
-12.91757934,19.92654471,-8.78205787
21.10829138,23.95762940,-6.09980448
-12.93113634,20.71340999,-8.87903563
20.89928451,24.85032340,-6.16320710
-12.95123826,21.50775216,-8.99980561
-12.84946279,22.37613137,-9.14376636
20.48803191,25.82494213,-6.28773917
20.08345149,26.77274895,-6.47209287
-12.75143617,23.25500165,-9.31037624
19.64663260,27.69351166,-6.69826947
-12.62682165,24.14207254,-9.48137750
-12.49976466,25.05574371,-9.65751187
19.21194980,28.60203684,-6.94630940
18.76519175,29.52741477,-7.17917828
-12.36452846,26.02006124,-9.81633996
-12.22728031,27.02222109,-9.96484474
18.32778543,30.46648333,-7.39131533
-11.85668634,27.97908132,-10.06106976
17.68295734,31.36084734,-7.58303926
9.99151651,15.22393142,-5.05378435
8.91823459,15.07388183,-5.17693177
7.65013682,14.97247196,-5.32267908
-4.19851008,14.91649349,-6.32367138
-3.06932590,14.71667130,-6.27160639
-1.72026715,14.59615282,-6.22679436
-11.46742632,28.98300543,-10.16131105
1.36612634,14.56564359,-6.16342088
3.03020376,14.64643452,-6.01184464
4.68433265,14.71870990,-5.74087808
17.06913586,32.27406923,-7.76635370
-0.23530308,14.49487468,-6.18798767
6.25240692,14.79988827,-5.49571925
-5.23467676,15.13169699,-6.41047154
11.05353301,15.36553977,-4.99770552
-10.68783892,29.70214966,-10.18616198
16.22322816,32.87045331,-7.91832149
-6.17730590,15.43251611,-6.54308524
12.10996296,15.60279053,-5.04128168
13.24550847,15.91046226,-5.21079486
-7.08088234,15.75197097,-6.72815803
14.52869555,16.45413488,-5.51092321
-7.97621999,16.15475366,-6.97963147
-9.90328556,30.46314318,-10.19787036
15.41088956,33.43403412,-8.07934910
15.95978771,17.23673658,-5.81717120
-8.85206092,16.56367526,-7.28508825
17.33764784,18.30506437,-6.03572036
-9.67783231,16.98225521,-7.65064516
-9.01470798,31.01116943,-10.15066420
14.52674341,33.71962439,-8.22103888
-8.20686300,31.53182025,-10.11268858
13.65002815,33.95652454,-8.37623068
18.59723889,19.33014406,-6.24496902
-10.47486426,17.33823127,-8.07565254
12.27163478,34.17118879,-8.60117024
-7.05375092,32.16203536,-10.09040558
-10.92556888,17.59149020,-8.34860424
19.25536228,19.91923914,-6.37191951
-5.96843679,32.75140016,-10.09709808
10.87288213,34.40381097,-8.77181473
19.86759140,20.44866818,-6.48773181
-11.36394499,17.85349647,-8.62090640
-4.80985540,33.21099329,-10.07712077
9.41016997,34.53403563,-8.91547391
-11.71536170,18.23785686,-8.86490198
20.30460669,21.07015637,-6.56300909
20.72427582,21.66195493,-6.63283950
-12.05797331,18.64634937,-9.10199387
20.84869740,22.57995727,-6.67152237
-12.26435482,19.34545029,-9.32380922
-3.61048678,33.71331886,-10.05768369
7.93553006,34.72340277,-9.09967995
-2.33638393,34.04705040,-9.98562428
6.44788473,34.79877264,-9.27240450
-1.01620518,34.42583420,-9.93492571
4.94495392,34.94275173,-9.46405305
20.97357629,23.46294293,-6.75225151
-12.47161907,20.07497304,-9.55707504
1.87320910,34.83171356,-9.72778472
3.40641249,34.87203879,-9.58093770
0.39354361,34.60785631,-9.82783365
20.76672436,24.34533847,-6.83265524
-12.47718986,20.81239537,-9.72467662
20.56043367,25.20164065,-6.96170151
-12.48579713,21.56761376,-9.90949505
20.18318681,26.12043168,-7.14019345
-12.39852134,22.40208532,-10.09315845
19.80592683,27.01182961,-7.36125184
-12.30937700,23.26559733,-10.28373995
19.39489487,27.87827428,-7.59927460
-12.19076747,24.14994198,-10.46210040
18.98487725,28.73909538,-7.83452800
-12.06617892,25.06857855,-10.63297249
-11.92068630,26.06469198,-10.79228742
18.54959133,29.65017015,-8.05496289
-11.77352618,27.09415151,-10.93789740
18.12836780,30.58069175,-8.25342387
-11.37175049,28.07093723,-11.03676912
17.49778350,31.46915612,-8.44286894
-10.95392039,29.09080475,-11.14051877
16.90397787,32.37918748,-8.63701705
16.09556263,32.97117587,-8.80142920
-10.15766456,29.82905665,-11.15726905
-9.38211140,30.59366276,-11.16717867
15.32084056,33.52749242,-8.98285022
-8.52541260,31.12780874,-11.12777326
14.47184786,33.79960723,-9.14397923
-7.77423094,31.62331091,-11.10525804
13.63101345,34.02255556,-9.31480568
-6.69391978,32.23218532,-11.09278062
12.27222228,34.22676117,-9.54500186
-5.66158636,32.80129818,-11.10263917
10.88073661,34.45178956,-9.71467257
-4.53770166,33.24170276,-11.07880194
9.41774353,34.56931170,-9.86627135
-3.36654459,33.73105211,-11.05928246
7.94636885,34.74633177,-10.07294137
6.47251416,34.82054788,-10.25969970
-2.12378206,34.06170937,-10.97910807
-0.84162633,34.43845889,-10.92580541
4.99057845,34.96319444,-10.45895680
1.97593636,34.85338108,-10.71432080
0.53081288,34.62383726,-10.81299752
3.47887303,34.89285601,-10.56534723
8.70964577,12.99479975,2.25151408
10.88719588,12.99185585,2.44948341
12.51099050,13.20032003,2.56993544
-4.50319977,12.99292045,2.49212608
-5.83471429,13.10314867,2.48907960
-6.82407766,13.40645233,2.43869307
13.87877575,13.51450922,2.59930710
-7.73512820,13.72568433,2.40111468
-8.63010387,14.03707419,2.36639800
14.99819648,13.92518906,2.53369192
-2.92221045,12.96013718,2.45719449
6.29064855,13.06848568,2.29068896
15.94345659,14.36302101,2.42844259
-9.52607145,14.32928653,2.32081448
16.71584660,14.88195299,2.27276769
-10.36927760,14.73279830,2.21171716
-1.01069694,12.96983269,2.35660987
3.79008224,13.08231024,2.32761141
-11.21007764,15.11748183,2.08077932
17.48351424,15.38659400,2.13073354
1.28360080,12.97853028,2.26577675
18.31999385,15.90502925,2.01187419
-12.03245010,15.49688067,1.92478163
-12.81425336,15.89202732,1.74604638
19.23759702,16.46841078,1.90539779
-13.30604049,16.28476507,1.58410398
19.82311475,16.97098835,1.81260493
20.39629016,17.50968290,1.71876283
-13.77561365,16.69756794,1.41997289
-14.22791302,17.12773701,1.25787690
20.95898017,18.08399162,1.62217643
21.52775576,18.68570335,1.52235098
-14.66805321,17.57142063,1.10181423
-14.91859925,18.44151194,0.85594980
21.68429103,19.59346655,1.40236729
21.85595642,20.55532854,1.29041544
-15.16157975,19.34323512,0.62049726
-15.39960178,20.27473523,0.40176472
22.05575236,21.57171984,1.18118462
22.29586125,22.64619056,1.06978413
-15.63980504,21.22890622,0.20301700
-15.51310058,22.24688128,-0.04297690
21.72551335,23.66035140,0.89315307
-0.13738597,34.77519245,0.16686722
-1.81552556,34.43503313,0.05830954
1.72746850,34.85647590,0.31578312
3.61799976,34.80990709,0.33487306
-3.35798247,34.05610950,-0.04122450
-11.17075154,31.14081225,-0.81143455
-11.98138683,30.63017452,-0.86406288
-10.01549780,31.63975199,-0.71557872
11.05305390,33.44797953,0.10889924
12.44806972,33.18321190,0.08360419
13.53823300,32.81956194,0.04051076
-8.80479716,32.14983251,-0.57084125
9.66223324,33.73418573,0.11003450
5.32164030,34.65259820,0.22965192
-4.82271859,33.67236389,-0.15347694
-7.54338528,32.70168116,-0.40917535
8.25134240,34.07315037,0.10146510
-6.24098001,33.34096690,-0.28890787
6.82933852,34.51196436,0.11307255
21.11194529,24.77603484,0.69855518
-15.37846329,23.29089824,-0.26903016
-12.76093434,30.11870196,-0.88681376
14.67815580,32.40534409,0.01408275
15.89532096,31.93245087,0.01386669
-13.51224531,29.60863935,-0.89170182
-14.23832032,29.10544523,-0.88794177
17.23349343,31.45034305,0.03964573
20.47416526,25.98386588,0.49189875
-15.23361523,24.36259652,-0.47614943
-14.46007566,28.17229231,-0.83130357
17.86339426,30.37933330,0.08786378
-14.67592118,27.25291916,-0.77570560
18.51076503,29.31979249,0.13923702
-15.07566413,25.45946157,-0.67008033
19.82523831,27.25852642,0.28232903
19.16719501,28.27779750,0.20414968
-14.88214718,26.34829969,-0.72243222
-1.58408110,14.74608399,-6.53729096
-0.12004392,14.71179779,-6.49724496
7.58131157,15.18776033,-5.61976756
6.19551496,15.06135675,-5.78674687
4.67894566,14.91998901,-6.04083696
1.44700770,14.74460267,-6.47486221
3.07583948,14.78969377,-6.31992202
8.83614232,15.24789171,-5.48173643
-2.92076653,14.80955135,-6.57769722
9.86154283,15.45208612,-5.36064573
-4.02918845,15.04130002,-6.62126349
10.87419883,15.64907022,-5.30420700
-5.04820571,15.28394427,-6.70164475
-5.99438322,15.54578746,-6.82558691
11.92636040,15.85765651,-5.34173745
13.06821909,16.13169403,-5.49758526
-6.89825110,15.82654901,-7.00258178
-7.77493104,16.23898841,-7.25975502
14.33138540,16.72044198,-5.78331247
15.75521720,17.53418096,-6.08507015
-8.63663947,16.65709433,-7.57568227
17.16677495,18.55467572,-6.31398161
-9.47891563,17.04102935,-7.95004432
-10.29574605,17.37546572,-8.38147063
18.44615361,19.54781595,-6.53194499
19.02776947,20.19681000,-6.65329954
-10.70900767,17.68067256,-8.65039296
19.56580476,20.78809085,-6.75907739
-11.11242364,17.99589141,-8.91908539
-11.50591587,18.33149786,-9.18197737
20.07261260,21.33747864,-6.84758999
-11.88975190,18.69514329,-9.43642224
20.56341021,21.85438292,-6.92793366
-11.99890741,19.37878195,-9.63477007
20.53293297,22.76409099,-6.95844026
20.49800673,23.64418021,-7.03465566
-12.10702594,20.08638351,-9.84789200
20.46150066,24.49483774,-7.15535741
-12.21706850,20.82389201,-10.07195391
20.42430585,25.31754211,-7.31237829
-12.33333419,21.59453597,-10.30124401
-12.24180757,22.42770277,-10.48525108
20.04924750,26.21027229,-7.50152630
19.67243642,27.07707180,-7.72467713
-12.14470760,23.29283058,-10.67015921
-12.04204873,24.19048572,-10.84843321
19.29391011,27.92871808,-7.95831886
-11.93516072,25.11884776,-11.01590441
18.91666580,28.77851608,-8.18126220
-11.66801930,26.07396409,-11.14641630
18.36844775,29.65290871,-8.39113871
-11.38713273,27.06953609,-11.27045752
17.84024420,30.54928651,-8.58417206
-11.09809053,28.10021778,-11.39287243
17.33819000,31.47090042,-8.77445284
-10.80806067,29.15721272,-11.51977927
16.86647804,32.41569005,-8.97756810
-9.93132636,29.78727595,-11.51028691
16.02292555,32.89477583,-9.13332388
-9.09114164,30.43859616,-11.49235903
15.21188952,33.32746001,-9.30181798
-8.33388888,31.07343962,-11.48467746
14.41978217,33.71171063,-9.48901570
-7.67317089,31.67325126,-11.49854231
13.64047326,34.05747996,-9.68551221
-6.58173477,32.20442292,-11.46950052
12.26190671,34.18760720,-9.89996727
-5.53184206,32.69839273,-11.45700009
10.84242337,34.34199472,-10.05190242
-4.43932405,33.20140431,-11.44506559
9.39612612,34.52537064,-10.21942159
-3.30069356,33.75205365,-11.44281785
7.94559031,34.76634295,-10.44887808
6.46345963,34.71794351,-10.59879190
-2.04150043,33.95580614,-11.31957266
-0.74711360,34.20916811,-11.21997070
4.97516662,34.73697861,-10.75263380
0.59288706,34.50109808,-11.14290466
3.48360433,34.76921128,-10.89575817
2.00387141,34.83466426,-11.08598984
