0.25247013,16.47330115,1.23995801
-0.56391991,16.46160105,1.28442275
0.25463975,16.37182950,1.43907378
-0.56555957,16.35674602,1.47972491
-1.41357683,16.43583784,1.32380371
-1.41972683,16.33075183,1.51724041
-2.30683243,16.39471489,1.35799255
-2.31811106,16.29270152,1.55220650
-3.24785113,16.34051573,1.38796272
-3.26453233,16.24537042,1.58547355
-5.05363474,31.68281374,0.86808389
-4.05466728,31.60514559,0.99177779
-5.07966397,31.70343126,1.11109629
-4.07135523,31.63103589,1.23577123
-3.06325764,31.58365451,1.11294762
-3.07247172,31.61649995,1.35621997
-2.07299105,31.62107432,1.22662593
-2.07640915,31.66113929,1.46728580
-1.08457745,31.71699725,1.32589099
-1.08320440,31.76338399,1.56125577
-4.07029726,16.40886057,1.37953718
-4.09257757,16.32021526,1.58487990
-4.92010803,16.46307052,1.37198395
-4.94815695,16.38329951,1.58608099
-5.79763295,16.50209513,1.36737360
-5.83157662,16.43352874,1.59055022
-6.70458665,16.52879348,1.36773655
-6.74475333,16.47305325,1.59885709
-8.55331951,30.82507365,0.65343430
-7.61411731,30.99599767,0.68082996
-8.63405169,30.87144106,0.92783253
-7.68101415,31.02951060,0.95250133
-6.73166832,31.19424991,0.72285778
-6.78436892,31.21810583,0.98756721
-5.88467856,31.42069294,0.78620830
-5.92345736,31.44009337,1.04105352
-7.45625908,16.85761415,1.38896883
-7.50441438,16.81146870,1.63723323
-8.23884789,17.17097760,1.40802129
-8.29632328,17.13509808,1.67162215
-9.06703202,17.47844421,1.42371602
-9.13540541,17.45250107,1.69950505
-9.95860979,17.79199887,1.43778560
-10.03950975,17.77456977,1.72138850
-10.52495768,18.13699312,1.43578070
-10.61252581,18.12675629,1.72842719
-11.13794814,18.49511953,1.44372745
-11.23241046,18.49044784,1.74101284
-11.81108963,18.87335809,1.46901246
-11.91195978,18.87221308,1.76368016
-12.55984103,19.27724342,1.50751248
-12.66590975,19.27754363,1.79173527
-11.65356194,29.98237335,0.23526014
-10.76133088,30.15005221,0.36621950
-11.76459596,30.03410830,0.51660662
-10.87175905,30.20444024,0.65502079
-9.96124345,30.35370890,0.47466762
-10.06508256,30.40671750,0.76392871
-9.23143713,30.58138992,0.56755816
-9.32496170,30.63119512,0.85163867
-12.67782130,20.14380212,1.45235843
-12.80237845,20.14948477,1.75623313
-12.87868153,21.04529918,1.39891449
-13.01944929,21.05625390,1.71280474
-13.18680219,21.98950212,1.36642636
-13.33890189,22.00514082,1.67561474
-13.62034966,22.98345966,1.35085441
-13.77662222,23.00314312,1.63860923
-13.09984659,24.02342438,1.17918553
-13.25106560,24.05059940,1.48846239
-12.72724300,25.06524445,1.03530711
-12.87032741,25.10001849,1.35126703
-12.45133875,26.07963089,0.85464153
-12.58872361,26.12379382,1.17294322
-12.21794151,27.03665734,0.56264018
-12.35659447,27.09242438,0.88736345
-12.01153775,27.76299396,0.50913107
-12.14644364,27.82379642,0.82740889
-11.84390061,28.48402346,0.42087885
-11.97460885,28.54716625,0.73152237
-11.72231272,29.21759345,0.32227465
-11.84575266,29.27815571,0.62115030
0.25231940,16.57171164,1.03743374
-0.56115819,16.56360778,1.08586202
-1.40697789,16.53828140,1.12716727
-2.29565657,16.49380785,1.16087878
-3.23160259,16.43264041,1.18754652
-5.01650297,31.69513253,0.61093991
-4.02829317,31.61154714,0.73304268
-3.04633941,31.58122953,0.85399028
-2.06400401,31.60848319,0.96971193
-1.08223351,31.69483158,1.07363624
-4.04859086,16.49384996,1.17082860
-4.89277076,16.53824380,1.15398290
-5.76456621,16.56533608,1.13993867
-6.66562046,16.57835858,1.13170514
-8.45824509,30.80161062,0.35944784
-7.53284540,30.99041542,0.39110827
-6.66526925,31.20186870,0.44191799
-5.83323285,31.43446418,0.51637229
-7.40963490,16.89665403,1.13404285
-8.18299929,17.19875537,1.13511908
-9.00056518,17.49535953,1.13557207
-9.88011147,17.79960288,1.13915774
-10.43950160,18.13723644,1.12582499
-11.04539609,18.48990635,1.12652373
-11.71193421,18.86583856,1.15193594
-12.45484214,19.26989426,1.19968338
-11.53773515,29.93831186,-0.05890653
-10.64237085,30.10677611,0.06097917
-9.84557557,30.31563000,0.16640722
-9.12446700,30.55088286,0.26391904
-12.55317925,20.13189153,1.11833965
-12.73702750,21.02973791,1.04967449
-13.03338515,21.97081040,1.01847932
-13.46268557,22.96187171,1.02496172
-12.94807165,23.99512379,0.83007521
-12.58410250,25.03043256,0.68202313
-12.31418438,26.03618096,0.50376595
-12.08084771,26.98372130,0.21366460
-11.87543535,27.70560583,0.16776969
-11.71008988,28.42527176,0.08956282
-11.59430632,29.16287805,0.00618878
1.05813466,16.33401270,1.41912275
1.05268493,16.42788368,1.21612309
1.85799751,16.28828693,1.39790576
1.84998883,16.37209870,1.19032829
2.66638401,16.23542950,1.37804908
2.65630719,16.30728055,1.16595261
3.49620956,16.17716651,1.36555066
3.48416027,16.23502135,1.14989153
2.83006130,32.06321055,1.44301052
1.87652197,31.91367649,1.54393022
2.80563033,32.02760362,1.21879411
1.85948816,31.87239200,1.31219282
0.90989222,31.81082027,1.59213327
0.89948879,31.76631545,1.35627648
-0.07717486,31.75930019,1.59491661
-0.08239974,31.71320408,1.35797480
4.20649841,16.24080403,1.32715838
4.19326311,16.28773771,1.10613550
4.94383094,16.30525765,1.30993439
4.92852383,16.34051081,1.08547556
5.71850497,16.38046734,1.32107619
5.69953423,16.40357878,1.09505964
6.54546240,16.47794731,1.36473647
6.52040952,16.48938157,1.13934131
6.45558761,31.65639398,1.08002601
5.48215407,31.72953631,1.14069747
6.41582092,31.64820884,0.87797663
5.44502833,31.71783404,0.92496178
4.57574453,31.81005151,1.23475815
4.54114961,31.79188585,1.01026499
3.70118159,31.91626180,1.34342695
3.67077345,31.88967468,1.11630574
7.21344468,17.00499740,1.47090280
7.17874264,17.01270958,1.23697475
7.94692201,17.59975071,1.60726251
7.89758873,17.60814559,1.36869759
8.78494923,18.23799312,1.75073540
8.71707458,18.25344100,1.51363492
9.76968919,18.86846806,1.86781000
9.68373685,18.89535089,1.63859282
10.42655295,19.43823697,1.89473530
10.33567842,19.46978715,1.66889545
11.15952090,19.96163062,1.87065466
11.06764476,19.99491628,1.65066867
11.96977691,20.44049901,1.80029490
11.88115115,20.47282923,1.58783179
12.86724995,20.87793206,1.68632593
12.78639008,20.90677172,1.48245149
10.22704147,30.94329602,0.92090418
9.04932773,31.12100371,0.95554701
10.19969816,30.95176338,0.76146529
9.01809237,31.12645359,0.78363450
8.06912417,31.30487777,0.98382034
8.03513999,31.30714171,0.79989275
7.21874840,31.48434487,1.02151402
7.18191533,31.48243580,0.82714530
12.99844147,21.83533227,1.48602715
12.91295895,21.86072562,1.27610425
13.25548331,22.68370949,1.33550653
13.16875104,22.70350324,1.12986039
13.64121322,23.46716203,1.23453944
13.55417828,23.48082572,1.04097289
14.15793477,24.24310549,1.13764717
14.07117984,24.25043492,0.96021191
13.44849213,25.10156661,1.18306195
13.36481311,25.10316013,1.00677135
12.82473243,25.98437271,1.20123935
12.74664546,25.98101279,1.02723815
12.25980803,26.91694338,1.15554093
12.19036941,26.91069938,0.98339505
11.75666739,27.89730545,1.04100929
11.69851303,27.89096627,0.87051630
11.26006928,28.66599237,1.04787865
11.21080568,28.66188936,0.87797049
10.83396458,29.43820972,1.02232690
10.79258177,29.43765566,0.85447296
10.49028185,30.19734395,0.97728267
10.45621865,30.20105385,0.81301390
1.05023916,16.51850281,1.00986788
1.84596774,16.45268939,0.97993289
2.65132091,16.37554253,0.95150986
3.47830307,16.28949550,0.93201426
2.78511480,32.01163349,0.97943777
1.84507626,31.85150057,1.06330259
0.89127258,31.74325605,1.10257031
-0.08499149,31.68987988,1.10350483
4.18728917,16.33129959,0.88303602
4.92156179,16.37270024,0.85906023
5.69000002,16.42382751,0.86711452
6.50585612,16.49784758,0.91196661
6.38914933,31.65380046,0.66990677
5.41941836,31.72223803,0.70076469
4.51572240,31.79204043,0.77464724
3.64673785,31.88262385,0.87545269
7.15654483,17.01696939,0.99997709
7.86215540,17.61204572,1.12518749
8.66371295,18.26290031,1.26901385
9.61138593,18.91553535,1.40036641
10.25708065,19.49492892,1.43387281
10.98697797,20.02272628,1.42189120
11.80274213,20.50068271,1.36786968
12.71489037,20.93187860,1.27299668
10.18504781,30.96721234,0.60040386
9.00097228,31.14032436,0.60924641
8.01533845,31.31935626,0.61247650
7.15909899,31.49231325,0.62834350
12.83810004,21.88363614,1.06126088
13.09277990,22.72251281,0.92057899
13.47728757,23.49523700,0.84413591
13.99324803,24.25945166,0.77998743
13.29060053,25.10817831,0.82678608
12.67912315,25.98222449,0.84879840
12.13278342,26.90981201,0.80660258
11.65328748,27.89032848,0.69599555
11.17559889,28.66391032,0.70434866
10.76569401,29.44344767,0.68320720
10.43618367,30.21126027,0.64600639
0.82314521,17.55207802,-7.49109923
-0.01068104,17.51898800,-7.48422569
0.82330689,17.64501860,-7.25128098
-0.00203769,17.61611348,-7.24187477
-0.87127710,17.45628396,-7.48243184
-0.85292158,17.55612416,-7.23979017
-1.76762181,17.36742359,-7.49886702
-1.73887561,17.46423090,-7.25772273
-2.70479162,17.25191725,-7.51165773
-2.66751891,17.33977386,-7.27479911
1.63400017,17.71733816,-7.26509837
1.64193440,17.62640526,-7.50472741
2.43567823,17.76913507,-7.28410006
2.45152514,17.68019712,-7.52371671
3.23865978,17.81035534,-7.30918614
3.26193977,17.72730562,-7.54767081
4.05023475,17.84284732,-7.33689586
4.07967207,17.76855869,-7.57338605
-0.13214103,33.05672932,-10.25866879
-0.95986168,32.86158855,-10.22869098
-0.13830223,33.06530619,-10.04810033
-0.96165052,32.86175584,-10.01240536
-1.79005658,32.74167382,-10.23525374
-1.78597555,32.73636100,-10.01429102
-2.64538706,32.66446022,-10.25885803
-2.63578728,32.66373693,-10.03946207
-3.56205362,32.64709406,-10.32338622
-3.54555900,32.65306083,-10.10832699
0.68256070,32.91204326,-9.97139187
0.69352582,32.91364537,-10.18798036
1.51659390,32.83151751,-9.92658511
1.53332893,32.84008733,-10.14921046
2.39054652,32.80445879,-9.92703931
2.41197588,32.80958285,-10.15007018
3.33641678,32.83591749,-9.98662460
3.36324029,32.83352777,-10.20809855
-3.54340884,17.35194280,-7.53409627
-3.50187461,17.43250339,-7.29410543
-4.40511286,17.44569994,-7.55632492
-4.36279111,17.51159596,-7.31802357
-5.29664924,17.53548117,-7.57457193
-5.25699117,17.58119608,-7.33805039
-6.25011027,17.60080865,-7.56250616
-6.21094466,17.62988374,-7.32865254
4.77717975,18.07531750,-7.36981312
4.81144211,18.00606438,-7.61272665
5.50996521,18.30767971,-7.41908116
5.54648421,18.24618657,-7.66550798
6.25713477,18.53670129,-7.49440311
6.29303885,18.48472338,-7.74234709
7.03790078,18.74747228,-7.57317774
7.07511803,18.70050123,-7.81982326
-4.42528732,32.27679132,-10.22170799
-4.39593606,32.27896609,-9.99796909
-5.35038554,31.94058603,-10.14570284
-5.30580405,31.94646802,-9.91488726
-6.37690343,31.64784259,-10.10378976
-6.31912690,31.65819718,-9.86916434
-7.57651411,31.39582255,-10.13051327
-7.49484499,31.40760302,-9.89784716
4.24477294,32.46078678,-9.90234315
4.28373662,32.46391489,-10.13580970
5.23993920,32.10078196,-9.84519854
5.29329849,32.10063494,-10.09155786
6.35547448,31.75158396,-9.79827637
6.41957881,31.74543553,-10.05376790
7.62318473,31.38705365,-9.78370512
7.70639991,31.37803438,-10.04104697
-7.21649020,17.80719131,-7.55103263
-7.16987648,17.83257595,-7.31813106
-8.22436233,18.02041917,-7.55363845
-8.16638926,18.04560419,-7.32459244
-9.30057839,18.22888951,-7.56909582
-9.23296180,18.24982862,-7.34851144
-10.41501645,18.45557304,-7.60078625
-10.34315738,18.46988018,-7.39121801
7.82394812,19.07437155,-7.65845671
7.86919778,19.02142076,-7.90581273
8.63774261,19.39445569,-7.75132963
8.69486383,19.33432078,-7.99797314
9.51725976,19.69350920,-7.84528992
9.58631769,19.63199413,-8.08592578
10.47009829,19.98845321,-7.91052925
10.54767832,19.93265467,-8.14280307
-10.52235386,30.01012832,-10.22842920
-9.62439735,30.33610654,-10.17816651
-10.47499299,29.99897219,-10.00563320
-9.55631220,30.32554492,-9.94279218
-8.86778142,30.67529699,-10.13780079
-8.78344288,30.66739905,-9.89588519
-8.19354023,31.02722377,-10.11810413
-8.10427728,31.03047993,-9.87712781
10.75052379,29.60318786,-9.65114590
9.84278948,30.01976080,-9.64229086
10.78436454,29.63367357,-9.92719614
9.89814641,30.04478363,-9.92403074
9.04410354,30.45812409,-9.66359443
9.11899764,30.47548982,-9.94408621
8.30903822,30.91629312,-9.71157111
8.39468987,30.91876515,-9.98303961
-10.90396767,18.82102855,-7.69935656
-10.83457239,18.83116760,-7.49061155
-11.43702059,19.17813514,-7.80869209
-11.37500519,19.18104833,-7.60290519
-11.96596513,19.55052176,-7.93923143
-11.91140304,19.54517109,-7.73961044
-12.58469994,19.93656193,-8.08765676
-12.52831120,19.92359708,-7.89609388
10.92181371,20.31328846,-7.96632711
10.99995624,20.26299122,-8.20013780
11.43108755,20.62507710,-8.01842990
11.50466048,20.58366031,-8.25292258
11.95928210,20.93621231,-8.08041082
12.02653431,20.90634730,-8.31338212
12.58437043,21.25912077,-8.14538584
12.65323546,21.24195128,-8.37476300
-12.52066726,20.82191043,-8.31459256
-12.43748214,20.82111648,-8.11516992
-12.53824512,21.65892666,-8.55133075
-12.43774526,21.66618104,-8.34711643
-12.53748684,22.47852281,-8.79825110
-12.43071793,22.48773539,-8.59319295
-12.60086256,23.27217515,-9.02152863
-12.49019623,23.27770456,-8.81875618
12.56849109,21.90577620,-8.25867830
12.66528018,21.88675896,-8.50036317
12.63923232,22.52702035,-8.38858527
12.75185945,22.50928545,-8.64251869
12.69393264,23.14052954,-8.54490193
12.81136179,23.12846436,-8.80617928
12.80169628,23.75232051,-8.69764020
12.92040276,23.74915352,-8.96197096
-12.27837229,24.14407169,-9.21363499
-12.16749567,24.14003386,-9.00051683
-11.96950914,25.02868331,-9.39808913
-11.86420476,25.00633342,-9.17230138
-11.74472649,25.83117446,-9.56372473
-11.64027838,25.79920642,-9.33103103
-11.51937229,26.71467120,-9.72134198
-11.42382314,26.65067727,-9.48254527
12.52290662,24.41160732,-8.81883253
12.63886979,24.41988079,-9.09944573
12.26282795,25.09784350,-8.93452263
12.36952309,25.12564753,-9.23197813
12.07239702,25.75322671,-9.05253077
12.17368426,25.79273790,-9.35724102
11.88724360,26.47886671,-9.16269919
11.97262355,26.54981639,-9.46971392
-11.12302739,27.51021781,-9.83626029
-11.02815101,27.44183675,-9.59032335
-10.81560639,28.30864528,-9.96009964
-10.72447239,28.25534392,-9.71370318
-10.61690008,29.12364826,-10.09654931
-10.54362469,29.08879302,-9.85736745
11.51131453,27.18292661,-9.23054052
11.58950778,27.25984445,-9.54107553
11.19136559,27.92911795,-9.32703743
11.26146020,27.99512725,-9.63608309
10.93975337,28.72333099,-9.47002157
10.99334903,28.77443402,-9.76938402
3.31258838,32.83633185,-9.78104387
4.20520674,32.45282141,-9.68148890
5.18778825,32.09975213,-9.61072686
6.28935293,31.75466738,-9.55995808
7.53942547,31.39599853,-9.53011201
4.01286372,17.93542194,-7.11505706
4.73071238,18.16135002,-7.14303223
5.45952332,18.38320652,-7.18797979
6.20761714,18.60047903,-7.24988753
6.98338231,18.81090202,-7.32667486
10.72301662,29.56908608,-9.39005506
9.79599317,29.98910951,-9.37147195
8.96715084,30.44327198,-9.39531956
8.21966641,30.91597525,-9.45178612
10.37747985,20.05432226,-7.68613800
10.83797720,20.36739402,-7.72856421
11.33255901,20.67348650,-7.78069241
11.87010569,20.97655447,-7.84583772
12.46061912,21.28280636,-7.92664449
12.45240848,21.93346760,-8.02349478
12.48479364,22.55853852,-8.14029338
12.55904470,23.16600010,-8.27756796
12.67659711,23.76519255,-8.43372210
-12.41738473,19.92564511,-7.72292828
-12.33646839,20.83114053,-7.93191115
-12.29921023,21.69152916,-8.15654268
-12.31128841,22.50853400,-8.38986672
-12.37585478,23.29100469,-8.62068660
12.39992926,24.41931093,-8.53652900
12.16552947,25.06741333,-8.64259705
11.97385220,25.72185373,-8.75299836
11.82570488,26.39620534,-8.86994467
-12.05337444,24.15051214,-8.78901242
-11.77545972,24.97281905,-8.95003286
-11.54442213,25.77184702,-9.10401014
-11.36516565,26.56411553,-9.25410818
11.45936375,27.10276827,-8.94173924
11.15094782,27.85664712,-9.04119033
10.90392594,28.67464073,-9.18522331
-10.97023840,27.36707138,-9.36374700
-10.67185621,28.18855985,-9.48505169
-10.48979140,29.05266481,-9.62769352
-10.43510925,29.97913294,-9.79606772
-0.14480620,33.07772932,-9.85068282
0.67118222,32.90964579,-9.76289916
1.50031714,32.81677835,-9.72239310
2.37151488,32.79411516,-9.72857697
0.81661381,17.76082204,-7.02384991
1.61861093,17.83039676,-7.03834756
2.41196222,17.88028759,-7.05752487
3.20686048,17.91435164,-7.08190895
0.00033489,17.73651907,-7.01304278
-0.83972656,17.68071834,-7.01378299
-1.71396456,17.58749577,-7.02774728
-2.63276205,17.45348255,-7.05186298
-0.96395715,32.86238481,-9.81030283
-1.78270649,32.72527413,-9.80641167
-2.62851021,32.65782734,-9.83882114
-3.53295168,32.65781315,-9.90849296
-4.36722055,32.27827392,-9.78731994
-5.26404042,31.95151871,-9.69542990
-6.26094344,31.66591054,-9.64999274
-7.41508652,31.41813944,-9.67258996
-3.45663498,17.53909404,-7.07231223
-4.31257443,17.60388617,-7.09425045
-5.20916490,17.65093833,-7.10733264
-6.15553246,17.68989520,-7.10193897
7.75552582,19.14392729,-7.41209603
8.56740007,19.46326231,-7.50292184
9.43412434,19.76679645,-7.59619746
-7.09852755,17.88926624,-7.10217940
-8.09590358,18.08861341,-7.10653369
-9.14841762,18.29103981,-7.13417525
-10.25415414,18.50322400,-7.20878108
-10.76116989,18.84676491,-7.29755481
-11.28649338,19.19604010,-7.41233321
-11.83608540,19.55417587,-7.55435240
-9.49809991,30.30598013,-9.71823000
-8.69930087,30.65904248,-9.66429932
-8.01415991,31.03198164,-9.64771947
-0.02350559,33.38109372,-1.99886958
-0.95852994,33.49172071,-2.02083491
-0.05614747,32.56911778,-0.77505493
-1.01922088,32.59921736,-0.79771025
-1.97121855,32.64840288,-0.86739600
-1.87820239,33.56410137,-2.03627348
-2.92564878,32.74326923,-0.93361531
-2.80036411,33.67381911,-2.04853681
0.92172659,33.34140582,-1.96105456
0.90352196,32.60193934,-0.74903597
1.87626333,33.24316937,-1.99382610
1.85749953,32.56453379,-0.77817866
-3.82127401,32.71627764,-1.04816960
-3.67136922,33.66139989,-2.14443506
2.84333611,33.23446593,-1.99647162
2.80410182,32.59647831,-0.79706032
-4.72011930,32.69816222,-1.15798418
-4.55045280,33.64847778,-2.24051217
3.79257701,33.06772687,-1.99550856
3.71575516,32.47964420,-0.84358818
-5.51036731,32.44216910,-1.29480774
-5.34112660,33.36546900,-2.35338799
-6.32145098,32.16587120,-1.41499727
-6.15237220,33.04735247,-2.45866494
4.77928718,32.95309948,-1.95466831
4.65279153,32.39876836,-0.85333620
5.79360521,32.79676668,-1.89683330
5.61079507,32.27844430,-0.83597913
-7.12190400,31.80432166,-1.53391459
-6.94784568,32.61434140,-2.57433517
-7.98455083,31.41942877,-1.62515018
-7.80073622,32.12729056,-2.67332381
6.87894814,32.62558401,-1.78866440
6.63167881,32.14824139,-0.76084478
-8.68639508,31.09289511,-1.70776368
-8.48332082,31.70425671,-2.75610842
7.76242537,32.43815827,-1.70215370
7.48238031,32.00394784,-0.69384378
8.72999942,32.22842393,-1.59284729
8.42455746,31.84802311,-0.60323961
-9.47129480,30.78455800,-1.76817509
-9.24939855,31.28141418,-2.82019948
9.64779802,31.80794528,-1.52918254
9.32605704,31.49385289,-0.55312116
-10.13626161,30.29988648,-1.86931484
-9.91405872,30.67134637,-2.89895221
-10.92622550,29.87099397,-1.92887828
-10.71490569,30.12396217,-2.94199186
10.68961761,31.38521604,-1.45688486
10.37451498,31.13627379,-0.49740050
11.15676384,30.61239160,-1.45105575
10.82072445,30.40767833,-0.50548035
-11.14794250,29.09470908,-1.98628632
-10.99648877,29.26639798,-2.95231074
-11.47365489,28.38431619,-1.98417854
-11.39816613,28.49984766,-2.90950658
11.67038455,29.84329801,-1.43585493
11.34021102,29.67337552,-0.51338244
11.97138132,29.00489827,-1.45779339
11.66276372,28.85123461,-0.49924787
-11.67477789,27.63304393,-1.91377603
-11.66750081,27.71879313,-2.85955118
-11.91959887,26.90076786,-1.84497706
-11.98782137,26.96497613,-2.80426413
12.28805981,28.17573290,-1.47929593
12.02677137,28.03902545,-0.49786872
-12.13262470,25.96076566,-1.69602423
-12.28116095,26.02195545,-2.68974194
12.55966428,27.18563985,-1.42388707
12.36652306,27.04975811,-0.43262804
-12.35158116,24.96468025,-1.62124553
-12.53970665,25.01527375,-2.62075039
12.89015505,26.23762305,-1.39646406
12.77216068,26.11490112,-0.41567502
-12.54975179,23.89802569,-1.52259731
-12.73320267,23.92282260,-2.55373702
13.23333137,25.31116597,-1.39331147
13.17828454,25.21167859,-0.41849173
13.69037372,24.40585911,-1.39347982
13.69061276,24.33912057,-0.43175073
-12.84226241,22.82186741,-1.32187934
-12.97352164,22.79765117,-2.42945223
13.62102714,23.56897166,-1.42390553
13.59884413,23.53916344,-0.45674112
-12.75151278,21.80494239,-1.25582067
-12.85028577,21.72855202,-2.36048934
-2.73719493,34.16488241,-2.73797478
-1.83657429,34.02992226,-2.72850994
0.92100497,33.73374423,-2.68526374
-0.01618509,33.79597512,-2.70816700
1.87288001,33.59946992,-2.70364605
-3.59313561,34.15446673,-2.80633714
-0.93608667,33.93574302,-2.71944289
2.84840324,33.57088011,-2.69566654
-4.45974498,34.14497256,-2.88010194
13.64422040,22.69460743,-1.40038593
13.61088173,22.70287562,-0.41879970
-12.78279745,20.82985503,-1.08001188
-12.83506256,20.68224143,-2.22237245
3.81631018,33.40071446,-2.68639527
-5.25159624,33.87994441,-2.97347514
4.83236487,33.29213500,-2.64455044
-6.06618082,33.57602250,-3.06577864
5.88244069,33.13131728,-2.58428315
-6.86498232,33.13189228,-3.16500629
-12.29956002,19.88872480,-1.02413703
-12.33885213,19.66341405,-2.15244396
12.99236098,21.84751307,-1.34920454
12.91203921,21.90323483,-0.32046878
-7.71970272,32.61197363,-3.25693108
7.01728419,32.94954384,-2.48553901
-11.93330700,19.01024617,-0.88352821
-11.95925221,18.70809515,-2.02020728
12.47856595,20.90638039,-1.22558930
12.37536753,21.00123242,-0.14242797
7.92417981,32.73856901,-2.40791819
-8.38906293,32.14585802,-3.33080902
-11.33239365,18.51338869,-0.88976443
-11.36250095,18.17424667,-2.00050294
11.73542602,20.32249306,-1.21712231
11.58641205,20.46236910,-0.10073583
8.91615658,32.49454499,-2.31309480
-9.14073045,31.66429626,-3.39272344
-10.79204978,18.06811042,-0.84346510
-10.81986431,17.70412212,-1.94024347
11.10167370,19.67589658,-1.20979242
10.90648776,19.85721217,-0.07347775
-9.79552237,30.97552829,-3.45476087
9.84830084,32.02416683,-2.25412661
-10.16305457,17.77299549,-0.81508374
-10.18384524,17.40582639,-1.90452946
10.41719191,19.13029244,-1.26998255
10.16874027,19.34354607,-0.12445653
-9.57584689,17.51850145,-0.75600589
-9.58566798,17.15778955,-1.84469469
9.81849510,18.56116613,-1.32929789
9.53150494,18.78547253,-0.18830161
2.81929635,16.47017237,-1.40823579
3.66905247,16.32792963,-1.45652062
2.70271453,16.58047102,-0.34299146
3.53391279,16.45588986,-0.38326801
4.42987954,16.22345786,-1.49741947
4.27947352,16.35111146,-0.44772133
-3.11709857,16.81072186,-0.06364372
-3.92640822,16.73271793,-0.12299836
-3.04786520,16.77351002,-1.12177132
-3.85096671,16.66986935,-1.16284014
-2.21336744,16.88244715,-0.06736324
-2.15501919,16.86503463,-1.11553329
-8.77086107,17.22604076,-0.66764653
-8.74812302,16.89703384,-1.74043578
9.02708892,17.80597118,-1.40965560
8.73604655,18.00987416,-0.30484592
-1.34853070,16.91270808,-0.08892031
-1.29515106,16.89761944,-1.13013059
1.98980391,16.60098784,-1.34587363
1.89168048,16.69175621,-0.28950742
1.17249514,16.71725281,-1.28206393
1.09205185,16.77783205,-0.23091172
-0.51667578,16.89435027,-0.12595137
-0.46006664,16.87578734,-1.16798367
0.35912847,16.80315657,-1.22198640
0.29314100,16.83879841,-0.17696232
-4.76907267,16.62419652,-0.18893850
-4.68647345,16.52922402,-1.21278954
5.21753439,16.12276798,-1.50954973
5.05449507,16.24280170,-0.48326644
-8.01851407,16.95256924,-0.56207394
-7.96651613,16.66615394,-1.61688365
8.30868077,17.11726105,-1.46124280
8.04350484,17.27999304,-0.39764671
10.89224543,31.55181367,-2.18983384
-10.59316974,30.34913289,-3.49226118
6.00490566,16.18172469,-1.54327558
5.82281743,16.29652182,-0.51494420
-5.60200501,16.62732251,-0.28268432
-5.51328305,16.48839873,-1.31640686
7.55297477,16.65521608,-1.51963411
7.31754487,16.78634537,-0.47341970
-7.22416152,16.78473519,-0.46995761
-7.14998465,16.54693555,-1.52045311
6.82185306,16.26559031,-1.53904349
6.62148314,16.37621709,-0.50369513
-6.46175214,16.60354638,-0.36917787
-6.37120471,16.41756619,-1.41281193
11.38415087,30.74920184,-2.18907153
-10.89855635,29.43091547,-3.48790908
-11.34265448,28.61920419,-3.44374253
11.90874870,29.95756242,-2.17890620
12.18679191,29.09885310,-2.18840739
-11.65287556,27.80605226,-3.37837451
-12.01895562,27.02808728,-3.30875175
12.46527360,28.24966030,-2.19257105
-12.36902099,26.08893902,-3.19994621
12.70793374,27.26744973,-2.14098268
-12.66344329,25.08166543,-3.12197976
13.00307242,26.31528215,-2.10661027
13.31441336,25.37308731,-2.09310945
-12.86793681,23.98089760,-3.05237643
-13.09994469,22.83124901,-2.95807571
13.74156510,24.44187730,-2.08340975
-12.97071408,21.73867171,-2.89056188
13.69619843,23.57368056,-2.09734651
13.73895723,22.66908028,-2.07555185
-12.94527178,20.65170483,-2.78969301
-2.65206550,34.47734709,-3.47221097
-1.77399577,34.32831514,-3.45546852
1.87242717,33.84281491,-3.43183001
0.93139439,33.99642690,-3.42297608
-3.49055614,34.47275951,-3.52506648
0.00732166,34.06993371,-3.43545869
-0.89414344,34.22675865,-3.44486001
2.84707216,33.80438421,-3.42406368
-4.34257782,34.47527819,-3.58790558
-12.44543971,19.59566071,-2.72400811
13.13528411,21.78682114,-2.03665389
-5.13792070,34.23570940,-3.65147938
3.82324772,33.63599290,-3.40004903
4.85964520,33.53572630,-3.35521002
-5.96144135,33.95724158,-3.71961496
5.93722756,33.37190297,-3.29846141
-6.77072423,33.52195660,-3.79421514
12.65698463,20.82084479,-1.95156492
-12.06444468,18.59019467,-2.62053823
-7.64004159,32.99414843,-3.86826889
7.11836695,33.18023304,-3.21885154
11.94055655,20.22085744,-1.95561826
-11.46388149,18.03919981,-2.59530842
-8.29984110,32.50924685,-3.92744512
8.03998940,32.94562834,-3.16229583
-10.91610790,17.55024170,-2.54289426
11.32762977,19.56907880,-1.96244481
-9.04132968,31.99370076,-3.98224516
9.05237989,32.66661537,-3.09972118
-10.26860177,17.25177033,-2.50661731
10.65238203,19.03641233,-2.01559936
10.05298359,18.49369077,-2.06765372
-9.65764726,17.00461218,-2.45367238
9.99357596,32.14379964,-3.05279528
-9.68700235,31.24718883,-4.01940540
-8.78466400,16.75346827,-2.36800029
9.23145302,17.78514335,-2.14148556
-7.97057389,16.53612768,-2.26695188
8.47737493,17.13773394,-2.19118707
2.89525076,16.42085595,-2.14409932
3.75103346,16.28391313,-2.19655220
-2.11803226,16.83019205,-1.83532301
-3.00711952,16.73104498,-1.84015043
-3.80871681,16.62484764,-1.87505173
4.51862265,16.19942953,-2.23685130
2.05821679,16.54845632,-2.07788221
-1.25833193,16.86209749,-1.85098068
5.31278315,16.12269893,-2.25028968
-4.64182849,16.47543125,-1.92014757
7.68785683,16.69720829,-2.23713277
-7.12867923,16.44191444,-2.17769081
-0.41814745,16.84388325,-1.89271359
1.23148747,16.67447274,-2.01254999
6.10528632,16.20674947,-2.26719780
-5.46915412,16.42309673,-2.00166443
0.40882664,16.76859118,-1.95002911
6.92962343,16.31260532,-2.25285545
-6.33076154,16.33711000,-2.07923664
11.03929946,31.61906229,-3.01086812
-10.47923290,30.55742586,-4.04721297
-10.80750234,29.58303249,-4.01092267
11.54857898,30.78209574,-2.99425337
-11.29110922,28.72738977,-3.95543590
12.08138822,29.96533655,-2.97509413
12.33030378,29.08669708,-2.95757633
-11.63098093,27.88156120,-3.87276795
-12.03410265,27.07892666,-3.79164092
12.57183095,28.22099905,-2.93738675
-12.43078530,26.15741088,-3.68395109
12.79325653,27.26549790,-2.88297608
13.06474714,26.32940360,-2.84047703
-12.76338141,25.16782820,-3.59523423
13.35301769,25.39178806,-2.81015392
-12.98774156,24.08043775,-3.51454880
13.75349811,24.45346424,-2.78863200
-13.21896223,22.92999702,-3.43782001
-13.10516282,21.84191432,-3.37766325
13.74050169,23.57351485,-2.78177207
-13.08329793,20.74230849,-3.32055818
13.80954149,22.66055544,-2.76405316
-12.59694144,19.67875439,-3.26317681
13.26401196,21.77177673,-2.72540971
12.82912790,20.81835099,-2.67878063
-12.22489438,18.64385814,-3.19602285
12.13106234,20.24193925,-2.68776394
-11.62443588,18.08806012,-3.16793494
11.52782969,19.62922552,-2.70722135
-11.07536546,17.58596783,-3.12774909
10.84541241,19.14826754,-2.74730315
-10.41630589,17.28848400,-3.09008910
10.23315117,18.66219738,-2.79008253
-9.79265294,17.04056471,-3.04451847
9.36372004,18.02889030,-2.85888435
-8.87430037,16.80137430,-2.97811993
8.56800340,17.43380896,-2.91366593
-8.01835043,16.59744093,-2.90391478
-7.14171298,16.52524302,-2.83638834
7.74837965,17.01386229,-2.96260584
-2.08777764,16.93674527,-2.57140286
-2.97580744,16.83610983,-2.57326963
2.94875744,16.55986602,-2.88968565
3.80019523,16.44498800,-2.94624064
-3.78039057,16.73826277,-2.59967050
4.56609405,16.39887055,-2.98571694
-4.61551703,16.59118183,-2.63759144
5.35752164,16.36443638,-3.00217476
2.11266874,16.66775050,-2.82157900
-1.22642755,16.96510075,-2.58894230
6.14631392,16.48805352,-3.00879423
-5.44667495,16.53540541,-2.70054116
6.96955025,16.63061766,-2.99298225
-6.31506918,16.44150923,-2.76445074
-0.38023959,16.95613638,-2.63021790
1.28183291,16.79314240,-2.75254839
0.45321968,16.88609097,-2.68696330
1.89957904,33.91208243,-4.06142795
0.97098604,34.07293588,-4.06566516
-3.38912847,34.53454951,-4.17308214
-2.56107777,34.54472246,-4.13037866
-1.69699618,34.39960751,-4.10564156
0.05763262,34.14683800,-4.07665344
-0.83030535,34.30727947,-4.09251467
-4.23255286,34.53648694,-4.23002284
2.86799430,33.86815205,-4.04948682
-5.03382579,34.31212331,-4.26966051
3.84406165,33.69981904,-4.00832138
4.89001033,33.60067102,-3.95626688
-5.86858798,34.05101900,-4.31733749
5.98154869,33.42324185,-3.89064521
-6.69276428,33.62177796,-4.36185798
-7.58451855,33.09321948,-4.40974149
7.19241984,33.20983614,-3.81559698
-8.24284304,32.60706907,-4.44769522
8.11357408,32.94799478,-3.76809305
-8.98429619,32.08548452,-4.48780016
9.12920207,32.63458229,-3.72463504
-9.62887818,31.32637039,-4.49860239
10.06294087,32.06971018,-3.68253193
-10.42032035,30.62028138,-4.51524310
11.09642956,31.50440328,-3.65666182
11.60603007,30.64439718,-3.60973986
-10.77010358,29.62854631,-4.44249403
-11.28127527,28.75746558,-4.37250004
12.13480549,29.81305536,-3.57079998
12.35125697,28.92700470,-3.52380308
-11.62951010,27.89669584,-4.27501118
12.56351444,28.05979833,-3.48106673
-12.04507478,27.08181812,-4.18744929
-12.45660455,26.18769094,-4.07984787
12.77068628,27.14595033,-3.41683335
13.02907409,26.24671340,-3.36561875
-12.80827277,25.23011990,-3.98570425
-13.04817423,24.17898318,-3.90046852
13.30237163,25.34179324,-3.32594557
-13.27945090,23.05960761,-3.83626380
13.67769006,24.42987402,-3.30173266
-13.19298943,22.00583217,-3.78461931
13.69227246,23.57599176,-3.28346947
-13.18147046,20.93166832,-3.76079903
13.77940036,22.69424706,-3.27316011
-12.72334705,19.89418840,-3.70664268
13.28808448,21.84081875,-3.22997903
12.89012777,20.94126214,-3.20684186
-12.36682687,18.86626242,-3.66499385
-11.77309846,18.31688506,-3.62881145
12.20827492,20.41414701,-3.20918562
11.61198937,19.86119512,-3.22985968
-11.22788943,17.81113215,-3.59211980
10.92707168,19.44188404,-3.26070883
-10.56721340,17.51630539,-3.55238447
-9.93914867,17.26828789,-3.51215299
10.30889305,19.01649782,-3.29923544
-8.98306859,17.04008168,-3.45381626
9.40396120,18.45560661,-3.36163160
-8.09048222,16.84905165,-3.39568394
8.58067541,17.91086725,-3.41959216
-7.18239950,16.79140455,-3.33692843
7.74471984,17.50662485,-3.46527982
6.95557903,17.12605042,-3.50181562
-6.32792795,16.72197845,-3.27850144
3.81357702,16.79359976,-3.46306546
4.57525516,16.78928852,-3.50134872
-2.96548220,17.08761687,-3.10846468
-3.77558393,17.00476118,-3.13427840
2.96944331,16.87927011,-3.40539935
-2.07669858,17.18528958,-3.10323958
5.36019366,16.79892291,-3.52134428
-4.61550366,16.86918640,-3.17263178
6.14079477,16.95389434,-3.51899207
-5.45255741,16.81542345,-3.22331678
2.13759012,16.95869978,-3.33963846
-1.21324676,17.21024863,-3.11783774
-0.36239153,17.21552784,-3.15486132
1.30619399,17.07479824,-3.27155130
0.47513778,17.15828918,-3.20917892
1.04544819,34.02022015,-4.75779639
0.14239569,34.08480090,-4.77262239
-2.44745665,34.42985319,-4.84609496
-1.59205949,34.30494825,-4.81395342
-3.27021249,34.39874800,-4.87882205
1.95918867,33.85808763,-4.73579334
-0.73415773,34.23662530,-4.79908410
-4.10993472,34.38485741,-4.93003757
2.91655994,33.80825445,-4.71298249
-4.92122462,34.16361279,-4.94109597
3.88573207,33.63291272,-4.64318297
-5.77142702,33.91014555,-4.96294616
4.93303786,33.52263862,-4.57059847
6.02880387,33.31645264,-4.48552537
-6.61480194,33.48444628,-4.97468204
-7.53586641,32.96246329,-4.99235681
7.25668324,33.06332033,-4.40223125
-8.19884992,32.48922807,-5.00885543
8.16465941,32.76498133,-4.35497519
-8.94855505,31.98528138,-5.03561988
9.16740082,32.41221030,-4.32066460
10.07576263,31.81160344,-4.26731145
-9.60002069,31.24979284,-5.01708212
11.07747046,31.21510416,-4.24217573
-10.39540882,30.56494236,-5.02314802
-10.76519704,29.58864905,-4.91534078
11.57474395,30.34520601,-4.15957574
-11.29530263,28.72588417,-4.83489924
12.09018014,29.51236099,-4.09907141
12.27569124,28.63902459,-4.01750456
-11.63611470,27.86278780,-4.71981936
-12.04372628,27.04377433,-4.62562092
12.46659694,27.79066422,-3.95071030
12.66511699,26.93509734,-3.87541102
-12.44647844,26.18228927,-4.51847292
12.91554846,26.09175521,-3.81829622
-12.79944780,25.26530838,-4.42325358
13.17703992,25.24210371,-3.77585792
-13.04713918,24.26454074,-4.33771519
13.52678582,24.38210721,-3.75783244
-13.27773367,23.19624656,-4.28517092
13.56710818,23.58028744,-3.74149049
-13.22487565,22.19471352,-4.24370440
13.66833277,22.75467720,-3.74749502
-13.22944570,21.16714877,-4.24782632
13.23517802,21.96025444,-3.69845281
-12.81408015,20.17384171,-4.18695476
-12.48280336,19.17425719,-4.15854525
12.87820924,21.13286157,-3.68993036
-11.90470873,18.64008349,-4.10954356
12.22323589,20.66219950,-3.68355618
-11.37006287,18.13894937,-4.07160847
11.64283380,20.17356675,-3.70329513
10.96507327,19.81270198,-3.71916024
-10.71406242,17.84601681,-4.01984288
10.34946287,19.44336521,-3.74811473
-10.08693816,17.59536344,-3.97593203
9.42063993,18.94889823,-3.79672737
-9.09948992,17.37110511,-3.91374791
8.57830136,18.45153415,-3.85032099
-8.17395701,17.18611153,-3.86151351
-7.23701982,17.13648594,-3.80901238
7.73207219,18.06826860,-3.89047893
-6.35510137,17.07611954,-3.76183811
6.93565748,17.69766988,-3.92921781
-2.96479079,17.38421726,-3.59106125
-3.78184703,17.31988803,-3.62142087
3.82176768,17.22085543,-3.89502786
4.58017616,17.26115910,-3.92935745
-2.07449415,17.47791077,-3.57856011
2.98407228,17.27264162,-3.84122860
-5.47210362,17.15883137,-3.71065248
6.13103297,17.49950830,-3.94395202
5.35890153,17.31618620,-3.95124140
-4.62793417,17.20335112,-3.66553115
-1.20815299,17.50124712,-3.58789836
2.15570294,17.31826838,-3.78374100
-0.35253755,17.52314727,-3.61288375
1.32285037,17.41654732,-3.71665709
0.48901983,17.48247032,-3.65870964
-1.44254689,34.02278784,-5.70948058
-0.59341161,33.99728390,-5.69336967
0.26965539,33.86944334,-5.65327612
-2.29032247,34.10656933,-5.74846210
1.15867198,33.82503776,-5.63162388
-3.11015407,34.03669029,-5.76571761
2.05089937,33.66751014,-5.58424008
2.98894620,33.60949551,-5.54216639
-3.94885778,33.98995462,-5.80541444
3.94193522,33.41652841,-5.43829759
-4.77139424,33.75869745,-5.78513884
-5.63863971,33.50457949,-5.77799592
4.97927010,33.27820962,-5.33821997
6.06537029,33.02298713,-5.22067491
-6.50432688,33.08549288,-5.74933759
7.29239634,32.70990890,-5.11537104
-7.46026190,32.58628688,-5.73339711
8.17034872,32.36921031,-5.05705093
-8.13140718,32.14777203,-5.72923940
9.13890119,31.97815610,-5.02177267
-8.89280657,31.69157863,-5.75044347
-9.55022304,31.01660184,-5.71499786
10.00065732,31.35159492,-4.95003031
-10.34323201,30.38912647,-5.73028121
10.94757622,30.73682523,-4.92352705
11.42068480,29.87581997,-4.79955900
-10.71845174,29.45784872,-5.59266464
-11.24267760,28.62222197,-5.51258554
11.91557839,29.06084643,-4.72005119
12.08215260,28.22765024,-4.59888040
-11.55052423,27.76728283,-5.37320400
-11.92326504,26.95128839,-5.26999556
12.26558140,27.42410190,-4.50781080
12.46099391,26.64166286,-4.42942591
-12.29074970,26.12690035,-5.17037883
12.70670933,25.86993125,-4.37898068
-12.62760201,25.25902333,-5.08477572
12.95923729,25.09483592,-4.34141750
-12.88120319,24.32276213,-4.99890820
-13.11947753,23.32425402,-4.95472114
13.28140739,24.30607259,-4.33972908
13.34234895,23.57332530,-4.34498383
-13.11291620,22.38936265,-4.92694604
-13.15000493,21.42274079,-4.95653463
13.45060881,22.81959842,-4.38643901
13.08365333,22.09871716,-4.32596906
-12.80506120,20.48541910,-4.86521139
12.77662409,21.35213031,-4.32481096
-12.52287825,19.52816314,-4.82665670
-11.97290360,19.01981923,-4.75557020
12.16137238,20.94129246,-4.30862135
11.60838925,20.51853091,-4.32791072
-11.45895117,18.53352486,-4.70849925
10.95171334,20.21340094,-4.31630644
-10.81598482,18.24422473,-4.62804940
10.35012335,19.89618045,-4.32486616
-10.19700679,17.98818644,-4.56753395
9.41094954,19.46774579,-4.34839928
-9.18522667,17.76030830,-4.49274156
-8.23116298,17.57036882,-4.44312044
8.55852644,19.02003719,-4.38826099
7.70879424,18.65337557,-4.40723021
-7.26722805,17.50984748,-4.38963354
6.90922280,18.28722962,-4.43320471
-6.35849920,17.44018549,-4.34698723
6.11749696,18.06199019,-4.44230013
-5.46779075,17.49493190,-4.30233215
5.35572636,17.84754687,-4.45262313
-4.61652703,17.51563596,-4.26322803
-2.05211739,17.72646293,-4.15369637
-2.94219757,17.64282996,-4.17800782
3.83182133,17.65323836,-4.40448153
4.58522706,17.74347863,-4.43070103
-3.76525028,17.60353084,-4.21308359
3.00281957,17.65871226,-4.35715858
-1.18474508,17.74518000,-4.15492754
2.18066689,17.65839234,-4.31213141
-0.32754144,17.78685613,-4.16184908
1.34890416,17.72856474,-4.24680950
0.51501818,17.76897152,-4.19496372
0.41354665,33.51274481,-6.68302929
-0.42894222,33.60177185,-6.74329290
-1.26594660,33.57856383,-6.74663348
1.28091967,33.49865531,-6.64769773
-2.10443872,33.61492767,-6.77711544
2.14617810,33.34700346,-6.58775354
-2.91724905,33.49511716,-6.78192161
3.05774654,33.27519948,-6.54009201
-3.75229137,33.40719935,-6.81161035
3.98411099,33.05865301,-6.40151232
-4.58362886,33.16611494,-6.75061651
-5.46582664,32.91884652,-6.70653157
4.99749979,32.88219103,-6.27109620
6.05617738,32.57530631,-6.11077365
-6.35168737,32.52874510,-6.63181702
-7.33896753,32.08558032,-6.58662875
7.25782475,32.20925113,-5.97098479
-8.01682263,31.70555998,-6.57937259
8.09254997,31.84151214,-5.90079655
-8.78678503,31.32205691,-6.61717983
9.01202131,31.43457885,-5.86560854
9.81742029,30.81458061,-5.76708345
-9.44227825,30.73002441,-6.58277667
-10.22195079,30.17707633,-6.62197894
10.70487109,30.21409620,-5.73565079
-10.57692498,29.29811717,-6.46654852
11.15007247,29.38435820,-5.56474255
11.63015971,28.60800681,-5.46755409
-11.06755161,28.49410384,-6.38951806
-11.32360730,27.64936199,-6.22363251
11.79496540,27.82562907,-5.30576936
11.98655187,27.07559016,-5.19183735
-11.64936105,26.83893202,-6.10656134
12.19458280,26.36590790,-5.09738129
-11.98202826,26.04443934,-5.99242900
12.44736725,25.66238578,-5.04235755
-12.30804108,25.21611623,-5.89369890
12.70071753,24.95070491,-5.00691098
-12.57734490,24.33057619,-5.79198951
-12.84446479,23.38706990,-5.73127488
13.00972095,24.22097722,-5.01670608
-12.89264202,22.49879117,-5.69247599
13.08701885,23.54027022,-5.04345416
13.20417508,22.83647587,-5.11339325
-12.98085629,21.57084550,-5.70844876
-11.95178349,19.24376340,-5.33811613
-12.47755093,19.73514940,-5.44161651
-12.70552796,20.66738159,-5.53986755
12.63007557,21.47088921,-4.97473530
12.89122352,22.16802813,-5.00698375
12.04928297,21.09343760,-4.94292630
11.52378561,20.70452328,-4.95409804
-11.45704325,18.76758420,-5.26840832
-10.21463375,18.22352400,-5.06545454
-10.82499300,18.48294670,-5.15204214
-9.19137190,17.98842035,-4.97688665
9.37465291,19.74900844,-4.87529688
10.30761319,20.14091223,-4.88095758
10.89086841,20.43033495,-4.90442488
-8.22238854,17.78634388,-4.92703247
8.52577996,19.32739781,-4.89426213
7.68089701,18.97019990,-4.88398523
-7.24359690,17.70770394,-4.87147990
6.88461348,18.60505610,-4.88808937
-6.32037476,17.62106654,-4.83031822
6.10370993,18.36038327,-4.88580787
-5.42405671,17.64672483,-4.79113967
-4.56853598,17.64279606,-4.75558496
5.35121359,18.12277639,-4.89187535
-3.71570896,17.70611093,-4.69605469
4.58856411,17.98418385,-4.86068268
-2.89174708,17.72519449,-4.65225049
3.84148275,17.85828800,-4.83242413
-2.00328306,17.79900743,-4.62924632
3.02201512,17.83210647,-4.79677773
2.20874643,17.79918167,-4.76816923
-1.13752260,17.81320833,-4.63465355
0.55402217,17.86735079,-4.65754728
1.38279135,17.84673286,-4.70491868
-0.28408715,17.86777076,-4.63140212
-1.89724626,33.04905035,-8.23120312
-1.06888101,33.06077893,-8.21096915
2.26019214,32.93599248,-8.07707714
1.42105547,33.08716750,-8.12936087
0.57560131,33.07747878,-8.15900362
-2.70497167,32.88113995,-8.21914456
-0.24668391,33.13912891,-8.22436866
-7.22007632,31.55532642,-7.94117989
-6.19356000,31.91497533,-7.97320628
7.25082177,31.56853902,-7.52378035
6.07959524,31.98260198,-7.64963565
8.04022090,31.20227902,-7.46027185
-7.91266789,31.25975847,-7.95432359
3.14967545,32.84510590,-8.05208583
-3.54354416,32.76300619,-8.23573945
5.04766362,32.35493511,-7.80163664
-5.28537572,32.26662227,-8.06590156
4.05411409,32.58611346,-7.91845521
-4.38404695,32.50260173,-8.13767790
8.91183042,30.82094663,-7.43921756
-8.70416469,30.97576375,-8.02608708
-9.35518507,30.47173799,-8.02745828
9.65264983,30.22972961,-7.33917754
10.48354142,29.67155401,-7.32119102
-10.12841124,29.99734638,-8.10137109
-10.43269953,29.15904966,-7.95377304
10.88223469,28.86430721,-7.11669062
-10.87212362,28.37791958,-7.87408446
11.34692174,28.12418949,-7.01113168
11.49371568,27.37145424,-6.81203484
-11.04144431,27.53241614,-7.68686579
11.68605023,26.66343170,-6.66805161
-11.30068430,26.71994058,-7.54313774
-11.58348256,25.94623443,-7.41261805
11.89499108,26.01281618,-6.55575084
12.69502744,24.04581088,-6.40521385
12.39844986,24.71711485,-6.42470997
-12.62064817,22.56567025,-6.88147129
-12.48840297,23.41477194,-7.03685013
-12.17873285,24.30765916,-7.15512100
12.80556805,23.42089767,-6.34755576
-11.89319617,25.14940504,-7.29163522
12.14885804,25.36948075,-6.48401171
12.44720619,21.49340166,-6.15962627
12.67128965,22.14410208,-6.20641465
-12.40035996,19.90014855,-6.38416608
-12.57171392,20.79921275,-6.53964326
11.91229875,21.14061456,-6.07105017
-11.90085727,19.42327300,-6.21340207
-10.20040143,18.43262701,-5.85810689
-10.80451746,18.68550438,-5.95313001
9.34469874,19.92262502,-5.84319585
10.26148039,20.27591788,-5.91879739
-9.16104925,18.18422180,-5.74285341
10.82173865,20.53286229,-5.96031194
12.95181346,22.76822425,-6.32444810
-12.78903025,21.66720552,-6.75992840
-11.42902266,18.95521701,-6.08277304
11.42766157,20.77555528,-6.02565215
-8.17423075,17.95881940,-5.67987721
8.50673536,19.53109791,-5.79511032
6.10964022,18.59239516,-5.65480264
6.87841928,18.84892441,-5.69788782
-6.23150787,17.74084467,-5.60629960
-7.17465155,17.85326273,-5.63542779
-5.32555343,17.72776533,-5.56874940
7.66933845,19.19831754,-5.73626449
3.87942382,18.01613085,-5.57719622
4.61609620,18.17253739,-5.59708983
-1.88994168,17.78490453,-5.41865938
-2.77552062,17.72486838,-5.44788301
3.07430360,17.94952513,-5.54420424
-3.60390733,17.72770243,-5.48143200
5.36824608,18.33582167,-5.62950743
-4.46400383,17.69248311,-5.52856376
-1.02983098,17.79449985,-5.41863040
2.27540245,17.87574685,-5.52272335
-0.18074681,17.86148012,-5.43203712
1.46446485,17.89151485,-5.49050299
0.65035958,17.88341870,-5.47470255
-1.06317679,32.02163881,0.09412267
-0.07650140,31.97693981,0.10824003
-2.01882295,31.97150620,-0.01585985
-2.96977417,31.97389594,-0.12601227
0.89062105,31.99590021,0.10817627
1.83900858,32.07755450,0.09172650
-3.91830252,32.01982473,-0.23445780
2.77886706,32.22078486,0.05616141
-4.87399253,32.09803865,-0.34034193
-5.64804007,31.81683268,-0.47337107
3.65210337,32.08844306,-0.03427942
-6.43701001,31.53531066,-0.58508546
4.53936968,31.98867520,-0.09736764
5.46422530,31.90237089,-0.11572242
-7.26251610,31.24699328,-0.66993381
-8.15079203,30.95837550,-0.72600930
6.45237019,31.80992063,-0.08007080
7.23080536,31.62908192,-0.07783222
-8.77630002,30.63802933,-0.84161283
8.08915818,31.43254068,-0.04622279
-9.47026910,30.32911418,-0.93946409
-10.25887380,30.05297025,-1.01894729
9.06909220,31.22751854,0.00060416
-11.16701509,29.83379931,-1.08141365
10.23767988,31.02790663,0.04287787
10.49694019,30.25857275,0.06620186
-11.21830266,29.02754356,-1.08900274
10.82569158,29.48033598,0.08708124
-11.35158702,28.27836627,-1.05423070
-11.54779646,27.56315232,-1.00334883
11.22355307,28.69314694,0.09938358
11.68022803,27.91522150,0.08882170
-11.79055649,26.85680532,-0.96778622
12.09292002,26.93350992,0.18596383
-12.00438477,25.92303656,-0.73954783
-12.23968338,24.93246700,-0.60781432
12.57548182,26.00878006,0.22214129
-12.55088658,23.90650606,-0.47614615
13.13293061,25.13996285,0.20063955
13.79027976,24.29649718,0.16041066
-13.00129013,22.87994291,-0.23950108
13.26895617,23.54217829,0.17495259
-12.58199293,21.88630316,-0.29214415
12.87762772,22.77577875,0.21182891
-12.30833466,20.93803372,-0.24063637
12.61071854,21.94184019,0.33079647
-12.15687345,20.03662774,-0.10102829
-12.09874389,19.18084180,0.08716071
12.47397228,20.99381552,0.55075885
-11.39820139,18.75825700,0.03068954
11.57553883,20.54951417,0.60267965
-10.77081239,18.37683333,0.02391735
10.78610167,20.05016262,0.62398439
10.09344946,19.49409503,0.61632460
-10.20009486,18.03184051,0.06011080
-9.67238281,17.71063825,0.12036478
9.49228258,18.88299186,0.57926881
8.60585508,18.19797561,0.43965197
-8.82107894,17.43855914,0.16227546
7.85107832,17.53792888,0.31218130
-8.02741375,17.18168090,0.21887347
7.17105206,16.95250078,0.21776771
-7.27420090,16.92107715,0.28128682
-3.17102825,16.66685286,0.55042788
-3.97346184,16.69695885,0.49964136
3.48623420,16.40915018,0.25229743
4.20335254,16.41201645,0.18121607
-2.25358438,16.73254566,0.53584823
2.66093214,16.51785408,0.28403906
-1.37926945,16.76893994,0.50788889
1.85618882,16.61352937,0.32717770
1.06170763,16.69255707,0.37184303
-0.54275717,16.77416744,0.46579205
0.26642785,16.75182487,0.41231206
4.94421250,16.41286113,0.13900895
-4.80285129,16.70165621,0.44505386
-6.54732962,16.64205156,0.34492805
6.52757714,16.45203583,0.16679822
5.71550095,16.42181847,0.13271794
-5.66021697,16.68140289,0.39150872
4.66322882,18.22091859,-6.30714447
5.39219039,18.44236857,-6.33852945
6.14163735,18.66348128,-6.38909688
-4.35175686,17.71492080,-6.25334630
-5.23912459,17.73309520,-6.28397121
-3.50397238,17.67069012,-6.22194163
-6.17648542,17.73485916,-6.30284202
6.92009853,18.88040066,-6.45930278
3.94643703,18.00058105,-6.29311634
-2.68616537,17.59768376,-6.20064064
-7.10395260,17.92102561,-6.31326336
7.68487519,19.24666951,-6.51822812
-1.78320450,17.72229318,-6.16427061
3.13864631,17.97838103,-6.25082349
8.49036979,19.59402604,-6.59355456
-8.08487727,18.10256003,-6.33590255
2.34120057,17.94674469,-6.22074717
-0.91741888,17.80035783,-6.14934088
9.35215630,19.91624397,-6.68510728
-9.12075357,18.28743519,-6.38917632
1.54535478,17.90056233,-6.20163942
-0.07867608,17.83495349,-6.16018680
10.29310759,20.20764958,-6.79050963
-10.21149335,18.48818115,-6.49631060
-10.72289122,18.83407647,-6.58315128
10.75910760,20.52304365,-6.82170269
0.74183699,17.83318119,-6.19415624
-11.25217927,19.18749701,-6.70163119
11.26146823,20.82463236,-6.87220147
-11.80476032,19.55136004,-6.85445442
11.80897055,21.11673760,-6.94714819
-12.38789019,19.92938249,-7.04303152
12.41161340,21.40652315,-7.05119434
12.40278446,22.06951179,-7.09087532
-12.32081614,20.85590600,-7.19814052
-12.29467542,21.73705979,-7.38741663
12.43516361,22.70010244,-7.16670741
-12.31249502,22.57369463,-7.61025823
12.51037157,23.30651851,-7.28000509
-12.37680622,23.37230945,-7.85333468
12.63071045,23.89915004,-7.42987758
-12.03935147,24.24552135,-7.99045368
12.32968413,24.55440215,-7.47684483
12.07313390,25.19574457,-7.54437790
-11.73849179,25.07233596,-8.12927293
11.86047469,25.83603641,-7.63488115
-11.47503706,25.86655987,-8.26749881
11.69182592,26.48972839,-7.75091872
-11.25416663,26.64536624,-8.40895619
-10.83255225,27.42309063,-8.48349191
11.31535593,27.17219337,-7.80154769
10.99513551,27.89707384,-7.90286874
-10.50274788,28.21716557,-8.58836327
7.34814631,31.39539816,-8.46360293
6.12631523,31.74965752,-8.52558497
8.02568393,30.91769900,-8.35918276
-7.84049189,31.03175962,-8.70527052
-7.25578516,31.42159064,-8.73910184
-6.15190752,31.68610874,-8.72155128
-8.50812187,30.65031177,-8.72404074
8.77281150,30.44039918,-8.28751041
9.60401753,29.97692891,-8.26747105
-9.28896701,30.28905584,-8.80177233
-10.29010074,29.05513967,-8.73668506
10.73354389,28.68321829,-8.06986336
10.53679970,29.54712592,-8.31938742
-10.21386738,29.96064322,-8.93337873
-5.19111937,31.96977393,-8.77775197
5.05115652,32.07662519,-8.61903233
4.09061434,32.40623276,-8.73024357
-4.32050940,32.27741447,-8.87919544
-3.50626487,32.62512855,-9.00947675
3.21544946,32.76344343,-8.86257191
2.29316608,32.73065306,-8.83290224
1.43591752,32.76175205,-8.84262796
-2.62852651,32.63204690,-8.94870379
-1.80102461,32.69780142,-8.92602779
-0.99561012,32.82645714,-8.93743496
0.61774257,32.86001784,-8.89132074
-0.18747418,33.02875381,-8.98229308
