0.70188666,15.86642888,1.85934347
-0.52718565,15.85663337,1.78602528
0.67789827,15.85098144,1.97766031
-0.55413051,15.84156376,1.90358944
-1.73347428,15.79729675,1.69523933
-1.76184638,15.78605723,1.81184257
-2.90196908,15.67258551,1.59732271
-2.93023145,15.66654220,1.71251618
-4.02665990,15.48243901,1.49386739
-4.05333878,15.48434499,1.60826632
-5.43879582,31.17034136,1.73059724
-4.22357426,31.15001104,1.93985252
-5.47283691,31.20228344,1.85838188
-4.25395761,31.18339873,2.07005815
-3.00902901,31.15568565,2.15489428
-3.03690097,31.19329472,2.28524581
-1.80316741,31.18083387,2.37364301
-1.82861950,31.22135629,2.50236937
-0.60650484,31.22028515,2.57105648
-0.63018730,31.26461188,2.69741162
-4.94019333,15.46813486,1.37990107
-4.96379599,15.47655594,1.49202394
-5.84016760,15.43115770,1.26570368
-5.85979700,15.44638857,1.37564256
-6.73552671,15.39079240,1.15746540
-6.75085908,15.41147557,1.26478169
-7.63524846,15.36949987,1.05740375
-7.64787194,15.38985656,1.16152859
-9.82875863,30.11738335,1.07717329
-8.73029364,30.38093034,1.24683149
-9.88143740,30.15721070,1.19447639
-8.77800645,30.41751904,1.36619960
-7.63631498,30.63022298,1.41687220
-7.67969777,30.66490772,1.53892284
-6.53921715,30.88786016,1.57314981
-6.57783798,30.92049807,1.69739003
-8.48478783,15.55808841,0.93541699
-8.49467790,15.57928265,1.03759612
-9.36906363,15.76639063,0.81245468
-9.37753788,15.78601515,0.91434215
-10.29276761,16.04500602,0.69739082
-10.30128271,16.05825651,0.79954765
-11.25790598,16.36931424,0.60288535
-11.26840299,16.37359707,0.70418017
-11.93365503,16.75350599,0.55095463
-11.94541996,16.75334620,0.65145225
-12.63321621,17.17020919,0.51748303
-12.64702720,17.16364583,0.61670475
-13.32931168,17.58703583,0.49090735
-13.34523414,17.57523077,0.58837799
-14.03778169,18.02554622,0.46008655
-14.05795818,18.01272156,0.55665999
-13.26236997,28.76896803,0.42579730
-12.36329882,29.12612108,0.58652640
-13.32509125,28.80611343,0.53548363
-12.42299021,29.16386230,0.69899928
-11.50322607,29.48022038,0.74892092
-11.56147993,29.52004889,0.86253496
-10.65728116,29.81228908,0.91158811
-10.71317056,29.85247625,1.02741392
-14.44722247,18.98857548,0.42963241
-14.48104726,18.98648744,0.52868292
-14.83300534,19.92462618,0.42089094
-14.88072823,19.92850690,0.52447399
-15.18729369,20.85075059,0.46256670
-15.24530867,20.86032665,0.57229600
-15.53997589,21.77990943,0.54343227
-15.60859114,21.79327255,0.65926909
-15.26267518,22.81014613,0.52579759
-15.32806530,22.83287518,0.64342980
-15.00889146,23.82128445,0.47225676
-15.07601899,23.85020343,0.58766767
-14.74626303,24.81832614,0.36752440
-14.81735892,24.85214091,0.47789838
-14.47114921,25.81123747,0.23356588
-14.54347198,25.84703761,0.33975249
-14.17969274,26.56981693,0.23265567
-14.25163347,26.60648972,0.33916959
-13.87549539,27.31315967,0.26651701
-13.94858224,27.35124542,0.37382627
-13.56441744,28.04319078,0.33136216
-13.63268934,28.08032426,0.44008307
0.72760577,15.86119484,1.74409434
-0.50158104,15.84667340,1.67072687
-1.71079734,15.77892969,1.58291574
-2.88385107,15.65083428,1.48713772
-4.01575465,15.45240734,1.38629400
-5.40376178,31.14127042,1.60936190
-4.19262936,31.11959395,1.81355710
-2.98143474,31.12255884,2.02756470
-1.77841199,31.14583660,2.24672072
-0.58376939,31.18217536,2.44576219
-4.92764783,15.42533874,1.27569937
-5.82750493,15.38265585,1.16559111
-6.72476403,15.33803295,1.06016759
-7.62657515,15.30635943,0.95927537
-9.77775076,30.08006959,0.96418850
-8.68192380,30.34314959,1.13432831
-7.59284031,30.59756709,1.29818907
-6.50061693,30.85975195,1.45417286
-8.47763649,15.49465107,0.84068647
-9.36109555,15.72140442,0.72011135
-10.28218110,16.00055276,0.60487485
-11.24260668,16.34056265,0.50966444
-11.91941249,16.73365293,0.45909743
-12.61249869,17.14651138,0.42600348
-13.31127152,17.57238030,0.39949289
-14.00416949,18.00400068,0.37392597
-13.18519583,28.71882411,0.32280567
-12.30326749,29.08593504,0.47954268
-11.44154049,29.43760916,0.63944374
-10.60088097,29.76870598,0.80165694
-14.41175317,18.95851085,0.34058974
-14.78337169,19.90250886,0.31925761
-15.12620335,20.83390391,0.35138884
-15.45900429,21.75747024,0.42815213
-15.20021926,22.77828566,0.41741108
-14.93339239,23.78551853,0.36496808
-14.66788892,24.78391937,0.26078040
-14.39608138,25.77320327,0.13284651
-14.09861037,26.52935387,0.13486880
-13.79479200,27.27256426,0.16374756
-13.48842324,28.00048072,0.22844737
1.90399013,15.84665430,2.05288580
1.92415175,15.86193269,1.93329333
3.11109755,15.80359471,2.09850034
3.12812042,15.81540382,1.97921184
4.29225956,15.72715725,2.12022089
4.30765738,15.73086395,2.00392576
5.44148336,15.64317267,2.14263602
5.45823907,15.63474645,2.02946471
4.19271083,30.91451613,2.86994995
2.98753257,30.98767059,2.88029173
4.20723986,30.87290084,2.75209248
3.00480572,30.94319179,2.75854836
1.78396132,31.08626703,2.87955584
1.80358913,31.03886278,2.75530646
0.57888052,31.17880567,2.82395420
0.60077774,31.13232553,2.69874785
6.36038326,15.77520625,2.14547423
6.38046421,15.75976755,2.03473353
7.26864136,15.92053465,2.16187120
7.29310169,15.89858026,2.05277882
8.17024972,16.08232840,2.19850386
8.19871171,16.05598031,2.09097803
9.06898110,16.26207259,2.26880035
9.09850965,16.23782165,2.16319982
8.84884964,30.10061006,3.01229576
7.66902557,30.24566236,2.95340131
8.84822866,30.05715034,2.89072395
7.67318076,30.20612860,2.83460948
6.50091837,30.40652466,2.90707807
6.50897264,30.36777568,2.79034384
5.34481900,30.61885725,2.86959851
5.35609142,30.57945991,2.75420783
9.88329501,16.63229614,2.34839345
9.91215584,16.61223139,2.24313274
10.71704512,16.98403541,2.46755656
10.74375871,16.96836501,2.36165624
11.56662896,17.34537340,2.61659274
11.59037766,17.33707306,2.50953691
12.44152224,17.68352562,2.78243959
12.46037893,17.68273625,2.67381734
13.01872291,18.04037914,2.87693504
13.03502801,18.04236573,2.76685475
13.61010301,18.41038594,2.96781499
13.62343012,18.41615495,2.85626454
14.20309869,18.77586761,3.05434229
14.21397079,18.78481706,2.94219377
14.82004790,19.16514568,3.13780472
14.82857287,19.17273602,3.02514564
12.59370197,29.10196752,3.14116024
11.62619237,29.38251958,3.07685044
12.57609845,29.05273143,3.02811206
11.61537000,29.33591367,2.96040882
10.69192686,29.65422329,3.03706942
10.68412903,29.60828412,2.91757156
9.76585716,29.89626653,3.01557326
9.76153823,29.85179462,2.89394804
15.05987045,20.05162143,3.13391472
15.06032464,20.04645176,3.02339488
15.31981025,20.90665186,3.17025900
15.30973262,20.89431174,3.06135664
15.58242204,21.76211400,3.23960966
15.56329324,21.74179477,3.13152005
15.86362289,22.63080823,3.34669431
15.83390027,22.60410455,3.23687934
15.46218109,23.60344939,3.30909225
15.43290514,23.57027750,3.19865941
15.08752695,24.55971683,3.28252616
15.05504328,24.52090894,3.17022581
14.69752048,25.48472381,3.22452223
14.66140721,25.44026299,3.11224173
14.29075608,26.38288846,3.12117628
14.25514358,26.33639556,3.01081161
13.87567690,27.07066110,3.09526027
13.84345859,27.02320619,2.98550817
13.45240165,27.75176828,3.08236800
13.42215802,27.70290185,2.97268127
13.01920245,28.42705447,3.08995001
12.99499907,28.37851466,2.97938014
1.95014271,15.85194832,1.81821882
3.15540158,15.79772312,1.86544950
4.33589138,15.70866250,1.89535138
5.49197501,15.60189085,1.92354510
4.21973995,30.83651656,2.64116435
3.02088417,30.90388304,2.64166288
1.82252504,30.99651638,2.63432053
0.62198396,31.09158266,2.57526958
6.41404487,15.71313429,1.93043934
7.32604860,15.84562905,1.95174834
8.23138821,15.99846345,1.99373989
9.13294835,16.17049813,2.06463948
8.84839870,30.01765075,2.77500728
7.67588995,30.16756159,2.72309878
6.51683715,30.33230559,2.67831387
5.36668509,30.54668534,2.64508679
9.94688607,16.54748214,2.14408181
10.77252876,16.92627966,2.26403262
11.61442843,17.29651021,2.41339818
12.47681861,17.65689728,2.57283608
13.05129543,18.02559424,2.66580080
13.63503492,18.39446817,2.75403845
14.22657941,18.76875898,2.83745521
14.82720964,19.14987064,2.92224767
12.54554374,28.99216407,2.91775890
11.60274653,29.28771046,2.84992027
10.67345324,29.56143006,2.80242207
9.75626475,29.80523409,2.77817297
15.06232415,20.01459394,2.92613078
15.29942429,20.86815180,2.95618830
15.54198719,21.71793382,3.02439342
15.79001078,22.57044751,3.12756412
15.40401110,23.53285704,3.09451869
15.01357078,24.47804884,3.06222231
14.61830824,25.39763205,3.00133513
14.21821681,26.29026791,2.90423737
13.80295792,26.97432022,2.88090592
13.38463690,27.65290117,2.86562096
12.96461133,28.32646738,2.87284700
2.96218602,15.44332312,-6.68595609
2.06692220,15.38180437,-6.82810561
2.95649593,15.39797594,-6.59059133
2.07070216,15.33318245,-6.73371768
1.16732829,15.27372519,-6.92890981
1.17993062,15.22284327,-6.83471718
0.23833214,15.11529300,-6.99294956
0.25841084,15.06136883,-6.89832266
-0.75861776,14.90766405,-7.00967149
-0.73502270,14.84901150,-6.91233762
3.84270840,15.50213532,-6.37681598
3.85791570,15.54019209,-6.47412303
4.71949300,15.58365944,-6.11895685
4.74347755,15.61515433,-6.21756457
5.58859721,15.64546962,-5.82221221
5.61969570,15.67618944,-5.92085315
6.46662364,15.69190098,-5.49832303
6.50131358,15.73078433,-5.59780571
1.27109829,33.38644607,-7.82883316
0.10759250,33.15522775,-7.88729149
1.26006472,33.36389233,-7.68951666
0.10370960,33.13432423,-7.75156172
-1.06819597,33.00301626,-7.95123250
-1.06514267,32.98155427,-7.81743698
-2.22094968,32.86795896,-8.02179009
-2.21158637,32.84639468,-7.88951408
-3.37339952,32.77991885,-8.10373740
-3.35607752,32.75726050,-7.97218400
2.48677519,33.23947826,-7.54188580
2.50541665,33.25920372,-7.68436422
3.75251346,33.17754305,-7.38047466
3.77898476,33.19537949,-7.52639658
4.98175989,33.10312840,-7.21328086
5.01478114,33.11873196,-7.36146044
6.15222166,33.01714944,-7.06292794
6.19091528,33.03268140,-7.21205846
-1.73326545,14.94697414,-6.91318932
-1.71253868,14.88548425,-6.80880333
-2.81668628,15.01144682,-6.77392401
-2.80429697,14.94433830,-6.65862162
-4.01808118,15.10423210,-6.60289965
-4.01407248,15.02922780,-6.47613986
-5.32424766,15.22640462,-6.43868087
-5.32634835,15.14496829,-6.30609919
7.30585162,16.05806624,-5.22128948
7.34280816,16.10742628,-5.32425662
8.18376658,16.44268638,-5.00962800
8.22181021,16.50302068,-5.11781317
9.10495543,16.82632736,-4.86488485
9.14312320,16.89657371,-4.97958267
10.06926183,17.19972423,-4.78703140
10.10630983,17.27533259,-4.90723424
-4.50588385,32.42775383,-8.15288673
-4.47843325,32.40312343,-8.02312777
-5.63941435,32.18266021,-8.22795887
-5.60215757,32.15872167,-8.09950150
-6.70209391,31.94877392,-8.30714317
-6.65634906,31.92769187,-8.17962267
-7.95116904,31.78139255,-8.38856807
-7.88930199,31.75842900,-8.26254397
7.33832422,32.59934341,-6.85065566
7.38122200,32.61734939,-6.99489193
8.52430214,32.20737149,-6.69129014
8.57058798,32.22692927,-6.82967988
9.68815188,31.77301407,-6.54914838
9.73783621,31.79199829,-6.68072811
11.01815660,31.31857019,-6.38900487
11.07613777,31.34021035,-6.51278106
-6.65643951,15.59626357,-6.37612905
-6.66228627,15.51008724,-6.24010072
-7.96532794,16.00573657,-6.45728866
-7.97445981,15.91599462,-6.31401672
-9.17458829,16.42914389,-6.71277617
-9.18543596,16.34274143,-6.55662101
-10.28718399,16.79051119,-7.12110084
-10.29600469,16.71880529,-6.95353202
11.05334766,17.76754659,-4.80143101
11.08724930,17.83712236,-4.92354323
12.01405707,18.29575016,-4.84138949
12.04174556,18.35183423,-4.96193220
12.91552589,18.79558381,-4.87816742
12.93882030,18.83551025,-4.99753291
13.77860771,19.26267581,-4.89064659
13.80019281,19.29186044,-5.00944757
-10.55184483,30.70454909,-8.46749665
-9.76609026,30.95882183,-8.45964164
-10.51434972,30.69217214,-8.34676713
-9.71655337,30.94663978,-8.33760481
-9.10126048,31.24543700,-8.44718801
-9.04330233,31.23061416,-8.32380345
-8.50618363,31.52752407,-8.42392959
-8.44390225,31.50836596,-8.29945734
13.86962583,29.71311549,-5.96062821
13.12045653,30.14740815,-6.06790111
13.91639355,29.74770016,-6.07132656
13.17309139,30.17363074,-6.18009558
12.39637550,30.57093512,-6.17964053
12.45315643,30.59267153,-6.29470722
11.69279607,30.96176958,-6.28919326
11.75162048,30.98277813,-6.40834779
-10.72514043,17.27389304,-7.41703981
-10.73431526,17.20977514,-7.24195921
-11.16686492,17.75171084,-7.71547945
-11.17625596,17.68604276,-7.54180247
-11.65534568,18.24277306,-7.98101290
-11.66187313,18.16925015,-7.82117221
-12.26427179,18.75323830,-8.19085946
-12.26657947,18.66837424,-8.05213060
14.16257080,19.72058862,-4.90005375
14.18418049,19.74442780,-5.01876488
14.56838105,20.13651888,-4.89474403
14.58983240,20.15858950,-5.01296370
15.02115345,20.51783972,-4.87325048
15.04288225,20.54204485,-4.98989414
15.56018205,20.87338841,-4.83150726
15.58376875,20.90209489,-4.94609833
-12.10152097,20.01327883,-8.20598125
-12.08500823,19.93827579,-8.08668463
-12.05120505,21.23902916,-8.18401616
-12.02288579,21.17346823,-8.07638199
-12.09767611,22.35878754,-8.16522576
-12.05972658,22.30413835,-8.06024715
-12.24907676,23.34779730,-8.17872050
-12.19848873,23.29913715,-8.07203093
15.61597647,21.57705903,-4.88496559
15.65619328,21.60295597,-4.99386361
15.74582513,22.25353609,-4.94202548
15.80009072,22.27894180,-5.04533112
15.90822447,22.89902829,-4.99733467
15.97277959,22.92266726,-5.09634621
16.07989743,23.50505743,-5.04359307
16.15319334,23.52726535,-5.14038928
-11.98326528,24.52105736,-8.21052598
-11.92839684,24.47288158,-8.10178889
-11.82448829,25.57537138,-8.25049029
-11.76240924,25.52351835,-8.14191387
-11.69524317,26.58712392,-8.27932758
-11.63133733,26.53133899,-8.16977620
-11.55350594,27.64369877,-8.30974212
-11.49233799,27.58388647,-8.19679829
15.92942577,24.25299949,-5.13754703
16.00438572,24.27660702,-5.23770534
15.78011658,24.95822778,-5.22506508
15.85354913,24.98898993,-5.33145541
15.59389749,25.67794282,-5.32681160
15.66257811,25.72221824,-5.44052140
15.34481503,26.51144917,-5.45709493
15.40833192,26.57622308,-5.57502335
-11.26374543,28.43268795,-8.33085138
-11.21151696,28.37594925,-8.21429698
-11.00556602,29.24579565,-8.37532306
-10.96021216,29.20014492,-8.25561136
-10.77215241,30.01537891,-8.42985603
-10.73221417,29.98739927,-8.30905816
15.00661289,27.24370593,-5.57296598
15.06455055,27.32024646,-5.69009677
14.65277782,28.09210184,-5.70305426
14.70602976,28.16528412,-5.81653855
14.27607567,28.94834171,-5.83643763
14.32535768,29.00309496,-5.94736586
6.15664759,32.97754679,-6.94374959
7.30018946,32.58423624,-6.73049036
8.47013888,32.17022726,-6.56996703
9.68615218,31.74287354,-6.43453814
10.94075185,31.31330607,-6.29434901
6.43464041,15.72599388,-5.44147404
7.26182693,16.05411217,-5.15700735
8.12606048,16.40995692,-4.93805669
9.02882154,16.78332967,-4.78953831
9.96783273,17.16214240,-4.71319836
13.88231602,29.66184199,-5.88311923
13.12820185,30.11955011,-5.97711203
12.39223018,30.53773156,-6.07954438
11.66439173,30.92912076,-6.18595996
13.69148764,19.22971112,-4.80577299
14.09909865,19.68285894,-4.80451745
14.51125068,20.09862747,-4.79498331
14.93822597,20.48101509,-4.78007767
15.38748256,20.83517587,-4.76235414
15.50194671,21.56905747,-4.80530013
15.64219621,22.24391816,-4.86197541
15.79324309,22.88737418,-4.92006950
15.94402458,23.51244936,-4.97415201
-12.06312712,18.60910825,-7.89219964
-11.95745616,19.91328049,-7.96623235
-11.91659009,21.14393802,-7.97316062
-11.94333684,22.27251172,-7.96297060
-12.04579086,23.30084128,-7.97803695
15.81877216,24.22055693,-5.05272109
15.66836461,24.91860537,-5.13649986
15.49448087,25.62032583,-5.23367825
15.30317444,26.34408322,-5.34618069
-11.81872361,24.41018901,-8.00157699
-11.64059758,25.45239550,-8.04239610
-11.51236907,26.44229615,-8.07382483
-11.42218303,27.38032681,-8.10099699
14.93406185,27.15414712,-5.47432335
14.57386193,28.01033203,-5.60846206
14.22481095,28.86385049,-5.74440750
-11.12216782,28.28591659,-8.11593622
-10.86348971,29.12788275,-8.15401389
-10.66500806,29.91608768,-8.20966128
-10.53660965,30.66334578,-8.26862122
1.25521926,33.31505807,-7.57785630
2.48151371,33.22717893,-7.42320504
3.73028663,33.15047024,-7.25904910
4.96320938,33.07171126,-7.09161745
2.95131741,15.42295277,-6.51319133
3.82610943,15.52775438,-6.30098783
4.69840309,15.61027352,-6.04491796
5.56550254,15.67551160,-5.75264774
2.07680318,15.34774387,-6.65467407
1.19167065,15.22897445,-6.75658607
0.27485512,15.06638642,-6.82173102
-0.70417540,14.86274972,-6.84106985
0.09054563,33.12033568,-7.63943565
-1.05874258,32.94988126,-7.70669857
-2.20899901,32.80913633,-7.78370263
-3.37027641,32.71291878,-7.87533747
-4.45262964,32.38231433,-7.91431579
-5.54623082,32.11211454,-7.98688427
-6.65695808,31.90431680,-8.07473222
-7.81294048,31.74443965,-8.15885809
-1.67507908,14.87462924,-6.73268785
-2.75803965,14.91506398,-6.57700530
-3.94739299,14.99463548,-6.39139715
-5.22138750,15.11943669,-6.22711497
10.93650390,17.74872396,-4.72491304
11.89594041,18.29199388,-4.76462460
12.81671510,18.78206584,-4.79644095
-6.53088362,15.50187278,-6.15680044
-7.83795422,15.91615316,-6.21761664
-9.07940138,16.32045624,-6.43331134
-10.21116372,16.67271299,-6.80428488
-10.68691906,17.14921471,-7.07844593
-11.13863443,17.61953358,-7.37153877
-11.58761632,18.10333947,-7.65492706
-9.74038481,30.94177827,-8.24296992
-9.04181921,31.21178165,-8.22158255
-8.40786592,31.47837198,-8.19447622
5.57284122,15.53830592,1.23639382
4.44420477,15.54302552,1.20715647
5.71911113,15.36234948,0.49488736
4.59498535,15.35034907,0.43969860
-3.55120531,15.09475053,-0.06669452
-2.40672509,15.17527213,0.02345255
-3.79066236,15.34325978,0.71479979
-2.66160315,15.44111334,0.81825985
6.51437168,15.62624846,1.25567243
6.66920589,15.46816726,0.54099521
-4.52052972,15.08558636,-0.15109114
-4.72844827,15.30315253,0.61343176
-5.48822434,15.05001784,-0.23429853
-5.65796410,15.24121296,0.51310104
7.45005672,15.72495814,1.28701460
7.61709646,15.57616563,0.59518159
3.29732535,15.53126827,1.17705461
3.46085927,15.31171171,0.38734136
-1.24199509,15.20328271,0.11045315
-1.49600754,15.48196840,0.91436649
8.34933295,15.94693021,1.32722420
8.53170299,15.80886802,0.65194639
-6.44071944,15.10913653,-0.32716594
-6.56829650,15.27329542,0.40813286
-0.05601615,15.29847818,0.17158982
-0.29529414,15.56619501,0.98729257
2.11398053,15.58889143,1.12114244
2.30056536,15.35207160,0.31165711
9.24700302,16.18786940,1.39494229
9.44609374,16.05749983,0.73030956
-7.40845898,15.16787576,-0.41985215
-7.48994794,15.31416504,0.30516350
10.08916127,16.55005634,1.48488846
10.31135560,16.43140382,0.82239736
-8.35432070,15.35591506,-0.53057687
-8.38618597,15.48730432,0.19168764
1.12938663,15.35467388,0.22697103
0.91473520,15.60740179,1.04687074
10.93665696,16.91915063,1.61461241
11.18211235,16.81204040,0.94618308
-9.32383829,15.57854851,-0.64700294
-9.30905135,15.70283112,0.07553923
-10.29882276,15.91545643,-0.76378849
-10.24680034,16.03452367,-0.03934131
11.77073858,17.34242835,1.76113065
12.03509868,17.25449674,1.07889079
12.61910429,17.75437300,1.91472692
12.89861623,17.68725628,1.21136019
-11.29385905,16.30101073,-0.85264318
-11.21411241,16.42576366,-0.12423360
13.21339129,18.07306895,2.01418806
13.48603931,18.02353230,1.29606816
-11.98269328,16.63331973,-0.89416725
-11.90514834,16.76579082,-0.16379742
13.81327732,18.39224995,2.10700606
14.07685268,18.36004694,1.37184342
-12.67247526,16.98052811,-0.92787720
-12.60346248,17.12354866,-0.18887057
-13.29568852,17.46648388,-0.97282038
-13.25170496,17.61406903,-0.21049279
14.34646619,18.83285056,2.17918402
14.59718294,18.82407191,1.41856104
-13.90176941,17.96248559,-1.03274425
-13.88582624,18.11004536,-0.23793531
14.88229323,19.27846580,2.25160776
15.12339809,19.28886985,1.46574842
15.30035840,20.08635120,2.30382031
15.53374517,20.11838451,1.48990187
-14.39950176,18.86993390,-1.14271316
-14.43883119,18.99734796,-0.29197043
15.72365123,20.88871455,2.37963944
15.95864255,20.93331028,1.53802354
-14.88302312,19.79988425,-1.25269314
-14.95304232,19.89521084,-0.33158471
15.76615630,21.75615208,2.40790180
16.00954656,21.80750487,1.55510156
-15.02351066,20.79908487,-1.30445203
-15.10335350,20.85668557,-0.34022266
15.80248887,22.62698184,2.45804671
16.04982453,22.68048667,1.58497039
-15.17385736,21.79559112,-1.31832352
-15.24638886,21.81836285,-0.31548224
-15.02190070,22.87050150,-1.34767301
-15.08037634,22.85430975,-0.35215899
15.50744524,23.58921410,2.41986514
15.76821857,23.64517172,1.54864707
-14.84357724,23.92716648,-1.40476359
-14.90485800,23.88033427,-0.42820428
15.20104277,24.53768617,2.37754315
15.46537115,24.59353528,1.51087988
9.12606173,30.26613763,2.15339259
10.03835206,30.05134583,2.17381905
9.43150859,30.53648500,1.15903699
10.33241499,30.27403584,1.18905622
7.94152032,30.44423244,2.09589406
8.22905252,30.79394234,1.09623820
-8.51380004,31.09143015,-0.75884359
-9.66111604,30.77851148,-0.87906151
-8.66654846,30.69995252,0.32711051
-9.77672599,30.41257878,0.17774726
-10.50647767,30.45671022,-0.98936160
-10.61622148,30.10459514,0.03774931
6.76649793,30.63375104,2.04265133
7.03768911,31.06163558,1.03059852
-7.38197463,31.39136565,-0.64001805
-7.56650902,30.97819556,0.47153513
10.95874069,29.80695729,2.21545675
11.24305758,29.99296265,1.23772680
-11.37027312,30.11270709,-1.10412555
-11.47475058,29.77567078,-0.10196535
-0.25558559,32.11713414,0.32254633
-1.47242309,32.09252935,0.15459619
-0.49167399,31.54940191,1.57419818
-1.70852472,31.57163769,1.36233426
0.73271474,31.47862050,1.73766373
0.96403967,32.05247235,0.50436669
5.58018727,30.80602436,1.97710269
5.83653347,31.30339869,0.93025984
-6.22080391,31.61578219,-0.52530078
-6.43567252,31.18613134,0.61295119
11.82679008,29.42705819,2.23199596
12.09952150,29.58445609,1.26715723
-12.15429093,29.61847326,-1.23866230
-12.26376057,29.30865604,-0.25708127
-2.69138263,32.08220036,-0.01849869
-2.92686997,31.60039849,1.14447029
1.95575455,31.40716552,1.84407180
2.18750072,31.98301230,0.65894729
3.17832955,31.21081751,1.89435362
3.41572763,31.78025050,0.75192595
-3.87764567,31.95343201,-0.21446749
-4.11637375,31.49595233,0.94262992
4.39659652,31.05084420,1.93111024
4.64143319,31.60336077,0.83260104
-5.06976572,31.85941106,-0.39681222
-5.30495626,31.41337432,0.75891116
12.70521359,29.02298764,2.27253808
12.96900210,29.16096047,1.31960351
-12.96831758,29.11048225,-1.37793944
-13.07690230,28.82918075,-0.41317988
-14.58649195,24.95842177,-1.49298798
-14.66909687,24.88438199,-0.52296931
14.83198855,25.45532995,2.33255080
15.10040960,25.51310633,1.45891023
13.21374628,28.38719596,2.24090078
13.47939445,28.50916600,1.33687505
-13.36963849,28.35917366,-1.47589213
-13.47320429,28.12673977,-0.54278549
-14.31201177,25.97398754,-1.57988394
-14.41087726,25.87528493,-0.62960407
14.45314540,26.34900379,2.27164687
14.72421878,26.41004857,1.39855553
13.72280252,27.73933771,2.23534010
13.99018604,27.84266023,1.37173878
-13.78721705,27.59860009,-1.54903349
-13.87988824,27.41405112,-0.64237077
14.09030210,27.04834590,2.24923422
14.35878283,27.13265813,1.38290130
-14.04752819,26.79407686,-1.58168229
-14.14770908,26.65166842,-0.65399019
5.86217388,15.17330670,-0.18650378
4.74753552,15.14622685,-0.29043429
6.81779229,15.29572704,-0.11310336
-4.31285638,14.87541219,-0.92385408
-3.31615503,14.86300204,-0.85662373
-2.15546011,14.92796845,-0.79516829
3.62785868,15.08702058,-0.39265403
-0.99073938,14.94356577,-0.73058468
0.17637038,15.05114349,-0.66046058
2.48512558,15.12279253,-0.49083336
-5.31571339,14.85664403,-0.99064763
7.77408643,15.41576823,-0.03912727
-6.30880444,14.93398785,-1.06042837
8.69717402,15.66580961,0.03340424
1.33633136,15.11919756,-0.58739792
9.62173213,15.92831484,0.11574303
-7.32115709,15.00145795,-1.13511729
10.50255056,16.31924977,0.20031412
-8.31371231,15.19504199,-1.22996143
11.39072120,16.71272178,0.30239866
-9.32599083,15.41605127,-1.34066427
-10.33159973,15.75335190,-1.46271284
12.25994212,17.17349163,0.40165560
-11.34978422,16.13170215,-1.57538250
13.14302412,17.62216078,0.49455925
-12.03575090,16.45674451,-1.65417805
13.73763441,17.96983150,0.54180922
14.34054245,18.31541343,0.58299913
-12.72155093,16.79434248,-1.73796747
14.86856110,18.79675604,0.61335212
-13.32520106,17.28979477,-1.82795878
15.40952408,19.27250177,0.65075430
-13.91984492,17.79756692,-1.93894299
15.82301060,20.12484938,0.67603497
-14.38713723,18.74619525,-2.08989745
16.25094723,20.95591932,0.71956148
-14.86941971,19.70426473,-2.23155019
16.29309557,21.84727761,0.72807094
-14.98823316,20.73979545,-2.28951102
16.32340102,22.73245722,0.73651292
-15.11785136,21.77226191,-2.31513547
16.03402197,23.70769897,0.70090731
-14.93223155,22.89824448,-2.31491984
-14.72786637,23.99596653,-2.34137198
15.72859348,24.66180532,0.65778642
-14.45572718,25.05856918,-2.38757610
15.36270550,25.58405199,0.60354432
-14.17856648,26.09600793,-2.43535543
14.98597318,26.47999385,0.54485470
-13.91507788,26.96367011,-2.45169233
14.62723817,27.22633690,0.49908871
-13.66055450,27.81453298,-2.44482783
14.26451771,27.95656124,0.45765790
-13.23423203,28.61929944,-2.40545465
13.74454286,28.63916912,0.39460676
-10.37435370,30.80941201,-2.01384840
-11.24139053,30.45962664,-2.11435925
-12.01842329,29.94484257,-2.22933379
11.51762067,30.18551852,0.25528158
12.36401675,29.75043766,0.29047172
10.61408965,30.49403954,0.20449346
-12.82992422,29.41389123,-2.34840506
13.22888185,29.30909247,0.34479320
-9.52824569,31.13530449,-1.91805728
9.72251867,30.79357025,0.16746068
-8.34965133,31.46426859,-1.81897943
8.50441520,31.12080077,0.08659767
-7.19196814,31.77491071,-1.72145443
7.30228350,31.45647458,-0.00234430
-6.00509097,31.99948347,-1.62472766
6.09223871,31.74549581,-0.12694763
-4.83344057,32.24293649,-1.51762347
4.89406070,32.07198612,-0.26097879
-2.43176726,32.47427354,-1.18473117
-3.62814874,32.33709110,-1.35781441
-1.20487677,32.49680455,-1.02988788
1.23336303,32.49259757,-0.68544177
2.45213585,32.44445725,-0.50812190
3.67253403,32.25173247,-0.37847749
0.01594579,32.54457073,-0.87584887
6.98135588,15.13699969,-0.93098853
6.02864940,14.98176492,-1.05318468
-3.99554487,14.62037252,-1.89757138
-2.96778851,14.57103090,-1.87133754
4.93350334,14.92942959,-1.21243880
-1.80064507,14.61762382,-1.83801769
-0.64838356,14.62381858,-1.79529911
3.83998774,14.83926989,-1.37273147
0.49129733,14.74836585,-1.72307006
2.72932849,14.85772290,-1.51260075
-5.03771112,14.63535406,-1.92921252
7.93857230,15.28414693,-0.82143954
1.61615756,14.83573050,-1.63440904
-6.07478576,14.74553582,-1.96132309
8.86519692,15.56106511,-0.72348165
-7.13317843,14.83477345,-2.01064860
9.79579844,15.84467181,-0.63276521
-8.17452359,15.04280858,-2.08922261
10.69370552,16.25463480,-0.55901238
11.60166592,16.66166135,-0.48827790
-9.22919631,15.27032822,-2.20100551
12.49109823,17.14119329,-0.42710559
-10.26357506,15.61787085,-2.33946620
-11.30176046,15.99960491,-2.49782529
13.39951042,17.60448330,-0.37374569
13.99812542,17.96271872,-0.34377814
-11.98015002,16.32965537,-2.61630491
14.60733672,18.31555815,-0.31294233
-12.66058922,16.66950515,-2.74911710
15.13282927,18.81367793,-0.27365147
-13.25461488,17.18157912,-2.86944970
15.67016254,19.30007980,-0.22577017
-13.85024929,17.70144851,-3.00330924
16.05544165,20.17632458,-0.18603375
-14.29350839,18.68572517,-3.13789724
16.45295464,21.02169349,-0.14352724
-14.75737428,19.67299920,-3.26509838
16.46655456,21.92182911,-0.11516969
-14.84179361,20.74709397,-3.26967430
16.47505270,22.80774168,-0.09806621
-14.94332857,21.81239670,-3.25791304
-14.73271182,22.98118990,-3.23095875
16.19178374,23.78319751,-0.14142283
-14.51592633,24.11058911,-3.23055283
15.89741007,24.73040519,-0.19683215
15.54675071,25.64066197,-0.26358046
-14.24047029,25.19523719,-3.25220586
15.18544355,26.52168691,-0.33207570
-13.96788248,26.24773892,-3.28411490
14.83330259,27.28047294,-0.37728859
-13.71504784,27.15293178,-3.28843007
-13.47590268,28.03718054,-3.27738943
14.47717148,28.02361302,-0.41791021
-13.04958754,28.86407868,-3.22567396
13.94624471,28.71736084,-0.46706645
-12.65061607,29.67551044,-3.15945741
13.42278260,29.40178852,-0.50410741
12.56738547,29.86070923,-0.55427232
-11.84521960,30.21641042,-3.04306153
-11.07874437,30.73874924,-2.93021532
11.73349119,30.31690819,-0.58802914
-10.21745788,31.08319495,-2.81848771
10.83631280,30.64209815,-0.62427431
-9.38113833,31.40325640,-2.71260363
9.95252973,30.96201651,-0.65017560
-8.19041146,31.73654021,-2.60871267
8.72243095,31.33230180,-0.72855241
-7.02512989,32.04940062,-2.50922964
7.51132181,31.70910333,-0.81654893
-5.83205766,32.26897150,-2.40471157
6.29173956,32.02456455,-0.93155075
-4.65575314,32.50988488,-2.29376689
5.08662008,32.36690389,-1.06268563
-2.24574284,32.75546323,-1.99157425
-3.44630640,32.60914594,-2.14843174
-1.01491609,32.78455312,-1.84459525
1.42978340,32.79238533,-1.51266401
2.65001858,32.74925551,-1.33598183
3.86745252,32.55418541,-1.19308138
0.20854590,32.84212521,-1.69520373
-3.61393047,14.45534065,-2.83443566
-2.55695561,14.37929636,-2.85590199
-1.39147268,14.41827246,-2.85958155
6.15460977,14.92897751,-1.88485993
5.08782443,14.85328783,-2.10167084
7.10024063,15.11041281,-1.71338856
-0.26310270,14.42780090,-2.84566126
4.03240675,14.73577674,-2.32469914
2.96865470,14.73028566,-2.51292466
0.83375314,14.57260340,-2.77325406
8.05597523,15.28015879,-1.56853955
-4.69470891,14.49905138,-2.82490288
1.90715222,14.68289181,-2.66681016
-5.77575181,14.63701970,-2.81831215
8.98699709,15.57410053,-1.44522984
9.92546225,15.87048392,-1.34546718
-6.87880128,14.74747363,-2.84355992
10.84384597,16.28794555,-1.27759384
-7.97100141,14.96692241,-2.90665098
11.77419440,16.69991889,-1.23157177
-9.07203106,15.19744025,-3.01886471
12.68438301,17.19241376,-1.20357113
-10.14140772,15.54887470,-3.17386535
-11.20316068,15.93039458,-3.37563496
13.61165494,17.66942649,-1.18392205
-11.87320095,16.26544576,-3.53021905
14.20383129,18.04086698,-1.17090069
-12.54353634,16.61050897,-3.70615968
14.80387911,18.40494122,-1.15136256
15.30667049,18.92202581,-1.10529473
-13.11866009,17.14616848,-3.84796435
-13.70079578,17.68542367,-3.99585906
15.81896881,19.41928572,-1.05111908
16.15172732,20.31370292,-1.00218642
-14.09858056,18.71757048,-4.10240514
16.49740367,21.16211427,-0.96590698
-14.52363313,19.74218623,-4.20300910
16.48516273,22.05270598,-0.94203779
-14.56946956,20.85269726,-4.17122617
16.47826435,22.91961880,-0.93437975
-14.64218218,21.94315402,-4.13401541
16.21886458,23.87206459,-0.99216827
-14.41854502,23.14009940,-4.08975115
-14.20388081,24.28457150,-4.07260920
15.95613198,24.79147319,-1.05863095
-13.94152478,25.37581825,-4.07245687
15.63952842,25.67512246,-1.12574889
-13.68679253,26.43013055,-4.08836417
15.30882348,26.53309043,-1.19321613
-13.45090321,27.36372912,-4.08464083
14.97472388,27.30161996,-1.23855757
-13.23082979,28.27124684,-4.07174000
14.63380917,28.05739330,-1.28087117
-12.80534177,29.11073866,-4.01579793
14.10246510,28.76536815,-1.32770386
-12.41202228,29.92888046,-3.94856592
13.57936412,29.46571575,-1.36399100
-11.61552706,30.46802060,-3.82941727
12.73804259,29.94315540,-1.40757500
-10.86480592,30.98766269,-3.71638903
11.92020060,30.41887535,-1.43723088
-10.01313422,31.32408097,-3.60520204
11.03600970,30.76170023,-1.46888337
-9.19153227,31.63718975,-3.50147745
10.16622618,31.10204624,-1.49252733
8.92521466,31.51229320,-1.55377625
-8.00146964,31.96682822,-3.38433102
-6.84067027,32.27698902,-3.27294149
7.70536101,31.92704263,-1.62544361
-5.64673177,32.49655820,-3.17099032
6.48161136,32.27338333,-1.73775089
-4.47004587,32.74075351,-3.06579592
5.27426219,32.63640500,-1.87198562
-3.26229869,32.84891040,-2.92781300
4.05753998,32.83282323,-2.00560566
-2.06212859,33.00709004,-2.78131112
2.84196228,33.03095452,-2.15226897
-0.83054621,33.04523700,-2.63777572
1.61926484,33.06847797,-2.32057887
0.39346427,33.11297662,-2.49009886
-2.12704175,14.31629665,-3.76816704
-0.97095548,14.36190654,-3.81395309
6.23128976,14.99136689,-2.65718209
5.20039867,14.90250401,-2.92968429
7.16480797,15.18765176,-2.44291499
-3.20608807,14.39810653,-3.70226988
0.12550565,14.38667411,-3.83281516
4.19109076,14.77338391,-3.21290901
3.18141832,14.74888419,-3.44230342
1.16716486,14.54906740,-3.75498250
-4.32146060,14.45647884,-3.65252594
8.11524357,15.37324854,-2.26722235
2.17838540,14.67883327,-3.62478572
-5.44324806,14.61079132,-3.61440049
9.04921795,15.67617823,-2.12835894
9.99442037,15.98028519,-2.02726806
-6.59192541,14.73707090,-3.61948428
10.93168531,16.40134370,-1.97077109
-7.74070105,14.96367538,-3.66876132
-8.89267335,15.19591695,-3.78184960
11.88155519,16.82219911,-1.95312593
-9.99836633,15.55253151,-3.95151080
12.80615319,17.33971938,-1.95660691
13.74082455,17.84781963,-1.96536744
-11.07968507,15.93612515,-4.19021630
14.31522188,18.24501637,-1.96938160
-11.73419994,16.28011909,-4.37383208
-12.38450086,16.63264127,-4.57888618
14.89205052,18.62905832,-1.96225082
-12.92032666,17.19614282,-4.73651832
15.35862228,19.16640120,-1.91930981
-13.46318727,17.76064154,-4.89691291
15.83475299,19.66941968,-1.87084141
16.11377910,20.56015975,-1.83801274
-13.78119558,18.85236926,-4.99555135
16.41517050,21.38495894,-1.82971996
-14.14314007,19.91985527,-5.09488904
16.39452877,22.23698565,-1.83657292
-14.14240750,21.06590491,-5.06688142
16.38757582,23.06123633,-1.85876512
-14.18583391,22.17583285,-5.03521084
-13.96786090,23.38276453,-4.98955321
16.16837912,23.96892831,-1.93395602
15.94501752,24.84803044,-2.01100583
-13.77219212,24.52452678,-4.96699213
-13.52951610,25.61071105,-4.96809185
15.66823201,25.69618482,-2.08852934
-13.29204547,26.65924859,-4.98860687
15.37356439,26.52243377,-2.16348655
-13.07018971,27.61963983,-4.99419342
15.06379057,27.29645245,-2.21983545
-12.86882980,28.54633986,-4.99460907
14.74448024,28.06316476,-2.27774618
-12.44239174,29.38861820,-4.94705947
14.22137955,28.78889896,-2.33863737
-12.05721221,30.20161801,-4.89224575
13.70769064,29.51025588,-2.39357548
-11.27310549,30.72487074,-4.78239186
12.89472069,30.01199736,-2.44532878
-10.54415426,31.22989712,-4.68385886
12.10556184,30.50994081,-2.48609632
-9.71027925,31.54685874,-4.57909734
11.24371817,30.87007000,-2.51692686
-8.91324082,31.84406916,-4.48232872
10.39595480,31.22898451,-2.54113699
-7.72855471,32.16908109,-4.37847198
9.15347052,31.68547819,-2.61065274
-6.57778381,32.47902043,-4.27945757
7.93423522,32.14595745,-2.69041062
-5.39166170,32.70051893,-4.18051225
6.70971207,32.52685612,-2.80038752
-4.22172125,32.95312702,-4.08214422
5.50287057,32.91380775,-2.93959075
-3.01990065,33.08108007,-3.96152406
4.29313604,33.12579204,-3.08750311
-1.82355120,33.26168670,-3.83850047
3.08279023,33.33206540,-3.24963206
-0.59340509,33.31867511,-3.70740587
1.85867178,33.36631686,-3.41316660
0.62996107,33.40524374,-3.57201918
6.27014465,15.14681207,-3.47647202
5.28387443,15.04285075,-3.79554798
-2.71433267,14.38849898,-4.58671335
-1.61781053,14.28536175,-4.71063663
-0.49010949,14.31939870,-4.80972911
7.18199023,15.35437568,-3.22366783
4.32785122,14.88808274,-4.13135204
0.55036074,14.35495871,-4.86112413
8.11720378,15.55488600,-3.01979792
-3.86819825,14.47191945,-4.49005999
1.51753718,14.53944638,-4.78000436
3.38238616,14.81938165,-4.40659349
2.45130324,14.70293272,-4.62610202
9.04622686,15.87011402,-2.86117156
-5.04117283,14.64748478,-4.41354723
-6.24473697,14.79996943,-4.39100650
9.99146078,16.19237997,-2.75344047
-7.45493661,15.04692173,-4.42667035
10.94390762,16.64093393,-2.71316046
11.91139914,17.09782605,-2.72723138
-8.66156976,15.29633927,-4.53333774
-9.80335717,15.66898497,-4.70176435
12.85015211,17.65758235,-2.76566829
13.78694482,18.19577727,-2.80400048
-10.89963223,16.05390837,-4.95247986
-11.53128394,16.39880929,-5.14409585
14.33566761,18.60916390,-2.81829379
14.88040660,19.00046588,-2.81492001
-12.15204841,16.74720593,-5.36305023
-12.63617352,17.33183322,-5.53810039
15.30803756,19.53786428,-2.77196794
-13.12536722,17.91899368,-5.71520287
15.74906917,20.02898439,-2.72532794
-13.35079074,19.06667991,-5.83084355
15.99089773,20.88684538,-2.71060708
16.26350818,21.67254684,-2.73169187
-13.64231275,20.17244406,-5.95257624
16.24676173,22.47505254,-2.77599464
-13.60045418,21.35129515,-5.95453405
16.24497810,23.24881492,-2.83243715
-13.61963766,22.47726853,-5.93901116
16.06226870,24.09859414,-2.92800206
-13.41042697,23.68541824,-5.90507694
-13.22724583,24.81741802,-5.88989861
15.86902503,24.91750315,-3.00673354
-13.00132279,25.88810042,-5.89942105
15.62049703,25.70826168,-3.07272304
-12.78772872,26.91527590,-5.93010185
15.35308586,26.48491289,-3.13571310
-12.59003062,27.88717151,-5.94893289
15.06390951,27.25354460,-3.19619512
-12.41952702,28.81942431,-5.96008252
14.76779998,28.02729775,-3.27075645
-11.99966349,29.64902599,-5.91543185
14.26348352,28.77481236,-3.35232723
-11.62891004,30.44429341,-5.86793777
13.76929851,29.52208088,-3.43579337
12.99704308,30.05240758,-3.50541689
-10.86210292,30.93489952,-5.77144892
-10.15998999,31.40932628,-5.69210809
12.24508473,30.57120028,-3.56689081
-9.34889606,31.69265119,-5.60279433
11.41462061,30.94402338,-3.60814621
-8.58199448,31.96142520,-5.52054091
10.59538440,31.31360963,-3.64279582
-7.41698440,32.26421541,-5.42365159
9.35604317,31.80203358,-3.71588238
-6.28875417,32.56304264,-5.32848823
8.14019687,32.29243392,-3.79660296
-5.11784028,32.78503966,-5.23611726
6.92079050,32.69731590,-3.91013465
-3.96046386,33.04666473,-5.14911958
5.71955974,33.09951619,-4.06093144
-2.77263421,33.19606544,-5.04034093
4.51638498,33.31988319,-4.21844602
-1.58812604,33.39859956,-4.93763952
3.30779400,33.52730627,-4.39223167
-0.36586831,33.47835644,-4.82439603
2.08099756,33.55621827,-4.55494251
0.85219353,33.58624285,-4.70817246
-1.21952101,14.28080988,-5.42199213
-0.13126663,14.35968791,-5.53933232
-2.30437478,14.36708395,-5.25447605
7.17094915,15.54313733,-3.82111757
6.28048159,15.31195891,-4.09453610
5.33585868,15.18345834,-4.44563216
0.85932514,14.44147123,-5.58376698
4.42864401,15.00872416,-4.80923690
3.53390411,14.92166209,-5.09209760
2.65219570,14.79590401,-5.31483676
1.77147501,14.63278687,-5.48332378
-3.46998341,14.47034797,-5.10332981
8.08934418,15.76945559,-3.60415493
-4.67329364,14.67897935,-4.98632168
9.01024486,16.11062170,-3.44113900
9.95281950,16.46455781,-3.33839259
-5.91699250,14.87201981,-4.93878953
-7.18058915,15.15380878,-4.95703267
10.91848655,16.94658632,-3.31386614
-8.43515630,15.43153685,-5.05061458
11.90261590,17.43219310,-3.35380454
12.84988214,18.01606254,-3.41513105
-9.60819916,15.82082578,-5.21510297
-10.71564467,16.20273248,-5.47929663
13.77392635,18.57118927,-3.45666783
14.29258855,18.99438327,-3.46793755
-11.32499100,16.54834632,-5.69208481
14.80439318,19.38763195,-3.45981006
-11.91468058,16.89921662,-5.93759426
-12.35079022,17.50151130,-6.13685264
15.20413133,19.91078559,-3.41556644
15.62266297,20.38205608,-3.37297778
-12.79228057,18.10060405,-6.33208790
-12.94536187,19.28069180,-6.48631305
15.85192617,21.19876179,-3.38934694
16.11747621,21.93913538,-3.44618747
-13.18233104,20.42942837,-6.63586778
16.11193874,22.68713891,-3.52118265
-13.10081278,21.64959547,-6.64914800
16.11332072,23.40512721,-3.59143158
-13.08861021,22.78984211,-6.63156048
-12.87998542,23.98386690,-6.60958581
15.94946147,24.19193717,-3.67893601
15.76972189,24.95378328,-3.74513108
-12.70449209,25.08579539,-6.61845393
15.53829897,25.69628103,-3.80671621
-12.49066385,26.12808957,-6.65191141
-12.29054695,27.13519993,-6.69233934
15.29146375,26.43478131,-3.87601379
15.01872931,27.20027238,-3.95849243
-12.10457522,28.11992620,-6.71195847
-11.95525461,29.05853061,-6.72212928
14.73859814,27.98438485,-4.06562474
-11.54559468,29.87058345,-6.68188140
14.24522390,28.75780774,-4.17768961
7.18002016,15.78705768,-4.47111301
6.32276205,15.52844184,-4.76391507
5.43035334,15.38235145,-5.10832276
-1.90283029,14.51402177,-5.99531999
-0.85167425,14.51539416,-6.15579169
0.16886552,14.63858779,-6.21791540
-11.19486561,30.63801756,-6.65029746
1.98443996,14.90445069,-6.10634088
2.84567531,15.04253046,-5.94483178
3.70431718,15.14264837,-5.72483242
13.76038198,29.53256094,-4.29318497
1.10099705,14.73202032,-6.21424512
4.56604593,15.21140574,-5.45015538
-3.06186065,14.54652509,-5.79775846
8.07395574,16.05068554,-4.23891082
-10.45051962,31.08443787,-6.57640651
13.02153181,30.08618247,-4.38216616
-4.27226206,14.73278351,-5.61530184
8.98453517,16.43482888,-4.07966444
9.92513030,16.83414004,-3.99248035
-5.54025542,14.95169670,-5.51097032
10.90645930,17.35293627,-3.98861612
-6.85566716,15.27634790,-5.49230310
-9.77920982,31.51336134,-6.52247343
12.30155797,30.61405476,-4.46634662
11.90085979,17.86603317,-4.04226509
-8.16322959,15.59609455,-5.56962568
12.83657989,18.47123136,-4.10560501
-9.36581294,16.02139319,-5.75576839
-8.99204697,31.75045519,-6.45639162
11.50369191,30.98744194,-4.52802521
-8.25491515,31.97787235,-6.39355274
10.71466852,31.35387460,-4.58237055
13.72616142,19.02310430,-4.13138668
-10.47504808,16.42321910,-6.07053202
9.48895123,31.85116389,-4.67251589
-7.11493138,32.23784698,-6.31200591
-11.05679453,16.77798770,-6.31467394
14.21354495,19.42001194,-4.12522187
-6.01124699,32.50916310,-6.22786319
8.28336026,32.34782573,-4.76183626
14.69807876,19.78345717,-4.10656579
-11.61282502,17.13158220,-6.58795468
-4.86190172,32.72343742,-6.13555985
7.07283926,32.75480539,-4.86708653
-11.99522975,17.74508631,-6.83641299
15.07832549,20.27724006,-4.08584018
15.48203145,20.72047190,-4.06944102
-12.39271958,18.35738662,-7.07317467
15.71773996,21.46334274,-4.10351061
-12.49475311,19.58144011,-7.24736464
-3.72198306,32.98715325,-6.05590489
5.87824836,33.14942035,-5.01560727
-2.55312770,33.15304562,-5.96591510
4.68154057,33.36320013,-5.18214028
-1.38792996,33.36920183,-5.88941707
3.47236927,33.55656866,-5.37110492
15.98634156,22.14016978,-4.16174906
-12.68903768,20.78015955,-7.35499297
1.01537546,33.59066550,-5.67770033
2.24076308,33.57412481,-5.52979033
-0.18676894,33.46713843,-5.78522072
15.98742582,22.83586449,-4.25517314
-12.55359688,22.02267886,-7.34999837
15.98839071,23.50755636,-4.33423085
-12.49301992,23.14053137,-7.34266669
15.84694940,24.24258579,-4.41194515
-12.28043061,24.28371027,-7.35102561
15.68734666,24.95970935,-4.48251312
-12.09691582,25.35117646,-7.39160296
15.47733935,25.66556418,-4.55996188
-11.89456772,26.37206179,-7.43009276
15.25041066,26.37781189,-4.65410698
-11.72795334,27.35287956,-7.45746732
-11.57889949,28.32553843,-7.47400829
14.98738380,27.15571419,-4.77406583
-11.47146637,29.23851786,-7.49812019
14.71821050,27.97300066,-4.91448285
-11.07822663,30.01060878,-7.49159540
14.23436513,28.78885631,-5.04765771
-10.74819281,30.73224475,-7.50083874
13.76463914,29.58661446,-5.17797673
13.05368450,30.13676941,-5.27352438
-10.02363318,31.12106462,-7.46232196
-9.38045942,31.49190678,-7.43548154
12.35682533,30.63999010,-5.37015603
-8.61254291,31.67198564,-7.38974211
11.57806499,30.98728287,-5.44935190
-7.90057658,31.85063536,-7.34042083
10.80607755,31.32724540,-5.52411531
-6.78503281,32.06285965,-7.26022323
9.58029708,31.80834423,-5.63449500
-5.70812570,32.31083760,-7.17707926
8.38015916,32.29218270,-5.73987427
-4.58191336,32.52380669,-7.09600507
7.18600409,32.68896537,-5.85916571
-3.46597151,32.79716630,-7.03877567
6.01049859,33.06447871,-6.02822996
4.82476056,33.26481866,-6.20095358
-2.32849955,32.98351680,-6.96136167
-1.19658885,33.21358529,-6.90094178
3.61433091,33.43933352,-6.40105658
1.15623419,33.45578376,-6.71177839
-0.02471406,33.32369616,-6.80812567
2.37614583,33.44710822,-6.56240643
4.38125211,15.66761811,1.53614612
5.52582802,15.58755384,1.56718726
6.44752027,15.71465852,1.57619302
-2.76921562,15.59317183,1.13896303
-3.89960497,15.42574916,1.03816935
-4.81606990,15.41705227,0.92960442
7.36239500,15.85948022,1.59719581
-5.72328597,15.39086393,0.82112871
-6.63078059,15.35977751,0.71670902
8.27232082,16.02274031,1.63796528
-1.60014131,15.69710405,1.23290142
3.21638191,15.72969257,1.50332776
9.17824442,16.20527787,1.70783908
-7.54493254,15.33903099,0.61668555
9.99899717,16.59211721,1.78845756
-8.41315086,15.53312073,0.49876737
-0.39817473,15.74761647,1.31714265
2.02814737,15.75998247,1.45644848
-9.31244750,15.76840689,0.37875998
10.82883659,16.98210161,1.91017442
0.82067226,15.75092433,1.38703254
11.67125432,17.36472869,2.06030019
-10.24540771,16.05944294,0.26655088
-11.21142702,16.41367000,0.17968326
12.52986640,17.73744431,2.21920401
-11.88301844,16.81367076,0.13569921
13.09615190,18.10933892,2.31210970
13.66941601,18.48030323,2.40021444
-12.56605544,17.23180197,0.10870621
-13.24996576,17.66134442,0.08660715
14.24796082,18.85577673,2.48343196
14.83254939,19.23807484,2.56702198
-13.92331732,18.09617078,0.06267428
-14.31936541,19.02519804,0.01674839
15.06918114,20.08283325,2.58170817
15.30371127,20.92263382,2.61838191
-14.67811900,19.95164440,-0.01869258
-15.00863706,20.87860766,-0.00534263
15.53953995,21.76121787,2.68657227
15.77690134,22.60265347,2.78333488
-15.33186517,21.80430575,0.04888330
-15.09985541,22.81546042,0.02853633
15.41384528,23.55296616,2.74855864
-0.53702336,31.34136859,2.00004078
-1.73730036,31.30302198,1.79031570
0.68043845,31.22394733,2.14697519
1.89248772,31.10827018,2.22536937
-2.94245143,31.27475019,1.56812480
-9.74145657,30.15883835,0.54864319
-10.55692787,29.83920722,0.39432621
-8.64078727,30.43328909,0.71112997
7.79213357,30.22977635,2.37597216
8.97016992,30.06843405,2.42853064
9.86884752,29.84594666,2.43407416
-7.54821295,30.69896103,0.86653077
6.62564538,30.40278952,2.32994754
3.10144410,31.00103061,2.25410232
-4.15201575,31.26170306,1.35779827
-6.45509855,30.97380069,1.01404841
5.46674660,30.62440097,2.29134204
-5.35966159,31.26908170,1.16246491
4.31021919,30.92219435,2.27480873
15.04300632,24.48894086,2.71041158
-14.85662730,23.81893473,-0.02959886
-11.39040750,29.49968140,0.23997533
10.77578244,29.59138095,2.46226722
11.69333992,29.30692412,2.51432250
-12.24617172,29.13964570,0.08816834
-13.12412674,28.76419003,-0.06070213
12.62195846,29.00054369,2.58574213
14.66594155,25.40225586,2.64947186
-14.60768516,24.81499915,-0.13502627
-13.42659849,28.04256419,-0.16235123
13.03931597,28.33650812,2.54383701
-13.73449088,27.31044667,-0.23167002
13.45658834,27.66183489,2.53479194
-14.34432891,25.79983648,-0.25958199
14.28234782,26.29138029,2.56413071
13.87137720,26.98004774,2.54544307
-14.04222563,26.56220142,-0.26067778
0.25274629,14.87634215,-6.50397340
1.17000984,15.03150413,-6.45559577
5.49358404,15.56406196,-5.41621473
4.63047436,15.47461485,-5.72363436
3.77009574,15.36013190,-5.99543941
2.04754309,15.14676888,-6.36194382
2.91063701,15.22432026,-6.22193728
6.37045883,15.62767981,-5.09212836
-0.74228031,14.68139393,-6.49529927
7.20521435,15.94752742,-4.80116811
-1.74836690,14.70547023,-6.35328319
8.07856052,16.28696494,-4.57495059
-2.86822101,14.75936155,-6.16534375
-4.08347575,14.85695770,-5.97014709
8.98909888,16.64059578,-4.41822489
9.93487716,17.00343774,-4.33411402
-5.36947104,15.00341844,-5.82996068
-6.67626842,15.39339200,-5.78563448
10.90619452,17.59684097,-4.34466742
11.87668557,18.16565675,-4.39604443
-7.97537794,15.79569684,-5.85407874
12.81427299,18.68782168,-4.44112084
-9.21321542,16.18442915,-6.05509927
-10.34655611,16.53786369,-6.40142566
13.70666647,19.16061001,-4.45578789
14.12322963,19.63256402,-4.45147938
-10.83273196,17.02508303,-6.65625913
14.54248034,20.05879772,-4.43906528
-11.29090663,17.50400779,-6.93253424
-11.74221186,17.98393551,-7.21117469
14.97495947,20.44546704,-4.42270373
-12.21628815,18.47851170,-7.46830974
15.42774928,20.80072298,-4.40563395
-12.11110455,19.78889098,-7.58745291
15.53175739,21.54920571,-4.45594066
15.66353479,22.23280270,-4.52405683
-12.07659425,21.03955642,-7.63625836
15.80756540,22.88342864,-4.59216566
-12.12163541,22.19220798,-7.64252419
15.95307855,23.51688779,-4.65015897
-12.24989105,23.23795585,-7.65583290
-12.01501458,24.36110483,-7.67222928
15.81189403,24.23534407,-4.72644344
15.65000113,24.93838789,-4.80241828
-11.81836914,25.41472383,-7.71365923
-11.66232108,26.42397467,-7.74962631
15.46652412,25.63782137,-4.88968669
-11.54634867,27.38695978,-7.77588072
15.26491731,26.35117875,-4.99437423
-11.24012150,28.30535967,-7.77602500
14.89163002,27.13429916,-5.11773025
-10.97654348,29.15870416,-7.79300227
14.52141493,27.96414932,-5.25424989
-10.76475903,29.95546841,-7.82904676
14.16091464,28.80963753,-5.39166084
-10.61160258,30.70841900,-7.87374345
13.80826539,29.61786901,-5.52520522
-9.79613651,30.98987356,-7.83701902
13.05406209,30.08906014,-5.61391306
-9.07793559,31.26002688,-7.80930039
12.31747589,30.51967223,-5.70808898
-8.42697552,31.52386971,-7.77878959
11.58836197,30.92053874,-5.80330340
-7.81902172,31.78533148,-7.74033882
10.86220600,31.31039462,-5.89637133
-6.67098732,31.94172179,-7.65592028
9.61672288,31.74577644,-6.01684034
-5.56848771,32.14499229,-7.56660562
8.40197876,32.18150220,-6.13144739
-4.48039097,32.40974872,-7.48977672
7.22600009,32.60742710,-6.26979981
-3.40017916,32.73336187,-7.44438117
6.07502163,33.01144971,-6.46182438
4.88469292,33.12064640,-6.61511749
-2.24476690,32.83996294,-7.35132106
-1.09728375,32.98977883,-7.27274069
3.66106055,33.20673684,-6.79260174
0.04877128,33.16741531,-7.20152985
2.42373816,33.28379053,-6.96808139
1.20717425,33.36611731,-7.13101802
