1.74078394,12.94523599,1.40120980
0.31880720,12.67506119,1.62630843
1.75844651,12.92427989,1.50970284
0.33224061,12.66101357,1.73343775
-1.06782068,12.43329336,1.85567219
-1.05790747,12.42114670,1.96137514
-2.49184838,12.27049747,2.11177221
-2.48557252,12.25718218,2.21707167
-4.00823865,12.21376604,2.34957609
-4.00554741,12.19953783,2.45518749
-6.16439512,32.36800820,1.51279235
-4.69013169,32.54044672,1.41299736
-6.17150599,32.36523572,1.60699176
-4.69535193,32.53908210,1.50704442
-3.23273152,32.76462830,1.29711063
-3.23613759,32.76515478,1.39133977
-1.78734194,33.00071867,1.15634176
-1.78873319,33.00352970,1.25076669
-0.34911456,33.22506722,0.99849248
-0.34803665,33.23040616,1.09248968
-5.42432617,12.39391972,2.44715116
-5.42448051,12.38044580,2.55362425
-6.84435638,12.63954892,2.46563289
-6.84599725,12.63127969,2.57385069
-8.15104117,12.90846378,2.43280256
-8.15220690,12.90864745,2.54362312
-9.34306586,13.16404813,2.38936546
-9.34169263,13.17363108,2.50360029
-11.10450935,30.53831516,1.84926502
-9.97061376,30.99427240,1.78353571
-11.11366987,30.52208226,1.95050963
-9.97929974,30.98284602,1.88323887
-8.77326755,31.42894155,1.70339048
-8.78170253,31.42113733,1.80119317
-7.50331478,31.87659298,1.61160460
-7.51119447,31.87151230,1.70752517
-10.38858188,13.72364121,2.35144528
-10.38318771,13.73983858,2.46870950
-11.37190094,14.25365382,2.34520432
-11.36198024,14.27356007,2.46547685
-12.28722736,14.78496216,2.35255520
-12.27447980,14.80537954,2.47576337
-13.14822970,15.32328083,2.36914721
-13.13487410,15.34112263,2.49506416
-13.70622860,15.81321278,2.37434127
-13.69208768,15.83018092,2.50134945
-14.26433734,16.28439505,2.39092762
-14.24981190,16.30009436,2.51903216
-14.83085802,16.73253339,2.41905295
-14.81583204,16.74664709,2.54842829
-15.41333153,17.15556655,2.45824893
-15.39734141,17.16786874,2.58934964
-14.51605600,28.57839185,2.07716752
-13.63256391,29.07680615,1.97633725
-14.51720502,28.53959661,2.18162502
-13.63741615,29.04339946,2.07969931
-12.77597231,29.57173786,1.91135653
-12.78292601,29.54391354,2.01362017
-11.93794891,30.06024527,1.87288116
-11.94625923,30.03817135,1.97460011
-15.74287963,18.04621901,2.42068112
-15.73247404,18.05329188,2.55066216
-16.08157867,18.93383577,2.39515789
-16.07588623,18.93575061,2.52446506
-16.42969712,19.82147461,2.38239753
-16.42779294,19.81831770,2.51126656
-16.78663498,20.71114493,2.38398738
-16.78746151,20.70288526,2.51284273
-16.56590464,21.78695283,2.25715134
-16.56947588,21.77537493,2.37987457
-16.33366049,22.88092201,2.15189529
-16.34015439,22.86578517,2.26918591
-16.08623818,23.98938175,2.06751533
-16.09560969,23.97074411,2.17997947
-15.82042160,25.10774549,2.00026531
-15.83240849,25.08614787,2.10892208
-15.50607462,25.97808162,2.01521067
-15.51587317,25.95146184,2.12238217
-15.18277898,26.84736050,2.03394169
-15.19012417,26.81640409,2.13985511
-14.85203998,27.71438236,2.05479149
-14.85635482,27.67926010,2.15991480
1.72270800,12.96630334,1.29255569
0.30478320,12.68930091,1.51933374
-1.07830899,12.44581912,1.75033740
-2.49868410,12.28427905,2.00704820
-4.01129061,12.22836126,2.24451803
-6.15673429,32.37174973,1.42062013
-4.68434678,32.54266903,1.32117137
-3.22906767,32.76487029,1.20501841
-1.78578529,32.99856671,1.06415626
-0.35003474,33.22029380,0.90662894
-5.42403524,12.40766207,2.34118708
-6.84206453,12.64797433,2.35808159
-8.14891845,12.90823225,2.32271131
-9.34327003,13.15390634,2.27601201
-11.09505801,30.55539032,1.75056238
-9.96135000,31.00664876,1.68625937
-8.76426744,31.43770506,1.60781821
-7.49476256,31.88282973,1.51801623
-10.39299058,13.70687205,2.23527627
-11.38093759,14.23287613,2.22601579
-12.29946494,14.76345407,2.23074663
-13.16145430,15.30362983,2.24491753
-13.72021738,15.79441485,2.24931691
-14.27900375,16.26676331,2.26492080
-14.84630836,16.71636916,2.29199206
-15.42992093,17.14100517,2.32966559
-14.51489642,28.61820838,1.97558759
-13.62778518,29.11122262,1.87605626
-12.76892427,29.60059625,1.81176306
-11.92953511,30.08324928,1.77392464
-15.75394937,18.03719071,2.29313686
-16.08785766,18.93033881,2.26870804
-16.43226454,19.82334541,2.25650958
-16.78657374,20.71830410,2.25833735
-16.56266333,21.79793564,2.13753013
-16.32718009,22.89585854,2.03780730
-16.07665142,24.00792986,1.95804373
-15.80807192,25.12965713,1.89461539
-15.49599367,26.00500904,1.91115108
-15.17526707,26.87893204,1.93097018
-14.84750694,27.75012219,1.95260137
3.25597024,13.10817925,1.28510288
3.23370493,13.13712165,1.17564910
4.77268107,13.19816933,1.02977098
4.74628440,13.23433808,0.92027531
6.25882630,13.17295446,0.75763769
6.22964530,13.21251005,0.64856245
7.67867673,13.09628337,0.52410094
7.64793995,13.13370182,0.41561168
5.00229769,33.22898361,0.47385832
3.73771507,33.28646432,0.59833781
4.98531459,33.20994307,0.38802651
3.72537465,33.27144291,0.50899726
2.43285995,33.30451102,0.74766819
2.42473019,33.29344765,0.65574758
1.06657831,33.28033809,0.91913319
1.06224105,33.27256202,0.82572790
8.84627904,13.19358896,0.36664029
8.81392192,13.22814049,0.25919340
10.02956997,13.35685637,0.27373284
9.99625090,13.38727594,0.16670444
11.26631341,13.60085189,0.23856718
11.23174029,13.62703287,0.13207087
12.59878801,13.88921741,0.24334533
12.56236652,13.91295502,0.13753610
10.47795832,31.72049656,0.19521870
8.93318975,32.05325954,0.35508317
10.43219613,31.70593449,0.11895201
8.89523265,32.03496318,0.27578681
7.51926033,32.40126425,0.41690923
7.48942684,32.38111704,0.33487953
6.22419314,32.79461051,0.43351504
6.20142819,32.77447072,0.34945375
13.88596188,14.45568354,0.25850397
13.84739698,14.47877362,0.15351552
15.27118801,14.98266952,0.20759573
15.23274065,15.00384488,0.10277880
16.70755992,15.52768974,0.07793760
16.67300807,15.54705186,-0.02848671
18.05994998,16.14055646,-0.10810583
18.03046247,16.15903452,-0.21657144
18.83209837,16.71959630,-0.24590080
18.80683537,16.73633677,-0.35559373
19.52470815,17.31858654,-0.38735383
19.50131418,17.33395302,-0.49757599
20.14587334,17.92333225,-0.52521968
20.12228309,17.93689460,-0.63544089
20.70280728,18.52316621,-0.65588553
20.67783817,18.53451181,-0.76584039
15.71646373,30.16300134,-0.71181991
14.38845764,30.47878476,-0.57855542
15.65894058,30.17052644,-0.79315823
14.33178875,30.48231430,-0.65528494
13.04917376,30.87534895,-0.33307880
12.99532362,30.87481177,-0.40575262
11.73644819,31.31253937,-0.03810701
11.68637271,31.30562247,-0.11146197
20.86570653,19.48404150,-0.71799208
20.83253815,19.49360349,-0.82634222
20.98657961,20.46452872,-0.78768789
20.94536741,20.47254252,-0.89503101
21.06704931,21.46218873,-0.86614847
21.01806980,21.46857709,-0.97281348
21.11035921,22.47398994,-0.95300345
21.05451791,22.47894320,-1.05894356
20.50708320,23.53634020,-1.04224816
20.44550576,23.54264182,-1.14707342
19.82463698,24.65610343,-1.13172706
19.75880275,24.66351476,-1.23174188
19.10692378,25.80739710,-1.17137731
19.03831873,25.81426495,-1.26418707
18.37628748,26.94518043,-1.14670768
18.30546658,26.94883963,-1.23302238
17.72196316,27.78181514,-1.02786904
17.65349507,27.78654799,-1.11218215
17.05848265,28.58989904,-0.91033861
16.99299016,28.59536939,-0.99372247
16.38977690,29.37936010,-0.80564314
16.32815101,29.38597450,-0.88823928
3.21121781,13.16608239,1.06591062
4.71968101,13.27061247,0.81070024
6.20029466,13.25214013,0.53990444
7.61747742,13.17135790,0.30811858
4.96897390,33.19188391,0.30411730
3.71349113,33.25708571,0.42177120
2.41685789,33.28295401,0.56595345
1.05806880,33.26525333,0.73455105
8.78234602,13.26312381,0.15282348
9.96403369,13.41790996,0.06101183
11.19865243,13.65324224,0.02666708
12.52731532,13.93653359,0.03261628
10.38756049,31.69256713,0.04438318
8.85860175,32.01785681,0.19817613
7.46072787,32.36225685,0.25465738
6.17960500,32.75541787,0.26729833
13.81008877,14.50201609,0.04924758
15.19475333,15.02556979,-0.00123019
16.63771970,15.56716166,-0.13400632
17.99935533,16.17804309,-0.32387906
18.77946124,16.75350159,-0.46399915
19.47571579,17.34923923,-0.60643284
20.09668771,17.95027927,-0.74431678
20.65095544,18.54538486,-0.87457675
15.60166862,30.17912656,-0.87243837
14.27567068,30.48711717,-0.72996623
12.94240089,30.87556457,-0.47670670
11.63752327,31.29979870,-0.18313286
20.79764916,19.50309680,-0.93356242
20.90273355,20.48039053,-1.00127259
20.96806091,21.47510312,-1.07848569
20.99785514,22.48413333,-1.16380272
20.38314384,23.54944340,-1.25029959
19.69219894,24.67151755,-1.32995505
18.96925775,25.82151179,-1.35502997
18.23438989,26.95318170,-1.31736612
17.58495576,27.79197366,-1.19473841
16.92743435,28.60172493,-1.07523753
16.26655409,29.39347958,-0.96907363
0.56198475,16.95510724,-5.35741748
-0.61541954,16.68951508,-5.26273015
0.55179761,17.01311682,-5.26088225
-0.62312852,16.75195901,-5.16509708
-1.76672092,16.42056156,-5.14890267
-1.77235274,16.48653868,-5.05019834
-2.88695621,16.18881852,-5.03686963
-2.89065813,16.25198853,-4.93657754
-3.96068698,15.99804563,-4.93598813
-3.96289779,16.05205412,-4.83346737
1.74690923,17.28180692,-5.33047391
1.76035883,17.22564487,-5.42623263
2.96480902,17.42681207,-5.37938448
2.98260571,17.37040947,-5.47467917
4.19226124,17.42667117,-5.43248755
4.21334765,17.37297821,-5.52795843
5.42124214,17.31172405,-5.52114043
5.44412760,17.26491588,-5.61782089
-0.08581184,35.62530852,-4.95885259
-1.51509913,35.28086114,-4.84356764
-0.08348168,35.64667950,-4.88253096
-1.50935508,35.29555246,-4.76470484
-2.97617169,34.96540722,-4.76769578
-2.96656747,34.97457701,-4.68564965
-4.45943333,34.67506989,-4.74656481
-4.44700167,34.68585364,-4.66151389
-5.94833491,34.45394277,-4.80969122
-5.93196546,34.46694179,-4.72017361
1.32444324,35.61660631,-4.99881693
1.32616198,35.60819426,-5.07422610
2.71832813,35.56866775,-5.11567741
2.72535684,35.57084433,-5.19081891
4.11329397,35.48458026,-5.21378674
4.12605284,35.48855251,-5.28733455
5.51623462,35.40772490,-5.32037739
5.53625298,35.41064318,-5.39342830
-4.93117674,16.06507315,-4.86934632
-4.93231545,16.10895309,-4.76352206
-5.86789489,16.15660637,-4.83855419
-5.86831999,16.18532589,-4.72901200
-6.78275344,16.26627935,-4.85025510
-6.78386415,16.27654981,-4.73569015
-7.69118363,16.37301437,-4.89688228
-7.69317729,16.36893253,-4.77712328
6.52677119,17.40859838,-5.62616809
6.54990016,17.37182265,-5.72464875
7.65082588,17.54133603,-5.76539518
7.67149176,17.52008029,-5.86683770
8.80206897,17.71993824,-5.95009442
8.81714001,17.71801514,-6.05603520
10.00536867,17.91673174,-6.17441464
10.01667260,17.92901499,-6.28470894
-7.33195687,33.94376463,-4.91700009
-7.30816013,33.94710376,-4.82231331
-8.63895651,33.45393164,-5.05447691
-8.60755553,33.45713023,-4.95463985
-9.86057958,32.96233944,-5.16859978
-9.82742675,32.96992748,-5.06530253
-11.04111245,32.43051578,-5.24661856
-10.99893325,32.44621452,-5.14037195
6.87620489,35.01223670,-5.42686809
6.90621827,35.02563116,-5.50272111
8.24102238,34.67485161,-5.58624106
8.28201619,34.68921549,-5.66677188
9.62390287,34.35680146,-5.77981104
9.66857168,34.36555333,-5.86368122
11.02484660,34.00475712,-5.99444579
11.07907421,34.00602358,-6.08080566
-8.60924755,16.62639953,-4.98744432
-8.61102457,16.61745072,-4.86358595
-9.49194713,16.90982553,-5.10307793
-9.49369779,16.89868861,-4.97624408
-10.35016393,17.20906717,-5.21934698
-10.35240526,17.19214009,-5.09123214
-11.17751467,17.53039307,-5.31503438
-11.18167233,17.50547819,-5.18727752
11.22591863,18.28339192,-6.41760016
11.23952371,18.29765921,-6.52924803
12.43209999,18.64354387,-6.62505517
12.44826010,18.65688094,-6.73474179
13.60520234,18.96673242,-6.77699695
13.62086450,18.98213179,-6.88119185
14.71362726,19.26838614,-6.89461335
14.72509244,19.28824799,-6.99309063
-13.42609369,30.17696491,-5.25628204
-12.80514649,30.78289593,-5.26253704
-13.43751655,30.15885645,-5.13298118
-12.79975765,30.77291094,-5.14480498
-12.22114646,31.35079507,-5.26650940
-12.19807343,31.34817634,-5.15345406
-11.63839910,31.89655032,-5.26243324
-11.60108928,31.90605636,-5.15309673
14.04720412,32.03437657,-6.47330288
13.27829339,32.58223100,-6.32272731
14.03658634,32.06169716,-6.55569693
13.28551930,32.60349990,-6.40673326
12.53286588,33.08569843,-6.20020131
12.56081442,33.10173432,-6.28618375
11.78306937,33.55674976,-6.09425282
11.82940454,33.56339287,-6.18139399
-11.61411886,17.90994521,-5.38380552
-11.61947107,17.87912458,-5.25612898
-12.06130175,18.27625647,-5.44558398
-12.06955594,18.23793851,-5.31806056
-12.49727869,18.64219690,-5.50500748
-12.50699121,18.59592878,-5.37847674
-12.97750058,19.00329162,-5.56223418
-12.98402585,18.94983352,-5.43619160
15.20325926,19.64912104,-6.95432019
15.20978956,19.67304120,-7.05026528
15.70238285,20.00257999,-7.02207365
15.70075533,20.03288272,-7.11560240
16.17200246,20.35081422,-7.09970680
16.16333127,20.38848665,-7.19063954
16.68024101,20.69222749,-7.19622581
16.67281552,20.73495853,-7.28643186
-13.25054265,19.80023491,-5.57744984
-13.24202892,19.75412690,-5.45257176
-13.54407247,20.58914085,-5.56913320
-13.52603626,20.54801295,-5.44415155
-13.80584156,21.40573570,-5.54015108
-13.78325393,21.36564776,-5.41594650
-14.07665283,22.22491442,-5.48169626
-14.05048193,22.18302921,-5.35927870
16.66273940,21.55748479,-7.18062629
16.67719634,21.59070057,-7.27487219
16.68092238,22.40270898,-7.17929765
16.70835598,22.42931237,-7.27723849
16.65756824,23.26472019,-7.18044486
16.69132759,23.28988409,-7.27965179
16.65603775,24.11912881,-7.18902414
16.69438188,24.14600734,-7.28856641
-14.12812705,23.20536287,-5.38419221
-14.09912166,23.15441400,-5.26436350
-14.14938023,24.24610513,-5.28425858
-14.12216977,24.17753784,-5.16620488
-14.15762078,25.21253620,-5.21256547
-14.13364336,25.14001266,-5.09361422
-14.13331881,26.28132280,-5.15577093
-14.11652408,26.18208373,-5.03715540
16.34146877,25.14479086,-7.12057698
16.37862787,25.18305781,-7.21951724
16.02260526,26.20141333,-7.04554639
16.05173820,26.26171626,-7.14250478
15.75246795,27.17457978,-6.97728066
15.77780069,27.24110089,-7.07256038
15.47236033,28.20059835,-6.89179246
15.48280606,28.29827257,-6.97998694
-13.95506123,27.28584242,-5.13289369
-13.94400837,27.19267237,-5.01176050
-13.77198930,28.26618684,-5.14977154
-13.76709463,28.20079567,-5.02563192
-13.59564524,29.21480139,-5.19737554
-13.59983505,29.17399818,-5.07191919
15.06530086,29.18963964,-6.76307179
15.07121145,29.28339140,-6.84765702
14.69311475,30.15340928,-6.64487106
14.69688919,30.22400539,-6.72924227
14.35891065,31.08936894,-6.54803103
14.35552867,31.13812946,-6.63223283
5.49945788,35.40108763,-5.25372990
6.84482305,34.99295373,-5.35610506
8.19987052,34.65729448,-5.51062107
9.57517068,34.34304282,-5.70217989
10.96869858,33.99957479,-5.91110191
5.39176512,17.38589609,-5.43400653
6.48967749,17.47420143,-5.53789767
7.61277100,17.58973848,-5.67441447
8.77101578,17.74455232,-5.85067965
9.97275491,17.93257471,-6.06930461
14.06086744,31.99910168,-6.40007516
13.27680504,32.55083353,-6.24681853
12.50005750,33.06845180,-6.12026174
11.73034427,33.54823017,-6.01217775
14.67959199,19.27048813,-6.80362229
15.18558186,19.63278943,-6.86239163
15.67621993,19.98553821,-6.92965635
16.15750953,20.33038166,-7.00957953
16.63736213,20.66958111,-7.10492111
16.62652549,21.54056784,-7.08986186
16.61432556,22.40344370,-7.08123809
16.60687298,23.25796775,-7.08183223
16.60931998,24.10456412,-7.09381101
-12.95906627,18.91479677,-5.32711943
-13.22126536,19.72457095,-5.34444995
-13.48639271,20.53318965,-5.33520945
-13.75310145,21.34278131,-5.30137448
-14.02045043,22.15494637,-5.24783818
16.29519355,25.12659043,-7.02492167
15.99921875,26.13035736,-6.95793069
15.72648078,27.11292636,-6.88928275
15.47945082,28.07573566,-6.81806747
-14.06810880,23.12396282,-5.15193916
-14.09708121,24.09824473,-5.06082300
-14.11038273,25.07507318,-4.98538681
-14.11216447,26.05169993,-4.93433471
15.07605045,29.07986329,-6.69359692
14.70845684,30.06382222,-6.57638165
14.37234235,31.03513962,-6.47446799
-13.94720912,27.08665244,-4.90734907
-13.77972577,28.11305044,-4.91665689
-13.61390967,29.12885265,-4.95674775
-13.45339840,30.13307082,-5.02128301
-0.08155363,35.66808722,-4.81160261
1.32236923,35.62082977,-4.92695965
2.71188418,35.55761893,-5.04776650
4.10338309,35.47345866,-5.14934002
0.54046945,17.09464882,-5.17353692
1.73083903,17.36207523,-5.24355700
2.94309230,17.50921744,-5.29281605
4.16529962,17.50723127,-5.34504030
-0.63107143,16.83760339,-5.07794755
-1.77788176,16.57655740,-4.96416037
-2.89377669,16.33902846,-4.84789124
-3.96474660,16.12893547,-4.74420803
-1.50337596,35.30653329,-4.69222132
-2.95724886,34.97376068,-4.61043807
-4.43704268,34.68709741,-4.58571854
-5.91901758,34.47515991,-4.63903976
-7.28262637,33.94491576,-4.73543766
-8.57614866,33.45664584,-4.86156512
-9.79029282,32.97353153,-4.97059053
-10.95579534,32.45958693,-5.04017041
-4.92735787,16.17554508,-4.67340708
-5.86054399,16.23616644,-4.63386625
-6.77801207,16.30563949,-4.63071303
-7.68589361,16.38945968,-4.66666131
11.18128763,18.29796538,-6.31096890
12.39692971,18.64813433,-6.52096249
13.57091831,18.97040241,-6.67584149
-8.59748442,16.63443045,-4.75270858
-9.48669950,16.90258251,-4.85936914
-10.34593211,17.19200029,-4.97075300
-11.17377255,17.49957449,-5.07882110
-11.61866834,17.85588275,-5.14250313
-12.06060881,18.21185854,-5.20421631
-12.50511617,18.56531020,-5.26549423
-12.80058319,30.75302884,-5.03677476
-12.17257677,31.34622857,-5.04958036
-11.56031353,31.91449130,-5.05242566
1.07320600,33.77905836,-0.41442021
-0.33648267,33.73573129,-0.25548464
1.06281968,33.58728503,0.11286848
-0.34907047,33.51283326,0.28568993
-1.79448412,33.35805817,0.44482349
-1.78435926,33.58465111,-0.08488312
-3.25413269,33.19216536,0.59156250
-3.25008136,33.42249713,0.07600766
2.42490996,33.78900565,-0.56127253
2.41894733,33.63038534,-0.05162600
3.69380828,33.58735777,-0.68617734
3.69626600,33.46220636,-0.17686861
-4.71088862,32.86855766,0.71432586
-4.70952708,33.10218482,0.19104021
4.91976425,33.35251062,-0.77207867
4.93233804,33.25728270,-0.26737532
-6.17884756,32.59227940,0.81607791
-6.17687112,32.82626799,0.28221918
6.11292630,32.91435367,-0.78770454
6.13617555,32.84210431,-0.29511725
-7.54475116,32.14552464,0.90674707
-7.54772401,32.36921763,0.36939692
-8.84069802,31.74330619,0.98755011
-8.85218780,31.95866938,0.44599310
7.36638247,32.53854374,-0.78352606
7.40403648,32.47997435,-0.30040010
8.71322200,32.16931465,-0.81916647
8.77150068,32.11922849,-0.34428291
-10.03784280,31.29919211,1.05533124
-10.05710494,31.50576606,0.50877962
-11.17573884,30.84157475,1.11573010
-11.20719050,31.04575391,0.57104388
10.19410638,31.83487450,-0.94824036
10.27401290,31.78693892,-0.48448280
-12.03721631,30.43832708,1.15839215
-12.06290421,30.65065553,0.61459049
11.39235136,31.53248916,-1.14030013
11.51754612,31.47431842,-0.69081558
12.64026330,31.19946131,-1.40018554
12.81604851,31.12997054,-0.96383048
-12.90989751,30.02390730,1.21987840
-12.93333301,30.24497404,0.67565289
13.82786290,30.69774186,-1.65519733
14.05771748,30.62572483,-1.21731205
-13.71285808,29.42443834,1.27057688
-13.72895891,29.64546095,0.72519794
-14.54737901,28.81937801,1.34297480
-14.56085071,29.03781097,0.79241426
15.02322625,30.24941911,-1.84474304
15.30060622,30.18803785,-1.38643003
15.76771711,29.50901051,-1.96437988
16.05618245,29.45332653,-1.50784357
-14.96892628,27.95968286,1.32846470
-14.97663062,28.14925148,0.79384852
-15.39140686,27.09367093,1.31252281
-15.39609043,27.25263920,0.79284200
16.51211329,28.76064842,-2.08822617
16.80580501,28.71306226,-1.63800257
17.08687578,27.92604058,-2.22370255
17.41171200,27.88362410,-1.75639061
-15.67056665,26.17882851,1.29175541
-15.65720457,26.31201940,0.75263185
-15.94303262,25.26092680,1.27320991
-15.91458906,25.36555705,0.71278136
17.66269706,27.06050332,-2.36612161
18.01386956,27.02289445,-1.87897352
-16.19091610,24.12668674,1.30044557
-16.15376141,24.21620827,0.72656257
18.32186134,25.96463119,-2.45908404
18.69618155,25.90931032,-1.95387726
-16.42599315,22.99640968,1.33913179
-16.38505089,23.06595799,0.74803786
18.97929455,24.83636832,-2.51305604
19.37318276,24.76935546,-1.97708859
-16.60957773,21.85809350,1.40190008
-16.56904937,21.90238456,0.78051784
19.59611163,23.68765425,-2.50449036
20.00850727,23.61976432,-1.92474667
20.17788929,22.57460542,-2.45771165
20.59202482,22.51736513,-1.84487705
-16.78546647,20.73478149,1.48241796
-16.75202286,20.74429876,0.82612629
20.36197805,21.57059120,-2.41407945
20.76428969,21.51423103,-1.78764573
-16.62791690,19.75303100,1.49466684
-16.60153228,19.72578404,0.81931338
-3.23343145,33.65462725,-0.39827649
-1.76344404,33.81020738,-0.55999872
2.44242714,33.96058531,-1.02716215
1.09380288,33.97579506,-0.88529153
3.70622015,33.72857294,-1.14213644
-4.69351428,33.33099313,-0.27978767
-0.31414935,33.95598935,-0.72922999
4.92794154,33.46909988,-1.21700848
-6.15858220,33.04880937,-0.18786568
20.51024237,20.59296946,-2.37937751
20.89364407,20.54038266,-1.74687383
-16.47729816,18.77808754,1.51690010
-16.46532076,18.70598052,0.82082075
6.11719786,33.01744774,-1.23298830
-7.53266032,32.58635615,-0.11183820
7.36256457,32.63597995,-1.23257955
-8.84463760,32.17227319,-0.04736144
8.69428868,32.26257880,-1.26664943
-10.05757508,31.71212393,0.00984249
-15.95840739,17.89785607,1.51375436
-15.95890306,17.78037966,0.81626177
20.27977229,19.62463680,-2.28365388
20.64540545,19.56630757,-1.65158999
-11.22059769,31.25085991,0.07339636
10.15534487,31.92744437,-1.38865936
-15.47186961,17.00055715,1.52200177
-15.49475696,16.83358085,0.81895577
20.01221320,18.65839492,-2.18633514
20.35421374,18.59507808,-1.55533093
11.30961728,31.63397904,-1.56632547
-12.07055065,30.86233950,0.12044198
-14.92224597,16.48713872,1.50018432
-14.95097154,16.29428422,0.79936807
19.51897971,18.03644753,-2.06814515
19.85402685,17.96239055,-1.43659104
12.50743463,31.31162270,-1.80914013
-12.93776303,30.46317708,0.18448642
-14.39070327,15.94936062,1.48562425
-14.42667308,15.73172759,0.78238896
18.96884532,17.40886592,-1.94264264
19.29261985,17.32358493,-1.31065131
-13.72404849,29.86094687,0.23547430
13.63990282,30.81249365,-2.05705844
-13.81105440,15.51250980,1.46717248
-13.84508899,15.28366716,0.75726190
18.24707008,16.88132866,-1.79874767
18.56573464,16.77782108,-1.16188953
-13.22861272,15.06259574,1.45884629
-13.25759638,14.82689912,0.73978809
17.43876134,16.37260454,-1.65283599
17.74318963,16.25317443,-1.01239785
5.76542122,13.60090020,-0.82092069
7.15944699,13.57540605,-0.99707031
5.98984771,13.43588081,-0.12783339
7.39152710,13.38650948,-0.34061581
8.35113163,13.56180665,-1.11877894
8.57012989,13.36666268,-0.49811009
-3.98622950,12.30288326,1.58891147
-5.35132068,12.37643918,1.68121506
-3.96076341,12.33455690,0.88627732
-5.27547455,12.41453849,0.99411144
-2.51073463,12.31854284,1.35409827
-2.54184971,12.32996865,0.65050133
-12.36216799,14.45671836,1.45529207
-12.35798393,14.22794802,0.73479398
16.12650427,15.72470118,-1.45279739
16.40550656,15.59988087,-0.82134720
-1.11999866,12.43518377,1.09386969
-1.19023828,12.41790215,0.37973992
4.34192293,13.50560441,-0.61076145
4.54082227,13.39338699,0.12492146
2.91189961,13.25651971,-0.38936535
3.07651139,13.20148094,0.37376612
0.24039857,12.64251729,0.85054083
0.14191417,12.61916918,0.11111139
1.50519192,12.91234697,-0.15276973
1.63332478,12.91184247,0.60967518
-6.73741958,12.48629491,1.69055590
-6.61833856,12.50142413,1.01505800
9.56451188,13.58069108,-1.19998078
9.76757886,13.40041730,-0.60019786
-11.42540380,13.87670069,1.46498681
-11.37368259,13.67426317,0.74942249
14.76382226,15.12666650,-1.31288170
15.00320432,15.00566815,-0.68817955
14.78408223,30.35199837,-2.25831470
-14.54955508,29.24779263,0.30076319
10.79403390,13.82964455,-1.24846296
10.98943333,13.67510753,-0.64177149
-8.05228034,12.75403746,1.62872114
-7.91219946,12.72078677,0.94419883
13.38565423,14.64761570,-1.26129998
13.59661422,14.52426790,-0.63321879
-10.37395617,13.43895615,1.48810412
-10.27062949,13.28436289,0.77621030
12.09492113,14.13447935,-1.26872773
12.29429056,14.00275960,-0.64573069
-9.26648967,12.99254392,1.54678400
-9.12796692,12.89805082,0.84346489
15.50033667,29.60304430,-2.39245464
-14.95736206,28.33700969,0.29679166
-15.37101512,27.41575948,0.28898303
16.22184115,28.84411718,-2.52911945
16.77125480,27.99873335,-2.66599094
-15.61016475,26.44347689,0.24635174
-15.84739569,25.46473855,0.20277025
17.32762599,27.12252016,-2.81003843
-16.07238727,24.30510219,0.20268951
17.95941212,26.04085662,-2.91604013
-16.29387617,23.13967599,0.20690720
18.59420258,24.92362254,-2.99495818
19.18997639,23.77838166,-3.02509418
-16.47099421,21.95571310,0.21428408
-16.65361443,20.76718272,0.23082809
19.76436663,22.65587313,-3.01583417
-16.51069585,19.71720978,0.20984695
19.95754701,21.65057487,-2.98883654
20.12206378,20.66769703,-2.96361570
-16.38901903,18.65694355,0.19563411
-3.19074107,33.96522778,-1.02119891
-1.71749591,34.11602441,-1.17703418
3.74553511,33.95690990,-1.74565265
2.48324707,34.21787208,-1.63379740
-4.64953336,33.63535259,-0.90711651
1.13684735,34.25652920,-1.49363621
-0.26848121,34.26026661,-1.33930791
4.96961853,33.67689975,-1.81907572
-6.10922561,33.34489723,-0.82405243
-15.90039219,17.69213192,0.18743217
19.90095249,19.70636798,-2.87126641
-7.48611084,32.87517192,-0.76304126
6.16298982,33.21755601,-1.84197436
7.40798549,32.83880384,-1.85452970
-8.80646919,32.45707998,-0.71426596
8.72688735,32.46778033,-1.90045397
-10.02829998,31.99065273,-0.67166189
19.64967877,18.74562138,-2.77592448
-15.46090713,16.70158368,0.18249169
-11.20815306,31.53054660,-0.61320871
10.16334786,32.13592226,-2.02273226
19.15595837,18.13969798,-2.66241992
-14.92329903,16.14465389,0.15834065
-12.04671100,31.15221638,-0.56768106
11.25418158,31.85423448,-2.18607962
-14.40433263,15.56692601,0.13256911
18.61293274,17.52894399,-2.54191878
-12.90535842,30.76256822,-0.50548800
12.37824679,31.54586402,-2.40623157
-13.81787105,15.12323915,0.10303173
17.90203536,17.02601132,-2.39930220
17.12018559,16.53762166,-2.25429199
-13.22169222,14.67599929,0.07867463
13.42720499,31.04743342,-2.63500809
-13.67330288,30.15540274,-0.45477294
-12.28312995,14.10436313,0.06163375
15.84729860,15.90585944,-2.05427226
-11.24981649,13.59280492,0.07052310
14.53246422,15.31731677,-1.91251098
5.54079029,13.88131962,-1.43511483
6.92952569,13.87566554,-1.57265002
-2.61197786,12.47292952,-0.02886833
-3.96753206,12.48576779,0.20560575
-5.21538384,12.56827954,0.31855296
8.13085366,13.87291783,-1.66958091
4.13651235,13.74534555,-1.27375471
-1.29921404,12.54430697,-0.30741247
9.35598721,13.88296955,-1.74136345
-6.48978617,12.63310940,0.34516000
13.18595213,14.85344306,-1.84204761
-10.10638561,13.26078252,0.11078482
0.00951821,12.74916689,-0.59416130
2.73108166,13.45495190,-1.08964306
10.59758268,14.09907732,-1.78898989
-7.74275186,12.80856814,0.28748185
1.35107350,13.06723549,-0.86751830
11.90300461,14.36503892,-1.82228043
-8.94625497,12.93384216,0.19091075
14.48978632,30.56624149,-2.84191767
-14.48166202,29.53215894,-0.39380912
-14.87338177,28.58975523,-0.40227205
15.15825046,29.79880321,-2.98952279
-15.27263786,27.63348407,-0.41616627
15.83952849,29.01812026,-3.14052345
16.34441461,28.15144354,-3.27811785
-15.47485892,26.61877171,-0.46260991
-15.67620121,25.59776197,-0.51252847
16.86473909,27.25386959,-3.42211929
-15.86976434,24.43455900,-0.53206002
17.44772217,26.18984855,-3.53924416
18.04240607,25.08791789,-3.64183717
-16.06296919,23.26098351,-0.55236952
18.60632867,23.95225486,-3.71018797
-16.21593919,22.06382841,-0.57203914
19.16494840,22.82166236,-3.74728034
-16.37935014,20.85100363,-0.58749108
-16.24362220,19.77745813,-0.63181980
19.36589904,21.81942096,-3.75181740
-16.13450245,18.68280958,-0.67096372
19.54656121,20.83239889,-3.75227678
-15.67701912,17.68587428,-0.68659139
19.33580736,19.88596154,-3.67252713
19.10378797,18.93782725,-3.58888425
-15.27050128,16.65982458,-0.70265039
18.60764896,18.36377627,-3.48666315
-14.73992592,16.10365990,-0.73396471
18.07638990,17.78670447,-3.37808999
-14.22492938,15.53417880,-0.76967317
17.39157055,17.32779026,-3.23536299
-13.63310956,15.12427504,-0.79487906
16.65703665,16.87820227,-3.08934257
-13.02794675,14.71808150,-0.81582503
15.44319616,16.29686501,-2.88393824
-12.04108954,14.22496643,-0.83094417
14.18624654,15.75616122,-2.72420802
-10.96303100,13.79413437,-0.81520827
-9.80066998,13.53819870,-0.76344873
12.86612919,15.34983909,-2.61533089
-2.74754557,12.99041459,-0.94751920
-4.01201251,12.97803551,-0.72816106
5.21740741,14.51439403,-2.19403272
6.59220087,14.51343934,-2.29245336
-5.15808863,13.04389575,-0.60909218
7.79991523,14.52010717,-2.36395096
-6.32143127,13.07741556,-0.56662084
9.03230594,14.52722290,-2.42590988
3.83887524,14.36668932,-2.08315731
-1.48728289,13.07780503,-1.21420480
10.27702014,14.71120291,-2.48382273
-7.49047427,13.20517535,-0.60170795
11.58136793,14.92515967,-2.55063885
-8.64700513,13.28076474,-0.68581410
-0.20675996,13.31326881,-1.49099882
2.46201667,14.06997093,-1.93835014
1.11133084,13.66031566,-1.74460895
3.80264656,34.20636198,-2.30617029
2.53531544,34.48247735,-2.19288728
-4.59014092,33.89411853,-1.49324314
-3.13449971,34.23584567,-1.59810775
-1.66139072,34.39248673,-1.74482491
1.18803474,34.53141451,-2.05211586
-0.21483920,34.54617703,-1.89948968
-6.04345514,33.59261958,-1.42451040
5.03774622,33.91907517,-2.38539400
-7.42116080,33.11885334,-1.38539396
6.24625695,33.46568823,-2.42562799
7.50200173,33.10227670,-2.46434812
-8.74586046,32.70152601,-1.35985798
8.81679692,32.74001472,-2.53011378
-9.97150874,32.23052139,-1.33363329
-11.16194083,31.77088659,-1.28390550
10.23299262,32.41204907,-2.65776803
-11.98419793,31.39900664,-1.24280777
11.26390448,32.13630669,-2.80822898
-12.82774514,31.01411129,-1.18506144
12.31864384,31.83411603,-3.00442856
-13.57057926,30.40157125,-1.14067846
13.28677468,31.33143149,-3.21186152
-14.35183860,29.76743244,-1.08915296
14.26766222,30.82913434,-3.41630445
14.88582392,30.03733509,-3.56821168
-14.72521919,28.79821200,-1.09725281
-15.10595662,27.81245945,-1.11307348
15.52184903,29.23019955,-3.72713751
15.97492744,28.34079830,-3.86630706
-15.26868216,26.76560976,-1.16458356
16.44950001,27.42086995,-4.01000182
-15.43046383,25.71338488,-1.22313266
-15.58570550,24.56142142,-1.25878724
16.97516299,26.37409977,-4.13010271
17.52122325,25.28884592,-4.24278766
-15.74003033,23.39849003,-1.30012162
-15.85385598,22.21335136,-1.34677825
18.04238439,24.16864441,-4.33410283
-15.97671533,21.00882336,-1.39387607
18.56797775,23.04212691,-4.40785890
-15.83938808,19.94641755,-1.46254309
18.77035838,22.05139220,-4.44262660
-15.72610397,18.86205099,-1.52687355
18.95909890,21.06933620,-4.47311827
-15.29382583,17.87884889,-1.54970412
18.76238805,20.14505565,-4.41010816
18.55232329,19.21624940,-4.34477698
-14.90504917,16.87175575,-1.57178917
-14.38313377,16.35170471,-1.59386123
18.06817397,18.67822821,-4.24872666
17.56145194,18.13833012,-4.14749109
-13.87401384,15.82631517,-1.61822629
16.90414691,17.73320685,-4.01198490
-13.28574119,15.47471107,-1.62865760
-12.68415137,15.13025406,-1.63370920
16.20904911,17.33660851,-3.87201600
-11.68578662,14.73005277,-1.61934316
15.03398876,16.83679996,-3.65635549
-10.61697120,14.37149702,-1.58140250
13.80496550,16.37630914,-3.46655083
-9.49202897,14.15362202,-1.51521685
12.49640986,16.03824439,-3.30401886
11.21255279,15.67073664,-3.18908606
-8.38002705,13.92642804,-1.44533367
6.26514574,15.29340302,-2.90232281
7.46473110,15.30337524,-2.96707798
-4.06001332,13.72907273,-1.55711511
-5.12577151,13.76081791,-1.44186482
4.91486554,15.31358654,-2.81748794
-2.86752245,13.80021980,-1.74741626
8.68886890,15.31953542,-3.02915827
-6.19643348,13.76876203,-1.38641857
9.92163851,15.48835684,-3.09577177
-7.28375462,13.86611960,-1.39023105
3.56465063,15.19792723,-2.72661113
-1.65080039,13.93894450,-1.97778852
-0.39944409,14.22338039,-2.21788336
2.21468849,14.95335576,-2.60274630
0.89152744,14.58014357,-2.43680707
2.59252435,34.75829460,-2.74723685
1.24066747,34.80683075,-2.60464168
-3.07494035,34.48029946,-2.17168111
-1.60381656,34.65085413,-2.30692779
-4.52668230,34.12212390,-2.07959371
3.87160217,34.47850899,-2.86313457
-0.16073564,34.82240276,-2.45378264
-5.97407914,33.80808727,-2.03007341
5.12608266,34.19544224,-2.95127761
-7.35181186,33.33037467,-2.01431268
6.35843253,33.75699936,-3.01023907
-8.67741264,32.91344218,-2.01430564
7.63362384,33.41569562,-3.07796140
8.95138870,33.06582300,-3.17210829
-9.90029475,32.43807603,-2.01297649
-11.09180544,31.97530017,-1.98185252
10.35064391,32.74101730,-3.31437498
-11.89006027,31.60537411,-1.95367805
11.32522798,32.46674728,-3.45902941
-12.70942153,31.22014684,-1.90911259
12.31508929,32.16470924,-3.63771399
13.20733527,31.64917008,-3.82099453
-13.42009551,30.59869294,-1.87080551
14.11091588,31.12129178,-4.01403417
-14.16531536,29.95064176,-1.82726641
-14.51754292,28.96257796,-1.83601730
14.67681243,30.30202925,-4.16707534
-14.87619046,27.95601589,-1.85479330
15.26347935,29.46576556,-4.33258288
15.66192571,28.55122025,-4.46824470
-15.00205039,26.88781198,-1.90587509
-15.12608436,25.81574137,-1.96889041
16.08638575,27.60834943,-4.60692310
16.54752069,26.58140581,-4.72437682
-15.24136471,24.68929911,-2.01838744
17.03546928,25.51731173,-4.83842728
-15.35284206,23.55430260,-2.07865214
17.50465965,24.41964363,-4.93881509
-15.42142133,22.40392024,-2.14921499
17.98499184,23.30821942,-5.03275960
-15.49316904,21.23825495,-2.22361467
18.18214230,22.33793896,-5.08996738
-15.34573419,20.21891167,-2.31475044
18.37077983,21.37116635,-5.14692213
-15.21339006,19.18685557,-2.39912626
18.19203575,20.47553566,-5.09892968
-14.79754789,18.25627523,-2.42164801
-14.41543373,17.31130129,-2.43702753
18.00640362,19.57237792,-5.05210067
-13.90751404,16.84360286,-2.44341635
17.54092905,19.07348092,-4.96393295
-13.41113220,16.37555607,-2.44856338
17.06005687,18.57449890,-4.87381675
16.43268289,18.22167052,-4.74409766
-12.84468068,16.07777131,-2.43118187
15.77342885,17.87705540,-4.60997512
-12.26719990,15.78652835,-2.40828573
14.62307443,17.45890590,-4.38721901
-11.29842474,15.45583378,-2.35549880
13.40930478,17.06704014,-4.17224455
-10.28035278,15.14528578,-2.29186725
-9.21937726,14.95178281,-2.22208788
12.10569378,16.78183903,-3.97401082
-8.16375565,14.74836507,-2.16659707
10.82625313,16.45573364,-3.82274965
-4.09239594,14.62863886,-2.33601991
-5.10614102,14.62512501,-2.22767014
5.95807835,16.08038112,-3.48732263
7.13993239,16.08921662,-3.55725516
-2.94953360,14.75508198,-2.50025622
4.64039711,16.12561748,-3.40696794
-7.13150886,14.69051103,-2.14031796
9.55867171,16.28199832,-3.70672280
8.34656843,16.11666423,-3.62777052
-6.11246801,14.61438379,-2.16262762
-1.76703916,14.93303001,-2.69486620
3.32336069,16.05143221,-3.32842618
-0.54512077,15.23029392,-2.89227016
2.00575707,15.86953552,-3.21781607
0.71500634,15.55654256,-3.07393028
-1.55284728,34.89890949,-2.90414942
-0.11332854,35.09500438,-3.04286844
1.28850502,35.08782480,-3.19172602
-3.02165779,34.70838162,-2.78288785
2.64881383,35.04991202,-3.33629549
-4.47034216,34.33090163,-2.70419633
3.94668903,34.77664662,-3.45137957
5.22862162,34.50715509,-3.54614595
-5.91382842,34.00299903,-2.67663722
6.49417656,34.09375386,-3.62701667
-7.29160345,33.52325184,-2.69244851
-8.61445718,33.10574768,-2.72825050
7.79664837,33.78066536,-3.72876593
9.12161861,33.44060608,-3.85508769
-9.82647866,32.62024648,-2.75911355
10.50632901,33.11179494,-4.01771947
-11.00616655,32.14323220,-2.75548732
11.42797823,32.82918520,-4.15844108
-11.77077147,31.76438848,-2.74294488
12.35933639,32.51651286,-4.32186871
-12.55469039,31.36784942,-2.71429550
-13.22346910,30.73398930,-2.68743141
13.18279867,31.98056608,-4.48551766
-13.92208983,30.07080998,-2.65686211
14.01546787,31.42320941,-4.66757475
14.53134810,30.57189159,-4.81728465
-14.25256917,29.07423667,-2.66335030
-14.58822073,28.05817998,-2.68333425
15.06903149,29.70296605,-4.98580353
15.41259839,28.76170052,-5.11190907
-14.68405767,26.98396596,-2.72598325
-14.77637923,25.90631694,-2.78749714
15.78494097,27.79635641,-5.24016724
16.17487747,26.79467746,-5.35684726
-14.85028058,24.82106893,-2.85638963
16.59478540,25.75947053,-5.47204162
-14.91661883,23.73177600,-2.94097099
17.00478696,24.69199402,-5.56912890
-14.94148750,22.63519430,-3.02910690
-14.96106888,21.53297442,-3.12180945
17.43169223,23.60592840,-5.66603253
17.61770984,22.66301448,-5.73586366
-14.79929409,20.58033231,-3.23063004
-14.64174033,19.62804990,-3.32745775
17.79911924,21.72015743,-5.80966745
17.63821517,20.85738209,-5.77018995
-14.24144275,18.76722090,-3.33841423
17.47573390,19.98472359,-5.73603744
-13.86627783,17.89939471,-3.33426801
-13.38173352,17.47672065,-3.32593845
17.02810716,19.52594235,-5.65874306
16.57062987,19.06647157,-5.58447378
-12.90805560,17.05435221,-3.31406532
15.97332951,18.75626831,-5.46296760
-12.38088991,16.78336132,-3.26865815
15.34802843,18.45076466,-5.34028096
-11.84430212,16.51678205,-3.22046276
14.21630538,18.09236572,-5.13476054
-10.92758222,16.21899182,-3.14393968
-9.97440126,15.93126231,-3.06629348
13.01722689,17.74047639,-4.92189205
11.72786752,17.46948599,-4.70152590
-8.98364291,15.74002278,-2.99002248
10.46187558,17.15627083,-4.51338542
-7.98730127,15.54632419,-2.93713049
9.22166114,16.97666837,-4.37344631
-7.01292379,15.48507129,-2.93125824
8.03332975,16.81109997,-4.27558644
-6.04663314,15.42077830,-2.96938247
-2.98589426,15.61154963,-3.28679233
-4.09719771,15.46531797,-3.14373758
5.68882152,16.76953320,-4.11162682
6.84814982,16.77657828,-4.19053909
-5.08130105,15.44092004,-3.04061992
4.41069244,16.82541174,-4.03305622
-1.82808460,15.79272100,-3.45192688
3.13257771,16.77204720,-3.96847366
-0.63315669,16.07950905,-3.61220321
1.85079751,16.63500676,-3.87631292
0.59498187,16.37098122,-3.75728404
1.31817371,35.32536789,-3.73064524
-0.08554911,35.32104442,-3.59000426
-1.52301905,35.09909053,-3.45285956
2.68863106,35.30166536,-3.87045939
-2.99146409,34.88801263,-3.33944532
4.00792386,35.04349918,-3.98428687
-4.43964235,34.49563645,-3.27729966
5.31909501,34.79481123,-4.08435382
-5.88283216,34.15892972,-3.27563460
6.61677369,34.40385902,-4.17616147
-7.26261060,33.67728330,-3.31703642
-8.58151614,33.25459055,-3.38209506
7.94386747,34.10959798,-4.29946729
9.27373638,33.76503175,-4.44361882
-9.77867075,32.75117224,-3.43468357
-10.93875894,32.24686999,-3.44880191
10.64676688,33.41777568,-4.61688424
-11.66960813,31.85095110,-3.44809075
11.53100049,33.11963007,-4.75287222
-12.41726523,31.43462923,-3.43132826
12.42265110,32.79000712,-4.90334533
13.20005233,32.22938371,-5.04400246
-13.04956078,30.78683044,-3.40243689
-13.70901917,30.10953060,-3.37025278
13.98573134,31.64282588,-5.20760258
-14.02814647,29.11543682,-3.35753931
14.46926051,30.76204401,-5.34157298
14.97591020,29.86447483,-5.49952348
-14.35227747,28.10165493,-3.36146175
-14.43386508,27.03569453,-3.38757655
15.28252106,28.90281641,-5.61219169
15.61938255,27.92089947,-5.72728495
-14.50998695,25.96477182,-3.43872573
15.96778462,26.93262750,-5.82766337
-14.56734595,24.91396926,-3.49986057
16.34734134,25.91463864,-5.92670685
-14.61435333,23.86099926,-3.57958804
16.71824602,24.86817155,-6.01222140
-14.61729936,22.80578070,-3.66827355
-14.60990489,21.75048195,-3.76085113
17.10856195,23.80169301,-6.09893403
-14.44816880,20.83971851,-3.86483116
17.29033243,22.87368170,-6.16339358
17.47016266,21.94353916,-6.23376992
-14.28520446,19.93380840,-3.95352727
-13.08024349,17.85491877,-3.88105801
-13.54370117,18.26814284,-3.90411465
-13.90392273,19.10428081,-3.93879446
17.18060200,20.23507649,-6.14409448
17.32444442,21.09508777,-6.18518389
16.74588070,19.79317384,-6.06801130
16.30418824,19.34866778,-5.99810162
-12.62716429,17.44060747,-3.85468209
-11.61878684,16.89788915,-3.72792797
-12.12738607,17.16729729,-3.79200228
-10.73629908,16.59821810,-3.64253576
14.00077855,18.41806538,-5.58101098
15.11923615,18.76019238,-5.76455751
15.72452860,19.05398131,-5.88025523
-9.82006725,16.30921189,-3.55748768
12.81494346,18.07086353,-5.38270305
11.53807352,17.79406404,-5.15639998
-8.86518688,16.11283473,-3.47303179
10.28111753,17.48018977,-4.94526373
-7.89837694,15.92012479,-3.41405407
9.05818120,17.29137778,-4.78368179
-6.95172685,15.84929489,-3.40781692
-6.00779160,15.78148229,-3.44328657
7.88454688,17.12235193,-4.66633829
-5.05736636,15.79522497,-3.50617603
6.71367356,17.08034877,-4.56313580
-4.08242252,15.81681592,-3.59773347
5.56909755,17.06690482,-4.47216272
-2.98273877,15.96492916,-3.73518049
4.31208154,17.12422236,-4.39819346
3.05499382,17.07389208,-4.34604323
-1.83588024,16.14225651,-3.89129841
0.55590319,16.70438361,-4.16348074
1.79295827,16.95105508,-4.26702546
-0.65500520,16.42378104,-4.03578417
-2.98340200,35.07760480,-3.99349515
-1.51275119,35.30943691,-4.09281193
4.06711928,35.34608753,-4.59186399
2.72001351,35.58245257,-4.48727386
1.33450312,35.58293663,-4.35372002
-4.43468309,34.67183393,-3.94783404
-0.07493488,35.55981386,-4.22307519
-10.90412393,32.35248530,-4.25750186
-9.76591040,32.89424520,-4.21819972
10.80596055,33.74047828,-5.28542686
9.44062395,34.11630053,-5.09818373
11.65701756,33.41832204,-5.41119855
-11.60032148,31.93104417,-4.26489840
5.41382176,35.12238928,-4.69070609
-5.88265851,34.32989901,-3.97286578
8.10362658,34.47482773,-4.93353380
-8.58384583,33.42075540,-4.13861918
6.74897342,34.75508073,-4.79025965
-7.26751121,33.84949485,-4.04194355
12.51504360,33.06392781,-5.54403653
-12.31001714,31.48689350,-4.25633409
-12.90176243,30.82106766,-4.22748281
13.25267545,32.47492275,-5.66350941
13.99788975,31.85742534,-5.80995232
-13.51819390,30.12786221,-4.19569210
-13.82314531,29.14015681,-4.15269047
14.45165268,30.94357322,-5.92187071
-14.13476100,28.13348385,-4.12977261
14.93134278,30.01416015,-6.06312656
15.20275186,29.03042831,-6.15636446
-14.20344294,27.08265281,-4.12756835
15.50538791,28.03025881,-6.25226254
-14.26568365,26.02410301,-4.15757701
-14.30582798,25.01158148,-4.20985950
15.81209659,27.05553934,-6.33712217
16.82672279,23.98671296,-6.56342500
16.47781515,25.03093948,-6.49094709
-14.14032911,21.08930768,-4.52173354
-14.28660844,21.97475828,-4.45737010
-14.31765325,22.98426831,-4.36871193
17.01152509,23.06492503,-6.59777916
-14.33393661,23.99747823,-4.28373745
16.14896480,26.05520189,-6.42041586
16.90132108,20.47859964,-6.57647113
17.04751021,21.31434774,-6.60298106
-13.24263061,18.62184433,-4.53689938
-13.60737627,19.41649910,-4.56500194
16.48418839,20.04353460,-6.49022045
-12.80487977,18.20157880,-4.48362875
-11.40367399,17.23566484,-4.30636063
-11.89380948,17.50565345,-4.36755662
13.80070952,18.70328137,-6.05657667
14.89969720,19.04610818,-6.22013780
-10.55676871,16.91408815,-4.20260438
15.49247245,19.32598365,-6.31316670
17.19809671,22.13868585,-6.63947745
-13.98905174,20.20786632,-4.56873619
-12.37677549,17.77838355,-4.42801289
16.06298314,19.60303432,-6.41304930
-9.67642743,16.60699707,-4.09782433
12.63475559,18.34576630,-5.87034761
8.91811810,17.54351994,-5.22611663
10.12287535,17.74413123,-5.41865672
-7.80969387,16.21065086,-3.93717741
-8.75169730,16.40265730,-4.00508525
-6.88699691,16.12585665,-3.91505657
11.37138368,18.05933745,-5.64756579
5.46692788,17.31023069,-4.86794451
6.59971547,17.32559989,-4.96364341
-2.96034414,16.22036774,-4.20431201
-4.04983045,16.08116459,-4.08314358
4.23282064,17.35880389,-4.78960352
-5.01958299,16.05954793,-3.99458782
7.75987211,17.36847202,-5.07875124
-5.96101681,16.04839845,-3.93341293
-1.82465944,16.38618018,-4.34253375
2.99830358,17.29918224,-4.74032479
-0.65768227,16.67053593,-4.48369392
1.75509588,17.18634977,-4.68419002
0.53628904,16.95203568,-4.60584928
-0.35113242,33.36408851,0.58295999
1.05552251,33.38261490,0.41214533
-1.78844797,33.13434404,0.74211072
-3.23558516,32.89234268,0.88615491
2.40979142,33.37209955,0.24794274
3.69962714,33.31594420,0.11251608
-4.69521245,32.66083289,1.00556628
4.94697025,33.22053676,0.00713926
-6.17087396,32.47920677,1.10649691
-7.51249186,31.98352504,1.19991888
6.14677504,32.76738285,-0.02208099
-8.78555756,31.53320744,1.28483726
7.41512232,32.36288337,-0.02754632
8.80035698,32.01331631,-0.07617454
-9.98614093,31.09940549,1.35924919
-11.12457975,30.64855339,1.42202201
10.31910716,31.68801483,-0.22297635
11.54664960,31.30047354,-0.44035049
-11.95209875,30.17798323,1.44727404
12.82780038,30.88104196,-0.72652477
-12.78669252,29.69705009,1.48627085
-13.64361726,29.20872922,1.54967968
14.13917107,30.49072779,-0.98439575
-14.53261497,28.71595477,1.64544845
15.44816975,30.17719251,-1.13850540
16.10568551,29.39395606,-1.23976417
-14.86061171,27.83767185,1.62348844
16.76074666,28.60378545,-1.34860925
-15.18487938,26.95503291,1.60218234
-15.50336732,26.06850652,1.58190774
17.41385159,27.79521602,-1.47082084
18.06049932,26.95714861,-1.59852014
-15.81480471,25.17934056,1.56355531
18.78109125,25.83653341,-1.65381583
-16.07894724,24.05128939,1.61258899
-16.32721984,22.93056389,1.67526379
19.49270658,24.69198980,-1.65136553
-16.56218810,21.82186046,1.75508321
20.17914901,23.56849465,-1.59045363
20.79770778,22.49864683,-1.51166148
-16.78652053,20.73031904,1.85326933
20.77918365,21.49304157,-1.42707281
-16.43079873,19.81901345,1.85001113
20.72854177,20.50125818,-1.34916520
-16.08978027,18.90846410,1.85925217
20.63987377,19.52616769,-1.28043195
-15.76321795,17.99635248,1.87962184
-15.44976725,17.08015534,1.91126733
20.50983537,18.57040829,-1.22126158
-14.86974755,16.64052225,1.87965009
19.96361717,17.97802908,-1.09324032
-14.30710593,16.17653050,1.85684940
19.34932762,17.37938784,-0.95711264
18.65751284,16.78549980,-0.81559683
-13.75296847,15.69107213,1.84438637
-13.19766952,15.18888816,1.84294576
17.87905778,16.21139858,-0.67481157
16.50607002,15.60162496,-0.47980153
-12.32667671,14.64158952,1.83498919
15.05863590,15.06143903,-0.34369076
-11.39113861,14.11409942,1.83792385
13.67824609,14.53729052,-0.29507569
-10.38149536,13.60181054,1.85617132
-3.99613853,12.26008017,1.91471540
-5.39276441,12.42731805,2.00660951
7.50378675,13.27443270,-0.02195240
8.66724517,13.35060716,-0.17781987
-2.50080730,12.29449321,1.67889381
6.09596099,13.33978703,0.20304254
-1.09498426,12.43247700,1.42128771
4.63241015,13.32704258,0.46768981
3.14637979,13.18018491,0.72118167
0.27593241,12.66047423,1.18520130
1.68056131,12.93639318,0.95221363
9.84880515,13.48448455,-0.27334406
-6.80107119,12.64153155,2.01591490
-9.31189525,13.07009088,1.90730497
12.40289618,13.96707324,-0.31316031
11.08173343,13.69774479,-0.31356906
-8.10878032,12.86522281,1.96927281
6.53147668,17.43525532,-5.24203912
7.66270736,17.53838920,-5.36798530
8.82993131,17.67989758,-5.53048370
-5.91183312,16.20626574,-4.27894418
-6.83400945,16.25737276,-4.26553928
-4.97620381,16.16028207,-4.32829903
-7.74933086,16.31925466,-4.29165786
10.04297397,17.85057607,-5.73657262
5.42562471,17.36031922,-5.14334760
-4.01181753,16.12639642,-4.40717561
-8.67088643,16.55849369,-4.36898107
11.25632420,18.21623307,-5.97144632
-2.93222733,16.32436133,-4.52070336
4.19044328,17.47031976,-5.05866139
12.48100547,18.56020406,-6.18682426
-9.57220042,16.81572487,-4.46879177
2.95850751,17.46452983,-5.00670074
-1.80626453,16.54820321,-4.64762481
13.66649181,18.87388299,-6.35857393
-10.44448718,17.09015299,-4.57551917
1.73604182,17.31071306,-4.95609192
-0.64816481,16.79421506,-4.77455296
14.78552668,19.16827822,-6.50627433
-11.28442701,17.38095717,-4.68092235
-11.73639542,17.73135912,-4.74283908
15.29980750,19.53107309,-6.57487560
0.53531505,17.03776769,-4.88393744
-12.18370539,18.08202714,-4.80277613
15.79645863,19.88591287,-6.65019479
-12.63288416,18.43146811,-4.86224868
16.28171420,20.23512387,-6.73596771
-13.09118684,18.77813084,-4.92181693
16.76358332,20.58006044,-6.83501850
16.74808976,21.45949597,-6.82028710
-13.34798708,19.59980583,-4.93900505
-13.60890341,20.42010228,-4.93075311
16.72966033,22.33109562,-6.81155505
-13.87337981,21.24174777,-4.89753437
16.71472739,23.19470417,-6.81132200
-14.14099580,22.06647011,-4.84449653
16.70892527,24.05005580,-6.82203494
-14.17293902,23.05414350,-4.75111269
16.36805671,25.08346551,-6.74832418
16.04703924,26.09721730,-6.67662597
-14.18766730,24.04665465,-4.66202677
15.75114822,27.08757788,-6.60354953
-14.18733992,25.04124283,-4.58749910
15.48305358,28.05568852,-6.52821794
-14.17538343,26.03503462,-4.53589389
-14.00036841,27.07397170,-4.50569205
15.07039606,29.04919816,-6.40181309
14.69307293,30.02101390,-6.28232201
-13.82154616,28.10310289,-4.50944587
10.88441785,33.86776589,-5.59165789
9.49320037,34.19624615,-5.38987715
11.65795222,33.43158378,-5.69689040
-11.53166081,31.86371184,-4.64540366
-10.91663392,32.39575014,-4.63786713
-9.75394713,32.89423941,-4.58371582
-12.15610910,31.30938625,-4.63745828
12.43935681,32.96664763,-5.81044259
13.22782710,32.46454924,-5.94202550
-12.79796162,30.72968926,-4.61895341
-13.64242392,29.11969314,-4.54184029
14.34599709,30.97912885,-6.17720272
14.02265814,31.92891072,-6.09829202
-13.46628361,30.12209995,-4.59720715
-8.54300237,33.37057348,-4.48954609
8.12484363,34.50183230,-5.20902610
6.78308760,34.83900270,-5.06314455
-7.25367236,33.85945886,-4.37793714
-5.89571893,34.39478945,-4.29536657
5.45587452,35.25534784,-4.96452378
4.07800777,35.35159711,-4.86130202
2.70181352,35.45848448,-4.75683448
-4.42077583,34.62096459,-4.25790859
-2.94638967,34.91548925,-4.29439086
-1.49563843,35.25018402,-4.38436071
1.32204133,35.54250641,-4.63112832
-0.07619109,35.60825392,-4.50880691
