-1.09072341,19.67117100,0.85660913
-1.72153969,19.64019352,0.90186370
-1.09706711,19.51863472,0.91038920
-1.74357096,19.48824956,0.95866072
-2.34875570,19.65138206,0.96097744
-2.38591566,19.50259265,1.02253870
-2.98507689,19.69839684,1.03061409
-3.03706744,19.55372925,1.09826772
-3.64198813,19.77965730,1.11198388
-3.70802784,19.64121991,1.18766289
-2.83460772,32.86017653,3.48548079
-1.87470979,32.88376178,3.35407041
-2.87534768,32.88671387,3.59990336
-1.90522107,32.91324905,3.46816081
-0.97882349,32.95919472,3.23538730
-0.99792077,32.98816391,3.34812372
-0.13401970,33.07978122,3.13021957
-0.14221759,33.10665906,3.24156165
0.68118618,33.23997366,3.03963976
0.68265386,33.26553177,3.14989553
-4.14737113,20.01630728,1.22427952
-4.22474448,19.88713088,1.30555617
-4.64356861,20.29845095,1.35450093
-4.73115358,20.18015817,1.44150832
-5.16091137,20.60617165,1.49148698
-5.25901318,20.49809799,1.58399002
-5.74244767,20.91593087,1.62101060
-5.85277677,20.81537495,1.71877592
-6.32772178,31.01817672,3.44530411
-5.35102778,31.24185288,3.42063704
-6.41181886,31.03103557,3.55409217
-5.42508656,31.25481876,3.52945977
-4.43970525,31.64392731,3.41906607
-4.50250339,31.65934785,3.52880351
-3.60366967,32.19908237,3.44230576
-3.65457834,32.21859737,3.55348706
-6.15502058,21.38260293,1.79112567
-6.27319159,21.29359635,1.89192245
-6.67372059,21.82496477,1.95203584
-6.80287753,21.74361678,2.05657448
-7.28838476,22.27824632,2.11417271
-7.43442446,22.20193517,2.22203600
-7.99311235,22.77078935,2.26531065
-8.16182029,22.69756167,2.37529828
-8.39491686,23.19512697,2.36120083
-8.57060723,23.12743416,2.47121008
-8.92519551,23.61883055,2.44319602
-9.10861071,23.55378894,2.55246479
-9.61872388,24.02562856,2.51523178
-9.80942402,23.96056617,2.62359544
-10.44855402,24.40994826,2.57964110
-10.64381816,24.34432232,2.68714320
-9.62656175,31.06413064,3.40644651
-8.66747080,30.84467820,3.37981971
-9.72912098,31.07110857,3.51701106
-8.76621610,30.85242494,3.48785389
-7.79687564,30.73356593,3.37580841
-7.89150025,30.74162169,3.48252406
-7.01977506,30.78285906,3.39857136
-7.10899068,30.79151709,3.50563976
-10.23082205,24.98569013,2.65067480
-10.41893660,24.93585372,2.75717991
-10.22379883,25.53521091,2.70892041
-10.40618631,25.49801759,2.81334394
-10.44685486,26.10649134,2.76674770
-10.63094556,26.07986575,2.86979935
-10.92159213,26.74335458,2.82952470
-11.11351673,26.72694206,2.93370027
-10.25253033,27.11226540,2.83481695
-10.42445201,27.10607874,2.93678004
-9.86260121,27.52925555,2.83663531
-10.02254896,27.53081054,2.93702932
-9.66582140,28.03243844,2.84144801
-9.82163094,28.04239671,2.94164181
-9.58174121,28.62538375,2.85612134
-9.73742891,28.64547501,2.95788607
-9.48283892,29.05562468,2.93895505
-9.63017939,29.07761190,3.04294216
-9.42910533,29.55603401,3.04100553
-9.56613368,29.57747479,3.14739924
-9.47080147,30.20176420,3.18588013
-9.59253949,30.21822517,3.29441100
-1.08097181,19.84387080,0.81866440
-1.69276369,19.82886285,0.87355602
-2.30386530,19.83822163,0.92857256
-2.92678358,19.87403078,0.98742539
-3.57495057,19.93909468,1.05523119
-2.79457244,32.84691735,3.36422556
-1.84820452,32.86720245,3.23552632
-0.96503396,32.94813356,3.11939225
-0.12970223,33.07317048,3.01545189
0.67509101,33.23541047,2.92551034
-4.05515679,20.17830780,1.16343384
-4.54671227,20.43714318,1.27779383
-5.06119870,20.72088953,1.39915068
-5.61440460,21.03346866,1.52930200
-6.24071698,31.00993844,3.33105528
-5.26900599,31.22280281,3.30967346
-4.37576987,31.63171211,3.30828202
-3.55294851,32.18873272,3.32607039
-6.04737919,21.46476590,1.68963702
-6.53699315,21.91316845,1.84970797
-7.10491178,22.38437188,2.00635280
-7.78355559,22.87902582,2.15375799
-8.19463568,23.28006441,2.25325672
-8.69010890,23.68457559,2.34006161
-9.29123894,24.08895725,2.41343852
-10.01780993,24.48991936,2.47489517
-9.39856001,30.91925329,3.26236569
-8.48842781,30.74360150,3.24831363
-7.67310986,30.69288415,3.25802695
-6.93013168,30.77922131,3.28624331
-9.92107221,25.03374015,2.54367403
-9.98743988,25.56618919,2.60733658
-10.22180593,26.12441027,2.66758807
-10.63678868,26.74025593,2.72746883
-10.01651153,27.09774397,2.73046360
-9.61460607,27.48890397,2.73304409
-9.38560446,27.95306482,2.73639507
-9.30115058,28.51904376,2.74777372
-9.23302524,28.95527321,2.82951777
-9.23429424,29.48577369,2.93182830
-9.29437952,30.13182133,3.06930839
-0.43943058,19.54636914,0.87006171
-0.44906472,19.69802708,0.81641847
0.23987389,19.61556727,0.84434778
0.21442681,19.76512717,0.78933221
0.94609633,19.71350624,0.82873102
0.90494104,19.85963365,0.77042859
1.68184424,19.83438267,0.82098218
1.62520222,19.97652904,0.75791284
3.99372690,33.44419004,2.77064612
3.15496263,33.28120223,2.80413123
3.95763249,33.42301428,2.66066979
3.12619107,33.25898419,2.69572287
2.33905842,33.20372592,2.88301463
2.31862396,33.18121166,2.77501468
1.52337042,33.20193541,2.99993448
1.51203848,33.17873813,2.89136991
2.28682240,20.09800219,0.86443947
2.21807286,20.23326361,0.79836721
2.88532662,20.39653650,0.92747549
2.80529645,20.52450464,0.85787066
3.49170070,20.70413545,0.99164263
3.40081624,20.82578754,0.91879188
4.12635858,20.98373688,1.03268984
4.02472516,21.10123659,0.95723147
7.06115657,32.73622730,2.48458672
6.23141229,32.76536217,2.50843993
6.99338634,32.72068235,2.37500538
6.17226944,32.75068497,2.40024629
5.46247560,32.88086755,2.55983002
5.41127485,32.86609865,2.45230828
4.72988943,33.10335512,2.64529311
4.68634203,33.08689522,2.53721782
4.60992873,21.45508943,1.15121607
4.50188285,21.56611504,1.07343629
5.14683081,21.87204798,1.23953179
5.03106345,21.98047020,1.15953860
5.73381471,22.27161747,1.31317775
5.60631072,22.38033958,1.23167800
6.36859789,22.69510246,1.37207883
6.22617632,22.80529452,1.28976712
6.74531913,23.13106032,1.43569367
6.59926932,23.23698139,1.35172945
7.22060795,23.54632692,1.47253497
7.06915153,23.64832943,1.38737999
7.82443298,23.92165204,1.48179205
7.66656379,24.01902796,1.39674184
8.55164843,24.26739815,1.46422015
8.38642881,24.35998587,1.38041273
10.05834274,32.76453044,2.19643468
9.15394330,32.63552570,2.27034385
9.96592314,32.75685831,2.09196387
9.06740267,32.62476981,2.16398840
8.34752171,32.56552381,2.33274217
8.26811027,32.55387334,2.22586608
7.65405574,32.59568007,2.40230867
7.58121961,32.58309800,2.29459143
8.65955638,25.08100638,1.56800481
8.49859039,25.16217365,1.48372431
8.95417495,25.84156340,1.60940202
8.79468189,25.91013319,1.52582598
9.45250459,26.56719251,1.60530726
9.28816885,26.62268926,1.52372682
10.17641618,27.29741521,1.56277032
10.00009917,27.33848837,1.48382000
9.82586124,27.98596825,1.61867212
9.66629358,28.01408226,1.53538561
9.66273707,28.64287741,1.62917788
9.51355322,28.65945621,1.54334821
9.64074350,29.31347441,1.62340010
9.49485333,29.31764162,1.53604091
9.70111893,30.02527366,1.62567519
9.55466147,30.01504046,1.53598244
9.69262985,30.55331632,1.71775148
9.55449074,30.53771732,1.62422149
9.72522505,31.13908357,1.83374990
9.59820261,31.12080292,1.73640095
9.84478812,31.85243310,1.98585613
9.73316408,31.83634091,1.88443706
-0.45393398,19.88750481,0.79204721
0.19348167,19.95258140,0.76468902
0.86814972,20.03733049,0.73824427
1.57595092,20.13948996,0.71405649
3.91882434,33.41403754,2.54422356
3.09637470,33.24812234,2.58207256
2.29645853,33.17462515,2.66326177
1.49629864,33.17386344,2.77959127
2.14558615,20.40347289,0.75558115
2.72227075,20.67548280,0.79990660
3.30931551,20.95524169,0.84556484
3.91136782,21.24133093,0.89102339
6.92308171,32.70682687,2.26048520
6.10519146,32.72807004,2.29075769
5.35755488,32.85217916,2.34317212
4.64128249,33.07852314,2.42462575
4.40122536,21.66816079,0.99215705
4.90942665,22.10122495,1.08274088
5.45343755,22.53842017,1.15829596
6.05885451,22.97274343,1.21539166
6.43984151,23.37527073,1.27542109
6.88621229,23.76986424,1.31644941
7.41905333,24.15249808,1.33502945
8.06487423,24.52013883,1.32655864
9.74539395,32.61296895,1.96707438
8.89961669,32.52341371,2.04022493
8.15993545,32.51100527,2.10948859
7.50878643,32.57416909,2.18118942
8.25435297,25.27477798,1.41144486
8.59823460,25.98845880,1.44979004
9.09367087,26.68137363,1.44967245
9.74599330,27.38215303,1.41773362
9.44912262,28.03745486,1.45580586
9.27996724,28.65767180,1.46300302
9.22510673,29.27832890,1.45625436
9.28213341,29.94161464,1.45246331
9.31221682,30.46070439,1.53490069
9.41173237,31.06149741,1.64060101
9.56523459,31.77030354,1.77949529
-0.06778496,32.69870593,2.38178271
0.68260339,32.87540208,2.29680455
-0.04865212,32.47412731,1.95706508
0.66319264,32.65857290,1.87632149
1.44486290,32.83820081,2.16699726
1.38528639,32.63811951,1.75827224
-0.84348681,32.55831997,2.47786418
-0.78139800,32.32558716,2.04762654
2.19152440,32.85467392,2.06029623
2.09630737,32.66592552,1.65931794
-1.66409506,32.46363239,2.58564477
-1.55571323,32.22270642,2.14901269
2.94310088,32.93250554,1.98061108
2.81594875,32.74734636,1.58223519
-2.54919119,32.43105797,2.70669636
-2.39321652,32.18174011,2.26356496
3.72191722,33.08853022,1.93387861
3.56595389,32.89688868,1.53100227
-3.25571182,31.79534864,2.68961413
-3.06149117,31.56722570,2.25955294
4.39320887,32.77311390,1.83172319
4.20441160,32.59555779,1.44056544
-4.02468765,31.26273009,2.69082844
-3.78928526,31.05601290,2.27233132
5.06375935,32.55728710,1.76046378
4.84609358,32.38674778,1.37589476
-4.86519342,30.87669487,2.70745711
-4.58877883,30.68832130,2.29903779
5.76898412,32.43467197,1.71171786
5.52432275,32.26389348,1.32902075
-5.79131366,30.68162489,2.73788134
-5.47875286,30.50494949,2.33664790
6.54599505,32.40704706,1.67926883
6.27471648,32.23017235,1.29395032
-6.45466003,30.47848187,2.71179075
-6.12343956,30.31877618,2.32332350
7.10390984,32.28300160,1.61428404
6.81516068,32.11026684,1.23655377
-7.17818988,30.41395999,2.69728637
-6.83256707,30.26589239,2.31857934
7.72985516,32.22503508,1.55348293
7.42446676,32.05331758,1.18070096
-7.98224975,30.48244924,2.69553265
-7.62702595,30.34246087,2.32289940
8.44850385,32.24061498,1.49305250
8.12765642,32.06763155,1.12290927
-8.88973880,30.67311617,2.71013585
-8.53047593,30.53937515,2.33828026
9.27921749,32.33454891,1.42880761
8.94556975,32.15992212,1.05983297
-8.78681255,29.94530608,2.56677240
-8.43450178,29.85071872,2.22614410
9.09383033,31.55245223,1.29224750
8.76371423,31.42162618,0.95787000
-8.73928921,29.34872431,2.46830995
-8.39939593,29.28498687,2.15144418
8.94950842,30.89971013,1.19510416
8.63019898,30.80801465,0.88805058
-8.75605269,28.85859840,2.39630147
-8.43118056,28.81930891,2.09795312
8.86701593,30.34862193,1.12380122
8.56186063,30.29027896,0.83891615
-8.84484168,28.45590185,2.33856195
-8.53523658,28.43659595,2.05484625
8.85498340,29.87060212,1.06883794
8.56282142,29.83879031,0.80075000
-8.94060593,27.92319357,2.33621430
-8.64024838,27.92471198,2.05766396
8.80586979,29.25076802,1.08628149
8.52033926,29.24764174,0.82591005
-9.17887131,27.48931343,2.33611922
-8.88570658,27.50982861,2.05876712
8.86294631,28.66585642,1.10061133
8.57944223,28.68641815,0.84355574
-9.58748561,27.12818715,2.33183668
-9.29913637,27.16771760,2.05250193
9.02789860,28.07731087,1.09726694
8.74185428,28.11895645,0.84139740
-10.21286924,26.80176254,2.32321274
-9.92788526,26.86161145,2.03871125
9.31452584,27.45162381,1.06204025
9.02123351,27.51321531,0.80629764
-9.82884132,26.21012687,2.27290099
-9.56597248,26.28509712,1.99440243
8.69203868,26.78462239,1.09746817
8.42015882,26.86929268,0.84435718
-9.62027784,25.67310524,2.21778667
-9.37499464,25.76135948,1.94226489
8.22000505,26.11868547,1.09811020
7.96456481,26.22189955,0.84547990
-9.57405713,25.16024029,2.15661277
-9.34225903,25.26085676,1.88228564
7.89378323,25.42629728,1.05939486
7.65029900,25.54425251,0.80581317
-9.68649703,24.63488017,2.08908891
-9.46424434,24.74757010,1.81489087
7.71901494,24.68785983,0.97473026
7.48423561,24.81745463,0.72032599
-8.98136614,24.23580959,2.02978730
-8.77446058,24.34943898,1.75716186
7.10169261,24.32621079,0.98226769
6.88555310,24.45988412,0.72724166
-8.40293888,23.83256489,1.95893459
-8.21139053,23.94697074,1.68756015
6.59256425,23.94764948,0.96471503
6.39182453,24.08358336,0.71038128
-7.92913629,23.43073970,1.87532868
-7.75167241,23.54693046,1.60601520
6.16640076,23.55564245,0.92646804
5.97849012,23.69329603,0.67388558
-7.53736395,23.03386291,1.77978236
-7.37238635,23.15284185,1.51354023
5.80255564,23.15548833,0.87073542
5.62546287,23.29445630,0.62110870
-6.88634150,22.54328144,1.64088373
-6.73920632,22.66509472,1.38048627
5.22001279,22.72202291,0.82040546
5.05777566,22.86153386,0.57515196
-1.67963551,20.03296522,0.57230723
-1.08820667,20.04816643,0.52070968
-1.67063178,20.18634990,0.35329406
-1.09344424,20.20140989,0.30371834
-6.34267658,22.07799364,1.49362324
-6.21131026,22.20394882,1.23952243
-0.48203684,20.09344153,0.49340978
-0.50189495,20.24783880,0.27574867
4.69602035,22.28668764,0.75218883
4.54695150,22.42745537,0.51173667
-2.27025944,20.04150823,0.62309255
-2.24701400,20.19443598,0.40148911
-5.87481242,21.63642111,1.34243974
-5.75763974,21.76705532,1.09423277
0.14360083,20.15933178,0.46463114
0.10845721,20.31432130,0.24569251
4.20636838,21.85681843,0.66866808
4.06982035,21.99962569,0.43328299
-2.87238507,20.07584507,0.67662598
-2.83470717,20.22768347,0.45171355
-5.46185132,21.21209278,1.18965994
-5.35763699,21.34788370,0.94624760
0.79553894,20.24415339,0.43608047
0.74439000,20.39929751,0.21544629
3.73490160,21.43411934,0.57375758
3.61083636,21.57986639,0.34245436
-3.49910802,20.13880916,0.73755211
-3.44659788,20.28943706,0.50830775
-4.92946447,20.90497949,1.06731760
-4.83922246,21.04454504,0.82915444
1.47967754,20.34579225,0.40883786
1.41184416,20.50070328,0.18599981
3.15281899,21.15080900,0.53339692
3.04271690,21.29842980,0.30556556
-3.96133784,20.37339232,0.84268459
-3.89660407,20.52063652,0.61143605
-4.43436349,20.62689269,0.95214808
-4.35713344,20.77044412,0.71800709
2.02933551,20.60619747,0.44953554
1.94744803,20.75865010,0.22589703
2.58583224,20.87461806,0.49143259
2.48983283,21.02452031,0.26614028
-0.05344255,32.25166343,1.45249145
0.61161638,32.44206680,1.37703491
1.28632166,32.43963652,1.27344506
-0.73404046,32.09630553,1.53602925
1.95591306,32.47996423,1.18442566
-1.45126107,31.98610266,1.62946636
2.63880359,32.56593171,1.11169169
-2.22809167,31.93672739,1.73561943
3.35558951,32.70876426,1.05734681
-2.84806836,31.35315365,1.74451570
3.95783234,32.42411613,0.98026158
-3.52288050,30.87159985,1.76862910
4.56765196,32.22294004,0.92323720
-4.26900059,30.52761590,1.80580819
5.21595987,32.09961697,0.87834781
-5.11046449,30.35759259,1.85270032
5.93628989,32.05701231,0.83982696
-5.73052947,30.18834309,1.85484665
6.45755235,31.93972272,0.78952945
-6.42049341,30.14555230,1.86262561
7.04813948,31.88166154,0.73759393
-7.20069476,30.22712348,1.87504067
7.73271408,31.89120086,0.68002851
-8.09565829,30.42644364,1.89234474
8.53323636,31.97668048,0.61442901
-8.01297496,29.78088664,1.81384580
8.36158398,31.29157938,0.55193477
-7.99585550,29.24815170,1.76481374
8.24490684,30.72440198,0.51295205
-8.04686875,28.80789063,1.73154259
8.19503226,30.24491222,0.48793396
-8.16997736,28.44551732,1.70461984
8.21242658,29.82284416,0.46802802
-8.28670005,27.95605773,1.71209912
8.17852437,29.26444605,0.49993104
-8.54153884,27.56176510,1.71410072
8.24070885,28.73046253,0.52004874
-8.96111113,27.24063545,1.70465561
8.40026142,28.18760690,0.51752347
-9.59372334,26.95709834,1.68355649
8.67081220,27.60607848,0.48094721
-9.25881974,26.39716475,1.64590522
8.09618522,26.98940357,0.52219527
-9.08882422,25.88788842,1.59723072
7.66040928,26.36416931,0.52417986
-9.07139830,25.40101565,1.53850767
7.36059484,25.70467245,0.48332383
-9.20400126,24.90089512,1.47056643
7.20401534,24.99260291,0.39639192
-8.53285786,24.50317541,1.41588168
6.62685237,24.63958572,0.40213968
-7.98802312,24.10176602,1.34815944
6.15038268,24.26622433,0.38551014
-7.54410662,23.70429581,1.26857053
5.75116846,23.87781747,0.35063443
-7.17850645,23.31366540,1.17883888
5.40987965,23.48075630,0.30076900
-6.56544533,22.82965593,1.05255912
4.85910767,23.04837047,0.25993250
-1.65982246,20.38892484,0.07175840
-1.10013161,20.40388033,0.02426474
-6.05527740,22.37347416,0.91874935
-0.52663018,20.45175392,-0.00496272
4.36356756,22.61553212,0.20228545
-2.21871479,20.39656635,0.11721613
-5.61762169,21.94239499,0.78026129
0.06481690,20.51906668,-0.03678321
3.90110617,22.19024458,0.12935028
-2.78871431,20.42902103,0.16368339
-5.23242687,21.52920439,0.63792025
0.68091628,20.60439368,-0.06933331
3.45717617,21.77380320,0.04387096
-3.38256396,20.48914036,0.21555538
-4.73038966,21.23073809,0.52666569
1.32763969,20.70545935,-0.10186044
2.90626550,21.49452905,0.01103916
-3.81789674,20.71632115,0.31669341
-4.26361887,20.96159770,0.41993702
1.84582559,20.96055840,-0.06316558
2.37073047,21.22345093,-0.02511432
-0.10064560,32.07852010,0.86506432
0.51133990,32.27144200,0.79635128
1.13374911,32.28436372,0.70807571
-0.72223727,31.92027910,0.94023953
1.75748763,32.33539924,0.63075112
-1.37424417,31.80645142,1.02415005
2.40008074,32.42522152,0.56434184
-2.07984357,31.75223661,1.12005192
3.08057989,32.56180488,0.50924216
-2.64177228,31.20992652,1.13905149
3.64574781,32.29417149,0.44576745
-3.25301057,30.76713272,1.17220137
4.22307187,32.10115111,0.39650643
-3.93414534,30.45233491,1.21864724
4.84046182,31.97699589,0.35428504
-4.71430873,30.29658026,1.27554817
5.52903425,31.92409757,0.31223301
-5.30217239,30.14258875,1.29562632
6.03104336,31.80743501,0.26849222
-5.96551926,30.10528504,1.31892639
6.60189928,31.74465003,0.21897718
-6.72449958,30.18581647,1.34235414
7.26566951,31.74438732,0.15943877
-7.60362203,30.37992882,1.36380898
8.04441167,31.81631354,0.08694782
-7.54008123,29.77751931,1.31888360
7.89133625,31.19137663,0.06590040
-7.54491530,29.27582079,1.29589181
7.79799372,30.67478459,0.05910147
-7.61803074,28.85835541,1.28332476
7.77086022,30.23472728,0.05817033
-7.76223238,28.51374286,1.27337068
7.80696818,29.84218359,0.05604878
-7.89326354,28.04635933,1.28541477
7.78382043,29.31892808,0.09321774
-8.15885946,27.67214296,1.28744714
7.84979094,28.81495394,0.11351376
-8.58577015,27.37168047,1.27359199
8.00636425,28.30013947,0.10819668
-9.22340385,27.11089102,1.24307809
8.26666978,27.74650688,0.06773635
-8.91946579,26.56744047,1.21281771
7.72285886,27.16069083,0.11293051
-8.77280463,26.07219853,1.16825089
7.31012167,26.56115180,0.11589641
-8.77185325,25.59811590,1.11109693
7.02674954,25.92287147,0.07403713
-8.91468252,25.11082063,1.04238413
6.88024877,25.22857014,-0.01405271
-8.26512648,24.71303253,0.99313519
6.32679540,24.88096931,-0.00905144
-7.73999652,24.31289646,0.92880223
5.86880803,24.51102855,-0.02574019
-7.31283242,23.91829253,0.85210657
5.48436835,24.12524519,-0.05932118
-6.96111874,23.53182447,0.76530249
5.15505162,23.73061057,-0.10661930
-6.36904113,23.05272496,0.64537952
4.62222050,23.29900035,-0.14320679
-1.64718611,20.65667716,-0.28906288
-1.10854219,20.67129805,-0.33454060
-5.87727544,22.60280819,0.51847843
-0.55683960,20.72083667,-0.36608758
4.14322155,22.86805819,-0.19527968
-2.18513612,20.66418941,-0.24622007
-5.45654207,22.17843093,0.38667784
0.01171866,20.78941901,-0.40070625
3.69753407,22.44544355,-0.26199066
-2.73408803,20.69561958,-0.20322793
-5.08724205,21.77226834,0.25020209
0.60372395,20.87526963,-0.43672173
3.27107134,22.03245672,-0.34143731
-3.30647234,20.75434371,-0.15622684
-4.60322473,21.47976004,0.14496003
1.22520487,20.97623899,-0.47319975
2.74061081,21.75589485,-0.36947901
-3.72495583,20.97672935,-0.05700728
-4.15369674,21.21661129,0.04293163
1.72230021,21.22815563,-0.43639818
2.22603311,21.48779603,-0.40153967
-0.21393887,32.03919649,0.19221847
0.34420022,32.22805024,0.13096660
0.91556471,32.24890113,0.05727647
-0.77605307,31.88545971,0.25833027
1.49393668,32.30444885,-0.00878581
-1.36202565,31.77579865,0.33209766
2.09600402,32.39446460,-0.06827200
-1.99419248,31.72363062,0.41685128
2.73998469,32.52367383,-0.12232457
-2.49282555,31.23118249,0.44047464
3.27184245,32.26877290,-0.17492107
-3.03536735,30.83399944,0.47804677
3.81968269,32.08106919,-0.21781225
-3.64582330,30.55318235,0.53012392
4.40866305,31.95499741,-0.25818641
-4.35670436,30.41307042,0.59530608
5.06754861,31.89199614,-0.30337280
-4.90477790,30.27053602,0.63284220
5.55247350,31.77273462,-0.34163861
-5.53316070,30.23263500,0.67317588
6.10489523,31.70200980,-0.38939148
-6.26174315,30.30268875,0.71015898
6.74790783,31.68753554,-0.45224729
-7.11531894,30.47952294,0.73827278
7.50258962,31.73861916,-0.53429361
-7.07034252,29.91292366,0.72341716
7.37542075,31.17183125,-0.51610128
-7.09513955,29.43421671,0.72497849
7.31044971,30.70182760,-0.49339289
-7.18831409,29.03157135,0.73292995
7.30750827,30.29573709,-0.47240994
-7.35140209,28.69634194,0.74066986
7.36246736,29.92843489,-0.45791227
-7.49677529,28.24705878,0.75618622
7.35084637,29.43987466,-0.41878849
-7.77341888,27.88851789,0.75751369
7.42087393,28.96647145,-0.40135900
-8.20878383,27.60395785,0.73837553
7.57436013,28.48132012,-0.41234272
-8.85318158,27.36064729,0.69584379
7.82348381,27.95796945,-0.45986751
-8.58061643,26.83066623,0.67487499
7.31291617,27.40545846,-0.40966104
-8.45690652,26.34544176,0.63602942
6.92495764,26.83384717,-0.40505692
-8.47090452,25.87985491,0.58169151
6.65901914,26.21927426,-0.44728479
-8.62159263,25.40115190,0.51249765
6.52230691,25.54566964,-0.53519889
-7.99300552,25.00292866,0.47257191
5.99325478,25.20361948,-0.52896771
-7.48621666,24.60373600,0.41501404
5.55397779,24.83783056,-0.54416966
-7.07398066,24.21167338,0.34375588
5.18384619,24.45523733,-0.57540604
-6.73470281,23.82880842,0.26163120
4.86613458,24.06327218,-0.61973880
-6.16170352,23.35530617,0.14921688
4.35127585,23.63319531,-0.65199713
-1.63304449,21.00952076,-0.74840689
-1.11881231,21.02308073,-0.79269129
-5.68700697,22.91213774,0.02892650
-0.59252940,21.07497663,-0.82805458
3.88936048,23.20440568,-0.69897177
-2.14688657,21.01695621,-0.70737523
-5.28206997,22.49533550,-0.09716846
-0.05073792,21.14493290,-0.86693368
3.46134124,22.78493897,-0.75972487
-2.67178353,21.04777099,-0.66707009
-4.92775176,22.09713056,-0.22905665
0.51305344,21.23130851,-0.90768462
3.05398589,22.37557406,-0.83329535
-3.21988338,21.10496032,-0.62398563
-4.46234777,21.81175391,-0.32953151
1.10486666,21.33235129,-0.94926316
2.54696265,22.10180761,-0.85640204
-3.62005972,21.32185161,-0.52570339
-4.03080220,21.55554431,-0.42810544
1.57730161,21.58103674,-0.91535338
2.05649531,21.83717187,-0.88412744
-0.42922231,32.28405902,-0.56768492
0.08665213,32.46062576,-0.62281955
0.62107957,32.47593090,-0.68748464
-0.94473799,32.14400125,-0.50910546
1.16607805,32.52472456,-0.74699727
-1.47898682,32.04846085,-0.44385174
1.73764253,32.60671180,-0.80308017
-2.05355351,32.00860170,-0.36808632
2.35332937,32.72533346,-0.85823799
-2.49441623,31.56708411,-0.34845115
2.86405955,32.46922947,-0.90849654
-2.97536677,31.21690255,-0.31394956
3.39258150,32.27694599,-0.95168403
-3.52241458,30.97104874,-0.26279927
3.96230667,32.14275969,-0.99504847
-4.17009710,30.84881495,-0.19551462
4.60019104,32.06741230,-1.04685404
-4.67512267,30.71202982,-0.14620464
5.07380304,31.93784740,-1.08228944
-5.26378965,30.66588338,-0.09378407
5.61303933,31.85402760,-1.13013161
-5.95559925,30.71375737,-0.04635700
6.23920533,31.82163017,-1.19699923
-6.77749178,30.85903633,-0.01256106
6.97191551,31.84810234,-1.28871597
-6.73169901,30.30886055,-0.00484297
6.87262769,31.31770997,-1.23798392
-6.75929559,29.83611284,0.01701737
6.83309347,30.87448121,-1.18981328
-6.85755723,29.43130077,0.04408942
6.84968806,30.48681201,-1.14909746
-7.02746391,29.08885189,0.06938936
6.91885540,30.13271169,-1.11864206
-7.18149108,28.64830498,0.08664491
6.91662455,29.67278302,-1.08138930
-7.46669281,28.29401975,0.08624997
6.98919464,29.22613623,-1.06977804
-7.91146359,28.01208643,0.06016274
7.13904344,28.76837742,-1.08950871
-8.56553659,27.76944005,0.00337616
7.37737184,28.27439597,-1.14717947
-8.31521802,27.24394392,-0.00411599
6.89736447,27.75394674,-1.08944673
-8.20676343,26.75801409,-0.03276749
6.53240307,27.21035064,-1.08104951
-8.22879774,26.28956069,-0.08068890
6.28256064,26.62027758,-1.12112945
-8.38046607,25.80793170,-0.14811544
6.15416353,25.96842453,-1.20538553
-7.76410818,25.40976101,-0.17156580
5.64673902,25.63278113,-1.19444676
-7.26719734,25.01072214,-0.21658639
5.22350260,25.27150620,-1.20462649
-6.86276905,24.61923864,-0.27777209
4.86540931,24.89266965,-1.23036114
-6.52954027,24.23764860,-0.35153463
4.55737448,24.50359871,-1.26879291
-5.96903970,23.76819140,-0.45210466
4.05911059,24.07487017,-1.29348787
-1.61876858,21.46585447,-1.31890952
-1.13092314,21.47766490,-1.36314743
-5.50602757,23.32993894,-0.56335062
-0.63239139,21.53185110,-1.40435977
3.61379205,23.64767877,-1.33252772
-2.10678311,21.47423385,-1.27810299
-5.11243482,22.91897900,-0.68266978
-0.11994206,21.60313623,-1.44915397
3.20372977,23.23017302,-1.38502343
-2.60620152,21.50499027,-1.23867569
-4.76933720,22.52775058,-0.80980017
0.41279830,21.69021014,-1.49626508
2.81595435,22.82298533,-1.45057914
-3.12895783,21.56109651,-1.19749770
-4.32022477,22.24953445,-0.90625978
0.97189741,21.79099974,-1.54448856
2.33413752,22.55160872,-1.46728403
-3.51142902,21.77256157,-1.09902791
-3.90517763,22.00011417,-1.00239308
1.41735833,22.03672432,-1.51508385
1.86981071,22.28980075,-1.48901337
-0.64073773,32.67807849,-1.07695623
-0.13586075,32.84487773,-1.13266901
0.39243419,32.84822479,-1.19828671
-1.14395459,32.55006536,-1.01903795
0.93196832,32.88617088,-1.26013751
-1.66442153,32.46736240,-0.95550223
1.49846767,32.95831370,-1.32055832
-2.22386337,32.44066143,-0.88207583
2.10935382,33.06883354,-1.38254604
-2.64191527,32.02444838,-0.86972282
2.62117479,32.80047670,-1.43901392
-3.09905878,31.69946530,-0.84276107
3.15034118,32.59668144,-1.48991270
-3.62229904,31.47468356,-0.79814303
3.71983157,32.45192823,-1.54222418
-4.24744048,31.36593397,-0.73650694
4.35596195,32.36602674,-1.60457112
-4.73032302,31.22872816,-0.68811829
4.82882021,32.22234183,-1.64262681
-5.29834313,31.17317565,-0.63650616
5.36539464,32.12449832,-1.69379802
-5.97188820,31.20307291,-0.59027295
5.98612223,32.07719922,-1.76518209
-6.77811359,31.32144831,-0.55904591
6.70902521,32.08647975,-1.86349908
-6.70639152,30.76445399,-0.54592921
6.62147220,31.55272145,-1.79583360
-6.71248648,30.28029886,-0.51605993
6.58934626,31.10439408,-1.73319285
-6.79431872,29.86030351,-0.47958313
6.61034432,30.71184562,-1.67970688
-6.95260192,29.49959332,-0.44391646
6.68159346,30.35363213,-1.63815924
-7.10314082,29.05589463,-0.42792519
6.68126347,29.90284791,-1.60315115
-7.38924067,28.69393754,-0.43096937
6.75301082,29.46663402,-1.59617041
-7.83994707,28.40031095,-0.46317346
6.89944504,29.02101173,-1.62223306
-8.50212906,28.14026273,-0.53073546
7.13173102,28.54120667,-1.68751391
-8.25197923,27.60942967,-0.52487652
6.66568112,28.03722900,-1.62185889
-8.14204554,27.11379127,-0.54266910
6.31137969,27.50847837,-1.60802778
-8.16023619,26.63272118,-0.58260768
6.06871064,26.93220038,-1.64332401
-8.30503216,26.13795737,-0.64593501
5.94345245,26.29299079,-1.72161573
-7.68454319,25.74156904,-0.65294280
5.44513903,25.96218054,-1.70432422
-7.18377209,25.34228193,-0.68483416
5.02836716,25.60444686,-1.70820136
-6.77584945,24.94964975,-0.73555735
4.67482402,25.22844520,-1.72752848
-6.43966240,24.56637080,-0.80073058
4.37050625,24.84126206,-1.75967345
-5.87880261,24.09743180,-0.89021199
3.88000440,24.41360082,-1.77657729
-1.61197376,21.80825904,-1.73356293
-1.14017391,21.81835316,-1.77882298
-5.41683686,23.65986767,-0.99326615
-0.65876144,21.87383497,-1.82513962
3.44329683,23.98694768,-1.80773473
-2.08452434,21.81773419,-1.69203678
-5.02535513,23.24995059,-1.10640818
-0.16450512,21.94600919,-1.87529403
3.04319306,23.56946058,-1.85229272
-2.56896604,21.84910391,-1.65223732
-4.68514827,22.86038622,-1.22924904
0.34891124,22.03337910,-1.92789166
2.66689534,23.16209700,-1.91003142
-3.07710035,21.90546462,-1.61166673
-4.24306150,22.58548578,-1.32256140
0.88752322,22.13420414,-1.98211318
2.20039377,22.89154091,-1.92063200
-3.45038899,22.11423041,-1.51283478
-3.83567193,22.33917610,-1.41699297
1.31625333,22.37870282,-1.95742742
1.75214233,22.63067765,-1.93671050
-0.83160695,33.09044930,-1.43579875
-0.32334963,33.25077832,-1.49625469
0.21248206,33.24238850,-1.56659686
-1.33800551,32.97073863,-1.37476701
0.75926810,33.26996269,-1.63456520
-1.86169221,32.89814317,-1.30928265
1.33273648,33.33400344,-1.70267637
-2.42460389,32.88246864,-1.23532532
1.95034282,33.43888853,-1.77427914
-2.83761537,32.47732589,-1.22692238
2.47329853,33.15549740,-1.83913048
-3.29018885,32.16517963,-1.20621308
3.01261551,32.93909851,-1.89983651
-3.81011139,31.95269609,-1.16908461
3.59120088,32.78403472,-1.96333573
-4.43374036,31.85291683,-1.11609349
4.23519730,32.68993824,-2.03833682
-4.90801541,31.71188764,-1.07449475
4.71300332,32.53208232,-2.08158714
-5.46854995,31.64808386,-1.03012429
5.25275469,32.42158260,-2.13833206
-6.13621909,31.66435009,-0.99150625
5.87412509,32.36219631,-2.21579469
-6.93804462,31.76305849,-0.96853466
6.59381078,32.35835867,-2.32045301
-6.83703505,31.19011732,-0.95799047
6.50947542,31.80507426,-2.24209346
-6.81512552,30.69004030,-0.92803962
6.47646923,31.33875203,-2.16928106
-6.87198291,30.25261577,-0.88828160
6.49426960,30.93070499,-2.10609349
-7.00960740,29.87178627,-0.84704144
6.56137737,30.55986353,-2.05521659
-7.14986627,29.42082828,-0.83404720
6.55900702,30.10820014,-2.02203342
-7.43213431,29.04679531,-0.84066390
6.62801371,29.67339550,-2.01805983
-7.88576376,28.73590319,-0.87858342
6.77116619,29.23107639,-2.04843284
-8.55375355,28.45137204,-0.95524023
6.99970051,28.75699224,-2.11903711
-8.29204031,27.91284638,-0.93637615
6.53855846,28.26045596,-2.04497653
-8.17170311,27.40499208,-0.94327843
6.18815820,27.73941530,-2.02480792
-8.17976611,26.90923250,-0.97485352
5.94793801,27.17083109,-2.05388577
-8.31424302,26.39860158,-1.03303243
5.82281740,26.53885127,-2.12545397
-7.68156037,26.00558703,-1.02428776
5.32741322,26.21181396,-2.10131909
-7.17045108,25.60667041,-1.04358258
4.91217670,25.85731608,-2.09877291
-6.75398594,25.21240224,-1.08419158
4.55946546,25.48360560,-2.11180679
-6.41067760,24.82658201,-1.14125678
4.25573953,25.09791407,-2.13786019
-5.84339377,24.35713286,-1.22050311
3.76820620,24.67158510,-2.14746235
-1.60990680,22.06645785,-2.04339813
-1.14800697,22.07492946,-2.08967599
-5.37743858,23.91821735,-1.31601431
-0.67736826,22.13145997,-2.14049557
3.33559304,24.24525586,-2.17140552
-2.07309157,22.07728416,-2.00096325
-4.98375193,23.50720273,-1.42362532
-0.19462589,22.20418428,-2.19525821
2.94084578,23.82731023,-2.20883540
-2.54859763,22.10947445,-1.96051929
-4.64249444,23.11705644,-1.54262104
0.30648113,22.29174091,-2.25260353
2.57104192,23.41907430,-2.25977412
-3.04828618,22.16619592,-1.92009930
-4.20253358,22.84336886,-1.63311392
0.83204393,22.39240170,-2.31194010
2.11393570,23.14873813,-2.26481019
-3.41689425,22.37408509,-1.82111424
-3.79827446,22.59804853,-1.72592072
1.25018377,22.63663892,-2.29147647
1.67569503,22.88830329,-2.27571800
-0.99686228,33.47071318,-1.69951502
-0.47914465,33.62702678,-1.76624909
0.06946910,33.60815035,-1.84231066
-1.51281917,33.35665904,-1.63368797
0.62850541,33.62699576,-1.91726414
-2.04653648,33.29149041,-1.56490224
1.21383202,33.68451491,-1.99361412
-2.62018799,33.28466023,-1.48931724
1.84290294,33.78551711,-2.07527151
-3.03641496,32.88324600,-1.48211062
2.38049093,33.48773344,-2.14774249
-3.49310151,32.57725297,-1.46564430
2.93344033,33.25948217,-2.21788942
-4.01857239,32.37141781,-1.43500879
3.52467695,33.09499672,-2.29225357
-4.64978766,32.27696864,-1.39139010
4.18038929,32.99440612,-2.37961209
-5.12222772,32.13037870,-1.35792320
4.66529730,32.82355954,-2.42860496
-5.68192834,32.05875779,-1.32253138
5.21058306,32.70176194,-2.49138776
-6.34999749,32.06410188,-1.29385361
5.83527333,32.63221313,-2.57498436
-7.15247507,32.14705654,-1.28099850
6.55451961,32.61747165,-2.68553857
-7.02583734,31.55541877,-1.27554445
6.47037012,32.04013262,-2.59994477
-6.97832495,31.03795839,-1.24832712
6.43409222,31.55261658,-2.51995246
-7.01145252,30.58331192,-1.20886801
6.44648165,31.12651142,-2.44936294
-7.12822978,30.18475538,-1.16590035
6.50738148,30.74036411,-2.39084448
-7.25706771,29.72588202,-1.15763531
6.50142927,30.28268159,-2.35926920
-7.53333679,29.33926529,-1.16863667
6.56687737,29.84434927,-2.35745511
-7.98724684,29.01001823,-1.21206986
6.70686161,29.40091380,-2.39061494
-8.65839204,28.70009671,-1.29590539
6.93272802,28.92745661,-2.46467452
-8.37980143,28.15443343,-1.26542973
6.47181333,28.43355596,-2.38246361
-8.24499649,27.63544350,-1.26208934
6.12160783,27.91598691,-2.35562729
-8.24028821,27.12607426,-1.28548558
5.88126137,27.35168594,-2.37824309
-8.36325861,26.60039376,-1.33838277
5.75472442,26.72395356,-2.44303223
-7.71540968,26.21158537,-1.31527387
5.25905869,26.40003091,-2.41239356
-7.19171404,25.81379734,-1.32299683
4.84296559,26.04825027,-2.40363406
-6.76478947,25.41832321,-1.35432878
4.48920149,25.67670435,-2.41109620
-6.41291185,25.03014814,-1.40387643
4.18450175,25.29238387,-2.43180256
-5.83682994,24.55987040,-1.47384024
3.69742051,24.86747196,-2.43476789
-1.61047876,22.26221977,-2.27878079
-1.15476914,22.26930200,-2.32602184
-5.36482039,24.11927920,-1.56273874
-0.69103644,22.32645106,-2.38052606
3.26637992,24.44152477,-2.45252171
-2.06789995,22.27384439,-2.23533593
-4.96698320,23.70633317,-1.66545127
-0.21573239,22.39960968,-2.43903335
2.87430031,24.02299010,-2.48371086
-2.53808640,22.30703276,-2.19442327
-4.62284026,23.31457218,-1.78087697
0.27742294,22.48729180,-2.50037046
2.50805064,23.61405700,-2.52865862
-3.03288274,22.36427099,-2.15388636
-4.18272617,23.04117150,-1.86903226
0.79449874,22.58776886,-2.56394439
2.05673525,23.34384210,-2.52903883
-3.39930966,22.57215229,-2.05497136
-3.77917332,22.79594382,-1.96034618
1.20584342,22.83191879,-2.54734319
1.62474291,23.08346149,-2.53559693
-1.13541934,33.80026021,-1.89909709
-0.60640769,33.95420588,-1.97225147
-0.04396863,33.92658892,-2.05370788
-1.66285612,33.69030053,-1.82827700
0.52839585,33.93821757,-2.13511159
-2.20852219,33.63077336,-1.75600350
1.12666091,33.99059091,-2.21912751
-2.79493607,33.63086388,-1.67855875
1.76832946,34.08892803,-2.30978449
-3.21791290,33.22984415,-1.67056974
2.32061977,33.77848327,-2.38867200
-3.68206965,32.92618908,-1.65653918
2.88747546,33.53960764,-2.46678234
-4.21639740,32.72364223,-1.63160301
3.49191239,33.36742970,-2.55061895
-4.85807620,32.63189053,-1.59664837
4.15980022,33.26140237,-2.64896921
-5.33178604,32.47899955,-1.57089857
4.65218507,33.07906383,-2.70311899
-5.89351417,32.40013949,-1.54438223
5.20352156,32.94755681,-2.77131503
-6.56427928,32.39593379,-1.52513948
5.83209668,32.86907524,-2.86039740
-7.36884374,32.46536762,-1.52182608
6.55208881,32.84492127,-2.97587253
-7.22226625,31.85616334,-1.52161883
6.46736209,32.24444437,-2.88545737
-7.15350147,31.32223652,-1.49798369
6.42744979,31.73643933,-2.79992974
-7.16619932,30.85182358,-1.46026100
6.43444519,31.29271547,-2.72353395
-7.26481904,30.43732883,-1.41721104
6.48917419,30.89193681,-2.65918393
-7.38449115,29.97078881,-1.41484486
6.47976350,30.42643929,-2.62909010
-7.65537479,29.57268969,-1.43093956
6.54167833,29.98263390,-2.62903995
-8.10819436,29.22648035,-1.47955843
6.67879648,29.53558544,-2.66423456
-8.78057228,28.89310915,-1.56940487
6.90248761,29.06038715,-2.74082537
-8.48374042,28.34156824,-1.52879153
6.43962755,28.56647255,-2.65097538
-8.33342842,27.81366563,-1.51634153
6.08791138,28.05020762,-2.61763371
-8.31558600,27.29274925,-1.53238110
5.84601333,27.48798985,-2.63410660
-8.42697513,26.75436395,-1.58028985
5.71730244,26.86282479,-2.69277313
-7.76408428,26.37034610,-1.54466426
5.21993513,26.54148978,-2.65626984
-7.22760513,25.97401972,-1.54202546
4.80190997,26.19200467,-2.64213720
-6.79020310,25.57806680,-1.56516802
4.44623982,25.82241784,-2.64464886
-6.42979824,25.18802821,-1.60806859
4.13997236,25.43926785,-2.66064814
-5.84439666,24.71712480,-1.66994523
3.65202991,25.01594113,-2.65803956
-1.61229159,22.41077809,-2.45885683
-1.16054990,22.41682349,-2.50716118
-5.36584777,24.27476488,-1.75289964
-0.70129742,22.47454246,-2.56454208
3.22119227,24.59048252,-2.67035165
-2.06611460,22.42354230,-2.41472062
-4.96333239,23.85984443,-1.85147272
-0.23087196,22.54782808,-2.62614337
2.83024508,24.17170824,-2.69647249
-2.53311776,22.45720368,-2.37334380
-4.61576474,23.46627830,-1.96382622
0.25703481,22.63550525,-2.69073355
2.46588158,23.76197817,-2.73661424
-3.02511772,22.51506657,-2.33280077
-4.17435097,23.19278874,-2.04983616
0.76850171,22.73598187,-2.75775847
2.01812689,23.49188767,-2.73307332
-3.39073222,22.72309956,-2.23398254
-3.77036425,22.94728918,-2.14007289
1.17543094,22.98004422,-2.74429577
1.59010601,23.23160139,-2.73587649
-0.09754355,32.90141526,2.73202565
0.68342330,33.07022613,2.64397214
1.47847054,33.01934748,2.50498400
-0.90705413,32.76924330,2.83255731
2.25473665,33.02688707,2.39262291
-1.76339296,32.68187773,2.94501906
3.03297628,33.10205169,2.31175420
-2.68401680,32.65640580,3.07072609
3.83586816,33.26376104,2.26969414
-3.41994141,32.00682426,3.04190650
4.53520494,32.93690564,2.15782786
-4.21987055,31.45947887,3.03275632
5.23071789,32.71543039,2.08096166
-5.09082994,31.06010057,3.04102797
5.95915273,32.59232394,2.03035989
-6.04330228,30.85521794,3.06624772
6.75868763,32.56859004,1.99950999
-6.72121749,30.63684476,3.02964737
7.33177814,32.44000148,1.92712964
-7.45560434,30.56072556,3.00741527
7.97151838,32.37948353,1.86074890
-8.26630001,30.62024540,3.00125735
8.70213852,32.39415833,1.79616593
-9.17562193,30.80338182,3.01544164
9.54174257,32.48662149,1.72827997
-9.07061003,30.04253454,2.84505665
9.35781096,31.67030206,1.56315916
-9.01527729,29.41910793,2.72547718
9.20733262,30.98616863,1.44291089
-9.02127736,28.90700500,2.63704617
9.11458821,30.40738975,1.35289178
-9.09812106,28.48629108,2.56640609
9.09245331,29.90682322,1.28291337
-9.18737467,27.93561029,2.55923453
9.03862453,29.26296989,1.29304593
-9.42042651,27.48527392,2.55758333
9.09445368,28.65852665,1.30358048
-9.82523272,27.10766485,2.55449492
9.26160957,28.05232451,1.29848134
-10.44774464,26.76414160,2.54921314
9.55400426,27.41021823,1.26201904
-10.04609447,26.15933615,2.49368282
8.91458797,26.72451984,1.29542312
-9.82316381,25.61075640,2.43591258
8.42933539,26.04357551,1.29570391
-9.76589685,25.08719413,2.37353550
8.09348732,25.33919333,1.25745688
-9.86986098,24.55173533,2.30547501
7.91090245,24.59180964,1.17287532
-9.15265753,24.15165188,2.24506101
7.27786378,24.22689465,1.18090595
-8.56149184,23.74782713,2.17270954
6.75564556,23.84610522,1.16271825
-8.07591269,23.34443450,2.08735686
6.31850983,23.45266355,1.12295750
-7.67345036,22.94537152,1.98957379
5.94524386,23.05127454,1.06488929
-1.08413095,19.93191272,0.68879804
-1.68691976,19.91689748,0.74213321
-7.00728573,22.45247997,1.84604159
-0.46630187,19.97644729,0.66195592
5.35021687,22.61731491,1.01082326
-2.28898784,19.92581418,0.79534504
-6.45040235,21.98381211,1.69347189
0.17152372,20.04176984,0.63391926
4.81522479,22.18099113,0.93846816
-2.90271052,19.96090794,0.85164942
-5.97057396,21.53841552,1.53740803
0.83617599,20.12654481,0.60659177
4.31529222,21.74936719,0.85112245
-3.54134737,20.02519843,0.91638560
-5.54659512,21.11029821,1.38053714
1.53355851,20.22847266,0.58117878
3.83360230,21.32435797,0.75275932
-4.01358957,20.26232512,1.02309448
-5.00272033,20.79999922,1.25382986
2.09438646,20.49086894,0.62219117
3.24041050,21.03940593,0.70962758
-4.49687492,20.51870507,1.13538128
2.66218144,20.76122628,0.66551324
-1.24867281,34.07561463,-2.05297757
-0.70863401,34.22783467,-2.13205195
-0.13331821,34.19316281,-2.21798706
-1.78729948,33.96864945,-1.97746465
0.45151605,34.19903868,-2.30494244
-2.34458039,33.91316870,-1.90194155
1.06190590,34.24740925,-2.39556535
-2.94315344,33.91859000,-1.82289466
1.71540260,34.34368003,-2.49401360
-3.37391695,33.51646112,-1.81304451
2.28100115,34.02270187,-2.57753890
-3.84651191,33.21351675,-1.80056170
2.86060008,33.77534532,-2.66207449
-4.39009852,33.01208518,-1.78010123
3.47705777,33.59648988,-2.75367567
-5.04246889,32.92166759,-1.75260450
4.15623894,33.48612216,-2.86105812
-5.51876196,32.76275356,-1.73338449
4.65556748,33.29420851,-2.91946759
-6.08342839,32.67711411,-1.71448697
5.21250164,33.15424036,-2.99221864
-6.75736173,32.66449679,-1.70342100
5.84467059,33.06789190,-3.08581476
-7.56407297,32.72239998,-1.70828922
6.56579947,33.03557840,-3.20518955
-7.40214847,32.09741607,-1.71285951
6.48045213,32.41480964,-3.11133523
-7.31692766,31.54913898,-1.69271017
6.43734288,31.88858771,-3.02167317
-7.31321508,31.06520023,-1.65708221
6.43970079,31.42952332,-2.94089503
-7.39648156,30.63717860,-1.61465798
6.48888779,31.01557137,-2.87189931
-7.50902183,30.16333087,-1.61793439
6.47665811,30.54263061,-2.84336015
-7.77593022,29.75512334,-1.63926548
6.53563284,30.09275769,-2.84465293
-8.22783208,29.39430697,-1.69276108
6.67026678,29.64141071,-2.88149527
-8.90039978,29.04089792,-1.78758271
6.89227990,29.16314440,-2.95991132
-8.58667612,28.48463487,-1.73883074
6.42662852,28.66796562,-2.86363457
-8.42168646,27.94967020,-1.71869009
6.07271704,28.15177281,-2.82442710
-8.39139733,27.41970734,-1.72832116
5.82862389,27.59076665,-2.83542668
-8.49204785,26.87094462,-1.77146854
5.69754963,26.96716966,-2.88863482
-7.81562353,26.49152966,-1.72538028
5.19798431,26.64773899,-2.84707262
-7.26742817,26.09713302,-1.71398450
4.77767339,26.30031555,-2.82836070
-6.82040138,25.70096526,-1.72998464
4.41993829,25.93232133,-2.82669163
-6.45206701,25.30959315,-1.76715586
4.11185481,25.55037118,-2.83863766
-1.16536500,22.52904354,-2.64625828
-1.61457124,22.52385637,-2.59733353
-5.85810505,24.83834115,-1.82222295
-0.70909549,22.58697846,-2.70614903
3.62258675,25.12826875,-2.83142683
-2.06618169,22.53729855,-2.55265202
-5.37325743,24.39466220,-1.90022598
-0.24190509,22.66042604,-2.77015462
3.19122711,24.70347801,-2.83940257
-2.53123876,22.57168206,-2.51079803
-4.96621331,23.97783641,-1.99518400
0.24248108,22.74827111,-2.83735241
2.80057404,24.28462992,-2.86132839
-3.02168457,22.62988484,-2.47030688
-4.61515998,23.58266314,-2.10481911
0.75020175,22.84842678,-2.90712736
2.43713253,23.87444044,-2.89742995
-3.38716730,22.83824211,-2.37166178
-4.17209143,23.30875450,-2.18913008
1.15420894,23.09261915,-2.89622811
1.99160228,23.60435813,-2.89072897
-3.76715696,23.06285651,-2.27828857
1.56610944,23.34414635,-2.89070527
