0.33775059,13.98776070,2.54966519
-1.00119980,13.77923187,2.54172066
0.33527514,13.94248515,2.69767748
-1.00673791,13.73592761,2.69147772
-2.31340274,13.53221752,2.50674990
-2.32408970,13.48842808,2.66233998
-3.67354875,13.30754772,2.45479820
-3.69262102,13.26557532,2.61297304
-5.17295342,13.18965863,2.39491022
-5.20400410,13.15792006,2.55377257
-5.26802450,33.41244949,1.32672533
-4.00320447,33.72525024,1.40518504
-5.26641872,33.37493881,1.48187305
-4.00237163,33.68833754,1.55878645
-2.72008782,34.06363207,1.48706287
-2.71944702,34.02714806,1.63637134
-1.39455650,34.33828857,1.57948550
-1.39366565,34.30141076,1.72454168
-0.00719670,34.57886831,1.67327645
-0.00589916,34.54189242,1.81691422
-6.62188447,13.36658229,2.36089393
-6.66613245,13.34921444,2.51744901
-8.22612663,13.73805865,2.33620761
-8.27551729,13.73098394,2.48507802
-9.82424357,14.17875362,2.19897078
-9.86383695,14.16895374,2.33670671
-11.26759367,14.51075166,1.93935664
-11.29577425,14.49382796,2.07382777
-10.20125322,31.60012654,1.14426655
-8.92304091,32.00480063,1.20513336
-10.19387226,31.56601441,1.31056022
-8.91925691,31.97045565,1.37129447
-7.70461579,32.40891123,1.24521017
-7.70219971,32.37423325,1.40622561
-6.47732058,32.85073133,1.28516643
-6.47562908,32.81413507,1.44348833
-12.37916558,14.94906169,1.65031086
-12.40310715,14.92451475,1.78438550
-13.35459958,15.20385093,1.36396539
-13.37809433,15.17199604,1.49724368
-14.24328455,15.35546861,1.07572890
-14.26792205,15.31230767,1.20442819
-15.09335799,15.47097634,0.78872585
-15.11835352,15.41579024,0.90963878
-15.64834082,15.67669353,0.59505601
-15.67171743,15.61581729,0.71213469
-16.21658285,15.89927764,0.42074050
-16.23904758,15.83218759,0.53432533
-16.79425880,16.14253921,0.26821797
-16.81831340,16.06995435,0.37824340
-17.37877153,16.41702436,0.13222683
-17.40677499,16.33858471,0.24102429
-15.07037153,29.12715230,0.67080803
-13.68413123,29.94281543,0.77971956
-15.04102961,29.09013368,0.84716395
-13.66450666,29.90710008,0.95252659
-12.43416407,30.61765693,0.91353012
-12.41699486,30.58015728,1.08480827
-11.26758144,31.14455124,1.03520188
-11.25475686,31.10795093,1.20412730
-17.74504973,17.18598217,0.04542071
-17.77209195,17.11146306,0.15519561
-18.10684182,17.98417004,-0.01356783
-18.13363266,17.91326331,0.10152285
-18.45820589,18.81693319,-0.04705878
-18.48681996,18.75196343,0.07199778
-18.79691456,19.68327462,-0.05595482
-18.82766438,19.62326250,0.07161000
-18.62273565,20.78896412,-0.01705290
-18.64303341,20.74244188,0.11845655
-18.39242197,21.97071041,0.05357206
-18.40368015,21.93589835,0.20166593
-18.08706091,23.23007668,0.15545144
-18.09008876,23.20559033,0.31275951
-17.67690630,24.56419776,0.25230692
-17.67024015,24.54403129,0.42112000
-17.09938397,25.66875796,0.43988060
-17.08032032,25.64720352,0.61306696
-16.42863138,26.80900101,0.56759169
-16.40329148,26.78240427,0.74250253
-15.73967746,27.97145603,0.63358211
-15.71212569,27.93973047,0.80878099
0.33821775,14.03317531,2.39958143
-0.99833487,13.82272820,2.39006739
-2.30705282,13.57557665,2.35574932
-3.66085181,13.35185427,2.29994531
-5.14916404,13.22691985,2.23561622
-5.27122244,33.45540890,1.17204666
-4.00459865,33.76626236,1.25496760
-2.72056861,34.10326674,1.33966124
-1.39489934,34.37755411,1.43261037
-0.00800406,34.61772530,1.52858889
-6.58326860,13.39231369,2.20042474
-8.17909532,13.75079228,2.18491438
-9.78289943,14.18781797,2.05545525
-11.23669325,14.52587512,1.80047967
-10.21681374,31.63751685,0.97660229
-8.93477725,32.04641352,1.03989303
-7.71210749,32.45032472,1.08222224
-6.48251776,32.89398913,1.12608025
-12.35348693,14.97090626,1.51518751
-13.32816781,15.23618904,1.23312439
-14.21848715,15.39716457,0.94880957
-15.06966816,15.52452424,0.66825048
-15.62322537,15.73913333,0.48017544
-16.19068126,15.96685271,0.30960573
-16.77071938,16.21598873,0.15865834
-17.35330294,16.49514236,0.02480812
-15.11158078,29.16611655,0.49274302
-13.71475220,29.97989176,0.60643620
-12.45884283,30.65546018,0.74248544
-11.29251459,31.18624467,0.86573573
-17.71309708,17.26257316,-0.06107318
-18.07175742,18.05863160,-0.12488226
-18.42310180,18.88621133,-0.16624797
-18.76312276,19.74651620,-0.18166304
-18.59465195,20.83953885,-0.15248267
-18.37565109,22.00896944,-0.09151710
-18.08110763,23.25948703,-0.00351073
-17.68019669,24.58812728,0.08395621
-17.11978848,25.69275562,0.26793230
-16.46144467,26.83659400,0.39531826
-15.76747067,28.00203111,0.46016595
1.67457284,14.04161576,2.71530650
1.67457777,14.08786490,2.57027930
2.96642306,14.07045302,2.74371469
2.96360527,14.11821467,2.59776003
4.20002380,14.14373658,2.78222697
4.19367112,14.19383572,2.63675380
5.37759886,14.34104691,2.83617360
5.36704667,14.39238177,2.69096135
5.74221760,34.51026897,1.87518377
4.30036002,34.57694666,1.90613912
5.73704460,34.54440891,1.72309922
4.29601148,34.61153105,1.75488531
2.87705884,34.63201893,1.91584358
2.87422452,34.66786655,1.76790955
1.43372285,34.61713762,1.88802768
1.43198254,34.65428419,1.74172628
6.34901971,14.68169058,2.84925587
6.33412243,14.73352309,2.70607503
7.28662409,15.03221756,2.85213579
7.26879694,15.08315911,2.71413105
8.19933036,15.33817318,2.85856243
8.17903942,15.38862195,2.71917680
9.10012924,15.53672413,2.87637589
9.07871365,15.58620624,2.73651030
11.07943206,32.93539101,1.90717400
9.80355292,33.36905823,1.91586388
11.07772708,32.97937214,1.74089286
9.79827795,33.40609866,1.75325858
8.47773350,33.74445761,1.90119270
8.47148270,33.77815480,1.74358540
7.11432170,34.10938292,1.88760514
7.10835491,34.14326205,1.73099400
9.95727171,15.91005580,2.85586459
9.93495558,15.95867595,2.71299626
10.83252174,16.16653000,2.82985789
10.81056417,16.21413171,2.68562699
11.73712648,16.37427953,2.79369216
11.71585079,16.42255894,2.64459922
12.68786258,16.59544258,2.74364186
12.66865904,16.64435621,2.59244313
13.35715695,16.90550351,2.66725231
13.34108539,16.95347881,2.51536624
14.04931129,17.22578194,2.59050268
14.03588901,17.27459697,2.43542585
14.76127153,17.54249434,2.50958151
14.74999414,17.59310727,2.35643782
15.50174982,17.85088069,2.43733601
15.49188894,17.90531453,2.28302435
14.99632616,30.54313721,1.75561305
13.95966481,31.22979538,1.75331934
15.03376804,30.60427130,1.59302699
13.98409614,31.28904391,1.59124346
12.97241241,31.86476602,1.78212635
12.98521107,31.92210106,1.61831496
12.01790742,32.42727223,1.84050172
12.02211700,32.47972087,1.67370652
15.98883619,18.76851909,2.29109538
15.97882283,18.82382236,2.13871526
16.48773981,19.69167423,2.19448637
16.47924562,19.74726951,2.04133369
16.99127554,20.62718483,2.14586711
16.98215278,20.68219005,1.99390889
17.49213506,21.57685627,2.14129564
17.48257831,21.63216034,1.98278515
17.31092931,22.82996771,2.00134950
17.30551390,22.87780833,1.84624580
17.09927228,24.09056012,1.88154918
17.09730552,24.13327294,1.72530860
16.86479330,25.35884547,1.77297905
16.86600837,25.39817036,1.61405187
16.60069788,26.63019400,1.66815241
16.60471061,26.66844432,1.50950526
16.23246025,27.61433838,1.69821849
16.24575142,27.65593763,1.53614567
15.83727227,28.59667422,1.71840792
15.85930966,28.64315699,1.55786644
15.42916707,29.57651197,1.73553876
15.46015602,29.62932030,1.57611836
1.67279446,14.13361851,2.42170372
2.95901367,14.16537522,2.45005761
4.18595934,14.24395766,2.49134205
5.35557691,14.44390722,2.54639851
5.73125093,34.58077306,1.57150215
4.29144047,34.64925782,1.60261559
2.87129647,34.70517159,1.62069806
1.43035907,34.69255654,1.59499934
6.31865253,14.78797560,2.56222779
7.25034681,15.13686506,2.57271018
8.15865702,15.43830342,2.58073868
9.05744279,15.63483707,2.59658164
11.07664014,33.02672548,1.57657097
9.79439882,33.45085882,1.58856900
8.46508713,33.81735270,1.58303512
7.10215432,34.18139935,1.57471069
9.91334433,16.00546000,2.57098830
10.78852260,16.26231746,2.53872694
11.69677754,16.46856098,2.49341046
12.65228024,16.69082505,2.43713125
13.32537146,17.00143724,2.36162063
14.02192909,17.32112041,2.28214052
14.74215796,17.64227313,2.20192881
15.48681767,17.95857626,2.12543003
15.07658513,30.66875925,1.43492632
14.01417950,31.35231299,1.43055315
13.00125286,31.98231916,1.45479968
12.03073339,32.53748058,1.50986979
15.96573521,18.88074629,1.98505749
16.46227500,19.80579387,1.89065098
16.96807384,20.73991980,1.83978426
17.47290116,21.68838590,1.82494276
17.29412994,22.92710770,1.68962601
17.09355421,24.17781798,1.56818010
16.86658566,25.43940517,1.45632696
16.60826024,26.70869437,1.34912413
16.25919692,27.69883244,1.37568149
15.88364987,28.69130924,1.39700897
15.48746404,29.68262177,1.41583334
0.13218331,15.51477582,-6.26740739
-1.27101272,15.55815808,-6.41537171
0.13499884,15.53183496,-6.09839285
-1.27088481,15.58339141,-6.24763990
-2.64444703,15.52815855,-6.48173759
-2.64923260,15.56872303,-6.31178912
-3.94212345,15.41489041,-6.49335220
-3.95278226,15.46893441,-6.31859667
-5.15058658,15.26216024,-6.48112170
-5.16670030,15.32506786,-6.30240354
1.48497550,15.51548184,-5.90716511
1.48249018,15.49837802,-6.07813602
2.70444313,15.50793890,-5.75026200
2.70439979,15.48367110,-5.92222596
3.76811953,15.54789890,-5.64867112
3.77099064,15.51588276,-5.81967730
4.69600811,15.64168223,-5.59681197
4.70207259,15.60442394,-5.76466049
0.14264361,35.53663426,-7.59738423
-1.32215218,35.16368187,-7.68422186
0.13842655,35.54683099,-7.40388306
-1.32390851,35.16908571,-7.49395839
-2.81518497,34.78971853,-7.73810024
-2.81426413,34.79051726,-7.55330907
-4.33713813,34.32691232,-7.68968013
-4.33463144,34.32569465,-7.51186529
-5.93853528,33.90348895,-7.63202920
-5.93483341,33.90370480,-7.45969708
1.55476352,35.48363751,-7.31763156
1.56067392,35.47612346,-7.50613525
2.94646733,35.39626415,-7.24265794
2.95295155,35.39125301,-7.42499691
4.32702775,35.25154359,-7.17362287
4.33227903,35.24690019,-7.34964602
5.71226431,35.07107816,-7.12455798
5.71529400,35.06477938,-7.29443710
-6.18001880,15.35368339,-6.48894939
-6.19887727,15.41749350,-6.30785757
-7.17025480,15.47763433,-6.53360905
-7.19019600,15.53815712,-6.35274349
-8.14566577,15.65073442,-6.61734147
-8.16533895,15.70391918,-6.43810119
-9.13053203,15.87933998,-6.73429571
-9.14824324,15.92585245,-6.55651530
5.44746551,15.97988881,-5.59324446
5.45689069,15.94299840,-5.75580031
6.17252019,16.33731920,-5.63995740
6.18570066,16.30361578,-5.79646120
6.90913275,16.70359607,-5.73274227
6.92722449,16.67653171,-5.88311740
7.68899680,17.07566712,-5.86227722
7.71365506,17.05716780,-6.00776369
-7.61784443,33.13466365,-7.56453276
-7.61257577,33.13556992,-7.39881263
-9.34071189,32.34114081,-7.48399464
-9.33602267,32.34322402,-7.31925384
-11.04903626,31.49334664,-7.44822271
-11.04778000,31.49367229,-7.27806935
-12.71925294,30.64739150,-7.52221695
-12.72101629,30.63989975,-7.34239456
7.04443706,34.39677942,-7.03833362
7.04510442,34.39003321,-7.20221246
8.40419215,33.70993549,-6.93714093
8.40104134,33.70099493,-7.09965578
9.84722725,33.02629525,-6.82591396
9.83902650,33.01506069,-6.99248236
11.48414300,32.37772428,-6.75514531
11.47439405,32.36930881,-6.92964678
-10.13798303,16.28094025,-6.89224775
-10.15273008,16.32145665,-6.71609553
-11.15031086,16.71967415,-7.05249764
-11.16318321,16.75478007,-6.87848368
-12.14486050,17.18899935,-7.20422883
-12.15805918,17.21750611,-7.03217305
-13.11720999,17.66659278,-7.34900877
-13.13117494,17.68773354,-7.17724432
8.53127020,17.60344416,-6.03608222
8.56259931,17.59791213,-6.17982024
9.47366106,18.17198752,-6.22168587
9.50982245,18.18075618,-6.36629494
10.51720249,18.79315858,-6.41186132
10.55339107,18.81437286,-6.56203554
11.59012812,19.43842194,-6.59425111
11.62042879,19.46509459,-6.75084013
-15.25851969,28.53847895,-7.84247888
-14.65754009,29.04436094,-7.71333003
-15.26301557,28.51074010,-7.65855791
-14.66380383,29.02315831,-7.52769659
-14.03088572,29.56736746,-7.62445644
-14.03705665,29.55204295,-7.43936993
-13.38257563,30.10327515,-7.56673121
-13.38671277,30.09218410,-7.38353982
14.22479791,30.52957026,-6.95697893
13.55903479,31.00505906,-6.85481025
14.20599236,30.53585474,-7.14595299
13.54378288,31.00693806,-7.04169112
12.87243345,31.47043047,-6.78838153
12.85961361,31.46805488,-6.97157680
12.17596398,31.92580887,-6.75639607
12.16465117,31.92004188,-6.93545043
-13.64986300,18.06928865,-7.44208663
-13.66511810,18.08302256,-7.26967868
-14.18590003,18.44895641,-7.54433587
-14.20088488,18.45691305,-7.36994293
-14.72506804,18.79922056,-7.65693089
-14.73820548,18.80324773,-7.47989858
-15.26749033,19.11784904,-7.78256292
-15.27608861,19.11953626,-7.60275741
12.15492803,19.94959450,-6.68808602
12.17951682,19.97972823,-6.84790670
12.71312446,20.43172564,-6.76758198
12.73281148,20.46209361,-6.93134828
13.28313927,20.86815742,-6.84118936
13.30035582,20.89703711,-7.00906882
13.88027060,21.24499768,-6.91646898
13.89650108,21.26982432,-7.08903618
-15.49842029,19.75500430,-7.88222382
-15.50049392,19.75182411,-7.70261155
-15.72929332,20.39272676,-7.98027691
-15.72444391,20.38499657,-7.80083470
-15.95815001,21.03595684,-8.07580402
-15.94660553,21.02328021,-7.89538258
-16.18463372,21.69016500,-8.16787417
-16.16621352,21.67165182,-7.98558745
14.12955044,21.92153248,-6.94726128
14.14803265,21.94689789,-7.12190198
14.39347278,22.58254871,-6.97537700
14.41431969,22.60750368,-7.15285563
14.67042472,23.23424383,-7.00316615
14.69237594,23.25806708,-7.18455754
14.95425682,23.88456922,-7.03381312
14.97622549,23.90711831,-7.21962562
-16.18239553,22.59248863,-8.20275682
-16.16332195,22.56489625,-8.02127087
-16.16636104,23.51983160,-8.20950578
-16.14653708,23.48449262,-8.02888987
-16.13102068,24.47879016,-8.18935570
-16.10888335,24.43660615,-8.00826662
-16.06809825,25.47343764,-8.14575950
-16.04405774,25.42731917,-7.96421435
14.96531427,24.79170281,-7.02300019
14.98042994,24.81694189,-7.21112365
14.96988759,25.71334905,-7.01102567
14.97964404,25.73904578,-7.20088096
14.96203912,26.65353173,-7.00097712
14.96857288,26.67828974,-7.19377062
14.93604159,27.61597678,-7.00022313
14.94043376,27.63840107,-7.19500342
-15.90100622,26.21064510,-8.07109074
-15.88106221,26.16578870,-7.88991417
-15.70800374,26.96840913,-7.99156128
-15.69479156,26.92719795,-7.80974053
-15.49155941,27.74470389,-7.91206622
-15.48719339,27.70949354,-7.72939959
14.78799618,28.32848668,-6.97563420
14.78747006,28.34770936,-7.16930988
14.62040699,29.05250164,-6.95904554
14.61386989,29.06824349,-7.15187749
14.43253011,29.78661318,-6.95246534
14.41924950,29.79792713,-7.14305482
5.71287721,35.08611670,-6.95283324
7.04886157,34.41153916,-6.87402697
8.41409360,33.72708601,-6.77493957
9.86374510,33.04585276,-6.66069106
11.50276442,32.39348740,-6.58283861
4.68998567,15.67251233,-5.42887901
5.43929480,16.01204775,-5.42939539
6.16201434,16.36750645,-5.48153603
6.89507602,16.72824855,-5.58021123
7.66923395,17.09265014,-5.71476606
14.24770808,30.52843564,-6.76885988
13.57988634,31.00875862,-6.66980521
12.89194946,31.47881361,-6.60736484
12.19528415,31.93856201,-6.58007989
11.56243334,19.40564285,-6.43895566
12.13256911,19.91241981,-6.52919537
12.69581006,20.39347840,-6.60512491
13.26952339,20.83203656,-6.67383347
13.86926841,21.21315562,-6.74434309
14.11565031,21.88972755,-6.77251633
14.37822572,22.55169545,-6.79698615
14.65407694,23.20548320,-6.82113946
14.93819655,23.85842907,-6.84774533
-15.28771526,19.11763134,-7.42137218
-15.50520011,19.74609720,-7.52139810
-15.72254118,20.37517298,-7.61930570
-15.93828179,21.00902859,-7.71396803
-16.15119364,21.65274203,-7.80327675
14.95499960,24.76505272,-6.83465471
14.96409594,25.68713423,-6.81966640
14.95969700,26.62976442,-6.80794143
14.93513799,27.59507649,-6.80516485
-16.14725323,22.53785658,-7.83971178
-16.12873545,23.45009596,-7.84755829
-16.08924566,24.39711829,-7.82760478
-16.02233667,25.38501160,-7.78247607
14.79190940,28.31180392,-6.78176787
14.63024285,29.04027326,-6.76661828
14.44899163,29.77970649,-6.76170849
-15.86396378,26.12622675,-7.70773685
-15.68463584,26.89189940,-7.62658231
-15.48659129,27.68097667,-7.54522298
-15.27228455,28.49069439,-7.47292142
0.13367202,35.56691064,-7.20679066
1.54923138,35.49998083,-7.12520855
2.94134603,35.40914551,-7.05682575
4.32421441,35.26524009,-6.99504358
0.13778212,15.53929303,-5.92910990
1.48664025,15.52406641,-5.73615451
2.70333583,15.52417969,-5.57872134
3.76434600,15.57267234,-5.47789130
-1.27003253,15.59906882,-6.07911205
-2.65276053,15.59940456,-6.14072797
-3.96214509,15.51390497,-6.14316901
-5.18196179,15.38015132,-6.12265644
-1.32698802,35.18402598,-7.30023288
-2.81527179,34.79958467,-7.36585166
-4.33459528,34.33356779,-7.33142741
-5.93377331,33.91237375,-7.28695706
-7.60974311,33.14506680,-7.23292699
-9.33443712,32.35324706,-7.15553104
-11.04962376,31.50219834,-7.10911313
-12.72708804,30.64109920,-7.16352646
-6.21744107,15.47566148,-6.12575603
-7.21053910,15.59460036,-6.17123308
-8.18602555,15.75484958,-6.25802973
-9.16777530,15.97089106,-6.37773376
8.50554023,17.60767713,-5.89244555
9.44269572,18.16143618,-6.07777819
10.48503980,18.76862954,-6.26374772
-10.16929032,16.36041614,-6.53923033
-11.17776292,16.78776592,-6.70390391
-12.17216655,17.24290708,-6.85935019
-13.14662681,17.70443246,-7.00538404
-13.68126763,18.09249596,-7.09689912
-14.21738110,18.46099304,-7.19457669
-14.75256495,18.80341400,-7.30147339
-14.67491150,29.01033244,-7.34158765
-14.04756842,29.54526148,-7.25394659
-13.39556768,30.09008574,-7.20098411
1.46609733,35.62799322,-0.47830024
0.01510481,35.63772436,-0.53059247
1.45543538,35.15729043,0.58365820
0.00832844,35.12143826,0.52274776
-1.41687637,35.38716807,-0.62310946
-1.40083856,34.87525184,0.42582940
2.91247345,35.58611264,-0.46829109
2.89981217,35.14049787,0.59908276
-2.81693156,35.11320720,-0.72781119
-2.76067165,34.60015311,0.32564767
4.35488728,35.51418329,-0.49615611
4.32889045,35.06995567,0.57369080
-4.19653530,34.77720612,-0.84313005
-4.08882281,34.26279749,0.22832709
5.83140520,35.46025101,-0.53913021
5.78564074,35.00350659,0.53577782
-5.58410307,34.47273636,-0.97264344
-5.41140463,33.95750672,0.12461753
-6.93295156,33.82097731,-1.06628524
-6.68455507,33.35667161,0.05266179
7.24866335,35.01801815,-0.54825686
7.17866362,34.58380927,0.53158693
8.68617376,34.61672402,-0.55084510
8.57410189,34.20560617,0.52840734
-8.32712401,33.25769144,-1.13916416
-7.98477672,32.85935914,-0.01071307
-9.76081987,32.71529919,-1.19891994
-9.29413634,32.39151338,-0.06512740
10.12676119,34.20468953,-0.54588285
9.95062011,33.82342730,0.52201923
-11.27908573,32.14304172,-1.27240581
-10.68152809,31.91060668,-0.14096157
11.55812110,33.72337904,-0.52900272
11.29820601,33.38321033,0.51139706
-12.33117453,31.56810869,-1.35813506
-11.74635157,31.40281028,-0.25065188
12.49527013,33.18872905,-0.55016705
12.24690118,32.88560964,0.46257722
-13.42074415,30.91971283,-1.44648149
-12.87536531,30.80968360,-0.36909695
13.45712733,32.58633469,-0.55510136
13.22292548,32.31417983,0.43201938
-14.57047846,30.19774891,-1.53052185
-14.08384665,30.09646577,-0.48855570
14.45475161,31.93344851,-0.54879773
14.24624183,31.67181832,0.43003756
-15.86025960,29.43984782,-1.59772107
-15.46292183,29.29709051,-0.57480059
15.48394583,31.26123367,-0.54992924
15.31305882,30.98912622,0.43781917
15.76598763,30.21882902,-0.56913401
15.66811676,29.96863138,0.41975600
-16.31053737,28.30200079,-1.62396607
-16.06674538,28.13952503,-0.59454813
-16.72638866,27.18788704,-1.68549618
-16.66520292,26.99249420,-0.65747920
16.03644411,29.20173492,-0.58480384
16.00686776,28.95849671,0.40420693
1.46133487,36.03470613,-1.58374822
0.00381584,36.08297767,-1.63347825
-1.44869093,35.81379900,-1.72262963
-2.88224480,35.52262852,-1.83439964
2.91314862,35.97231536,-1.57694731
4.36960545,35.89843699,-1.60200340
-4.30370566,35.16734995,-1.95901539
-5.74713794,34.84388285,-2.09775812
5.86427609,35.85015969,-1.64498021
-7.17048973,34.14122568,-2.18661866
7.30515299,35.37416583,-1.64780670
-17.08812632,26.11720099,-1.77257860
-17.19330981,25.87957994,-0.76939401
16.29259310,28.20990696,-0.60001734
16.32604518,27.96306035,0.38920991
8.78365521,34.93200484,-1.63710808
-8.66139360,33.51888064,-2.25118448
-10.21942731,32.90679899,-2.30123315
10.28239734,34.46406750,-1.60761372
-11.85316585,32.24396983,-2.34491022
11.78252359,33.90771469,-1.55519661
16.53250021,27.24153328,-0.61711445
16.62140290,26.98283763,0.37252553
-17.38932598,25.10470259,-1.86858051
-17.62125245,24.82004394,-0.90965122
-12.87275484,31.61741809,-2.39157529
12.68162100,33.32594924,-1.54858996
-13.90283610,30.93994290,-2.44715865
13.59517965,32.69619395,-1.53859147
16.67858102,25.99975838,-0.52134661
16.82243790,25.72452951,0.48097445
-17.60425370,23.86892192,-1.85638320
-17.92441897,23.53268048,-0.94072917
-17.77804335,22.72252272,-1.83034054
-18.15180462,22.33443388,-0.95915120
16.80685664,24.78212463,-0.42509927
16.99711795,24.48410247,0.59262551
-14.95771447,30.22786648,-2.50612695
14.53077471,32.04042478,-1.53154336
16.91863988,23.58579311,-0.32845610
17.14843764,23.26251519,0.70759424
-17.90712277,21.65700676,-1.78811594
-18.31301685,21.22365502,-0.95668098
-16.06429751,29.50520113,-2.57976125
15.48957871,31.38363398,-1.54398887
-17.99801902,20.66049801,-1.73489179
-18.42410691,20.19061492,-0.93406354
17.01493963,22.40826744,-0.23139938
17.27874082,22.05847677,0.82829308
-16.35642810,28.38884208,-2.60883143
15.71173565,30.34663487,-1.55749419
16.49716507,21.49984800,-0.17743456
16.75931276,21.12842832,0.86388014
-17.66441682,19.86447978,-1.64562946
-18.08293519,19.36926314,-0.87519156
-17.33061747,19.08806234,-1.55118539
-17.73583099,18.57398361,-0.80160757
16.00597777,20.59383655,-0.11512893
16.25313747,20.20601674,0.92000063
-16.62745581,27.31212737,-2.66292809
15.92813091,29.34248985,-1.56938038
1.45162442,36.26458394,-2.69727340
-0.00819488,36.33914140,-2.75151913
-1.47183912,36.03395037,-2.83974608
2.90418158,36.18427508,-2.68258049
-2.92503514,35.70440134,-2.95096836
-17.00036667,18.32625641,-1.45303167
-17.38711801,17.80134836,-0.71587375
15.54750259,19.67953317,-0.03602984
15.77010238,19.28294832,1.00628335
4.36444392,36.09961049,-2.69734675
-4.37330361,35.30864769,-3.06795959
-16.87521923,26.28744531,-2.73442577
16.13681800,28.36873349,-1.58533891
5.86215029,36.03742008,-2.73258828
-5.85797083,34.94992961,-3.19305510
-7.34850749,34.21050729,-3.25977651
7.31008458,35.50962241,-2.72476968
15.12629032,18.74945682,0.06682508
15.31732893,18.35266021,1.13074354
-16.67731012,17.57407309,-1.35263783
-17.04235519,17.04691214,-0.61904255
-8.92777616,33.54512007,-3.30512069
8.80641685,35.00602885,-2.70202962
10.33695764,34.46464379,-2.65072482
-10.58700808,32.87122842,-3.32431960
16.33724098,27.42218770,-1.60665461
-17.09893135,25.32139151,-2.81198343
14.43201756,18.35528031,0.15940841
14.59796383,17.98981557,1.21435643
-16.14023573,17.22236429,-1.22052641
-16.48988239,16.72452055,-0.49080934
-12.29571305,32.12948413,-3.31996296
11.87968228,33.82753107,-2.57139556
13.76481279,17.96082742,0.25716313
13.90181933,17.62770042,1.30441420
-15.60735036,16.87912118,-1.08617791
-15.93854069,16.42142108,-0.35234361
-13.24982792,31.47672267,-3.33755225
12.72395124,33.22179698,-2.54611457
-15.08199608,16.54228525,-0.94377830
-15.39457419,16.13449217,-0.20155799
13.11456324,17.57841976,0.35793412
13.22316452,17.27719701,1.39346317
-17.25537250,24.13589624,-2.78992914
16.44625364,26.20922751,-1.53235895
12.47676699,17.21903576,0.45822866
12.56175651,16.94597070,1.48209795
-14.56054154,16.21160125,-0.79055482
-14.85884727,15.85853244,-0.03520619
13.57341306,32.59086866,-2.52946491
-14.18976026,30.79755641,-3.37796812
11.49371028,16.97240868,0.56358684
11.58650451,16.72066610,1.56007071
-13.69508543,15.91539847,-0.55942649
-13.99996399,15.64821407,0.21398443
16.54451853,25.02148571,-1.45989306
-17.39840943,23.02936471,-2.75551101
-12.75929208,15.60560673,-0.33084021
-13.08651803,15.41740077,0.46824288
10.53897819,16.76445127,0.65074190
10.65344115,16.52439793,1.62631724
14.43522794,31.95152496,-2.52921657
-15.11940720,30.10655409,-3.44343190
-11.71815428,15.22325341,-0.12371862
-12.07776725,15.09341043,0.71712356
9.61897200,16.51020814,0.71135337
9.75720300,16.27633824,1.67547118
-17.51884106,21.98948503,-2.70691329
16.63224342,23.85397775,-1.38885551
-10.54105974,14.72801093,0.04012643
-10.91687789,14.60402238,0.95849163
8.73270365,16.14011192,0.74379595
8.88858982,15.90775391,1.71086201
15.31378762,31.32006036,-2.55630075
-16.04230782,29.41768503,-3.54618504
16.71063759,22.70220314,-1.31895783
-17.61600525,21.00499834,-2.64888883
-6.42048738,13.89184269,0.12676133
-5.16952729,13.74053803,0.19654107
-6.42860675,13.60194493,1.18309583
-5.09542302,13.47786299,1.23898819
5.07194393,14.84746225,0.65969142
6.00577501,15.23164505,0.68649914
5.22002446,14.67085608,1.63702490
6.16558321,15.02708770,1.66449822
-3.77844422,13.80351050,0.30280037
-3.66677620,13.59576937,1.33665552
3.95556298,14.59862388,0.61119020
4.08006482,14.45822000,1.58058386
-7.74141886,14.12660323,0.12465503
-7.89373089,13.86676544,1.19025050
6.91953301,15.59941020,0.71313394
7.08493506,15.38275825,1.68571107
7.82361214,15.91557444,0.73356592
7.98775054,15.69410927,1.69989728
-9.14019289,14.42479506,0.12207848
-9.44302190,14.24617731,1.13964705
2.78060480,14.42478378,0.58021736
2.88135128,14.34248945,1.54690681
-2.43138036,13.90029426,0.39075123
-2.33082055,13.77126758,1.41484072
1.53740624,14.29596340,0.54965236
1.61862026,14.26896747,1.52091072
-1.10151858,14.01680144,0.45735956
-1.02593985,13.96496761,1.46477828
0.23118550,14.15826102,0.50550248
0.30095394,14.14900769,1.49195488
15.50892478,30.32731546,-2.55996193
-17.29299220,20.22680200,-2.54703521
16.21103688,21.82653712,-1.26052261
-16.24850525,28.34595124,-3.57782031
-16.97655552,19.46163424,-2.44411515
15.74163539,20.95016453,-1.19764574
15.70026119,29.36587877,-2.56806493
-16.44851545,27.32061634,-3.63109976
-16.66935289,18.70353586,-2.34097989
15.30754363,20.06245626,-1.12525332
1.45231858,36.21540321,-3.77182105
0.00326850,36.29790121,-3.83015187
-1.45803611,35.95649540,-3.91870362
2.89155899,36.12571195,-3.74905137
-2.91854888,35.59440258,-4.02594383
-16.64076483,26.34663663,-3.69783263
15.88557464,28.43220612,-2.58318668
-4.38459302,35.16601800,-4.11952969
4.33753319,36.02501063,-3.75103746
-16.37298183,17.94709511,-2.24090064
14.91185979,19.15543178,-1.04210754
5.81598962,35.93334366,-3.77433687
-5.90155915,34.78448241,-4.21444056
7.24842548,35.35600161,-3.76566062
-7.44939912,34.03776970,-4.26350951
-16.82424043,25.42524148,-3.77085074
8.73377399,34.79962334,-3.73663633
16.06374002,27.52348526,-2.60787778
-9.09094689,33.34448026,-4.28695300
14.22750658,18.75772800,-0.94574523
-15.83303629,17.58468418,-2.10219218
10.26914762,34.21114338,-3.67245933
-10.80212669,32.61450244,-4.26960539
-15.30296269,17.22246879,-1.96473936
13.57785824,18.35261385,-0.84611624
-14.78002675,16.86114696,-1.82211206
12.94960538,17.95294216,-0.74249060
11.84171135,33.54135942,-3.58260632
-12.53193777,31.81454899,-4.23747309
16.14956923,26.35379084,-2.55239677
-16.94477968,24.28462562,-3.75474224
12.33390775,17.57149011,-0.63795379
-14.25596159,16.50327792,-1.67326679
-13.40574153,31.16745198,-4.25133402
12.63627355,32.95558543,-3.55190753
11.34947069,17.28759330,-0.50304483
-13.36096080,16.16480541,-1.44145232
16.22467537,25.20856180,-2.50352489
-17.06384139,23.21167788,-3.72770297
-12.39475291,15.81321631,-1.22280770
10.38287508,17.03692408,-0.38910885
13.43038809,32.35489559,-3.53722138
-14.25599050,30.51098110,-4.29705468
9.44804890,16.74257800,-0.30931400
-11.33610254,15.40684731,-1.04390184
-17.17431813,22.19300279,-3.68412078
16.28988438,24.08230162,-2.45757351
8.55129880,16.34274512,-0.26607884
-10.18324952,14.93413630,-0.92894300
-15.07898158,29.85311807,-4.37975262
14.22711073,31.74734029,-3.54849134
-8.89217853,14.66771138,-0.88903977
7.64082761,16.08365701,-0.26440716
-7.62575297,14.38707558,-0.89660267
6.74122199,15.73856320,-0.28044053
-6.40499818,14.12637721,-0.89696829
5.83926757,15.33539127,-0.30519536
-5.20965667,13.91010141,-0.85366105
4.92279686,14.90341870,-0.33546290
3.83462446,14.61019363,-0.39353026
-3.84881563,13.89352413,-0.79054722
-2.49842176,13.91023506,-0.72689676
2.68541045,14.37943982,-0.44759685
16.34623622,22.97017678,-2.41541193
-17.27353462,21.21749852,-3.62926086
1.46329815,14.20311940,-0.50981900
-1.15620459,13.95833100,-0.65772823
0.17343241,14.05614098,-0.58594401
15.02919254,31.14368088,-3.59311909
-15.87106171,29.20100215,-4.50638601
15.87836457,22.13588046,-2.35962715
-16.97054867,20.45836603,-3.52146295
15.21901482,30.21362201,-3.58553070
-16.04792421,28.19135920,-4.53994196
-16.67694063,19.70779393,-3.41586151
15.43603261,21.30035353,-2.30489110
-16.22077671,27.22406815,-4.59549077
15.40190063,29.30808894,-3.58790374
15.02487939,20.45495719,-2.24752245
-16.39407372,18.95988308,-3.31308248
-16.38854534,26.30128226,-4.66446330
15.57649097,28.42513687,-3.60158759
0.04024928,36.03825433,-4.86065557
-1.41289727,35.67319977,-4.95352062
1.47023363,35.96150996,-4.80355308
14.64924435,19.59244857,-2.18406864
-16.12333922,18.20903894,-3.21269520
-2.87668406,35.29607606,-5.05734753
2.88699700,35.87129699,-4.77602494
4.30729613,35.75420972,-4.76803543
-4.35793943,34.85065670,-5.12321104
-5.90224827,34.45841290,-5.18629938
5.75276704,35.62899831,-4.78285338
-16.55023349,25.42270815,-4.73883640
15.74170087,27.56300286,-3.62693571
-15.57870410,17.84685617,-3.07746751
13.97389251,19.20026205,-2.09155622
-7.49752715,33.71873646,-5.22095923
7.15506751,35.01627052,-4.77602027
13.33802217,18.79316766,-1.99609147
-15.04643700,17.48072644,-2.94309633
-9.17637707,33.00149481,-5.22183190
8.60692909,34.42135035,-4.74250069
-14.51821998,17.11504002,-2.80687844
12.72641202,18.38582228,-1.89793170
15.80952302,26.44563028,-3.59055627
10.12291438,33.80851366,-4.66775711
-16.64755772,24.32427451,-4.74072602
-10.90067044,32.22408893,-5.17783445
12.12933089,17.99086567,-1.79306723
-13.98518554,16.75283441,-2.66393624
11.71686386,33.14290136,-4.57687275
-12.61812787,31.38878354,-5.15048618
-13.05197742,16.41249746,-2.43556614
11.14748721,17.66474638,-1.63779706
15.86192504,25.35210628,-3.56479310
-16.74448035,23.28733299,-4.72785089
-12.05703999,16.06550299,-2.22227157
10.18190231,17.35713460,-1.49898606
12.46947804,32.59956535,-4.55004905
-13.41388830,30.76583146,-5.17235710
-11.00009939,15.67497018,-2.05307765
9.24906728,17.00355810,-1.39321418
15.90029980,24.27879318,-3.54491680
-16.83663357,22.29971786,-4.69325639
13.21937754,32.04397068,-4.54485315
-14.18527835,30.14082148,-5.22380266
-9.89351426,15.23602595,-1.94866618
8.35677641,16.55628178,-1.32712616
-8.70618132,14.97751381,-1.90974044
7.46008817,16.24335035,-1.30446495
-7.53480511,14.69009820,-1.91173222
6.57818831,15.85467239,-1.30610991
5.69854783,15.40970671,-1.32717654
-6.37888237,14.40180801,-1.92346028
-5.21905115,14.13392487,-1.91993800
4.80722556,14.93456476,-1.36463161
-3.88005727,14.06073943,-1.91739549
3.75196014,14.61599790,-1.44231536
-16.92190022,21.34965781,-4.63984328
15.92614987,23.22156291,-3.53042612
-2.52984121,14.01942267,-1.89657021
2.62896404,14.35998041,-1.53098169
-14.92274380,29.51608033,-5.31106971
13.96379946,31.47636194,-4.56986160
-1.18078274,14.00742898,-1.84081669
1.42522372,14.17457047,-1.63642264
0.14732134,14.04933383,-1.74889658
14.70204246,30.90334329,-4.63105703
-15.61843429,28.89557680,-5.44050731
15.49851485,22.43419942,-3.49001707
-16.64803142,20.62459628,-4.53264692
14.89739339,30.03981327,-4.61824405
-15.79582745,27.95038155,-5.48588959
15.08915034,21.64607081,-3.45202516
-16.38031589,19.90601273,-4.42435837
15.08076187,29.19323807,-4.62042325
-15.96600742,27.03921874,-5.55609069
-16.11943546,19.18922501,-4.31895538
14.70407502,20.85137467,-3.41628342
-16.12905105,26.16549177,-5.64074620
15.25192317,28.36408605,-4.63669454
-15.86689600,18.46969687,-4.21558667
14.34867426,20.04555455,-3.37758739
1.50266672,35.65007485,-5.88056661
0.08944490,35.71715582,-5.94245409
-1.35854049,35.34180659,-6.05147389
13.69096012,19.64902120,-3.29667880
-15.32107621,18.12001065,-4.08934357
-2.82765725,34.96124001,-6.15684436
2.89859561,35.56347180,-5.84620015
-16.28401650,25.33130148,-5.73002608
15.41016878,27.55214950,-4.66670456
4.29310095,35.43504402,-5.82625719
-4.32451227,34.50810663,-6.18539831
13.07019014,19.23171729,-3.21369374
-14.78412967,17.76504919,-3.96743724
-5.89461708,34.10587861,-6.20329791
5.70322052,35.28260235,-5.83093719
-7.53140352,33.36456339,-6.20662762
7.06663684,34.64396381,-5.81412808
12.47282175,18.81064039,-3.12327332
-14.24763146,17.40991211,-3.84361827
15.46454964,26.49088517,-4.65247905
-16.37139071,24.27741574,-5.76354514
8.46896551,34.00984041,-5.75875496
-9.23480770,32.61638979,-6.16998172
-13.70554351,17.05777128,-3.71582976
11.88759173,18.40093601,-3.02248324
-12.74917078,16.72229377,-3.50604721
10.90413165,18.02304740,-2.85222773
9.94628850,33.36897025,-5.66009193
-10.95403517,31.79902368,-6.11110253
15.49788918,25.45341453,-4.65202244
-16.45045804,23.28413473,-5.77444204
-11.75224882,16.38191232,-3.30480874
9.94371350,17.65923605,-2.68843726
11.55694510,32.71301652,-5.56436470
-12.64476056,30.94149140,-6.11286532
-10.72348381,16.00661468,-3.13908983
9.02461992,17.25435325,-2.55178947
-16.51887343,22.34083925,-5.75511655
15.51235584,24.43816470,-4.65993067
8.15177044,16.77324963,-2.44899003
-9.67350277,15.59355442,-3.02323950
12.27623339,32.21621903,-5.54549228
-13.36985972,30.34987457,-6.14064275
-8.57335501,15.33720612,-2.96674530
7.28533429,16.41858148,-2.39308815
6.43603141,16.00450324,-2.36905463
-7.47415925,15.06380300,-2.95283228
5.59153701,15.54693482,-2.37597643
-6.36930926,14.79390206,-2.96497236
12.99555154,31.70962001,-5.55304734
-14.07364503,29.75978295,-6.18849015
4.73552910,15.07139219,-2.41508437
-5.24241474,14.54220573,-2.99093611
-16.57791919,21.43583750,-5.70462664
15.51102658,23.44237058,-4.67095241
-3.92680455,14.48660071,-3.03530918
3.71947611,14.78089189,-2.50356509
-2.57451678,14.43666541,-3.05483609
2.62323137,14.55974080,-2.61895773
1.42975167,14.42193824,-2.75804703
-1.20486081,14.38004033,-3.01356930
0.14460589,14.35557811,-2.90465585
-14.74535011,29.17354163,-6.27095019
13.70694363,31.18950572,-5.59460330
15.12541575,22.70348985,-4.64954570
-16.33424544,20.75700719,-5.60062912
-15.37679021,28.59556126,-6.39969572
14.40487184,30.65835881,-5.67497903
-16.09038580,20.08531484,-5.49316677
14.75136440,21.96497892,-4.63428892
14.61033471,29.85938410,-5.66770245
-15.57297494,27.71993492,-6.47115047
-15.84808261,19.41613505,-5.38386744
14.39658995,21.22183358,-4.62113994
-15.75760379,26.87126264,-6.56412290
14.79953244,29.07237644,-5.67544733
14.06626659,20.47040207,-4.60536892
-15.60899618,18.74573693,-5.27378184
-15.92982247,26.05379519,-6.66565726
14.97223042,28.29871139,-5.69705487
-15.06917026,18.41431432,-5.15827251
13.42565240,20.05979181,-4.54888938
15.12828526,27.53955964,-5.73099244
-16.08793686,25.27115098,-6.76425891
-14.53223811,18.07385429,-5.04960432
12.81643270,19.61982449,-4.48842193
-13.99289746,17.72880201,-4.94058932
12.22541768,19.17065247,-4.41523940
15.16994338,26.53258740,-5.73546322
-16.16871986,24.26122098,-6.81922765
-13.45011076,17.38243509,-4.82922986
11.63963342,18.73178837,-4.32427643
10.62970218,18.28362755,-4.14831220
-12.48926623,17.02928425,-4.64713117
-16.23018139,23.30740717,-6.84353298
15.18673191,25.54931539,-5.75263252
-11.50607455,16.67260680,-4.46217275
9.65893004,17.86745005,-3.95908176
8.75679050,17.43768957,-3.77889499
-10.50849881,16.29967763,-4.29369703
15.18267378,24.58966460,-5.77549963
-16.27369460,22.40000319,-6.83295572
7.91820180,16.96324923,-3.62255436
-9.50404206,15.91149034,-4.15749346
7.10077859,16.60829359,-3.51789885
-8.47105237,15.67706648,-4.07526966
-7.43192354,15.45555365,-4.03158448
6.30365184,16.21359135,-3.45267430
5.51141533,15.79275907,-3.43111140
-6.37501394,15.25158527,-4.02465344
15.16342249,23.65122463,-5.79791005
-16.30291079,21.52758054,-6.78783787
-5.28301502,15.06445158,-4.05526951
4.70340774,15.36964372,-3.45667778
3.73181705,15.14831613,-3.53747533
-3.99323493,15.06792691,-4.11850594
-2.63824208,15.04242238,-4.15614332
2.65884812,14.99203964,-3.65929178
1.46235140,14.91390956,-3.81597611
-1.23990502,14.96943259,-4.11928685
0.14922313,14.89965183,-3.98980038
14.82195408,22.96028369,-5.78436169
-16.08056645,20.88258441,-6.69166237
-15.85488947,20.24640397,-6.59013173
14.49050844,22.27041078,-5.77564380
-15.62752439,19.61383763,-6.48470513
14.17688916,21.57575190,-5.76705054
13.88520717,20.87099031,-5.75350444
-15.40022929,18.98103037,-6.37650417
13.26291338,20.45872959,-5.70793042
-14.86873993,18.66123462,-6.26914886
-14.33584186,18.32328953,-6.17130708
12.66764614,20.00301276,-5.66004178
-13.79940726,17.97036326,-6.07665228
12.08442139,19.52284740,-5.60041259
11.49713067,19.03801179,-5.52309630
-13.26142389,17.60720796,-5.98244298
-12.29883853,17.19974992,-5.82951206
10.44078446,18.48046606,-5.36617805
-11.31988317,16.79675700,-5.66015171
9.43540712,17.97671383,-5.18010496
8.53248663,17.51185427,-4.97691130
-10.33103618,16.40712471,-5.48438595
7.71875633,17.05129926,-4.77748160
-9.34464782,16.03697377,-5.32086036
6.94599324,16.71860367,-4.62641983
-8.35356601,15.83458441,-5.20421939
-7.35931724,15.67187431,-5.12318988
6.20078323,16.36366432,-4.51860089
5.45991560,15.99551029,-4.46380317
-6.34234323,15.53734115,-5.08601255
-5.28145745,15.41682745,-5.09928656
4.69580220,15.63297824,-4.46527504
3.75963833,15.48284662,-4.52318040
-4.02101338,15.48939456,-5.14813663
-2.67567712,15.50914348,-5.17440317
2.69955820,15.38844403,-4.63271712
-1.26662379,15.45304048,-5.12828397
1.49203068,15.35782447,-4.79152289
0.15032103,15.37131006,-4.98212072
-0.00044018,34.86426361,1.03140176
-1.39841464,34.61911566,0.93281573
1.44394000,34.92181649,1.09535338
-2.73932095,34.34149427,0.83532165
2.88772943,34.91913972,1.11533383
4.31191471,34.85287004,1.09170334
-4.04260311,34.00125999,0.74386423
5.75978644,34.78176720,1.05666585
-5.33371821,33.69102550,0.65157735
-6.57223498,33.11130728,0.59340161
7.14158852,34.37078893,1.05622195
-7.83247740,32.64407494,0.53886631
8.51936981,33.99977197,1.05716435
-9.09170160,32.21159958,0.49047471
9.86932175,33.62627153,1.05454360
11.18027288,33.19648082,1.04098333
-10.42051563,31.77128939,0.42229599
12.13040856,32.70787085,0.98148960
-11.49022599,31.29653549,0.31127876
-12.63583158,30.73662035,0.18760739
13.10408483,32.14817348,0.93780522
14.12524390,31.51277016,0.92491113
-13.86730520,30.04026397,0.05341137
-15.26009701,29.22964472,-0.05036140
15.19446745,30.82850692,0.93268908
15.58127149,29.82489685,0.91476614
-15.90291110,28.06579164,-0.07401717
-16.56889998,26.90560086,-0.13474068
15.95180464,28.82355583,0.89908812
-17.17747043,25.77322140,-0.25421736
16.30174909,27.82899221,0.88174207
-17.67588675,24.68999036,-0.41658399
16.62591267,26.84352106,0.86202672
-18.02698833,23.38112796,-0.47521908
16.85652752,25.57903151,0.97252310
-18.28593894,22.15723702,-0.52706386
17.05759560,24.32793437,1.08649386
-18.47319261,21.01864361,-0.55464135
17.23314401,23.09242039,1.20653765
17.38668483,21.87204343,1.33620779
-18.60936589,19.95762707,-0.55648183
16.87354453,20.93287297,1.36189067
-18.26841438,19.11798509,-0.51774491
16.36548019,20.00515767,1.41438873
-17.91815236,18.30833855,-0.46002777
15.87362229,19.08112163,1.50550485
-17.56345329,17.52539944,-0.38396954
15.40609654,18.15517086,1.63904561
-17.21004403,16.76617447,-0.29208678
-16.64359230,16.46449640,-0.16185371
14.67234257,17.81520548,1.71880366
13.96185993,17.47391905,1.80330874
-16.07777381,16.18821855,-0.01824274
-15.52113687,15.93146519,0.14135802
13.27168339,17.13966657,1.88684616
12.60229443,16.82014023,1.96866868
-14.97546749,15.68718432,0.31737248
-14.11952279,15.52070923,0.58143394
11.63557238,16.59799838,2.03533748
-13.21849379,15.32730438,0.85050073
10.71544762,16.39839916,2.09091588
9.83108948,16.14666957,2.13290674
-12.22856475,15.03415937,1.11913888
-11.08766027,14.56248652,1.38849528
8.96985949,15.77635721,2.16420302
-5.09142539,13.33376867,1.74765529
-3.63939619,13.46708413,1.82651046
4.13628560,14.35383389,2.04462816
5.28982977,14.55685480,2.10399384
6.24290089,14.90623333,2.12656317
-6.47347037,13.46750381,1.70548393
2.92450027,14.26069736,2.00648475
-2.30221856,13.67452504,1.89385391
-1.00202775,13.90083897,1.93520180
1.65092519,14.21125335,1.97867278
0.32618753,14.10112697,1.95377348
7.16727606,15.25965748,2.14293536
-8.01447909,13.77784196,1.70853554
-9.61158247,14.20102387,1.61635119
8.07148096,15.56880438,2.15238036
1.52444308,35.54311619,-6.50169216
0.11354324,35.60792284,-6.57035795
-1.33747930,35.22839365,-6.67658774
-2.81358257,34.84594584,-6.76546505
2.91522025,35.45632048,-6.45397734
4.30079978,35.32113170,-6.41608189
-4.32013349,34.38675584,-6.76171514
5.69666233,35.15557148,-6.39966080
-5.90399864,33.97583621,-6.74603463
7.04262081,34.50038695,-6.35418477
-7.56059415,33.22501378,-6.72049872
8.42216643,33.84195510,-6.27439895
-9.27453066,32.45651551,-6.66026305
9.88135311,33.18189114,-6.16204378
-10.99028053,31.62120745,-6.60184495
-12.67030952,30.75860479,-6.62611858
11.50289740,32.52832001,-6.06837979
-13.36527466,30.18661884,-6.65760937
12.20873778,32.05374037,-6.05564510
-14.04170459,29.61831134,-6.70642919
12.91754347,31.57165771,-6.07179641
-14.68954052,29.05720463,-6.79092016
13.61901309,31.07773436,-6.12335264
14.30480029,30.57296257,-6.21384071
-15.30139777,28.50761038,-6.92274788
-15.50812355,27.66654447,-7.00153092
14.51181883,29.80196876,-6.20875924
-15.70074109,26.84943450,-7.09559008
14.70015015,29.04108165,-6.21760265
-15.87798569,26.06051802,-7.19237134
14.86974497,28.29203581,-6.23868606
-16.03823618,25.30282022,-7.28135614
15.02084445,27.55616954,-6.26989032
-16.11438074,24.30974300,-7.33231506
15.05367210,26.57212775,-6.27652141
-16.16603305,23.36521405,-7.35424750
15.06216983,25.61204091,-6.29351566
-16.19692507,22.46108015,-7.34479811
15.05277291,24.67509596,-6.31422129
-16.21262394,21.58788476,-7.30399132
15.03185798,23.75733128,-6.33316256
14.71838066,23.08835677,-6.31416769
-15.99599986,20.94732354,-7.21164076
-15.77615188,20.31607276,-7.11366417
14.41448727,22.41997172,-6.29841950
-15.55431010,19.68927427,-7.01212923
14.12679699,21.74524447,-6.28207811
-15.33203702,19.06262102,-6.90791794
13.85834067,21.05823370,-6.26116399
13.24834470,20.65896830,-6.20464284
-14.80117484,18.74640506,-6.79609365
-14.26823941,18.40663963,-6.69553987
12.66390666,20.20876399,-6.14795729
-13.73266594,18.04629161,-6.60137105
12.08986808,19.72456748,-6.08161248
-13.19655347,17.67063562,-6.51047875
11.50889901,19.22476501,-5.99981352
-12.22898418,17.23379717,-6.36445738
10.43687252,18.61975439,-5.83951874
9.41016894,18.06015564,-5.66008740
-11.24380306,16.80277009,-6.20381917
-10.24756418,16.39485593,-6.03289318
8.49168315,17.55254604,-5.46965645
7.67143993,17.07125944,-5.27941458
-9.25721994,16.01968375,-5.86687798
6.90429913,16.73127111,-5.13047350
-8.27500514,15.81870628,-5.74400863
6.17183507,16.38306055,-5.01936267
-7.29410836,15.66762997,-5.65492372
-6.29160223,15.55030310,-5.60986959
5.44610455,16.03020781,-4.95857962
-5.24385274,15.44821240,-5.61391648
4.69454349,15.68702158,-4.95342689
3.76745799,15.56583111,-5.00215259
-4.00195104,15.55180420,-5.64888331
2.70829620,15.49534805,-5.10523488
-2.67138682,15.60125745,-5.66182686
-1.27133514,15.56911004,-5.60817384
1.49482111,15.48016153,-5.26365065
0.14576804,15.49550778,-5.45799910
