0.60540703,14.22744478,-0.26333796
-0.04179430,14.18682609,-0.40421441
0.54563510,14.03039674,-0.02474399
-0.11358284,14.00102178,-0.15580854
-0.70905233,14.14828482,-0.57427046
-0.78876522,13.98812802,-0.30854077
-1.42735082,14.05996430,-0.76029559
-1.50962290,13.93690562,-0.48443452
-2.23120861,13.92770457,-0.93656741
-2.30994119,13.85092069,-0.66186337
-1.01776344,30.68792857,1.75195464
-0.59016402,30.43071704,1.73993751
-1.08300715,30.71695896,1.98978578
-0.64498488,30.46476793,1.98215040
-0.18059257,30.28745685,1.73562401
-0.22465806,30.32690219,1.97491943
0.22391492,30.24111506,1.74525836
0.18998279,30.28099546,1.97479196
0.63189752,30.28010873,1.76858312
0.60764384,30.31983234,1.98370823
-2.85990579,14.24102123,-0.90208683
-2.93328899,14.19109383,-0.62499981
-3.54994381,14.50523443,-0.87594239
-3.61479896,14.47902000,-0.60810129
-4.31550322,14.74521245,-0.86614512
-4.37027515,14.73569957,-0.61694529
-5.16456557,14.98937895,-0.87770185
-5.21419979,14.98218947,-0.65666966
-3.14203986,30.92742272,1.76116938
-2.50000918,30.73984495,1.77466942
-3.26327109,30.95353768,1.98136193
-2.60767819,30.76302095,2.01208784
-1.95469776,30.62113570,1.76730089
-2.04842484,30.64623357,2.01528352
-1.46657839,30.60010157,1.74852228
-1.54504543,30.62749411,1.99687624
-5.79417630,15.58801884,-0.71008144
-5.84413231,15.57786474,-0.50568274
-6.49663567,16.12610296,-0.61994735
-6.55158656,16.10980876,-0.42633881
-7.23677126,16.66027932,-0.55446404
-7.30404827,16.63051528,-0.36821903
-8.08790365,17.09369874,-0.55203177
-8.17229168,17.04752009,-0.36515927
-8.50154266,17.60524109,-0.42011358
-8.60041910,17.55067776,-0.22806364
-8.99249481,18.08694652,-0.30618220
-9.10930624,18.02371564,-0.10893544
-9.61071653,18.49998800,-0.22369825
-9.73906073,18.43654036,-0.02167438
-10.41530841,18.90010740,-0.16401261
-10.54603023,18.84965079,0.04150399
-6.02577593,31.24137993,0.81297750
-5.06373759,31.14468121,1.17634108
-6.15517677,31.27729879,0.98940657
-5.19172032,31.17283444,1.37485409
-4.30712029,31.06896139,1.44347712
-4.43719247,31.09758978,1.65545254
-3.67569722,30.99359079,1.62967132
-3.80347096,31.02092928,1.84982925
-9.95134832,20.12986832,0.31352214
-10.11855096,20.09887207,0.52360787
-9.78126813,21.18475424,0.62156031
-9.97854642,21.17674893,0.83031853
-9.78138043,22.26825773,0.78644730
-9.99008324,22.28385828,0.98820972
-9.96925570,23.50259079,0.81796266
-10.18550710,23.53293594,0.99970673
-8.74322894,24.81205558,0.96333038
-8.95153051,24.83941408,1.13811025
-7.96693145,26.03613108,1.09268364
-8.16533418,26.07064004,1.25965690
-7.40838929,27.13089879,1.09975435
-7.60484563,27.17728071,1.28317362
-6.95416228,28.16982540,0.88363314
-7.15710661,28.22705218,1.11089175
-6.64029977,28.91804104,0.85193874
-6.83414332,28.97419147,1.08449796
-6.37843245,29.67407190,0.82146139
-6.56012134,29.72734829,1.03986053
-6.16645867,30.45119649,0.80098026
-6.32299514,30.49430255,0.99771755
0.64720606,14.40707396,-0.60914206
0.00857715,14.34994357,-0.77066165
-0.65646359,14.27619277,-0.95394152
-1.37412343,14.15916359,-1.13260133
-2.18435237,13.98047076,-1.28457034
-0.97366820,30.64795568,1.45549653
-0.55661645,30.38331162,1.42495989
-0.15757071,30.23451489,1.41736392
0.23756043,30.18838531,1.43338330
0.63698666,30.22883269,1.47102375
-2.81919585,14.24906305,-1.26181493
-3.51510759,14.48582104,-1.22097621
-4.28982132,14.70569213,-1.18768066
-5.15594268,14.92355078,-1.19214021
-3.03681596,30.89929216,1.49730560
-2.41123730,30.70267044,1.48756325
-1.88085478,30.58503667,1.45761444
-1.40929269,30.56442736,1.44280874
-5.79244770,15.51667094,-1.00403120
-6.47299121,16.08747873,-0.86972004
-7.21001364,16.62074906,-0.80149124
-8.03090083,17.08499283,-0.78741906
-8.42848784,17.61372894,-0.65229246
-8.91010590,18.09180610,-0.55337775
-9.51559861,18.51848750,-0.47644133
-10.30456050,18.90592775,-0.40730251
-5.87139279,31.16864487,0.62260167
-4.94357479,31.10592926,0.95820956
-4.18642533,31.02939820,1.20325316
-3.56267893,30.95511719,1.37523431
-9.81534829,20.12319890,0.05917003
-9.57731899,21.17989601,0.35382784
-9.54282129,22.25520545,0.52353251
-9.70344589,23.46870210,0.59886321
-8.53507218,24.77958682,0.76021080
-7.74685263,25.99269773,0.89630218
-7.18640913,27.07760382,0.87285882
-6.72974473,28.09285737,0.60573033
-6.42507620,28.83722562,0.58980950
-6.18125622,29.60156262,0.57442491
-5.99797914,30.38546375,0.58607692
1.18433405,14.13056797,0.16420759
1.23300480,14.32690576,-0.06107076
1.82314519,14.25391462,0.32839415
1.86063362,14.43871778,0.10718292
2.47250506,14.38315304,0.46393923
2.49967082,14.54381148,0.24254540
3.13442744,14.51263935,0.60065006
3.15481434,14.64005175,0.38147359
2.34354424,30.45136515,1.96687734
1.88253296,30.33743605,1.96158372
2.32578871,30.40781601,1.75228858
1.87489052,30.29408206,1.74367309
1.44389734,30.27521660,1.95977285
1.44641890,30.23098271,1.73982134
1.02035854,30.26394071,1.96630314
1.03369792,30.22190283,1.74748069
3.62060289,15.05709231,0.80394578
3.63648664,15.17597226,0.57926334
4.10899133,15.56454866,0.97240851
4.11979931,15.67413627,0.74454358
4.61098189,16.04065784,1.11946124
4.61598283,16.13931248,0.89277562
5.14281504,16.47642545,1.26450690
5.13946780,16.56829397,1.04817439
4.21447004,29.87690897,2.04472559
3.68123041,29.95019626,2.00874840
4.16339221,29.82298302,1.84182763
3.63845570,29.89907575,1.79300713
3.19961895,30.06547689,1.98916400
3.16536512,30.01663276,1.76960002
2.75677089,30.22870293,1.96991040
2.73066976,30.18198243,1.75041434
5.54139863,17.22253872,1.44300873
5.52628764,17.31288505,1.22118032
6.00895979,17.86564636,1.60026738
5.98113043,17.94608084,1.37243444
6.54299040,18.45836929,1.75855297
6.49948660,18.52969859,1.52532656
7.19484234,18.93201212,1.89472283
7.13580985,18.99146899,1.66196357
7.56931728,19.44178803,1.98758105
7.49625713,19.49091295,1.73789169
7.99336034,19.91882118,2.04170887
7.90775166,19.95858379,1.77768992
8.47429705,20.34322332,2.03395743
8.38634229,20.37179010,1.76559195
9.02782732,20.76760887,1.93826267
8.95259823,20.78254935,1.67506642
6.22773548,29.57127840,2.00591417
5.61173262,29.58743701,2.00571342
6.15110261,29.51448801,1.79869297
5.54049683,29.53058447,1.78828079
5.09450397,29.65668787,2.01275808
5.02800828,29.59847198,1.79535803
4.63300485,29.75630532,2.02379601
4.57328600,29.69933940,1.80989170
8.80233054,21.87814720,2.04828443
8.70987774,21.88645402,1.73814716
8.72051851,22.87449764,2.11267380
8.62565417,22.88554325,1.82015541
8.71997022,23.82488993,2.13446530
8.63047145,23.83594523,1.89727551
8.83676287,24.74147794,2.14888521
8.74675281,24.74986920,1.97208769
8.03978356,25.62770799,2.23645392
7.94530082,25.63076107,2.04938198
7.48723759,26.37842313,2.22744299
7.38824780,26.36644432,2.02799843
7.08937857,27.03434365,2.14602546
6.98571253,27.00210225,1.91937696
6.80610701,27.64895035,1.99358816
6.70062882,27.59626177,1.70998813
6.60174852,28.09331708,2.00857775
6.50029339,28.03703576,1.73634942
6.44751049,28.55350724,2.02418608
6.35013389,28.49531773,1.77483698
6.32108394,29.03849917,2.01986038
6.23322543,28.98127201,1.79167496
1.26955439,14.48917477,-0.38662352
1.89169755,14.57603046,-0.20553902
2.52388228,14.65897529,-0.04700207
3.17753265,14.72350180,0.10956458
2.28997224,30.34922721,1.44994077
1.84758265,30.23449891,1.43059651
1.42863748,30.17083244,1.42427344
1.02701535,30.16596130,1.43703079
3.65653403,15.23272738,0.29450876
4.13465264,15.71534525,0.46417727
4.62717482,16.16242668,0.62608359
5.15290780,16.56358008,0.78766295
4.10363599,29.75601770,1.55737889
3.58360259,29.82910494,1.49282371
3.11636004,29.94998123,1.45192892
2.68879068,30.12189410,1.43768027
5.53210617,17.30329842,0.95371517
5.96401395,17.95920880,1.11191022
6.47379044,18.52255776,1.26723721
7.08648354,18.99234858,1.40238015
7.43171231,19.49637680,1.46401949
7.83684105,19.94767286,1.48941632
8.31512026,20.36239506,1.47108068
8.88864038,20.76296380,1.40957945
6.05732805,29.42710305,1.53476758
5.46390452,29.45452580,1.50204313
4.95296245,29.51997018,1.49523148
4.50446823,29.62103122,1.51476972
8.64487733,21.87027508,1.42704309
8.54086187,22.88882646,1.50999770
8.53934171,23.84757489,1.64592467
8.63600203,24.75107489,1.78671485
7.85387331,25.62422530,1.84885162
7.27851252,26.33780759,1.78830111
6.87074608,26.95228527,1.60267386
6.59183681,27.52252006,1.29185438
6.39021487,27.95564678,1.34716153
6.24344262,28.41267058,1.41511483
6.13664287,28.90056772,1.48067991
2.08481283,17.06772974,-12.02667560
1.49511703,17.24271872,-12.21520966
2.03904915,17.17644079,-11.87245987
1.46423134,17.35398969,-12.05787573
0.88681535,17.39504774,-12.40541384
0.87078390,17.50404031,-12.24212625
0.21627726,17.51396635,-12.58950146
0.21379635,17.61570043,-12.41849455
-0.57849672,17.59163726,-12.76074305
-0.57093951,17.68228927,-12.58122123
2.61015927,17.12397656,-11.72020819
2.66990906,17.01830566,-11.87572280
3.18749204,17.06181494,-11.58116725
3.25938820,16.96364031,-11.73921354
3.79936535,16.98246507,-11.44604439
3.88013641,16.89713965,-11.60782809
4.47831226,16.88336768,-11.30465762
4.56279733,16.81687208,-11.47192150
0.91449852,34.86582300,-11.87518231
0.38138515,34.52587298,-11.93586010
0.89941839,34.79327550,-11.68608480
0.38024427,34.45872023,-11.74047365
-0.16323243,34.35257543,-11.99906698
-0.15064415,34.28668231,-11.79858657
-0.71839629,34.26507075,-12.08642463
-0.69438785,34.20030709,-11.88166166
-1.32228774,34.29184176,-12.19907218
-1.28699631,34.22636933,-11.98867297
1.44166835,34.67790302,-11.60478156
1.46852288,34.75202007,-11.79267248
1.99745173,34.70578175,-11.51948016
2.03687172,34.78309947,-11.70411744
2.56807735,34.77754120,-11.44266789
2.61934312,34.85753942,-11.62336141
3.17247021,34.90399686,-11.37038399
3.23459090,34.98936368,-11.54642531
-1.26867307,17.99869756,-12.95596108
-1.25581470,18.08099054,-12.75266660
-2.06408355,18.34739356,-13.14777827
-2.04847243,18.42134026,-12.92057107
-2.97982074,18.63743059,-13.35309037
-2.96598181,18.70340133,-13.10140875
-4.00828668,18.85702719,-13.56815741
-4.00270802,18.91402693,-13.29338797
4.97486938,17.26161683,-11.31624644
5.06541418,17.20082648,-11.49126450
5.51463411,17.59422088,-11.32244460
5.61050667,17.54176633,-11.49828926
6.11749068,17.89772618,-11.30882230
6.21838950,17.85795347,-11.48211721
6.79554440,18.19854581,-11.26829747
6.90327309,18.17388518,-11.44091510
-1.93330415,33.96224634,-12.28869457
-1.88316580,33.89105562,-12.07078786
-2.64584985,33.79053100,-12.39750241
-2.58336451,33.71753588,-12.17105906
-3.42575057,33.62126193,-12.52020235
-3.35427849,33.54828862,-12.28753955
-4.53250419,33.58288694,-12.68801477
-4.44618125,33.50227182,-12.45699165
3.74326652,34.62466995,-11.25050877
3.82063247,34.70839614,-11.42770859
4.35587181,34.45579967,-11.12004776
4.44682613,34.53517707,-11.29626564
4.96915233,34.25895347,-10.98148178
5.07140255,34.33105792,-11.15495747
5.77306205,34.13118290,-10.80221751
5.89093556,34.20649940,-10.96776479
-4.92607752,19.24082904,-13.81559754
-4.93259052,19.28293408,-13.51726349
-5.84055818,19.57549688,-14.06005193
-5.85541554,19.59860700,-13.75374459
-6.75364496,19.91478807,-14.30236380
-6.75771241,19.91802386,-14.01152591
-7.75435363,20.28543723,-14.52774039
-7.72313192,20.26991274,-14.27285591
7.41669142,18.76004977,-11.25719640
7.53656100,18.75605853,-11.43568175
8.09664231,19.37661421,-11.21978069
8.23018290,19.39219056,-11.41050682
8.83780830,20.05895702,-11.16306172
8.98633701,20.08205488,-11.36217805
9.70382856,20.75475893,-11.06168850
9.86090256,20.77136956,-11.25175331
-7.45866948,32.66302463,-13.06221234
-6.54039454,32.83016936,-12.95511486
-7.41400528,32.57587834,-12.85866187
-6.47760965,32.74513725,-12.74324023
-5.76019189,33.07369842,-12.85834014
-5.68316390,32.99042430,-12.63863426
-5.09788575,33.33764609,-12.77106145
-5.01277165,33.25526890,-12.54576100
7.66628034,33.13524750,-10.36070190
7.05820208,33.33275733,-10.50500121
7.78139386,33.19510574,-10.50854410
7.17901878,33.39316808,-10.65590345
6.56166139,33.59470086,-10.62062389
6.68461687,33.65835807,-10.77595392
6.14103500,33.87106723,-10.71891776
6.26312039,33.94091777,-10.87905081
-8.05726730,20.88532722,-14.57519088
-7.98871402,20.86533370,-14.34626126
-8.46194299,21.47387072,-14.59803947
-8.36622300,21.44157867,-14.39305316
-9.01774211,22.06587787,-14.60845052
-8.90476627,22.01553548,-14.42614142
-9.82983199,22.69020901,-14.61809317
-9.70878667,22.61961513,-14.45682121
9.98264792,21.45073129,-10.99648057
10.14315633,21.46413133,-11.17883337
10.35386223,22.10652560,-10.87308429
10.51032145,22.12221880,-11.04680745
10.85587044,22.73043352,-10.69343806
11.00130930,22.75568850,-10.85756113
11.54900360,23.34055000,-10.45387237
11.68021800,23.38107713,-10.60602715
-9.50362153,23.75385734,-14.40838411
-9.34424494,23.68520170,-14.24485917
-9.42332766,24.71149485,-14.21931171
-9.24716522,24.63680315,-14.05184891
-9.51066664,25.58756502,-14.05788231
-9.33067654,25.50684896,-13.88637643
-9.72933627,26.40771514,-13.92399933
-9.55061811,26.31975570,-13.74968483
11.11618478,24.43944346,-10.30777388
11.26977449,24.48025289,-10.46973778
10.80091354,25.43135045,-10.17466186
10.96939617,25.47595767,-10.34282034
10.57944436,26.33128779,-10.08421795
10.75435009,26.37935944,-10.25240742
10.44759774,27.14978347,-10.01523188
10.62876316,27.20536558,-10.18234204
-9.41001548,27.24061256,-13.70697943
-9.25423844,27.14653755,-13.51723314
-9.23285844,28.02242970,-13.53650850
-9.10068835,27.91663344,-13.33510677
-9.07926219,28.80632355,-13.40594527
-8.97357482,28.68485118,-13.19381114
-8.89596574,29.68210176,-13.30348354
-8.81545512,29.54217147,-13.08434736
9.74676895,27.96648453,-10.05397122
9.93769985,28.03151910,-10.23120318
9.25468646,28.72225221,-10.08448236
9.44622093,28.80224235,-10.27254138
8.88103652,29.48071590,-10.12065856
9.06095591,29.57638086,-10.31408529
8.57146446,30.32521812,-10.16542272
8.73325708,30.43202960,-10.34801038
-8.53508226,30.33730858,-13.21576091
-8.47449598,30.19002814,-12.99146946
-8.18436198,31.10010546,-13.15178366
-8.13592697,30.96014583,-12.93045990
-7.82491376,31.89759864,-13.10779523
-7.78110649,31.78244729,-12.89617620
8.23664546,30.96646267,-10.22476260
8.38672564,31.07179798,-10.39581201
7.99208655,31.69404710,-10.27386732
8.13095066,31.78691348,-10.43114363
7.81446474,32.43520252,-10.32008017
7.94106915,32.50941746,-10.46904906
3.13423623,34.81613271,-11.22843135
3.67114013,34.56429286,-11.09083367
4.24781572,34.36188144,-10.95779254
4.89394868,34.20258875,-10.82041673
5.64740901,34.08380712,-10.66572437
4.38313370,17.01613550,-11.22658979
4.87600490,17.34726526,-11.20147173
5.40614457,17.65417972,-11.18728348
5.98792273,17.94902297,-11.17283256
6.63386124,18.24666002,-11.14718210
7.61663660,33.08608813,-10.24796238
6.99907276,33.30500203,-10.36649870
6.47817312,33.54607629,-10.47346548
6.03321038,33.80619024,-10.57188907
9.48640222,20.71590762,-10.90596814
9.78157652,21.39751205,-10.81507743
10.15408107,22.04937791,-10.68828153
10.61771981,22.67036471,-10.53427088
11.17159743,23.26564537,-10.36202218
10.80422642,24.40172815,-10.14456756
10.50574707,25.38463590,-9.98451344
10.27550558,26.27480983,-9.89732508
10.11033811,27.10266484,-9.84921872
-9.32429154,22.52107653,-14.28127403
-9.05386530,23.62941880,-14.05952265
-8.98677840,24.56966405,-13.86151509
-9.06483781,25.42286416,-13.69216267
-9.25971431,26.24267175,-13.55376583
9.46986883,27.87724000,-9.85993318
8.97437781,28.61775330,-9.88884913
8.62552296,29.35690650,-9.92652307
8.39637145,30.10679804,-9.97255355
-9.04030008,27.02910321,-13.31038121
-8.90295170,27.78503215,-13.11845732
-8.80971303,28.53269472,-12.98269616
-8.73234343,29.29257144,-12.89435730
8.03543523,30.83202549,-10.04771352
7.79953353,31.57334128,-10.12281407
7.66474919,32.32521681,-10.18871151
-8.38440585,30.01736349,-12.77595867
-8.04820508,30.79158002,-12.70933136
-7.72891113,31.62355699,-12.69460760
-7.44716489,32.50189701,-12.71622673
0.89304304,34.69785689,-11.52947710
1.42624094,34.62824776,-11.43534800
1.96382426,34.63076632,-11.35577500
2.52628299,34.69568791,-11.28823368
2.00680953,17.34217176,-11.78425084
2.55715516,17.28078561,-11.62909712
3.12014946,17.20623184,-11.48650635
3.72021459,17.11895918,-11.35364169
1.45080223,17.50703901,-11.95772994
0.87135668,17.64425239,-12.13282053
0.22947703,17.74879641,-12.30560714
-0.52785388,17.81041780,-12.47380100
0.37957403,34.41194911,-11.56386125
-0.13210775,34.21551400,-11.62051170
-0.67014339,34.12309625,-11.70608451
-1.26770215,34.14599962,-11.82377780
-1.83692963,33.83253204,-11.86777567
-2.50977865,33.61393343,-11.94457191
-3.33081768,33.48586104,-12.06582151
-4.35945555,33.44084957,-12.23899758
-1.21042515,18.17502547,-12.60752974
-1.99501691,18.49498272,-12.74400563
-2.89050752,18.77248883,-12.89668729
-3.88864636,18.99230884,-13.07215598
7.21768701,18.80649661,-11.13999240
7.87062932,19.41055006,-11.09617953
8.61397803,20.05731458,-11.01509769
-4.79378776,19.38333072,-13.26689387
-5.71592570,19.70340401,-13.48628084
-6.65912677,19.97409536,-13.73538951
-7.64049731,20.25665507,-14.02001540
-7.92807069,20.81810666,-14.09910657
-8.27730376,21.38100636,-14.16860184
-8.72992417,21.94616979,-14.22861293
-6.50866943,32.69473462,-12.55994290
-5.68323621,32.91963270,-12.43118828
-4.96985888,33.16985377,-12.32540300
2.95754743,15.85502060,-2.11197859
2.40101971,15.67321328,-2.35813538
3.04471547,16.43439447,-3.03900787
2.49233033,16.31657643,-3.19829681
-1.65101217,16.38801957,-4.09865947
-0.98212314,16.38592641,-3.97840895
-1.77874359,15.43275175,-3.48676456
-1.10195317,15.44854679,-3.39481897
3.40410296,16.21275856,-1.87252041
3.49476183,16.72771683,-2.85553866
-2.23962647,16.49882464,-4.14943378
-2.36723814,15.55999984,-3.50066429
-2.87474471,16.51412901,-4.21267492
-3.00823030,15.61336863,-3.49730944
3.86194461,16.53280234,-1.63067518
3.95951470,16.98590748,-2.68985698
1.84972829,15.46566055,-2.59118556
1.94768685,16.17337511,-3.36614787
-0.35858361,16.27321788,-3.87815829
-0.47478213,15.36519570,-3.29048748
4.27243051,17.04826635,-1.38512858
4.39001325,17.42100721,-2.51787900
-3.48546717,16.68766822,-4.21626236
-3.62106520,15.85557069,-3.41525540
0.24516429,16.34557090,-3.72697937
0.13425903,15.48413264,-3.12498737
1.27951628,15.52117441,-2.78013883
1.38318941,16.28195078,-3.47473578
4.70737737,17.50017670,-1.15933446
4.85434555,17.79564953,-2.39179625
-4.14415562,16.79865813,-4.22885138
-4.29310926,16.05736790,-3.31587387
5.08133876,18.09920702,-0.98047460
5.28348964,18.30146590,-2.31682622
-4.72600863,17.10593823,-4.18107607
-4.87007114,16.47393498,-3.15663045
0.82096123,16.37233728,-3.59354365
0.71425782,15.56764316,-2.96194376
5.50242870,18.61171679,-0.84984180
5.77049949,18.73774039,-2.31043600
-5.35560869,17.38159639,-4.15384761
-5.49849974,16.87952189,-3.02751499
-5.95458016,17.77492920,-4.11520081
-6.07857889,17.41015422,-2.92974795
5.92903693,19.16076460,-0.80963730
6.26739172,19.23027657,-2.36946480
6.45599227,19.62877504,-0.83490428
6.86084067,19.67514969,-2.45220212
-6.64715962,18.14795749,-4.13196733
-6.73916747,17.92786421,-2.93580555
6.87060656,19.98245382,-0.92304232
7.29943508,20.03582051,-2.49792753
-7.13568724,18.47565154,-4.14881512
-7.20699234,18.33840878,-2.98404912
7.37932369,20.30951475,-1.02862046
7.82873577,20.39237868,-2.50930159
-7.71785591,18.79938898,-4.20294326
-7.77470573,18.71761056,-3.08505414
-8.09442920,19.33546264,-4.19545636
-8.12061593,19.28004371,-3.11636562
7.75627696,20.83667781,-1.27145572
8.23176754,20.96914948,-2.50715649
-8.60201812,19.83974921,-4.22727684
-8.63436602,19.77596320,-3.17458765
8.23289792,21.34131786,-1.42681579
8.75490249,21.54354277,-2.43844488
8.24485666,22.39082516,-1.57970508
8.85448607,22.64238746,-2.34859979
-8.49292922,20.79401391,-4.07734690
-8.48500453,20.69844694,-3.02307263
8.51321246,23.34947131,-1.41974859
9.16090957,23.65556257,-2.16346876
-8.63840962,21.70052006,-3.99214350
-8.65741190,21.53900338,-2.89901008
8.18609964,24.30651074,-1.21803013
8.83287529,24.59550418,-2.07968317
-8.08373289,22.70349763,-3.76993490
-8.03475521,22.45646402,-2.57494238
8.02577187,25.12465935,-0.99181749
8.66582179,25.41787999,-1.98993452
-7.80508096,23.74394451,-3.60473523
-7.74144640,23.47458005,-2.24448428
-7.15931075,24.88415044,-3.47810531
-6.93557312,24.61284836,-1.98483001
7.43673713,25.82994306,-1.03958531
8.12708895,26.12965400,-2.03673709
-6.83055658,25.96582422,-3.43704338
-6.45761991,25.74374198,-1.98643778
7.04748638,26.43171219,-1.09655937
7.76491362,26.78105717,-2.05323049
3.88025966,29.97790400,-0.58669724
4.32094104,29.84360052,-0.60522655
4.05364526,30.69546329,-1.75816351
4.52055984,30.51309628,-1.77396973
3.33323755,30.09281742,-0.63904280
3.48563421,30.88653496,-1.76336918
-2.28505827,31.78153588,-2.75083524
-2.96349040,31.89674115,-2.79878056
-2.24559953,31.00392083,-1.72315046
-2.83044086,31.20115888,-1.76229533
-3.56222964,31.88466049,-2.86085199
-3.34784310,31.26361640,-1.84780717
2.84946864,30.26054967,-0.66974298
2.99266661,31.13213213,-1.75555368
-1.74628479,31.74534203,-2.67082331
-1.76985409,30.89519809,-1.65285448
4.81887645,29.74598044,-0.60389225
5.05138674,30.37115043,-1.77277156
-4.29188982,31.86997702,-2.91254042
-3.98419046,31.33157279,-1.92280478
0.59831841,31.64462661,-2.11839251
0.24155716,31.60478088,-2.21218775
0.44788559,30.51042863,-1.10757014
0.09839157,30.51501795,-1.21317542
0.80474661,30.51907735,-1.02178767
0.95377636,31.62600005,-2.01749120
2.39119430,30.37831196,-0.72829657
2.53579564,31.32459711,-1.77946615
-1.27546562,31.67716047,-2.60333961
-1.34484790,30.76618908,-1.58956658
5.28851428,29.53602209,-0.66703698
5.57327553,30.11724022,-1.80156637
-5.01469798,31.59678949,-3.01856491
-4.61630376,31.15631526,-2.06851342
-0.11557720,31.67388975,-2.28268084
-0.24881245,30.62203992,-1.29721513
1.17915385,30.60098437,-0.91440287
1.32784499,31.68190192,-1.90171332
1.56200965,30.54629517,-0.85091108
1.71080543,31.59680768,-1.85283552
-0.47773538,31.64092547,-2.40614210
-0.59935173,30.62958799,-1.40981594
1.97485419,30.54932843,-0.77172852
2.12774095,31.56847980,-1.79611275
-0.86686723,31.74418816,-2.50074512
-0.96621960,30.76759002,-1.49773977
5.83496691,29.37632556,-0.69309341
6.17758034,29.92232314,-1.79772753
-5.88506264,31.33117948,-3.09269920
-5.38928719,30.97505517,-2.18564098
-6.64283974,26.98236758,-3.43296856
-6.12282412,26.81701251,-2.13371855
6.73922781,26.97829823,-1.11843366
7.45193969,27.38351687,-2.05761548
6.01721974,28.89276084,-0.85754037
6.45203977,29.40818281,-1.86981560
-6.14488886,30.50304127,-3.24051346
-5.57855129,30.21183462,-2.35033793
-6.59150541,28.00140829,-3.44028649
-5.95793149,27.84779555,-2.34862735
6.53437693,27.53792014,-1.12228364
7.20870977,27.98482018,-2.03950122
6.24438872,28.46240924,-0.98111080
6.76688792,28.95089263,-1.91519434
-6.43638516,29.71533052,-3.32882405
-5.80897007,29.47716894,-2.43481118
6.36853493,27.98349107,-1.06237668
6.97020698,28.45385710,-1.98619666
-6.50152190,28.83659751,-3.40277472
-5.85574626,28.64899601,-2.41433924
3.14357921,16.79117356,-3.72391933
2.56985077,16.74125773,-3.85681841
3.62569968,17.02635385,-3.59331669
-2.12952541,17.16788620,-4.89568449
-1.54891028,17.06712867,-4.80394288
-0.89459276,17.06268429,-4.66622719
2.01365398,16.66538109,-4.00743372
-0.28490900,16.93882333,-4.54404778
0.30784927,16.96417152,-4.37731403
1.44129432,16.81510643,-4.10966481
-2.76556682,17.15635178,-4.99317379
4.13388345,17.22622595,-3.48762144
-3.38806894,17.26424523,-5.03675797
4.61678983,17.58993297,-3.38169910
0.87753174,16.93932758,-4.23380112
5.14471730,17.89997685,-3.31688416
-4.07267631,17.29242153,-5.08090924
5.64680358,18.33939501,-3.28628575
-4.70025217,17.49262112,-5.07561506
6.21673264,18.72391366,-3.29362464
-5.38968016,17.65699023,-5.08088788
-6.05554510,17.95290524,-5.06951976
6.80100792,19.18690456,-3.32753335
-6.82170686,18.24893296,-5.09226951
7.49363948,19.63273834,-3.36216201
-7.34909235,18.55392704,-5.11066686
7.99345645,20.01902896,-3.37928412
8.58282904,20.41954610,-3.35792081
-7.96858562,18.87389877,-5.14955384
9.02253119,21.05623163,-3.31943297
-8.37310745,19.44573141,-5.12939935
9.57818056,21.70156751,-3.20320582
-8.90981762,20.00254164,-5.13835343
9.70225691,22.87268834,-3.09180373
-8.84174532,21.06917796,-5.03731547
10.01772013,23.97012389,-2.87037503
-9.06106841,22.08015817,-4.96417860
9.71252237,24.97388558,-2.78929456
-8.63510660,23.16151380,-4.77895968
9.53492306,25.86481944,-2.69713952
-8.51015775,24.23740207,-4.58024060
8.94787758,26.62400370,-2.73775577
-8.02217698,25.35430251,-4.38902453
-7.78814950,26.40618953,-4.25678616
8.49419012,27.30166870,-2.76486077
-7.61015125,27.39327627,-4.17763745
8.06461726,27.90745173,-2.79520968
-7.50212647,28.37963489,-4.11084298
7.70112167,28.50167335,-2.80812130
-7.37656798,29.22669727,-4.03343085
7.40179171,29.00764324,-2.79781649
-7.26235178,30.10637088,-3.91804921
7.14009769,29.54384944,-2.76197983
-6.88142104,30.87776695,-3.83229819
6.75977014,30.03524806,-2.74567412
-3.98706687,32.27788684,-3.73731432
-4.79526098,32.23794239,-3.69048908
-5.58778860,31.94987858,-3.71304571
5.29947266,31.07659442,-2.63444120
5.82167911,30.80233486,-2.68076899
4.76918583,31.22488889,-2.62369209
-6.53989350,31.68323521,-3.70734679
6.43030284,30.58828950,-2.69182334
-3.31692842,32.32383936,-3.75448113
4.30494809,31.41507052,-2.59582751
-2.53475736,32.27814616,-3.79167493
3.72824133,31.63349635,-2.59626477
-1.91153226,32.30737047,-3.75325132
3.23087169,31.90740506,-2.58495534
-1.36687791,32.29511618,-3.69732070
2.76403146,32.11584764,-2.61295175
-0.90489027,32.40483075,-3.58070239
2.34367578,32.37127666,-2.64106181
-0.05310449,32.42952600,-3.28896344
-0.45816906,32.35306031,-3.45488380
0.34355958,32.39758346,-3.18860193
1.11681227,32.45166132,-2.92297493
1.51522847,32.50731595,-2.77159059
1.91498021,32.41217469,-2.70730195
0.73097867,32.46823553,-3.06326181
3.70465889,17.37126256,-4.79360181
3.19445184,17.19184902,-4.89648732
-1.99273455,17.72661885,-6.21978738
-1.41834084,17.64854884,-6.09732495
2.60171087,17.19076763,-5.01565898
-0.78664238,17.64388607,-5.92986937
-0.20304482,17.51957307,-5.77287967
2.04050081,17.15902842,-5.15737902
0.36620904,17.52538851,-5.58616815
1.46929041,17.33441066,-5.27753282
-2.63379866,17.69070869,-6.34127909
4.25361987,17.51668145,-4.71340379
0.91667922,17.47433342,-5.42410192
-3.27306298,17.74708163,-6.40842922
4.78596889,17.80894561,-4.63694053
-3.98713868,17.71847267,-6.46824283
5.37612182,18.05718788,-4.58787566
-4.66576542,17.83829560,-6.48835415
5.95543851,18.43364011,-4.56957164
6.61436366,18.78140000,-4.56868918
-5.41727201,17.92914119,-6.50715124
7.28755487,19.24127663,-4.56824201
-6.14492837,18.17879675,-6.49047389
-6.97187011,18.47069602,-6.48647333
8.07536775,19.71936244,-4.54102362
8.61494142,20.14298251,-4.49333401
-7.52058459,18.80189933,-6.47338891
9.22906612,20.58618550,-4.40177151
-8.15654323,19.16388597,-6.47528969
9.65855817,21.27445559,-4.27245168
-8.59290088,19.79639385,-6.41286115
10.17207594,21.96927652,-4.08675833
-9.17179177,20.41545175,-6.37775367
10.22092151,23.20251574,-3.89295170
-9.27091144,21.55413911,-6.22428092
10.45091753,24.35525548,-3.65729489
-9.67266531,22.61628794,-6.06838601
10.11843858,25.39563452,-3.54976190
-9.44706553,23.70116193,-5.76174363
9.88979487,26.30847980,-3.47045103
-9.44753812,24.76782381,-5.43867125
-9.06757359,25.86553712,-5.16816049
9.28293149,27.10185064,-3.53622998
-8.84516711,26.89399794,-4.97036828
8.77524492,27.80140114,-3.60583285
8.28338997,28.42641423,-3.67534678
-8.61165966,27.85098361,-4.83809077
7.86703584,29.04559916,-3.71259971
-8.41500371,28.79311872,-4.71639954
7.53356267,29.59334594,-3.70054644
-8.20300019,29.61639443,-4.59653817
-8.00698873,30.46106855,-4.46410015
7.25208531,30.17461062,-3.65352797
-7.51340850,31.17773471,-4.40156242
6.85349070,30.69290974,-3.60685951
-7.08097536,31.92780346,-4.32373514
6.51961236,31.27111972,-3.52099694
5.92814075,31.50146815,-3.49893926
-6.08748913,32.17579177,-4.40642196
-5.25937786,32.46963893,-4.44501138
5.42333241,31.78410899,-3.44673563
-4.40306472,32.54004303,-4.52164752
4.90207776,31.91089980,-3.42477865
-3.68417081,32.62441002,-4.55274668
4.44508907,32.07580795,-3.38872008
-2.82464516,32.65080348,-4.60187238
3.86610657,32.27847706,-3.39015385
-2.13590057,32.73501421,-4.57224248
3.36400787,32.53538250,-3.38487451
-1.52870466,32.76102170,-4.51482636
2.88563777,32.71796429,-3.41183149
-1.01968197,32.88926565,-4.39373449
2.44956983,32.95001384,-3.44178993
-0.09165820,32.96246376,-4.11242860
-0.53015577,32.86795138,-4.27418505
0.33888965,32.94858134,-4.00502694
1.16648993,33.01721193,-3.73575643
1.58680244,33.07447159,-3.58663693
2.00615870,32.98416965,-3.51513220
0.75362885,33.03120760,-3.87326768
-1.93367802,17.87606963,-7.63692020
-1.33884161,17.80465111,-7.49799283
-0.70397646,17.80316945,-7.30510889
3.23380611,17.38207012,-6.13855747
2.63450118,17.38003810,-6.26152800
3.76485301,17.55818489,-6.03380668
-0.12675265,17.68438214,-7.11804227
2.07572775,17.34673352,-6.41013771
1.51221787,17.51420058,-6.54980935
0.43239624,17.69265451,-6.90542111
4.34580950,17.70403750,-5.94866054
-2.60702037,17.83358816,-7.77006299
0.97122056,17.64265421,-6.71849660
-3.29281803,17.87071909,-7.84243957
4.92434949,17.98634007,-5.85790060
5.57234121,18.23251899,-5.78023449
-4.06047772,17.82400930,-7.90614560
6.23209197,18.59801793,-5.70672207
-4.81102371,17.91515886,-7.92932959
6.97496311,18.94347524,-5.62991370
-5.62780039,18.00163441,-7.94702305
7.71935788,19.40746978,-5.53091440
-6.40359172,18.29237368,-7.91855859
-7.26244160,18.66560007,-7.90030752
8.55253204,19.89642985,-5.41384444
-7.81161263,19.06900679,-7.87289101
9.07795405,20.33092559,-5.31666249
-8.44305991,19.50968614,-7.86102249
9.65550819,20.78737976,-5.20118233
10.00987660,21.49461513,-5.03926080
-8.89969341,20.21191506,-7.75325736
-9.51120400,20.88503429,-7.67081897
10.43506138,22.21060984,-4.85608762
10.37286059,23.47259264,-4.63919068
-9.75706186,22.04869408,-7.40410321
10.52069352,24.65899903,-4.43750752
-10.28084796,23.12466099,-7.14489650
10.18490916,25.73762501,-4.32814108
-10.22515233,24.20643262,-6.72061158
9.93997741,26.68135762,-4.27007031
-10.31788168,25.26323552,-6.31550550
9.34069429,27.51704243,-4.34075237
-10.01589888,26.34488259,-5.96869996
-9.78496618,27.34730308,-5.71201368
8.81744339,28.24992102,-4.41641322
-9.48607489,28.26197649,-5.53009066
8.31084191,28.90636958,-4.47464445
-9.20577036,29.14537147,-5.38460016
7.89310896,29.56192296,-4.49380847
-8.91873140,29.93416504,-5.26201991
7.56678790,30.16821267,-4.46326320
-8.65138133,30.73491843,-5.15707099
7.30724612,30.81155615,-4.39815628
-8.07797481,31.40079098,-5.13178046
6.92686330,31.37748817,-4.33624601
-7.57899900,32.10530755,-5.10658144
6.62381543,31.99927884,-4.24053048
-6.57206388,32.35853721,-5.18582818
6.05864741,32.25171938,-4.22091904
-5.71986367,32.67144745,-5.22060049
5.58052112,32.54675935,-4.17844641
-4.82863842,32.78575077,-5.27028394
5.06975779,32.66363602,-4.17382848
-4.07070214,32.91810992,-5.28398494
4.62119303,32.81261553,-4.15753709
4.03253101,32.98189970,-4.17068055
-3.13139641,33.01321652,-5.30802364
-2.37707663,33.14631584,-5.27681587
3.51797974,33.20495749,-4.17640818
-1.71383746,33.21505685,-5.23824117
3.02329901,33.36218816,-4.22318584
-1.15882013,33.37092049,-5.14325501
2.56701755,33.57099113,-4.27077018
-0.62630376,33.37896620,-5.04022981
2.10091639,33.58815332,-4.34555752
-0.15184328,33.49338887,-4.89663493
1.65526788,33.66380448,-4.41598925
0.31529955,33.49688884,-4.79299143
1.20640153,33.59263080,-4.54706114
0.76165208,33.59292390,-4.66603423
-1.22479256,17.77779894,-8.71980119
-0.58275495,17.72904948,-8.55242520
3.33805792,17.36747787,-7.29049216
2.73616347,17.33622613,-7.44076091
3.88090698,17.57571170,-7.16145922
-1.84196274,17.90875828,-8.82885464
-0.00496542,17.57885323,-8.37892445
2.18028682,17.27522860,-7.61465934
1.61823164,17.42654149,-7.76893520
0.54864605,17.58404873,-8.15489509
-2.55103799,17.92253795,-8.93290474
4.48068101,17.75619713,-7.04635829
1.08133433,17.53968998,-7.94874527
-3.29058013,17.99474173,-8.99058682
5.08252487,18.06882555,-6.91912642
5.75678759,18.34474342,-6.79556028
-4.12626389,17.95808360,-9.06195353
6.44711688,18.72300289,-6.65578639
-4.96835365,18.02758520,-9.10490750
-5.87647815,18.09204154,-9.16418159
7.21778729,19.07389687,-6.51236695
-6.73476181,18.38829722,-9.17187451
7.97411122,19.53360885,-6.34321706
8.80700393,20.01701331,-6.18522298
-7.66596664,18.79775672,-9.19460307
9.30050970,20.44987288,-6.08155386
-8.24089528,19.24605609,-9.18574417
-8.88916835,19.73544857,-9.19281763
9.83859405,20.91014207,-5.98316119
-9.34776760,20.48844158,-9.06689562
10.12576244,21.62528761,-5.82412450
-9.94151030,21.20431725,-8.96886849
10.48280394,22.35670772,-5.67022362
10.32073482,23.63338104,-5.44495483
-10.16446389,22.42028910,-8.61630341
10.40892385,24.84958405,-5.27318152
-10.64091068,23.54133071,-8.31288240
10.07498546,25.96749414,-5.15375583
-10.67667359,24.65846476,-7.82618546
9.83627708,26.95159781,-5.09892684
-10.85291542,25.72124925,-7.40328840
-10.66864374,26.78480122,-7.00914285
9.27303830,27.83400821,-5.14525803
8.76959763,28.60999601,-5.20197606
-10.46788634,27.74892051,-6.72743817
-10.15532182,28.60973156,-6.53669605
8.28303603,29.31719912,-5.24895222
-9.82981156,29.42078406,-6.41138461
7.89333204,30.02948840,-5.26361040
-9.49503593,30.16593561,-6.31869773
7.59804221,30.72363772,-5.23573516
-9.17582439,30.91842335,-6.26593677
7.38596522,31.45834419,-5.17944203
-8.56128333,31.55021208,-6.24041523
7.04079400,32.09786231,-5.13690284
-8.02553968,32.23870932,-6.22055966
6.78591544,32.78608005,-5.07117801
-7.05115307,32.54007148,-6.19858093
6.24729821,33.07577350,-5.08541864
-6.20735641,32.90341067,-6.17186455
5.79462334,33.39854676,-5.08520695
-5.30157795,33.06967940,-6.16123487
5.28364445,33.51031665,-5.11492409
-4.51766581,33.25588496,-6.15045160
4.83485245,33.64946221,-5.13387740
-3.51039601,33.43896569,-6.17479613
4.22420842,33.81038902,-5.20158490
-2.69598686,33.64673591,-6.17509661
3.68845305,34.02488335,-5.25992442
-1.97406504,33.76930858,-6.16822026
3.16352190,34.16092804,-5.33810701
-1.36954651,33.96872124,-6.11942165
2.67566159,34.35344902,-5.41203822
-0.79247379,34.01997520,-6.05724640
2.17609653,34.36146997,-5.49717612
-0.27795008,34.17397569,-5.96083407
1.69496327,34.43136267,-5.57532451
0.23212015,34.20521519,-5.87985008
1.20561394,34.34298942,-5.68302468
0.71924556,34.32988497,-5.77930826
3.51116068,17.06851587,-8.47819681
2.91849825,16.99997839,-8.64938204
-1.66984335,18.16210123,-9.87144003
-1.03440070,17.91087921,-9.81613857
-0.38980814,17.73368555,-9.69515933
4.03434665,17.33540106,-8.32112332
2.37250188,16.91669738,-8.83799278
0.18654451,17.45562422,-9.55811214
4.61656835,17.58094182,-8.17470257
-2.41427158,18.28396852,-9.90983434
0.73587150,17.36229116,-9.35863936
1.80435454,17.08862743,-8.99445177
1.26584783,17.24512139,-9.16674453
5.19037869,17.96190628,-8.00707904
-3.20970716,18.42987011,-9.89694018
-4.11677202,18.44788831,-9.90703589
5.84145600,18.30649223,-7.84133570
-5.05606387,18.52813242,-9.92719604
6.51675199,18.73964519,-7.66598771
7.28482511,19.13394466,-7.48767439
-6.06901319,18.57912958,-10.00420171
-7.03737987,18.82915314,-10.05591761
8.04279870,19.61789360,-7.27596957
8.88419328,20.11116691,-7.09194644
-8.08635265,19.18306914,-10.14915286
-8.71177193,19.58999447,-10.17639391
9.35772062,20.54396847,-6.97835184
9.87427335,21.00825125,-6.88257034
-9.39848740,20.03212239,-10.22661053
-9.84419592,20.73645966,-10.13085039
10.12096697,21.71731388,-6.70953391
-10.37095386,21.41654757,-10.08096046
10.44297041,22.45069075,-6.55596828
-10.39056591,22.61527448,-9.77025944
10.20581439,23.70365096,-6.29579938
10.25215399,24.91800913,-6.11156792
-10.61408792,23.73565839,-9.55573042
9.90947969,26.04362163,-5.96370806
-10.53120401,24.87331925,-9.13665274
9.68021524,27.04963865,-5.89213245
-10.68514143,25.94572973,-8.78300951
9.15806819,27.96852698,-5.91684345
-10.61626387,27.00067878,-8.41851624
-10.50392186,27.93285988,-8.16340021
8.68682757,28.78820455,-5.96136664
-10.25571802,28.74643430,-7.98083027
8.22914909,29.54677389,-5.99901820
-9.95907256,29.49938745,-7.86452676
7.87047808,30.31609322,-6.00736484
-9.63981673,30.22254088,-7.77043538
7.60019481,31.10073107,-5.97751935
-9.33371225,30.96349322,-7.71337914
7.41634961,31.92151391,-5.92367353
-8.75447526,31.61008249,-7.59988497
7.07620451,32.62128307,-5.90333814
-8.25124954,32.33474519,-7.51607817
6.82685840,33.35204235,-5.87825961
6.29819282,33.67402598,-5.94783987
-7.35452741,32.70496054,-7.36061465
-6.56214331,33.13884762,-7.25238542
5.85500968,34.02249918,-6.01255859
-5.68014109,33.35735547,-7.16364655
5.34756649,34.14688238,-6.10014008
-4.90178972,33.59363210,-7.11602876
4.90217500,34.29467262,-6.17652243
-3.85153411,33.84337938,-7.11292144
4.27193287,34.45863971,-6.31234120
-2.99219831,34.10389101,-7.11846960
3.72082308,34.67552642,-6.43054728
-2.22185400,34.25975833,-7.13215937
3.17898195,34.81056158,-6.55047353
-1.57490465,34.48981598,-7.12659930
2.67469228,35.00120336,-6.65812802
-0.96148513,34.56981750,-7.10167562
2.16009681,35.01036108,-6.74137578
-0.41552695,34.75675566,-7.05721502
1.66176789,35.08082036,-6.81613592
0.12449694,34.81297599,-7.01384484
1.14995852,34.98506544,-6.89219751
0.63888411,34.96534656,-6.96054446
-0.84693194,18.27047399,-10.57218404
-0.20039625,18.04064600,-10.46674028
-1.49354418,18.57636918,-10.62035987
4.17178961,17.28637362,-9.12972526
3.67454836,17.00094126,-9.29021507
3.09235947,16.94619775,-9.46767221
0.37150092,17.70893130,-10.33904548
2.55345019,16.89641680,-9.65638631
1.97733757,17.12445998,-9.80020099
1.43702084,17.34667815,-9.95735612
0.91304537,17.54226269,-10.14446579
-2.26244728,18.76867270,-10.63612546
4.72343673,17.55932972,-8.97779570
-3.09549712,18.97818035,-10.58522489
5.25180625,17.96726962,-8.80382295
5.85714970,18.34509149,-8.63148710
-4.05554184,19.05681016,-10.53458668
-5.06884600,19.15233924,-10.50022100
6.48905269,18.81185835,-8.44550938
-6.16255572,19.18183236,-10.55108607
7.22618198,19.24298396,-8.25784164
7.96634566,19.75557068,-8.03285584
-7.21521165,19.35632394,-10.61002288
-8.35087512,19.60678807,-10.73832821
8.81235282,20.27185386,-7.83451784
9.27984154,20.71138054,-7.71345440
-9.00607475,19.94108398,-10.79560099
9.79911813,21.18217755,-7.61363813
-9.70481089,20.31235892,-10.88762922
-10.11998301,20.94496097,-10.83030962
10.05404968,21.86964123,-7.42051235
10.39469463,22.58373309,-7.25478968
-10.57205593,21.57163196,-10.83925259
-10.40931273,22.69719653,-10.60836360
10.14401842,23.77043369,-6.97047858
10.16538067,24.93497034,-6.78477013
-10.40572965,23.75019828,-10.51615959
9.77524250,26.01430252,-6.63044876
-10.11601657,24.81914158,-10.22059686
9.51427558,26.99735492,-6.55855417
-10.12870266,25.85191040,-9.99020322
-10.05447753,26.89409722,-9.72140232
8.98890576,27.91224835,-6.57585339
8.51892894,28.74208032,-6.60787876
-10.00605504,27.82789404,-9.52251736
8.05973968,29.51864262,-6.62968319
-9.86056218,28.65214578,-9.35771381
-9.66207892,29.41609273,-9.23118977
7.69063358,30.30561246,-6.62239424
7.39386189,31.12835674,-6.58708127
-9.43148476,30.17655307,-9.10689149
-9.21188833,30.95898996,-9.00835827
7.17456769,31.97112337,-6.54890603
-8.70914163,31.64491518,-8.81012654
6.79655608,32.67950597,-6.57441034
4.38702287,17.50836480,-9.98514383
3.90732980,17.22829348,-10.12735211
3.32920800,17.17402786,-10.27968642
-1.32078003,18.67721503,-11.44904260
-0.64533160,18.35413803,-11.39925570
0.02096931,18.12924187,-11.28391885
-8.27196792,32.40446215,-8.65393187
1.15437315,17.70605300,-10.96327757
1.68224610,17.54336171,-10.78218367
2.21803756,17.34159877,-10.60706423
6.51737250,33.39908349,-6.62343619
0.60116937,17.83399314,-11.14449113
2.79023061,17.12136261,-10.44380939
-2.12198515,18.93906374,-11.47881470
4.91390160,17.77437088,-9.85116481
-7.43746503,32.81955340,-8.40829500
6.00196627,33.73393122,-6.75593138
-2.98246976,19.26140977,-11.45652041
5.40635372,18.17137998,-9.71268018
5.96726116,18.54459483,-9.57568406
-3.97038696,19.49887792,-11.41365406
6.54862005,19.01278874,-9.41883212
-5.02545036,19.72971566,-11.34372624
-6.69410036,33.28621415,-8.22963381
5.57689229,34.08477359,-6.88838444
7.23425725,19.46446133,-9.25632457
-6.16737350,19.81926101,-11.34084148
7.91953098,20.02394723,-9.05445281
-7.26984933,19.96994772,-11.38621046
-5.83923927,33.51852262,-8.07263261
5.09554388,34.22541586,-7.02209007
-5.07404160,33.75192585,-7.97902076
4.67689262,34.38309045,-7.14103000
8.76025253,20.58690958,-8.89191080
-8.44000791,20.11558501,-11.57510987
4.07201203,34.55275651,-7.32499796
-3.99023879,33.97465438,-7.93517337
-9.06952720,20.36627420,-11.69832299
9.23804292,21.04194766,-8.76836774
-3.08691771,34.20402992,-7.93817411
3.54753436,34.76337260,-7.47729945
9.80195370,21.51314725,-8.68571089
-9.69368137,20.65827258,-11.92765904
-2.27128993,34.33516264,-7.95582384
3.03450528,34.89299227,-7.59724646
-10.01888839,21.23865300,-12.03400927
10.10209501,22.19462144,-8.47994909
10.51561013,22.87946329,-8.33200416
-10.33003356,21.84070348,-12.26892996
10.28715258,23.97019488,-7.92956993
-10.10036939,22.89864421,-12.07171507
-1.59025352,34.55182035,-7.97533894
2.55657135,35.06612634,-7.70229152
-0.96443495,34.64003731,-7.97832887
2.07001827,35.08559147,-7.77569884
-0.41588374,34.83372905,-7.97630476
1.59721445,35.15534829,-7.84451499
10.26804984,25.02032885,-7.70463308
-10.03471961,23.90147709,-11.99716229
0.61706313,35.05344544,-7.92990792
1.10866585,35.07230317,-7.88759057
0.11597610,34.90066277,-7.95344614
9.74289332,25.98140096,-7.52484971
-9.66253953,24.83498809,-11.64355611
9.34175784,26.85966794,-7.45547910
-9.52628920,25.74878846,-11.40829465
8.71428661,27.69609710,-7.45133193
-9.34056891,26.68620151,-11.11341264
8.18826819,28.47654799,-7.48580931
-9.26100548,27.57535042,-10.91176991
7.71709104,29.22895069,-7.53105277
-9.16847452,28.39420977,-10.73900149
7.35436190,29.99525204,-7.57930641
-9.08238663,29.17128457,-10.60689636
-8.97250833,29.95890474,-10.48443750
7.06269838,30.80675284,-7.64181627
-8.86860587,30.75703153,-10.41633951
6.87286587,31.61382472,-7.73755002
-8.43332567,31.42294237,-10.19821650
6.51958138,32.27576756,-7.88254499
-8.03768937,32.14866208,-10.07882124
6.30644566,32.93326050,-8.06788601
5.81631521,33.24471342,-8.22972800
-7.23286458,32.50208082,-9.73296052
-6.50233369,32.91138595,-9.50906889
5.43827972,33.57193031,-8.39580115
-5.64700770,33.09879243,-9.27482539
4.95980714,33.70145783,-8.51170813
-4.86983732,33.28662743,-9.14481094
4.55637975,33.84855947,-8.61646661
-3.72887141,33.45058380,-9.07789616
3.97870221,34.01561533,-8.77103824
-2.78182492,33.63776947,-9.09650852
3.49821011,34.22375443,-8.91673122
-1.95038489,33.74520408,-9.12856368
3.01935124,34.35049125,-9.03232551
-1.27647488,33.94157415,-9.18732427
2.58712054,34.52500790,-9.16994504
2.11990416,34.53874812,-9.19735306
-0.68879190,34.03770373,-9.18504145
-0.18228935,34.23675496,-9.21781579
1.67953844,34.60646718,-9.25302754
0.76537934,34.48420812,-9.25941108
0.30393171,34.31625114,-9.21820491
1.21810873,34.51065548,-9.23912049
2.42530630,15.24858778,-1.37402990
3.04115219,15.30002966,-1.11523729
3.48171756,15.81037682,-0.93012658
-1.21153407,14.90718094,-2.58279644
-1.94608400,14.71391684,-2.64780880
-2.52753919,14.96806158,-2.62770873
3.92583115,16.28220332,-0.73386785
-3.16001049,15.15410579,-2.55048978
-3.86525228,15.29593271,-2.43390258
4.38744322,16.70687857,-0.52537025
-0.55434161,14.99788527,-2.44657759
1.83057293,15.17509519,-1.60940568
4.88356017,17.07575911,-0.30213044
-4.66191936,15.43059747,-2.31409672
5.23594190,17.78643329,-0.14563959
-5.24820506,15.96387942,-2.10260881
0.06166257,15.02397036,-2.27626409
1.24496372,15.09615950,-1.84616424
-5.87957637,16.48921158,-1.93317015
5.63638545,18.40189008,0.00222314
0.65896307,15.02394203,-2.10041739
6.10710302,18.92030241,0.13775248
-6.56379356,17.01143743,-1.85706993
-7.32580367,17.51246283,-1.90150705
6.68186680,19.34653043,0.26468357
-7.67431662,18.06152840,-1.87964049
6.99706083,19.83185315,0.24713451
7.39235621,20.26889005,0.22332727
-8.10530038,18.56817794,-1.91495163
-8.67051395,19.02035339,-1.96829628
7.88947562,20.67234024,0.20588416
8.50927170,21.06029382,0.20226051
-9.44766337,19.40682093,-1.94822373
-8.84357263,20.53606083,-1.79571045
8.23543606,22.19195775,-0.12743022
8.15000171,23.18250025,-0.04538417
-8.51451597,21.50546821,-1.65760811
-8.49241804,22.48624743,-1.39550425
8.20569912,24.08447925,0.30676603
8.35862586,24.93535958,0.69472564
-8.79156398,23.62146228,-0.94736745
-7.69625452,24.82604452,-0.61691596
7.60138482,25.72122416,0.46000995
0.49795642,30.26974500,-0.20338645
0.12013581,30.20070375,-0.33792553
0.87019701,30.19126129,-0.18622729
1.25497461,30.18530516,-0.13248197
-0.25369990,30.22270536,-0.43703599
-2.91863902,30.88768476,-0.49422490
-3.39495213,30.91968402,-0.63593344
-2.33858244,30.65424897,-0.62265660
3.41464206,29.77868471,0.14097068
3.95028641,29.69533820,0.24064763
4.35613449,29.55094722,0.20499045
-1.85260085,30.52205279,-0.66406429
2.93561116,29.91390204,0.08118087
1.66020400,30.24183692,-0.04616594
-0.63345775,30.35345224,-0.49905729
-1.42478431,30.50644811,-0.62393213
2.49923623,30.10353219,0.05742588
-1.03269964,30.60942578,-0.51483460
2.09465960,30.35172367,0.06814751
7.05784666,26.34449147,0.07625804
-6.97107323,25.91644880,-0.47281967
-3.95906205,30.96533407,-0.77694339
4.81145698,29.44325731,0.20312390
5.33118976,29.37435610,0.24098159
-4.64245781,31.00295204,-0.94174464
-5.48577448,31.01749223,-1.13862120
5.93563404,29.34864500,0.32817916
6.69277628,26.89781132,-0.22161513
-6.42399484,26.89408468,-0.67095017
-5.53454336,30.21189370,-1.25492552
6.01272519,28.80774439,0.10621685
-5.64223590,29.42903804,-1.24633884
6.11801048,28.31554368,-0.09499013
-6.02467635,27.86965935,-1.12397470
6.45152074,27.44367214,-0.39098263
6.26038914,27.86367223,-0.26256051
-5.80568361,28.65310597,-1.18202609
0.14696486,18.04854601,-11.74195482
0.75354124,17.91045494,-11.58634383
3.47513080,17.29922835,-10.77006185
2.90031296,17.38156229,-10.91837886
2.36236313,17.45519775,-11.07784302
1.30331520,17.73216773,-11.42032738
1.83715056,17.51802020,-11.24898613
4.11301715,17.20781954,-10.63179480
-0.57084086,18.13925597,-11.88633026
4.56914076,17.55859523,-10.54224335
-1.23434754,18.51393820,-11.95023510
5.06492595,17.88114253,-10.46469412
-2.00798911,18.83981642,-12.00366044
-2.90842634,19.11806396,-12.05546000
5.61670764,18.18291923,-10.39747587
6.23963627,18.47230696,-10.33673713
-3.93644294,19.33013649,-12.11106970
-4.91575215,19.68527563,-12.12234442
6.78871297,18.99159562,-10.27435965
7.41858790,19.51597222,-10.17562942
-5.95732818,19.92367087,-12.17768717
8.15630620,20.06110917,-10.03701403
-7.05026642,20.05863931,-12.34329797
-8.15677057,20.16791328,-12.70785654
9.05274902,20.63251838,-9.91192083
9.34409914,21.24696633,-9.72413741
-8.54116601,20.60331819,-12.81543510
9.72148029,21.85466445,-9.54220966
-8.89806292,21.07471064,-12.99708191
-9.23714822,21.61313161,-13.22551521
10.20401994,22.46195671,-9.40026349
-9.63564380,22.21793864,-13.45674326
10.79944987,23.07767663,-9.32392196
-9.27870916,23.31031334,-13.12649192
10.28638421,24.12616613,-8.76384430
9.89785777,25.08797517,-8.42093069
-9.12686122,24.25501440,-12.85106050
9.66649576,26.00548797,-8.29284319
-9.14233136,25.14176115,-12.66211330
9.54947134,26.88578479,-8.30512296
-9.31632952,26.02261059,-12.56814065
-9.12629268,26.84057482,-12.21174350
8.87089650,27.68941913,-8.31344274
8.34924799,28.46777747,-8.41818946
-9.01869474,27.64059435,-11.97411114
-8.95395903,28.42237506,-11.84261099
7.96134793,29.23568190,-8.53392475
-8.90452760,29.19278913,-11.78124000
7.68145351,29.99791439,-8.64017551
-8.60850431,29.89326968,-11.59639587
7.27176140,30.70919246,-8.73306773
-8.32515241,30.62922627,-11.48754558
7.01804435,31.43292719,-8.86468210
-8.04486279,31.42635658,-11.46279195
6.92661055,32.18392104,-9.06023349
-7.74806165,32.30287270,-11.53500185
6.99489665,32.97744536,-9.32066077
-6.85478177,32.46199544,-11.14408218
6.37593190,33.18559625,-9.42857533
-6.03514398,32.66882893,-10.82545709
5.87846910,33.42254340,-9.54358997
-5.28600495,32.91668105,-10.60939898
5.47390507,33.68464225,-9.66295050
-4.60653599,33.19641110,-10.49729345
5.13937772,33.96900773,-9.78657644
-3.45430791,33.22968187,-10.29797235
4.44178531,34.08097075,-9.91325700
-2.51844046,33.36008644,-10.27629323
3.86576507,34.24177623,-10.04633122
-1.77742092,33.60178940,-10.36542235
3.36525507,34.45176142,-10.19942229
-1.18586644,33.96177227,-10.53362158
2.90199217,34.71027666,-10.37608768
2.33862835,34.58820868,-10.37770597
-0.59431301,33.93982033,-10.44074044
-0.08184795,34.05196089,-10.42476369
1.82788442,34.52230235,-10.40269194
0.39045352,34.28283202,-10.47413755
1.34381290,34.52469971,-10.46265981
0.86042168,34.60663452,-10.56455052
