0.26725883,14.23925772,2.83624250
-0.96245898,14.00840471,2.71029789
0.27280703,14.19086579,2.98074789
-0.95576465,13.97282250,2.85558275
-2.22061803,13.59093377,2.52032290
-2.21385856,13.57137558,2.66870234
-3.50045500,13.15333190,2.42203452
-3.49362671,13.14072895,2.56961403
-4.84790977,12.80858613,2.43689806
-4.84224111,12.79335411,2.58289540
-6.19490796,35.34116534,3.53060355
-4.64521366,35.62512511,3.38801027
-6.19278664,35.33848750,3.68896854
-4.64201796,35.62099753,3.54838870
-3.05189228,35.89998099,3.26919696
-3.04789927,35.89600604,3.42837081
-1.43739130,36.10158621,3.16631177
-1.43274988,36.09725021,3.32263972
0.16717911,36.25073917,3.07703855
0.17288793,36.24665637,3.23293454
-6.08047255,12.70112581,2.47540533
-6.07791261,12.68043776,2.62066270
-7.34236306,12.69482338,2.57843007
-7.34337944,12.66936932,2.72441894
-8.57290338,12.77976474,2.74929786
-8.57572732,12.75111279,2.89322850
-9.70468527,12.87594262,2.93263974
-9.70669238,12.84691481,3.07674796
-11.39740262,32.80298907,3.73062258
-10.20657542,33.44034566,3.64275390
-11.39722026,32.79931182,3.88756924
-10.20782214,33.43937018,3.80039204
-8.93192895,34.06884059,3.61966931
-8.93328057,34.06927105,3.77490905
-7.59191774,34.68643680,3.58493950
-7.59182597,34.68587305,3.74179732
-10.61624746,13.27654875,3.08692347
-10.61691929,13.24801511,3.23246793
-11.43902637,13.63961793,3.24172071
-11.43711608,13.61168914,3.39029616
-12.17468341,13.97619710,3.40699465
-12.17068441,13.94673915,3.55770526
-12.84539838,14.29930231,3.58538725
-12.84027648,14.26952072,3.73745593
-13.26520212,14.67107859,3.69655484
-13.25919284,14.64396592,3.85052864
-13.69221612,15.05677069,3.81042472
-13.68657211,15.03119489,3.96696651
-14.15008862,15.45083991,3.93124710
-14.14721414,15.42609485,4.09046089
-14.68015312,15.84992517,4.06295816
-14.68183068,15.82372299,4.22752505
-14.71476446,30.09546673,4.09152564
-13.84875725,30.80357632,3.98177112
-14.70627795,30.06892596,4.25299785
-13.84141820,30.78322393,4.14123403
-13.04079061,31.49244066,3.87311771
-13.03528720,31.47778063,4.03302495
-12.22735892,32.15366400,3.78139853
-12.22503155,32.14509486,3.94019945
-14.98262719,16.85152115,4.08944504
-14.99010767,16.82470180,4.25653488
-15.36322203,17.86441403,4.13990534
-15.37784532,17.83609431,4.31369959
-15.83449119,18.89489643,4.21050482
-15.86024613,18.86506183,4.38792145
-16.38888266,19.94955139,4.29091289
-16.42565116,19.91870191,4.47663442
-16.16968432,21.29569484,4.12618024
-16.20413525,21.26605300,4.30627500
-15.94580505,22.68104219,3.98786826
-15.97718351,22.65297383,4.16515695
-15.73911603,24.09223940,3.88603341
-15.76743787,24.06743475,4.05797183
-15.56123309,25.52532866,3.80997856
-15.58431376,25.50352660,3.98308512
-15.31786161,26.66053961,3.86507383
-15.33219982,26.63846794,4.03490065
-15.09832661,27.80610278,3.92805984
-15.10321663,27.78226975,4.09473559
-14.90905893,28.95793499,4.00590952
-14.90551453,28.93232082,4.16932519
0.26264107,14.28060631,2.69023188
-0.96826253,14.03583019,2.56426196
-2.22660592,13.60276873,2.37772676
-3.50731245,13.16226704,2.27887727
-4.85447628,12.82226476,2.29219334
-6.19614941,35.34361428,3.37198668
-4.64772464,35.62916128,3.23082132
-3.05538819,35.90363879,3.11224623
-1.44206589,36.10438759,3.00745127
0.16172437,36.25351255,2.91956749
-6.08371232,12.72369930,2.32915654
-7.34134247,12.72242701,2.43348013
-8.56909290,12.80766683,2.60183246
-9.70101868,12.90378171,2.78468924
-11.39811458,32.80618033,3.57226760
-10.20703616,33.44489745,3.48713677
-8.93093505,34.06958376,3.46258984
-7.59199530,34.68787744,3.42705658
-10.61433587,13.30245243,2.93968303
-11.43837282,13.66713831,3.09377772
-12.17885180,14.00199898,3.25687091
-12.85325046,14.32374057,3.43344116
-13.27244894,14.69598089,3.54348254
-13.69950193,15.07803002,3.65488923
-14.16002127,15.47164499,3.77307195
-14.68931081,15.87190730,3.90213272
-14.73103341,30.12484567,3.92815912
-13.86265670,30.82628553,3.82289684
-13.04859323,31.50700182,3.71332813
-12.23497681,32.16559027,3.62385466
-14.97835989,16.87770861,3.92464784
-15.34808594,17.89459563,3.96724264
-15.81133968,18.92629558,4.02967874
-16.35942089,19.98173474,4.10648465
-16.13598020,21.32668245,3.94324626
-15.91921321,22.70987326,3.81202406
-15.71915758,24.11876608,3.71138417
-15.54436199,25.54867348,3.63581313
-15.31033277,26.68429783,3.69533688
-15.10104213,27.83127138,3.76270396
-14.91150031,28.98116649,3.84037343
1.45272841,14.15594151,2.98370481
1.44860538,14.20785657,2.84145251
2.54622047,13.96178357,2.84231690
2.54112452,14.00880696,2.69733972
3.56956695,13.66153962,2.60081960
3.56133487,13.70032415,2.45384344
4.60455327,13.33170553,2.37807936
4.59141582,13.36305182,2.22835005
6.61786842,35.64656734,2.82924271
5.02452452,35.87707594,2.90995417
6.60851367,35.64454117,2.67304260
5.01676312,35.87708236,2.75223620
3.40785577,36.08053315,2.99067070
3.40110070,36.08270605,2.83329228
1.78346649,36.18743249,3.10262311
1.77714837,36.19091491,2.94442967
5.55782691,13.20719428,2.24121299
5.53767529,13.23200588,2.09194123
6.65640116,13.20104955,2.17892928
6.62783807,13.21749003,2.03472802
7.98819983,13.36279206,2.18588003
7.95235181,13.36971111,2.04244371
9.53351323,13.60429630,2.19915423
9.50091519,13.60757411,2.05862805
12.41106463,33.28537389,2.29893525
11.02763291,33.85562959,2.35051080
12.39315661,33.28121249,2.13982914
11.00959688,33.84922890,2.19281776
9.57811539,34.42727053,2.46775726
9.56242569,34.42083680,2.31127520
8.09869878,35.01684896,2.64762821
8.08624148,35.01237469,2.48898463
11.08508611,14.13816073,2.15066218
11.06581914,14.14525351,2.00784246
12.47071346,14.59894379,2.08606562
12.46285363,14.61326025,1.94088867
13.58400432,15.02555923,2.03368388
13.57974543,15.04850206,1.88170926
14.48582579,15.43647739,2.01220296
14.48096932,15.46660132,1.85571386
15.00958401,15.86358702,2.00725252
15.00356153,15.89555504,1.84789768
15.49371743,16.29537874,2.02407988
15.48630097,16.32848617,1.85873129
15.96493654,16.72345121,2.04628900
15.95646664,16.75639872,1.87973955
16.45336125,17.15046208,2.07832769
16.44487511,17.18239742,1.90624148
16.07297773,30.84714207,1.95789784
15.19105318,31.46481590,1.99524970
16.07806338,30.86865448,1.79119950
15.18781594,31.47950826,1.83392044
14.30809669,32.08160736,2.07532104
14.29855046,32.09015375,1.91666421
13.38289254,32.68700725,2.18402868
13.36828619,32.68927695,2.02460878
16.81211987,18.14782650,2.03918738
16.80360668,18.17709204,1.86279091
17.20348136,19.15466756,2.02455028
17.19747441,19.18060968,1.84177729
17.62230826,20.17552263,2.04330198
17.61864394,20.19846716,1.85827533
18.05862759,21.21461889,2.10055021
18.05913157,21.23494160,1.90668082
17.92838712,22.51347197,1.94347535
17.92954810,22.53092227,1.75548390
17.74931713,23.85650254,1.79501387
17.74977571,23.87227947,1.60973007
17.53726015,25.23200398,1.66223600
17.53608112,25.24579961,1.47887231
17.29984972,26.62015956,1.55773682
17.29614402,26.63237752,1.38026871
16.99389224,27.69862865,1.61543683
16.99259123,27.71346860,1.43944016
16.68525435,28.76151088,1.69795544
16.68638204,28.77922393,1.52774832
16.38384999,29.81373131,1.81338613
16.38780482,29.83352865,1.64751598
1.44550730,14.25253341,2.69538348
2.53732256,14.04863471,2.55043943
3.55541056,13.73301982,2.30724141
4.58174426,13.38963617,2.08064350
6.59867032,35.64243135,2.51699829
5.00884548,35.87816501,2.59348275
3.39441932,36.08448471,2.67676776
1.77119173,36.19304206,2.78587210
5.52201493,13.25617715,1.94376629
6.60362530,13.23493006,1.88869218
7.92017603,13.37669169,1.90089710
9.46944891,13.61024053,1.91878763
12.37497192,33.27762808,1.98209071
10.99275444,33.84696161,2.03428338
9.54677270,34.41645436,2.15270390
8.07395110,35.00982517,2.33119185
11.04552989,14.15057262,1.86696219
12.45158949,14.62696960,1.79427309
13.57401882,15.06797597,1.72869305
14.47539961,15.49295849,1.69582574
14.99548467,15.92578188,1.68763520
15.47697881,16.35754374,1.69569425
15.94959077,16.78620849,1.71223626
16.43996440,17.21161002,1.73084471
16.08714977,30.89272766,1.62857037
15.18800309,31.49672747,1.67327487
14.29019363,32.09922466,1.75732712
13.35700144,32.69485078,1.86800866
16.79406260,18.20542667,1.68468344
17.18658347,19.20740440,1.66115451
17.61274217,20.22149916,1.67009769
18.06134776,21.25471051,1.71313407
17.92716745,22.54781146,1.56484554
17.74998132,23.88796557,1.42296230
17.53541842,25.26011959,1.29721686
17.29285325,26.64458728,1.20114489
16.99213530,27.72845982,1.26537270
16.68958205,28.79701162,1.35724455
16.38790065,29.85078301,1.47928240
0.97693495,14.76435403,-5.11580546
-0.60315211,14.89216651,-5.11325714
0.98260732,14.77004106,-4.94739711
-0.59229353,14.90242077,-4.94326972
-2.22612874,15.03223439,-5.06430721
-2.21438199,15.05042816,-4.89612962
-3.71420166,15.09589615,-4.96225284
-3.70393369,15.11838985,-4.79743141
-5.00290434,15.04074573,-4.85843373
-4.99464396,15.06644150,-4.69607122
2.41133181,14.70978688,-4.93919604
2.41179844,14.70168636,-5.10389660
3.66300432,14.65573978,-4.95569894
3.66713805,14.64072258,-5.11710528
4.72678987,14.62293706,-4.99473139
4.73124144,14.60260332,-5.15436866
5.64499520,14.63328746,-5.06108391
5.64828716,14.61032465,-5.22230336
0.16088264,37.72699557,-5.68144154
-1.67214411,37.30359230,-5.56169984
0.17103868,37.67356758,-5.51979714
-1.65976971,37.25034714,-5.40108764
-3.38274678,36.88062283,-5.47313421
-3.36656142,36.82413689,-5.31123203
-4.99640127,36.39505303,-5.38095471
-4.97607524,36.33616897,-5.21749567
-6.61240986,35.93658878,-5.27069409
-6.58679200,35.87472355,-5.10398558
2.02976435,37.58414334,-5.60338625
2.02121229,37.64357706,-5.76544116
3.77107230,37.44436009,-5.63808212
3.76500307,37.50842565,-5.80186667
5.39108392,37.19221492,-5.65280845
5.38771651,37.25762525,-5.81802052
6.97495264,36.88876820,-5.70749414
6.97419387,36.95331917,-5.87323442
-6.04674147,15.15037032,-4.83289718
-6.03926459,15.17998977,-4.67056442
-7.01001952,15.25854304,-4.87340970
-7.00256238,15.29137769,-4.71037545
-7.92613564,15.39663444,-4.93981593
-7.91902377,15.42954763,-4.77615349
-8.80516473,15.57706370,-5.01185755
-8.79896126,15.60870835,-4.84703943
6.41314603,14.92427829,-5.15647111
6.41510582,14.90050916,-5.32313581
7.15306473,15.27158666,-5.29260889
7.15339432,15.24855572,-5.46681408
7.88543361,15.65469225,-5.46061340
7.88348256,15.63431323,-5.64234458
8.62858580,16.04790687,-5.64697995
8.62391416,16.03108074,-5.83469404
-8.22381946,35.05068340,-5.15250731
-8.19307410,34.98490115,-4.98433740
-9.78422491,34.22238247,-5.09215989
-9.75054706,34.15623385,-4.92147277
-11.25134823,33.37218491,-5.08331386
-11.21771442,33.30990361,-4.90998254
-12.75848434,32.55453236,-5.13812951
-12.72523599,32.49684598,-4.96039499
8.52202470,36.02736186,-5.78668651
8.52359303,36.09043736,-5.95224315
10.07119629,35.14087226,-5.90828835
10.07245724,35.20147976,-6.07420840
11.56667870,34.19834827,-6.03598465
11.56441057,34.25535525,-6.20466775
12.98742690,33.26173167,-6.23618752
12.98019745,33.31556272,-6.40897700
-9.60155259,15.95375672,-5.09176434
-9.59647733,15.98124790,-4.92469104
-10.32661998,16.40074475,-5.16443755
-10.32272104,16.41975693,-4.99424449
-11.00332356,16.91021597,-5.23238083
-11.00077523,16.91638605,-5.05849096
-11.68696755,17.45394216,-5.30491943
-11.68478552,17.44439114,-5.12624076
9.40900462,16.57059498,-5.85608129
9.40098261,16.55850861,-6.04835622
10.22425477,17.07635538,-6.06744341
10.21329651,17.06963180,-6.25943658
11.06147387,17.57402770,-6.28074682
11.04835689,17.57327910,-6.47007616
11.91640818,18.07257834,-6.49585288
11.90218522,18.07683826,-6.68066642
-15.18378510,30.46771837,-5.33802508
-14.55436254,30.96760645,-5.27699035
-15.17110095,30.42956201,-5.14780086
-14.53614502,30.92542391,-5.09089431
-13.93757033,31.48132884,-5.23016709
-13.91427319,31.43518652,-5.04766098
-13.33989779,32.01047949,-5.18482944
-13.31114115,31.95869202,-5.00492067
15.03893083,30.94499377,-6.85861639
14.53636343,31.50794074,-6.67676623
15.01185300,30.98480764,-7.03369339
14.51409254,31.55136170,-6.85223228
14.03133782,32.08019213,-6.51188606
14.01394935,32.12685147,-6.68668826
13.51648276,32.66384428,-6.36459694
13.50408754,32.71437476,-6.53852297
-12.06368880,17.93386740,-5.34615691
-12.06305272,17.91103745,-5.16482115
-12.49248117,18.40881194,-5.39797652
-12.49185165,18.37390312,-5.21255533
-13.00288497,18.87294390,-5.46365980
-13.00075486,18.82810998,-5.27314835
-13.63267958,19.31830127,-5.55094148
-13.62589338,19.26706540,-5.35395038
12.41731434,18.50821636,-6.61888927
12.40249111,18.51727771,-6.80082526
12.94411089,18.93656699,-6.74644726
12.92901735,18.94870057,-6.92642623
13.50529097,19.35159189,-6.88590062
13.49207458,19.36594096,-7.06440975
14.11242244,19.73876227,-7.04178181
14.10158745,19.75323819,-7.21940734
-13.88511659,20.11726113,-5.59346045
-13.86785984,20.06362651,-5.39598607
-14.20023660,20.92961029,-5.64513963
-14.17101496,20.87641230,-5.44636491
-14.57499695,21.75469696,-5.70333372
-14.53305185,21.70346317,-5.50160002
-15.00233312,22.59258781,-5.76311751
-14.94802379,22.54427673,-5.55800984
14.42077138,20.46961129,-7.11367191
14.41423374,20.48631446,-7.28984369
14.73804924,21.21269847,-7.18722883
14.73577196,21.23152701,-7.36274020
15.06207338,21.97176695,-7.26304219
15.06297960,21.99228903,-7.43885448
15.38851361,22.74854606,-7.33922547
15.39184277,22.77071496,-7.51566936
-15.06740089,23.72054016,-5.77215213
-15.01160211,23.67327042,-5.56842546
-15.16194558,24.85962180,-5.76226191
-15.10750626,24.81452324,-5.56041350
-15.28138189,26.00415975,-5.72442287
-15.22784251,25.95991775,-5.52371744
-15.41575357,27.15076525,-5.65484033
-15.36521141,27.10704023,-5.45626080
15.44245217,23.85738657,-7.33906112
15.44140086,23.88485573,-7.51407349
15.48293647,25.00541486,-7.32673986
15.47833987,25.03706298,-7.50045375
15.50831220,26.18449925,-7.29641076
15.50150389,26.21973057,-7.47038741
15.51791245,27.38831729,-7.24466990
15.50932084,27.42608647,-7.41921812
-15.36292533,27.97147063,-5.57275962
-15.32144096,27.92897566,-5.37676533
-15.30930407,28.79705303,-5.48884702
-15.27834668,28.75613229,-5.29504686
-15.24951752,29.62799859,-5.40820179
-15.22907111,29.58897508,-5.21643631
15.41274829,28.26889144,-7.15805000
15.39957753,28.30741924,-7.33198158
15.29842251,29.15488312,-7.06179084
15.28002288,29.19426949,-7.23587017
15.17395093,30.04625487,-6.96086048
15.15045256,30.08602870,-7.13483616
6.97627359,36.82897778,-5.54160707
8.52154711,35.96808743,-5.62141313
10.07113626,35.08378042,-5.74252347
11.57004369,34.14479371,-5.86794537
12.99602771,33.21091647,-6.06431397
5.63785178,14.65070329,-4.90285426
6.40812830,14.94302028,-4.99192203
7.15044586,15.28958901,-5.11977826
7.88597973,15.66999245,-5.27911494
8.63286462,16.06038681,-5.45776037
15.06799465,30.90827175,-6.68310309
14.56042669,31.46772175,-6.50156924
14.04998337,32.03630279,-6.33755302
13.53014367,32.61703731,-6.19156719
11.93534851,18.06567344,-6.30828775
12.43691134,18.49661873,-6.43492929
12.96375461,18.92153412,-6.56569343
13.52386169,19.33529542,-6.70630509
14.12910471,19.72219868,-6.86339970
14.43163790,20.45142418,-6.93668510
14.74471062,21.19263511,-7.01053454
15.06478637,21.95018723,-7.08620364
15.38849702,22.72566695,-7.16217742
-13.63039183,19.21139507,-5.15487073
-13.86189773,20.00574309,-5.19654735
-14.15354829,20.81862244,-5.24513554
-14.50346060,21.64809562,-5.29853037
-14.90571814,22.49246037,-5.35218461
15.44600136,23.83022919,-7.16330062
15.48945389,24.97391189,-7.15119243
15.51757076,26.15022615,-7.12135999
15.52835893,27.35111297,-7.06894358
-14.96774295,23.62378735,-5.36334342
-15.06317924,24.76719403,-5.35585302
-15.18472285,25.91519096,-5.32161046
-15.32310083,27.06351339,-5.25654587
15.42792766,28.23173386,-6.98295650
15.31861155,29.11723942,-6.88678030
15.19905881,30.00899562,-6.78542945
-15.28797053,27.88800417,-5.17953996
-15.25390974,28.71682574,-5.10016120
-15.21447447,29.55152365,-5.02394372
-15.16383668,30.39372061,-4.95657878
0.18024951,37.62531820,-5.35782335
2.03720308,37.52913402,-5.44058616
3.77630328,37.38418315,-5.47381178
5.39422320,37.13235035,-5.48758098
0.98382656,14.76583428,-4.78440194
2.40559456,14.70981201,-4.77905712
3.65366290,14.66417191,-4.79824188
4.71768610,14.63756537,-4.83849783
-0.58396879,14.90120891,-4.77846281
-2.20291443,15.05543425,-4.73250583
-3.69310376,15.12775490,-4.63674069
-4.98615203,15.07960853,-4.53707721
-1.64826522,37.20184514,-5.24040045
-3.35159512,36.77182362,-5.14975748
-4.95756920,36.28179975,-5.05334094
-6.56378709,35.81693972,-4.93756796
-8.16502584,34.92362303,-4.81630280
-9.72049481,34.09394849,-4.75116013
-11.18797676,33.25122786,-4.73666460
-12.69703645,32.44313307,-4.78211173
-6.03217388,15.19879855,-4.51075362
-6.99622530,15.31489652,-4.54917993
-7.91362367,15.45500040,-4.61319959
-8.79507503,15.63402825,-4.68190824
9.41794464,16.57902199,-5.66250679
10.23762238,17.08013678,-5.87255467
11.07829332,17.57230992,-6.08880031
-9.59399665,16.00334686,-4.75709614
-10.32208416,16.43442357,-4.82319978
-11.00204342,16.91847594,-4.88322775
-11.68857430,17.43078202,-4.94670698
-12.06875328,17.88469845,-4.98226324
-12.49922605,18.33563219,-5.02547774
-13.00741380,18.77943527,-5.08074728
-14.52347754,30.88621309,-4.90417691
-13.89607169,31.39159399,-4.86391263
-13.28791195,31.91060871,-4.82418316
1.78957159,36.60122882,0.76393614
0.13346272,36.70840921,0.89286762
1.77407902,36.42022096,1.77988789
0.14026245,36.50756434,1.91352325
-1.51627135,36.49751222,0.97044941
-1.48749435,36.33188283,1.99664850
3.44255892,36.44937476,0.66259342
3.41468081,36.28372659,1.67150468
-3.15942379,36.24244612,1.07519112
-3.11888538,36.10614837,2.10081266
5.07321051,36.20710637,0.58207448
5.03993760,36.04917818,1.58774307
-4.77325779,35.91779808,1.19344446
-4.72546323,35.80526794,2.22011448
6.68050693,35.93450275,0.50583233
6.63929585,35.78478925,1.50751164
-6.34991606,35.58088087,1.32522782
-6.28981438,35.49126551,2.35786674
-7.78543326,34.81942413,1.38237643
-7.70443187,34.78049539,2.41309741
8.17878233,35.20719619,0.33764038
8.12638763,35.09986970,1.32363251
9.67411611,34.52656362,0.17504320
9.61066319,34.46071985,1.14929973
-9.17938372,34.11611967,1.43357868
-9.06752350,34.11747077,2.45311052
-10.52816834,33.42544022,1.48609099
-10.37391855,33.45691071,2.48701432
11.14498076,33.87172605,0.05039263
11.06886171,33.84989240,1.03034520
-11.81904228,32.73989060,1.58548759
-11.60389749,32.79017987,2.57792196
12.57073593,33.22542142,-0.04185554
12.47136023,33.24480770,0.96261317
-12.62041042,32.12201342,1.62155579
-12.41552331,32.15812450,2.62260521
13.46679154,32.64541681,-0.16508488
13.41050409,32.66738990,0.84348774
-13.41114208,31.49748479,1.67604987
-13.20857438,31.51312068,2.69522654
14.34193545,32.06728181,-0.27908810
14.31563663,32.08399644,0.72959795
-14.20686861,30.86472459,1.73812438
-14.00251237,30.85240127,2.78371589
15.21047493,31.49344490,-0.38050063
15.20152314,31.49895886,0.63677642
-15.04368450,30.22866208,1.79671637
-14.84360633,30.17944047,2.86768392
16.10838510,30.92600717,-0.46947816
16.10542021,30.91541567,0.56897164
16.39218666,29.90172869,-0.60524727
16.40464216,29.88446142,0.42447989
-15.20504801,29.14170991,1.71803712
-15.01282448,29.06044880,2.78401314
-15.36862161,28.06012186,1.65141737
-15.18737747,27.94104225,2.71150243
16.67391640,28.87250026,-0.72369441
16.70297084,28.84348703,0.30332286
1.81813511,36.73247742,-0.25538860
0.14180934,36.84969846,-0.13767820
-1.52744405,36.59873862,-0.06817197
-3.17810783,36.30900817,0.02996196
3.48094027,36.57525354,-0.34872164
5.11384854,36.33591320,-0.42222801
-4.79421967,35.95801789,0.14573584
-6.37835356,35.59738756,0.27061249
6.72522123,36.06473661,-0.49223738
-7.83469556,34.79462577,0.33443724
8.23159310,35.30530680,-0.64082616
-15.54070980,26.98774801,1.59571232
-15.37647637,26.82800493,2.65000352
16.95299081,27.83573074,-0.82534485
17.00036903,27.78986875,0.20705617
9.73527128,34.58851474,-0.79172450
-9.26085030,34.05895028,0.40038538
-10.65448878,33.34434621,0.47275203
11.21495567,33.88852825,-0.92370536
-12.01453333,32.64822578,0.57849628
12.65792825,33.19642052,-1.03741519
17.22743169,26.79013616,-0.91147555
17.29421426,26.72321597,0.13353590
-15.72604756,25.92665109,1.54834809
-15.58505805,25.72699690,2.59670018
-12.80823674,32.05268045,0.60675229
13.50404677,32.61094833,-1.15860133
-13.59917058,31.45595250,0.64139037
14.33692351,32.03374616,-1.27288243
17.42887052,25.43280517,-0.88424159
17.51904954,25.35007180,0.19603346
-15.81011587,24.55289123,1.60643359
-15.70598337,24.32114225,2.66009462
-15.91971566,23.19196482,1.67689876
-15.85320396,22.93209056,2.74170222
17.61004838,24.08221433,-0.83419423
17.71768897,23.98692136,0.28732881
-14.39882952,30.85801906,0.67959769
15.16992019,31.46604892,-1.37908488
17.76502146,22.75038409,-0.76639618
17.88048115,22.65178493,0.39584628
-16.05708841,21.83835584,1.76085681
-16.02363913,21.56034467,2.84452239
-15.23367614,30.26379873,0.71137225
16.03390303,30.90844136,-1.48582121
-16.21948637,20.49433281,1.85857925
-16.20889788,20.21450920,2.97317376
17.88694809,21.45102322,-0.68685667
17.99887507,21.36227178,0.51462066
-15.38741191,29.21710392,0.63573642
16.29286498,29.89708099,-1.61566059
17.39853248,20.47199106,-0.66881650
17.51989100,20.35626702,0.50350209
-15.77272867,19.42839196,1.84201113
-15.71794127,19.15425306,2.93055318
-15.39613059,18.36159610,1.83133768
-15.30821273,18.10510472,2.89955616
16.96181961,19.49744833,-0.62906472
17.08023353,19.36397616,0.52211564
-15.53932129,28.17886910,0.57332303
16.54850516,28.88673975,-1.73268047
1.85903541,36.82981776,-1.27945284
0.16052383,36.94749349,-1.17529872
-1.52860338,36.65394911,-1.11543499
3.53204838,36.67532721,-1.35978051
-3.18316751,36.32692655,-1.02490671
-15.09039915,17.29470916,1.83097780
-14.98169547,17.06456232,2.88513625
16.57600756,18.51974966,-0.56664687
16.68674972,18.37903802,0.57086834
5.16389621,36.44150563,-1.42479192
-4.79446198,35.94440012,-0.91390824
-15.69445855,27.15028589,0.52028180
16.79953443,27.87388790,-1.84076484
6.77297317,36.17125226,-1.48985557
-6.37875280,35.55747055,-0.79362997
-7.85598594,34.72491307,-0.71670877
8.28422017,35.38921072,-1.62078850
16.23744856,17.53586590,-0.48772920
16.34028734,17.39738744,0.64160340
-14.84679068,16.23615034,1.83936779
-14.72579648,16.03601585,2.88643664
-9.31260258,33.96594035,-0.63845203
9.79396638,34.64147599,-1.76480772
11.27769966,33.89596988,-1.90050552
-10.74524850,33.23231719,-0.55305492
17.04462378,26.85735555,-1.93954278
-15.85741505,26.13172315,0.47576228
15.69965055,17.09211456,-0.43028563
15.84220241,16.95923289,0.65913568
-14.29881588,15.79774700,1.77609496
-14.20833474,15.60907547,2.79203354
-12.16958856,32.53004215,-0.45077476
12.72765379,33.15564133,-2.02655277
15.18782988,16.62835136,-0.37674632
15.36707943,16.51080840,0.67653795
-13.80117477,15.38789075,1.70495675
-13.74715517,15.20080418,2.70027461
-12.94836936,31.95983765,-0.43470925
13.51556265,32.56542320,-2.14362970
-13.32640124,15.00490698,1.62896948
-13.31056656,14.81325885,2.60613040
14.67391927,16.15156759,-0.31850994
14.88542073,16.05440578,0.69727363
-15.91323231,24.79420602,0.52746084
17.21250452,25.52723677,-1.94549632
14.12948329,15.67316190,-0.24639582
14.36744661,15.59574141,0.73501910
-12.85644263,14.64267126,1.54831479
-12.87648408,14.44260471,2.51094839
14.29346814,31.98764610,-2.25837390
-13.73136340,31.39331415,-0.41884084
13.14911213,15.20364735,-0.11852309
13.43892789,15.14047038,0.81045476
-12.06764664,14.36154874,1.40353136
-12.15328614,14.13837126,2.34688075
17.36453648,24.20478769,-1.93259324
-15.99292448,23.46656001,0.59116439
-11.24249552,14.05992289,1.26470597
-11.36849190,13.82051110,2.19331597
11.96433424,14.73527082,0.02419074
12.27575458,14.67494975,0.91391778
15.07249937,31.42222119,-2.37197426
-14.52698295,30.83065405,-0.40294485
-10.37400593,13.72295224,1.12664399
-10.51418301,13.47078955,2.04450122
10.54196333,14.24695409,0.14147858
10.81591007,14.17935809,1.01151205
-16.10352953,22.14070009,0.66388811
17.49974100,22.89610930,-1.90274551
-9.45047789,13.34103221,0.98153568
-9.58568292,13.08076832,1.89260031
9.05232354,13.71325745,0.19795969
9.22081760,13.62854005,1.06811222
15.87660484,30.86833987,-2.49416694
-15.35119912,30.27649421,-0.39418248
17.61734791,21.60765693,-1.85904286
-16.24977439,20.81125709,0.74249538
-6.04731454,12.94651097,0.58828431
-4.86589432,12.89901860,0.55132411
-6.05135846,12.79117753,1.46264823
-4.84698642,12.82512061,1.42681619
4.64507266,13.34094583,0.30163954
5.55384929,13.30844879,0.20267530
4.55818829,13.39514304,1.19564243
5.47298779,13.28404754,1.07234251
-3.52912424,13.08026039,0.55208087
-3.51259291,13.10533952,1.42274282
3.63053624,13.58905094,0.47890886
3.54854474,13.72679043,1.40858900
-7.22181481,13.04545103,0.67944589
-7.27138176,12.83828454,1.55889286
6.54563874,13.34721044,0.16514091
6.50007137,13.26890733,1.02329489
7.69483840,13.49166826,0.18066730
7.73414284,13.39734271,1.04218065
-8.36782970,13.19670215,0.82114454
-8.46666249,12.95921981,1.71640030
2.60189529,13.83231503,0.69612540
2.53706036,14.04366700,1.65032401
-2.22004544,13.36278717,0.64816606
-2.22828377,13.50534496,1.52405091
1.50407332,13.97999570,0.85501659
1.45060506,14.23795632,1.80422299
-0.93816763,13.70073162,0.79948286
-0.96819231,13.94105328,1.69733475
0.31125504,13.94365573,0.88657832
0.26614741,14.22283314,1.81216169
16.10958101,29.87898785,-2.62025698
-15.82835209,19.76050055,0.73697462
17.14109438,20.66854241,-1.81878620
-15.49418865,29.27692683,-0.46601530
-15.46807626,18.70283382,0.73296699
16.71871720,19.72767715,-1.76076486
16.33713014,28.89441549,-2.73949109
-15.63186363,28.28617192,-0.52832413
-15.17004564,17.63808922,0.73393292
16.34719745,18.77386179,-1.68569638
1.91430542,36.90112301,-2.31299475
0.18581506,37.00962005,-2.22248300
-1.52799181,36.67618731,-2.16438369
3.59809914,36.75765752,-2.37779137
-3.18241733,36.31297205,-2.08014267
-15.76825701,27.30363870,-0.58239215
16.55744358,27.91125207,-2.85370272
-4.77801198,35.89547133,-1.97212485
5.22232028,36.53196281,-2.42939845
-14.92830194,16.57611988,0.73624829
16.02025255,17.80108803,-1.60084823
6.82071749,36.26304170,-2.48831115
-6.35251734,35.48056439,-1.84952881
8.33416275,35.46721935,-2.60572366
-7.85115078,34.62882862,-1.75688406
-15.90844204,26.32867853,-0.62990788
9.85004215,34.69324844,-2.74468991
16.76920342,26.92782881,-2.96326752
-9.33523393,33.85717800,-1.67169897
15.43670387,17.35738359,-1.50560145
-14.33267850,16.15200010,0.69419519
11.33627064,33.90329194,-2.87883935
-10.79098617,33.10887175,-1.58892015
-13.78897640,15.75585809,0.64226541
14.87983570,16.88200774,-1.41322657
-13.27419977,15.38370548,0.58528730
14.32560442,16.38930675,-1.31612575
12.78585020,33.11426477,-3.01275774
-12.25927721,32.39976629,-1.50965641
16.89690119,25.63196151,-2.99674821
-15.93835199,25.03028028,-0.59194300
13.74949173,15.89745659,-1.20826488
-12.77364323,15.02904998,0.52308139
-13.00773984,31.85372222,-1.51095760
13.51060434,32.52095807,-3.12751978
12.72880591,15.42108044,-1.02751014
-11.94068522,14.75257829,0.40947128
17.00764310,24.35003847,-3.01349753
-15.98927503,23.73968539,-0.54014165
-11.10241301,14.45055294,0.29290318
11.56704639,14.95726203,-0.85576414
14.22550194,31.94193010,-3.24606963
-13.76737031,31.31478080,-1.51298116
10.26409418,14.48244984,-0.73361252
-10.24232744,14.11342919,0.17211369
-16.07000295,22.45111861,-0.47590783
17.10358561,23.08761340,-3.01118434
8.95024501,13.97231607,-0.67811033
-9.33865484,13.73242577,0.04526823
-14.54441434,30.78251991,-1.51480910
14.93860399,31.37626897,-3.37194816
-8.29915847,13.56660455,-0.09209031
7.74420615,13.74716214,-0.68119320
-7.20183438,13.39453227,-0.21550826
6.68048751,13.56522335,-0.69247561
-6.06885450,13.25590646,-0.30138309
5.72084109,13.45118468,-0.66868497
-4.90517529,13.13853311,-0.34709394
4.81492992,13.38318192,-0.60117856
3.79076467,13.51699880,-0.47271701
-3.55569580,13.21794871,-0.35947717
-2.20468811,13.34444215,-0.28543678
2.73334562,13.63940578,-0.30043009
17.18650268,21.84883316,-2.99293067
-16.18923435,21.15823386,-0.40746359
1.61031113,13.70504176,-0.15675955
-0.87987612,13.51436925,-0.16554366
0.39917125,13.66023644,-0.10940805
15.66691589,30.82167258,-3.51286217
-15.34570960,30.26032444,-1.52355191
16.73148470,20.96255515,-2.93232610
-15.77635480,20.14303811,-0.40181333
15.87363989,29.85893225,-3.63860555
-15.47432634,29.31347906,-1.59293044
-15.41769567,19.12659549,-0.39954249
16.32076195,20.07910906,-2.85631925
-15.59373234,28.37302316,-1.65849102
16.07163501,28.90262361,-3.76176210
15.95409705,19.18442600,-2.76611514
-15.11524549,18.10780951,-0.39810477
-15.70853034,27.43795277,-1.71999543
16.25955082,27.94997427,-3.88266377
0.21038827,37.07417266,-3.27902510
-1.53736322,36.71216746,-3.20792977
1.98033150,36.97678660,-3.36020860
15.62890146,18.26742011,-2.66471141
-14.86557398,17.09152359,-0.39762121
-3.19407309,36.32303117,-3.12288148
3.67613507,36.84551844,-3.40588877
5.28584565,36.62584782,-3.43895235
-4.77217919,35.87392699,-3.01600909
-6.33527519,35.43332052,-2.88991444
6.86578346,36.35645811,-3.49361906
-15.82435505,26.50706161,-1.77637831
16.43659139,26.99944886,-3.99830861
-14.23404684,16.68867476,-0.42791674
15.02174677,17.83006790,-2.53536937
-7.85880650,34.57019696,-2.77960321
8.38051389,35.55212272,-3.59648756
14.44337338,17.35459413,-2.40582825
-13.66329551,16.30349957,-0.46313488
-9.36790256,33.79079727,-2.69634059
9.90444195,34.75413782,-3.73045365
-13.13206779,15.93397295,-0.50350349
13.87052939,16.86338834,-2.27263289
16.52092908,25.73846955,-4.05263526
11.39487188,33.92047132,-3.85814064
-15.82204302,25.24838118,-1.76584805
-10.83021731,33.02606161,-2.63211595
13.28583442,16.37534689,-2.12916597
-12.62711231,15.57369915,-0.54523762
12.84016594,33.08388542,-4.00266162
-12.31807768,32.30304674,-2.59364315
-11.78976275,15.27090311,-0.62923265
12.26671567,15.89640423,-1.90793497
16.58605750,24.49811706,-4.08754804
-15.83906213,23.99359574,-1.73586566
-10.96681551,14.94605565,-0.72023326
11.17080974,15.43168624,-1.72254320
13.49990677,32.48916933,-4.12001688
-13.02176207,31.77516229,-2.61415129
-10.13052400,14.59419768,-0.81411706
10.01470250,14.95833950,-1.60494046
16.63508182,23.28597152,-4.10146653
-15.88379737,22.74592685,-1.68609384
14.14757329,31.90916027,-4.24951888
-13.74256981,31.25678784,-2.63363926
-9.25055980,14.20956998,-0.91154644
8.87674795,14.45764381,-1.55286029
-8.24942206,14.02733942,-1.01632770
7.81492565,14.20425015,-1.54671664
-7.19395684,13.84698342,-1.11205025
6.83918091,13.97170534,-1.55401047
5.92224713,13.78363168,-1.54496990
-6.09751765,13.68920379,-1.18762902
-4.94988584,13.53339677,-1.24537793
5.03041315,13.62848948,-1.50901401
-3.58745510,13.54980653,-1.29211373
4.00698901,13.67033239,-1.43113693
-15.96326420,21.50633478,-1.62210048
16.67031482,22.10769295,-4.09674354
-2.18605234,13.55727383,-1.27033753
2.92471452,13.68947967,-1.31611308
-14.48529381,30.74642059,-2.64945947
14.78881033,31.34231978,-4.39319657
-0.79899627,13.57910160,-1.20195317
1.76863976,13.67767390,-1.21275800
0.52660795,13.62807558,-1.17153478
15.43550456,30.78558722,-4.55658061
-15.24972689,30.24637924,-2.67184867
16.24262815,21.27091161,-4.02481545
-15.54660445,20.54021975,-1.60417617
15.61521375,29.84996869,-4.68268316
-15.35831179,29.34919712,-2.73929164
15.84672540,20.44410385,-3.93627001
-15.18076596,19.58507424,-1.58492856
15.78308334,28.92150768,-4.80905002
-15.45384901,28.45565290,-2.81039708
-14.86844674,18.64291404,-1.56660204
15.48539799,19.61442589,-3.83547447
-15.54227809,27.56512035,-2.88192006
15.93889738,27.99826878,-4.93267978
-14.60833818,17.71445152,-1.54920314
15.15811389,18.77151166,-3.72226193
2.03112491,37.15537735,-4.40917879
0.21457925,37.24908587,-4.33022666
-1.57429622,36.86377299,-4.23462968
14.55028970,18.34546040,-3.56607298
-13.96633979,17.31655303,-1.57044621
-3.24605185,36.45665803,-4.14602010
3.74339298,37.02378038,-4.44242545
-15.63007638,26.67611901,-2.95096362
16.08237081,27.07863312,-5.04888480
5.34506458,36.79596298,-4.45924512
-4.82376561,35.98431233,-4.04115214
13.97321590,17.88546763,-3.41019695
-13.39744134,16.92879356,-1.59585322
-6.39303111,35.52596260,-3.91556148
6.91308492,36.51579171,-4.51175959
-7.94946001,34.65059060,-3.79394253
8.43549510,35.69462068,-4.60080119
13.40626997,17.41635106,-3.24808287
-12.87992565,16.54952829,-1.62270597
16.12455703,25.84883231,-5.11214909
-15.58234481,25.45583533,-2.97404369
9.97071353,34.86405386,-4.72753815
-9.48164645,33.85491312,-3.71866165
-12.39858851,16.17500679,-1.65026557
12.83563622,16.95386615,-3.07889979
-11.59426139,15.82554878,-1.70748020
11.85333291,16.48403525,-2.82833399
11.46651303,33.98251776,-4.84823096
-10.94327898,33.06100767,-3.67989674
16.14584141,24.64405648,-5.15307335
-15.55397447,24.23329049,-2.97535843
-10.80995641,15.46467196,-1.76558034
10.83759219,16.02247649,-2.63130439
12.90380691,33.09797526,-5.01258640
-12.43839553,32.30658471,-3.68714056
-10.00740318,15.09180790,-1.82205342
9.80740898,15.54862622,-2.51065532
-15.55287914,23.01905173,-2.95312869
16.14930552,23.47355049,-5.17281983
8.80917037,15.04747693,-2.44867408
-9.15345875,14.70560526,-1.87554715
13.49930704,32.50383016,-5.13599687
-13.08743552,31.78398535,-3.72233841
-8.18678257,14.51572681,-1.93384216
7.86792823,14.75132317,-2.42597579
6.97700851,14.46579381,-2.41938018
-7.17028058,14.33860295,-1.98923718
6.11294826,14.21469515,-2.41122189
-6.10994857,14.17923973,-2.04173753
14.08047418,31.92382477,-5.27745313
-13.75533099,31.27253691,-3.75464870
5.24982013,13.99687723,-2.39437196
-4.98299735,14.01399950,-2.10451610
-15.58511668,21.82382306,-2.90616422
16.13831069,22.34400144,-5.17285405
-3.61856618,14.00976103,-2.18501192
4.24288584,13.98564100,-2.35142985
-2.17103546,13.95293183,-2.22408299
3.14924119,13.95509905,-2.28770162
1.95981353,13.90784637,-2.22973409
-0.71138355,13.88150403,-2.21397807
0.67520511,13.86335491,-2.20812547
-14.44579926,30.77135803,-3.78291615
14.65217867,31.35643088,-5.43729644
15.74175175,21.54392417,-5.09204195
-15.15972471,20.90231993,-2.87644217
-15.15381442,30.28130730,-3.81954490
15.22279865,30.79871574,-5.61832999
-14.78663849,20.00503910,-2.84261648
15.36596271,20.75809624,-5.00166558
15.37702051,29.88653250,-5.73979805
-15.23360236,29.42040783,-3.88836778
-14.47025424,19.13438596,-2.80460252
15.01583813,19.97786773,-4.90256911
-15.29927496,28.56406931,-3.96471163
15.51836689,28.98181314,-5.86066719
14.69195448,19.19593406,-4.79356062
-14.21049584,18.29158275,-2.76388025
-15.35726745,27.71101524,-4.04408997
15.64751775,28.08283120,-5.97713222
-13.57355965,17.89329118,-2.76751226
14.09364065,18.78212607,-4.62643848
15.76533738,27.18842475,-6.08335143
-15.41492203,26.86025907,-4.12207351
-13.02487288,17.50086760,-2.77491860
13.52971976,18.34141759,-4.46227900
-12.53984629,17.11217066,-2.78266370
12.98223895,17.89727656,-4.29338222
15.77440714,25.97994427,-6.14477026
-15.31502583,25.68025440,-4.17303145
-12.09954993,16.72418681,-2.78993144
12.44112869,17.45850409,-4.11906679
11.51357187,16.99560557,-3.85618300
-11.34866326,16.32897607,-2.80842844
-15.23496239,24.49575997,-4.19835222
15.76307303,24.79775856,-6.18183022
-10.61445957,15.93232031,-2.82251064
10.57487667,16.53800922,-3.64268297
9.64253867,16.06572734,-3.49527737
-9.84936348,15.54170172,-2.82941005
15.73388639,23.65098202,-6.19826099
-15.18350093,23.31557644,-4.19898933
8.74646659,15.56562558,-3.39663659
-9.02273345,15.16112343,-2.82915008
7.89733176,15.23246262,-3.33562987
-8.09070322,14.97316758,-2.83235524
-7.11490145,14.80791438,-2.83815511
7.07805637,14.90478878,-3.29369627
6.26681085,14.60719490,-3.26364128
-6.09375196,14.65938159,-2.85553734
15.68947842,22.54712892,-6.19769476
-15.16677771,22.15210825,-4.17700097
-4.99565725,14.50475186,-2.90818628
5.43964964,14.34861791,-3.24153239
4.46133025,14.31645451,-3.20818049
-3.64737876,14.51022863,-3.00498318
-2.16817764,14.42897757,-3.08262079
3.37094174,14.28223588,-3.16856449
2.15388894,14.24534637,-3.13627744
-0.63660418,14.30157078,-3.11366747
0.81919024,14.22863375,-3.12539262
15.32579306,21.76737389,-6.11475233
-14.74596616,21.26841184,-4.13685339
-14.37935295,20.40920484,-4.09358031
14.97382383,21.00437301,-6.02904418
-14.07288561,19.57777552,-4.04879236
14.63777356,20.25438153,-5.94087016
14.32019303,19.51106563,-5.84863175
-13.82690313,18.77646794,-4.00306444
13.72368889,19.11041035,-5.68437656
-13.20204812,18.36965221,-3.97040439
-12.68052182,17.96271668,-3.94587434
13.16737434,18.68566477,-5.52973506
-12.23136031,17.55482708,-3.92556383
12.63661082,18.25571259,-5.37752436
12.12309507,17.82600691,-5.22415887
-11.83033266,17.14511486,-3.90788971
-11.12583264,16.70248969,-3.88049606
11.24675546,17.35182483,-4.97686582
-10.43087222,16.27113823,-3.85045862
10.37394861,16.88320429,-4.75398755
9.51505918,16.40395898,-4.56743007
-9.69303108,15.86693771,-3.81186781
8.69042647,15.90119202,-4.41017074
-8.88718285,15.49701303,-3.76374326
7.90570428,15.54064031,-4.28804996
-7.98623886,15.31696087,-3.71962807
-7.04734633,15.16659135,-3.68081174
7.13890648,15.18472559,-4.18797262
6.37033388,14.85857683,-4.11201328
-6.06174953,15.03523180,-3.66330649
-4.99407361,14.89992778,-3.69911428
5.57719577,14.57856426,-4.06043736
4.63155449,14.55056381,-4.01415315
-3.67322111,14.92772373,-3.79753871
-2.17947140,14.84456377,-3.88757208
3.55454952,14.54369378,-3.97571354
-0.58872158,14.68868795,-3.93099098
2.31828406,14.54681205,-3.94978736
0.93381516,14.57172463,-3.94465486
0.14944844,36.38573269,2.41859669
-1.46633353,36.22414558,2.50338961
1.77118615,36.31117614,2.28379165
-3.08948817,36.01110686,2.60791461
3.40388262,36.18737413,2.17488893
5.02455891,35.96392499,2.09061591
-4.68981901,35.72269390,2.72667157
6.61931733,35.71095158,2.01155488
-6.24652687,35.42168412,2.86712777
-7.65127297,34.73825996,2.92210464
8.10038631,35.05098405,1.82439769
-9.00097062,34.09713969,2.95779453
9.57869078,34.43410210,1.64550802
-10.29024930,33.45402908,2.98548892
11.03039355,33.84432471,1.52746393
12.42199353,33.25790591,1.47055513
-11.49737824,32.80042648,3.07397433
13.38191771,32.67894781,1.35421846
-12.31883157,32.16366217,3.12247281
-13.11894933,31.51141071,3.20415083
14.30060398,32.09057497,1.24177857
15.19201028,31.49754467,1.15242605
-13.91921142,30.83994833,3.30349717
-14.76992639,30.15174897,3.39879140
16.09358298,30.90446718,1.09607755
16.39525887,29.86924499,0.94806850
-14.94416209,29.01970159,3.31259425
-15.12520859,27.88407383,3.23809685
16.69683318,28.82262128,0.82674006
-15.32376802,26.75317559,3.17296260
16.99845288,27.76189172,0.73222459
-15.54481441,25.63400064,3.11613022
17.29722612,26.68632449,0.66366088
-15.69061264,24.21501541,3.18516525
17.53153954,25.30758818,0.74424821
-15.86265037,22.81510019,3.27515339
17.73804560,23.93987213,0.85384818
-16.05474050,21.43725405,3.39112610
17.90685470,22.60297052,0.98057699
18.03076164,21.31368567,1.11583304
-16.25722792,20.09233010,3.53709688
17.56509558,20.29475501,1.08979779
-15.73784864,19.03644085,3.47851065
17.13062239,19.29303334,1.09438156
-15.30355741,17.99831682,3.43174598
16.73719249,18.30122312,1.13277803
-14.95866536,16.97184665,3.40516261
16.38782380,17.31498576,1.19302698
-14.68964456,15.95728339,3.39619912
-14.17260647,15.54279991,3.28494649
15.89778519,16.88278715,1.19216726
15.42822396,16.44383260,1.19196036
-13.71744958,15.14061745,3.18039250
-13.29042989,14.75466862,3.07789206
14.95088145,15.99929619,1.19731954
14.43564227,15.55296464,1.21946658
-12.86765455,14.38229967,2.97534064
-12.17288813,14.06751640,2.80495634
13.52443602,15.11106517,1.27259952
-11.41164429,13.74032285,2.64569538
12.38067570,14.65516654,1.35587595
10.93853626,14.16624749,1.44181286
-10.57155324,13.38244515,2.49444751
-9.64816304,12.98747920,2.33959215
9.33619822,13.61693398,1.49552876
-4.84711157,12.82229282,1.86022073
-3.50850346,13.13840216,1.85044261
3.54020576,13.75726952,1.86152288
4.55425725,13.40924193,1.63935682
5.47823632,13.27779725,1.50712273
-6.06415734,12.75265692,1.89580987
2.52932760,14.08262906,2.10727431
-2.22878449,13.56936522,1.95121539
-0.97207020,14.01741087,2.13202086
1.44227495,14.28564813,2.25615585
0.25918008,14.29001047,2.25559411
6.52934597,13.25195003,1.45527414
-7.30481497,12.77430168,1.99647252
-8.51937577,12.87789608,2.15955961
7.80633271,13.38276426,1.47192909
2.04098073,37.31533389,-4.92835586
0.20274089,37.41039428,-4.84732884
-1.60672422,37.00888786,-4.73950173
-3.29223847,36.59163230,-4.64916342
3.76521507,37.17767554,-4.95987105
5.37098702,36.93894611,-4.97312368
-4.88036782,36.10989018,-4.54792212
6.94167643,36.64841610,-5.02555675
-6.46414163,35.64685447,-4.42599485
8.47327094,35.81095405,-5.10917544
-8.04130182,34.76323756,-4.30327812
10.01540737,34.95667138,-5.23246878
-9.58474936,33.95285484,-4.23288942
11.51326878,34.04792275,-5.35318517
-11.04751317,33.13678238,-4.20655648
-12.54739510,32.35783886,-4.23420749
12.94517067,33.13871083,-5.53200156
-13.16732130,31.83202877,-4.27372831
13.50957091,32.54507078,-5.65795204
-13.80550158,31.31827159,-4.31043034
14.05932915,31.96499677,-5.80326391
-14.46488594,30.81639558,-4.34473552
14.59919067,31.39736097,-5.96750895
15.13655361,30.83928034,-6.15148564
-15.13944843,30.32655935,-4.38904760
-15.20392348,29.47752191,-4.45803685
15.27909644,29.93533562,-6.26557739
-15.25515769,28.63413848,-4.53541911
15.40913034,29.03900292,-6.37871727
-15.29954370,27.79549371,-4.61625205
15.52764774,28.14840671,-6.48670401
-15.34433117,26.96003385,-4.69502948
15.63604968,27.26258036,-6.58376918
-15.22232196,25.79818680,-4.75476041
15.63377333,26.05970777,-6.64104583
-15.11907426,24.63383924,-4.78596709
15.61222814,24.88236538,-6.67447311
-15.04393813,23.47333232,-4.79146133
15.57369483,23.73948064,-6.68844094
-15.00366623,22.32681644,-4.77670127
15.52030545,22.63828292,-6.68720865
15.17521863,21.86223923,-6.60681630
-14.59114670,21.46303606,-4.72946537
-14.23282397,20.61926028,-4.68105758
14.83768462,21.10410670,-6.52545824
-13.93418739,19.79817385,-4.63467150
14.51135702,20.36113261,-6.44432254
-13.69631031,19.00237149,-4.59125333
14.19945428,19.62812140,-6.36161211
13.59949630,19.23436884,-6.20076968
-13.07544124,18.58375916,-4.53718200
-12.56372249,18.15997841,-4.49654728
13.04250090,18.81585236,-6.05334691
-12.12724597,17.73270196,-4.46410205
12.51551285,18.38972171,-5.91239239
-11.73974896,17.30325034,-4.43700626
12.01015614,17.96049252,-5.77297870
-11.04858607,16.82902456,-4.39048300
11.14853083,17.47715143,-5.53959267
10.29704199,16.99757016,-5.31822768
-10.36454690,16.37460824,-4.34404803
-9.63379221,15.96049283,-4.28967853
9.46289608,16.50915296,-5.11701910
8.66251090,16.00012718,-4.93258380
-8.83316331,15.59399307,-4.22482502
7.90018251,15.62569878,-4.77971127
-7.94373537,15.41672704,-4.16475118
7.15183775,15.25806370,-4.64840141
-7.01804053,15.27337000,-4.10996437
-6.04568441,15.15077419,-4.07934192
6.39877773,14.92171984,-4.54569716
-4.99063875,15.02498780,-4.10876371
5.61906559,14.63542684,-4.47528466
4.68783526,14.61467675,-4.41948375
-3.68435664,15.06402626,-4.20692346
3.61820515,14.62510117,-4.37937580
-2.18971336,14.98497006,-4.29958947
-0.57951181,14.82552494,-4.34419197
2.37543354,14.65126710,-4.35583196
0.96993697,14.69480944,-4.35465284
