-0.35370078,15.47036918,1.90118509
-1.38314432,15.44830942,1.82183820
-0.36761996,15.24708120,2.23663811
-1.39948765,15.22416905,2.15441005
-2.34264571,15.35137663,1.76548595
-2.35939776,15.12344131,2.10244200
-3.27314286,15.14770514,1.75028300
-3.28855300,14.92141061,2.08172917
-4.23612955,14.84174963,1.74431431
-4.24877653,14.62093255,2.06539714
-6.29560524,32.21728614,1.53678277
-4.78327871,32.11396222,1.68048483
-6.33796333,32.23327509,1.80521510
-4.82000101,32.14646309,1.92749101
-3.29710464,32.06272193,1.75382708
-3.32643261,32.10932638,1.98116320
-1.89721878,32.10629214,1.70505987
-1.91568071,32.16505867,1.92162143
-0.65250080,32.23191160,1.58300254
-0.65483905,32.30387113,1.79806565
-5.12913375,14.63753623,1.68400797
-5.13565391,14.41653000,2.00033210
-6.11810412,14.32657827,1.60470636
-6.11412624,14.10641661,1.91736699
-7.19376280,13.89707870,1.50809796
-7.17514678,13.68394616,1.80758853
-8.32295936,13.36774494,1.37624838
-8.28752527,13.15453477,1.66379856
-10.97978527,30.54146716,1.13685326
-9.94253820,31.10557511,1.18694686
-11.03934640,30.51527406,1.46129608
-9.99924839,31.08563899,1.52057140
-8.81555547,31.56321686,1.30836727
-8.86783072,31.55255926,1.62484901
-7.58696175,31.91727081,1.42932820
-7.63479627,31.91870685,1.72448697
-9.26707874,13.13437921,1.29850431
-9.23016152,12.92715375,1.57487981
-10.13296991,12.91235337,1.21236716
-10.10511761,12.70673580,1.47953402
-10.90793793,12.74734909,1.13071120
-10.89908309,12.54402604,1.38591702
-11.64676170,12.64625566,1.07453923
-11.66069803,12.45469797,1.31691680
-12.13476210,12.74608664,1.06971405
-12.16546781,12.57498668,1.30945301
-12.66554000,12.89236503,1.08740957
-12.71385893,12.74692645,1.32585829
-13.26628361,13.09486509,1.13387121
-13.33251514,12.98038509,1.37067976
-13.96047323,13.36370171,1.19594666
-14.04114595,13.27791306,1.43239206
-14.05828039,27.80563367,1.23249580
-13.16780660,28.54550687,1.15027799
-14.12946915,27.75306115,1.49435169
-13.23874965,28.50132794,1.43297934
-12.40181551,29.25656556,1.09441051
-12.46958933,29.21860862,1.40082373
-11.68549175,29.92304254,1.08521990
-11.74916279,29.89123090,1.40650522
-14.41945248,14.31405053,1.29952457
-14.51694793,14.26969660,1.54174232
-14.96103219,15.34876141,1.40067977
-15.06779191,15.32967059,1.64751872
-15.56336379,16.42495680,1.47368090
-15.66984675,16.41034944,1.71352737
-16.20876185,17.49045709,1.49576257
-16.30976583,17.46888285,1.73308491
-15.96863947,18.95207343,1.49309799
-16.07062049,18.93422627,1.73699000
-15.70469552,20.44354692,1.46140293
-15.80846702,20.42353526,1.71639905
-15.43498692,21.93832508,1.39257047
-15.53925269,21.91295606,1.65153108
-15.15949468,23.41405101,1.26444185
-15.26492309,23.38250206,1.53380929
-14.87383132,24.55399341,1.31101704
-14.97266210,24.51676015,1.58094673
-14.59102093,25.66541185,1.31545965
-14.68110897,25.62236610,1.58410896
-14.32687901,26.75095440,1.28931501
-14.40676370,26.70273678,1.55453669
-0.33877557,15.72821272,1.53280927
-1.36738266,15.70451273,1.45982880
-2.33078373,15.60227211,1.41521118
-3.26808414,15.40168032,1.40368077
-4.23979050,15.09818075,1.40202522
-6.24868187,32.19327113,1.24727837
-4.74743377,32.07376347,1.42159562
-3.27421837,32.00831953,1.51700215
-1.89034559,32.03707761,1.47707783
-0.66555985,32.14991340,1.36059625
-5.14482542,14.90331002,1.34216608
-6.14885360,14.59104978,1.27260745
-7.24299228,14.16038642,1.18271226
-8.38787100,13.63089255,1.06910848
-10.91946752,30.56667543,0.79119042
-9.88542363,31.12636902,0.83398286
-8.75842772,31.57107671,0.96333804
-7.53362703,31.91029128,1.10787480
-9.33105592,13.39008957,1.00963672
-10.18167112,13.16643358,0.94001792
-10.93750677,12.99487255,0.86924889
-11.65291231,12.87758817,0.82514922
-12.12094691,12.95724257,0.82694895
-12.63233897,13.07598670,0.84711872
-13.21825598,13.24566321,0.89475878
-13.89848508,13.47978328,0.96064432
-13.99080799,27.85977824,0.95957004
-13.10202047,28.59046951,0.85827858
-12.33625226,29.29377791,0.77694328
-11.62643652,29.95676935,0.74906206
-14.32735224,14.39044218,1.05888679
-14.84980200,15.39358479,1.15342204
-15.44815824,16.45373005,1.22457116
-16.10325149,17.51904643,1.25407923
-15.85532785,18.97466320,1.24035965
-15.59752528,20.46479056,1.20252293
-15.33072532,21.96411986,1.12226918
-15.05466499,23.44526023,0.98735018
-14.77752708,24.59042088,1.03446889
-14.50539369,25.70729799,1.04138350
-14.24247006,26.79633281,1.01578609
0.75691837,15.16584624,2.35815382
0.76559923,15.37897679,2.02854179
1.99385059,15.06152314,2.45218632
1.99730682,15.26806814,2.12384944
3.26761476,14.95621239,2.49581724
3.26841358,15.15768865,2.17377529
4.46650441,14.87767312,2.49378522
4.46587747,15.07763359,2.17662694
2.68992992,32.62566947,1.18094952
2.04376109,32.50769967,1.34293899
2.61346826,32.51430570,0.91370284
1.98360523,32.40046822,1.09073225
1.30738763,32.40975972,1.49122616
1.26599399,32.31136100,1.25547161
0.43178186,32.33909700,1.64490893
0.41168319,32.25211630,1.42040450
5.38276407,14.99368200,2.40083323
5.37416114,15.19869552,2.08616901
6.19396118,15.13472326,2.29206956
6.17570865,15.33969630,1.98682797
6.89979061,15.28350168,2.20316420
6.87260373,15.49136972,1.89511768
7.51459431,15.42498700,2.13744243
7.47998215,15.62873704,1.83434125
5.21369101,32.03383527,1.15601676
4.52766953,32.13778946,1.10324915
5.07943957,31.92803387,0.81078439
4.40485720,32.02126662,0.77262422
3.89987303,32.26874508,1.07924313
3.79093514,32.14966275,0.76905817
3.29876834,32.42933958,1.10764212
3.20388417,32.31103246,0.81466374
8.00336272,15.87401731,2.08709103
7.96176653,16.06832224,1.79151272
8.47063133,16.28927578,2.04615833
8.42295212,16.47186009,1.76586496
8.93841091,16.67227696,2.01825382
8.88324101,16.84771172,1.74941673
9.43558243,17.02548016,1.99668501
9.37378341,17.18990842,1.74484511
9.77188722,17.41226419,1.96586005
9.70724369,17.56502835,1.72404615
10.14153529,17.79244087,1.94569493
10.07415456,17.93454241,1.70974294
10.55358192,18.16432429,1.92664725
10.48627507,18.29214081,1.70404060
11.03176999,18.52740879,1.91889300
10.96445470,18.64359367,1.70496814
8.06465453,31.23963786,1.12084776
7.17033583,31.41945485,1.10651398
7.94477115,31.21894405,0.78713636
7.03094519,31.36530011,0.76338971
6.41285315,31.60886275,1.10731308
6.26683029,31.53132857,0.75910967
5.76886750,31.81130523,1.12804482
5.62467114,31.71618539,0.77609907
11.17358369,19.56502239,1.83784810
11.10440590,19.67123304,1.62307240
11.35127797,20.60152615,1.75808400
11.28057658,20.69928188,1.54088157
11.56579382,21.63972972,1.67787468
11.49253282,21.72936241,1.46341418
11.82096781,22.67702778,1.59985531
11.74322019,22.76243373,1.38125682
11.36767946,24.01316600,1.40490721
11.29139954,24.08679289,1.18063176
10.92909070,25.31388085,1.25822580
10.84724127,25.37067243,1.02226295
10.46954425,26.57288749,1.13514306
10.37498619,26.60469438,0.88174242
9.95560023,27.78355809,0.99507629
9.84266907,27.78352016,0.72322210
9.48084428,28.67924941,1.06260094
9.36074914,28.66688397,0.77472760
8.99340588,29.55453976,1.09993293
8.87152649,29.53500848,0.80039593
8.52124378,30.41295589,1.11645156
8.40083719,30.39129371,0.80280455
0.77356327,15.62983993,1.65901488
1.99358652,15.51322305,1.75774285
3.25463013,15.39916605,1.81782596
4.44572396,15.31850106,1.82713618
2.52602049,32.39608044,0.64619932
1.90926285,32.28551154,0.83446946
1.20984883,32.20544105,1.01812759
0.37500392,32.15568293,1.19169206
5.34310268,15.44888595,1.73615576
6.13569398,15.58921242,1.64271316
6.82753607,15.72986116,1.56128546
7.43186063,15.85774322,1.50693200
4.93619807,31.80502270,0.46227785
4.27205636,31.89335823,0.43447268
3.67167664,32.02014506,0.45251255
3.09969902,32.18672595,0.52196705
7.91016378,16.28233491,1.47572859
8.36678213,16.67581423,1.46085559
8.82432294,17.03788286,1.45852493
9.31075590,17.36708168,1.47035262
9.64161002,17.72818851,1.46590923
10.00791472,18.08092490,1.46433153
10.42317234,18.42484456,1.46955928
10.90367085,18.76403881,1.47819204
7.81316716,31.17961792,0.44754601
6.87789921,31.28974723,0.40820797
6.10765647,31.43047291,0.39880524
5.47290739,31.60524749,0.41994610
11.03569369,19.78220991,1.39785407
11.20680619,20.80072909,1.31840368
11.41765674,21.82207144,1.23784676
11.66946049,22.84756669,1.15553959
11.21045213,24.15817510,0.94371396
10.76092660,25.42144426,0.76997906
10.27258345,26.62468802,0.61154334
9.71362038,27.76361079,0.42626456
9.22473735,28.63227404,0.46951354
8.73186529,29.49147086,0.48226873
8.25631556,30.33997560,0.47209983
0.27447729,17.53095565,-8.64960904
-0.70883280,17.49014678,-8.73996184
0.30107142,17.66151347,-8.22860915
-0.70415104,17.62819119,-8.31158297
-1.71814550,17.31597920,-8.81477570
-1.73297000,17.46408178,-8.37937707
-2.73773165,17.03155278,-8.88019363
-2.76680121,17.18802926,-8.43994392
-3.77103712,16.67599337,-8.95983987
-3.80828674,16.83987721,-8.52091194
1.25531245,17.63987857,-8.13601473
1.20856076,17.51515272,-8.55160808
2.14069031,17.51428525,-8.06234383
2.07854511,17.39055837,-8.47079867
2.95120882,17.32201571,-8.01009477
2.87945102,17.19827647,-8.41054339
3.68554830,17.09152601,-7.97644134
3.61000916,16.96732919,-8.36997568
-1.88517021,34.09325257,-8.91705088
-2.98466631,33.94408503,-9.01433206
-1.89141231,34.03472045,-8.49886797
-2.98400953,33.87658824,-8.58781942
-4.16865382,33.88592950,-9.09182500
-4.15968203,33.81172658,-8.66154325
-5.42091748,33.89437335,-9.13311245
-5.40390700,33.81809065,-8.70407860
-6.71226730,33.93003491,-9.14267782
-6.68701289,33.85341169,-8.71137046
-0.78351499,33.79425321,-8.38541892
-0.77452563,33.84676574,-8.80500677
0.27826806,33.64077851,-8.32323154
0.28513074,33.68277857,-8.73736088
1.31151471,33.56226713,-8.31814447
1.31255109,33.58848403,-8.71890761
2.30152343,33.52901545,-8.34553257
2.29815084,33.54089787,-8.72601180
-4.72521336,16.59424372,-9.01801008
-4.76370682,16.75542488,-8.56578237
-5.71841266,16.57637843,-9.09882924
-5.75507179,16.73142925,-8.63986681
-6.76454488,16.67537869,-9.20915810
-6.79926055,16.82016306,-8.75503139
-7.86397475,16.89991613,-9.35470365
-7.89835219,17.03376467,-8.91666753
4.27904873,17.11536958,-7.93187415
4.20565143,16.99621383,-8.33111296
4.81455411,17.14096738,-7.90748865
4.74598324,17.02772431,-8.31186018
5.31159736,17.18107277,-7.91653984
5.24965205,17.07541094,-8.32226443
5.79082780,17.24796297,-7.97286623
5.73976721,17.14983672,-8.37449777
-7.93195065,33.53485503,-9.07020608
-7.90015060,33.45724259,-8.62137366
-9.14139386,33.08234116,-9.03388810
-9.10657507,33.01080185,-8.57080397
-10.31086169,32.47405445,-9.06310499
-10.27441612,32.41622519,-8.60568439
-11.45488656,31.67396385,-9.20050892
-11.41211019,31.62800315,-8.76785622
3.26275659,33.02604597,-8.33412178
3.25924995,33.03161461,-8.70526633
4.16134524,32.51102296,-8.33639584
4.16449154,32.52010593,-8.69439243
5.03198944,32.00017408,-8.33376548
5.04483731,32.01760598,-8.67690435
5.91277402,31.52025834,-8.31530844
5.93615169,31.54907360,-8.64101857
-8.99039548,17.35701745,-9.52660564
-9.03087930,17.47053740,-9.10246578
-10.10802139,17.87511370,-9.70956262
-10.15750756,17.96022177,-9.30284326
-11.15658023,18.43349208,-9.88515939
-11.20188116,18.48681682,-9.50265692
-12.10818167,19.01436200,-10.04775125
-12.13004686,19.03860423,-9.69513432
6.25286717,17.49933701,-8.08690510
6.21848753,17.41116380,-8.48437112
6.74174152,17.80821559,-8.26663366
6.73261483,17.73261919,-8.64743589
7.29870784,18.18998593,-8.48785368
7.32132522,18.13107211,-8.84799311
7.97218221,18.64916058,-8.72787159
8.02801897,18.60984412,-9.06656156
-13.40496975,29.51050318,-9.85217317
-12.88905390,30.05173284,-9.65337575
-13.35168444,29.44859183,-9.46082541
-12.83835206,30.00074500,-9.25184740
-12.39666203,30.60069885,-9.47731414
-12.34920431,30.55673745,-9.06695762
-11.92081919,31.14513207,-9.32613041
-11.87585094,31.10251745,-8.90481666
7.54575498,30.11705962,-8.41414787
7.07755863,30.41869739,-8.35849864
7.58636717,30.16790823,-8.73082050
7.11191256,30.46315306,-8.67646040
6.66179993,30.75967393,-8.32894862
6.69160905,30.79807522,-8.64871182
6.27828217,31.12940404,-8.31759398
6.30467652,31.16270734,-8.64035147
-12.58394025,19.47992400,-10.12221055
-12.59171786,19.48273026,-9.77910142
-13.06395226,19.93080508,-10.20143688
-13.05420631,19.91580824,-9.86938798
-13.56445562,20.35857683,-10.28371682
-13.53535481,20.33013603,-9.96412958
-14.09990013,20.75181983,-10.37035025
-14.04955237,20.71506265,-10.06328545
8.34641725,19.10058384,-8.84744336
8.41569922,19.07768645,-9.18103755
8.77444556,19.57253835,-8.96730364
8.85536316,19.56470456,-9.29537642
9.27115648,20.06647368,-9.08693720
9.36186753,20.07319942,-9.40786896
9.85228050,20.58687725,-9.19992810
9.94845033,20.60542361,-9.51228239
-14.23264184,21.39543176,-10.39064831
-14.17134512,21.34008088,-10.07649097
-14.37333415,22.03349267,-10.40866234
-14.30175783,21.96409182,-10.08898499
-14.52184347,22.66501406,-10.42588231
-14.44069899,22.58493498,-10.10030918
-14.68001366,23.29007219,-10.44417920
-14.58970543,23.20221681,-10.11287661
9.83525772,21.36206408,-9.21211562
9.94128620,21.39270888,-9.53497096
9.83512328,22.14366334,-9.20872675
9.95121081,22.18530472,-9.54202865
9.85327110,22.93170325,-9.18951255
9.97873440,22.98296349,-9.53382592
9.88872352,23.72648002,-9.15535842
10.02284011,23.78636356,-9.50977217
-14.53992866,24.13842109,-10.40555255
-14.45516414,24.03983361,-10.05665912
-14.40894141,24.99961973,-10.35261559
-14.33001472,24.89716890,-9.98677828
-14.28707404,25.87661173,-10.28844927
-14.21078179,25.77507181,-9.90616203
-14.17042165,26.77019877,-10.21717885
-14.09506513,26.67425297,-9.82622840
9.48921746,24.66067787,-9.04137836
9.61946372,24.72966536,-9.41283206
9.12414165,25.58996528,-8.92015460
9.24605108,25.66689377,-9.29844270
8.79624365,26.51339026,-8.80106131
8.90788615,26.59722866,-9.17734557
8.51062633,27.44181029,-8.69245353
8.60965533,27.52800704,-9.05705651
-13.98111878,27.43874499,-10.12169155
-13.91153115,27.35068739,-9.72479997
-13.79020693,28.12085514,-10.02731523
-13.72656026,28.04167853,-9.62955289
-13.59683652,28.81227730,-9.93582903
-13.53893678,28.74226446,-9.54065399
8.22063136,28.07591101,-8.59741412
8.30266353,28.15738576,-8.95059848
7.96500785,28.72878711,-8.51727594
8.03094315,28.80243995,-8.85884009
7.74133317,29.40727711,-8.45544731
7.79293719,29.46996997,-8.78386009
2.30955857,33.52793185,-7.94509340
3.27116528,33.03135510,-7.94070569
4.16261412,32.51275982,-7.95663232
5.02339010,31.99293749,-7.97392443
5.89463195,31.50027037,-7.97995485
3.75998294,17.18408929,-7.54257226
4.35339437,17.20501088,-7.49059912
4.88815260,17.22569230,-7.46029517
5.38360448,17.25952216,-7.46548988
5.85762679,17.32185016,-7.52129528
7.51557325,30.07576953,-8.09908597
7.05199274,30.38359729,-8.04053439
6.63910016,30.73029674,-8.00617527
6.25802146,31.10537251,-7.98895872
7.93541028,18.68307973,-8.33753348
8.29328497,19.11948967,-8.46557110
8.70660336,19.57689659,-8.59583264
9.19019856,20.05801123,-8.72573046
9.76329127,20.56680205,-8.85222047
9.73545322,21.33035351,-8.85178173
9.72599970,22.10153508,-8.83567567
9.73498565,22.88039153,-8.80600560
9.76256464,23.66737395,-8.76484636
-14.01721594,20.66587288,-9.71315385
-14.12814347,21.27247713,-9.71615271
-14.24804306,21.88176091,-9.72042446
-14.37738906,22.49248644,-9.72703440
-14.51657922,23.10305253,-9.73589982
9.37117684,24.59348066,-8.63949019
9.01775246,25.51462915,-8.51958449
8.70362180,26.43354760,-8.41408623
8.42998017,27.36045775,-8.32342401
-14.38726193,23.93326822,-9.65543212
-14.26521683,24.78934734,-9.56622614
-14.14719232,25.67202478,-9.47786840
-14.02959329,26.57928520,-9.39776654
8.15565951,28.00132063,-8.24290763
7.91388811,28.66325893,-8.17660818
7.70182849,29.35328634,-8.12738082
-13.85058252,27.26492749,-9.29607066
-13.67001314,27.96486471,-9.20515578
-13.48790848,28.67430530,-9.12383737
-13.30501184,29.38856693,-9.05003100
-1.89791499,33.97953433,-8.07475028
-0.79136488,33.74718636,-7.96000858
0.27427060,33.60576616,-7.90051043
1.31449742,33.54581975,-7.90335517
0.33331166,17.74423175,-7.76048407
1.30421432,17.72008148,-7.67752418
2.20244577,17.59771004,-7.61358092
3.02117986,17.41013902,-7.56975600
-0.69023348,17.71777311,-7.82794942
-1.73635286,17.56472386,-7.88132949
-2.78399496,17.30201564,-7.93099976
-3.83656921,16.97014027,-8.00588750
-2.98380072,33.80894243,-8.15181888
-4.15034438,33.73297589,-8.21819938
-5.38578452,33.73347399,-8.25585680
-6.66104498,33.76604957,-8.26079081
-7.86939780,33.36847345,-8.15094323
-9.07655801,32.92795695,-8.08407806
-10.24558664,32.34628051,-8.11644891
-11.37846260,31.57116019,-8.29913501
-4.79740722,16.89355861,-8.02767368
-5.79376711,16.87529758,-8.08706841
-6.84273433,16.96659590,-8.19945084
-7.94731962,17.17787436,-8.37273470
6.30792248,17.56646251,-7.63723062
6.77516989,17.86847259,-7.82726826
7.29983580,18.23925745,-8.07117628
-9.09187344,17.59854203,-8.56433727
-10.23510864,18.06036496,-8.77444334
-11.27821779,18.55134412,-9.00513336
-12.18011870,19.06586220,-9.25484488
-12.62545025,19.48528218,-9.35772458
-13.06842063,19.89649345,-9.47002454
-13.52639539,20.29308671,-9.58918849
-12.79558702,29.94914430,-8.82989185
-12.30995002,30.50784590,-8.62950282
-11.83982619,31.05132038,-8.45083422
-0.57635907,31.86718714,-1.54322949
-1.46193575,31.93928747,-1.45304195
-0.11606458,31.74490688,-0.30938898
-1.04874255,31.80897954,-0.16190798
-2.43273015,31.87002501,-1.45794863
-2.12719654,31.74603620,-0.11660991
0.20754614,31.87848062,-1.68682476
0.65813939,31.75406683,-0.50265762
-3.50903457,31.90593055,-1.56971516
-3.34157335,31.77822998,-0.20041887
0.91956824,31.95648014,-1.86667522
1.32702123,31.82474225,-0.72316137
-4.70016563,32.05274793,-1.78435286
-4.65633751,31.91168266,-0.44519719
1.58970281,32.08382605,-2.06203546
1.93805188,31.94932536,-0.95340254
-6.01061948,32.30877549,-2.01781744
-6.04747369,32.13343895,-0.75480463
-7.24551126,32.16795496,-2.17874743
-7.30004646,31.94827437,-0.99431278
2.21808925,31.82126012,-2.22850675
2.50674760,31.72046111,-1.13836602
2.83314150,31.56114970,-2.38252039
3.06898610,31.51257711,-1.29190605
-8.51168205,31.97874074,-2.28439210
-8.54649117,31.70604151,-1.16248668
-9.73816077,31.64010466,-2.33037947
-9.72528401,31.32212343,-1.24279642
3.44827874,31.29179969,-2.52392086
3.64557542,31.31713708,-1.41353607
-10.85880391,31.10973417,-2.30345236
-10.79879856,30.77554922,-1.20770684
4.09564850,31.02029328,-2.65453616
4.26767036,31.13878836,-1.50522727
-11.51163055,30.52269235,-2.27903665
-11.47208880,30.17753301,-1.17280801
4.55624163,30.70573121,-2.75909738
4.73738941,30.87863301,-1.60632718
-12.14612707,29.86409265,-2.21674605
-12.13015728,29.51724766,-1.07354752
5.07858019,30.41004874,-2.85426256
5.28253339,30.64075116,-1.68579983
-12.80623431,29.16001914,-2.11722344
-12.82603419,28.81857181,-0.91474742
5.69805226,30.15470831,-2.94041926
5.95061241,30.45195116,-1.72974247
-13.55314645,28.44088950,-1.98709754
-13.63278587,28.10635313,-0.72315618
6.46409367,29.97116552,-3.01255767
6.80425422,30.35162880,-1.72167290
6.83918934,29.14751729,-3.01462895
7.19144437,29.50769987,-1.71066339
-13.75101731,27.33907777,-1.95802256
-13.85242172,27.02599787,-0.67792812
-13.96903579,26.22904881,-1.93461620
-14.09083558,25.92805147,-0.64415116
7.29648140,28.38057846,-3.00746645
7.65826584,28.71701710,-1.69157850
-0.84908101,32.24032317,-2.47903714
-1.72871558,32.33611239,-2.42242557
-2.65561235,32.23859735,-2.42876821
-3.67523572,32.23934289,-2.51014797
-0.03843250,32.22302659,-2.58012139
0.72745215,32.27047382,-2.71007122
-4.81168972,32.35066332,-2.65600389
-6.07616490,32.58671858,-2.81415912
1.46518181,32.36771824,-2.85662301
-7.29284152,32.43739601,-2.91753836
2.16477310,32.05054195,-2.97694228
-14.20149078,25.11343591,-1.92492331
-14.34337349,24.81189193,-0.62765423
7.83559742,27.67128227,-2.97688638
8.20383023,27.98686075,-1.65766741
2.84176789,31.73401191,-3.09390684
-8.56130077,32.25560822,-2.98968332
-9.80934481,31.93250167,-3.02675258
3.50842156,31.40617391,-3.20874484
-10.95637494,31.40584795,-3.02002024
4.20316351,31.07859039,-3.32278119
8.44439975,27.02015880,-2.90634124
8.80585295,27.30721971,-1.60537730
-14.44289032,23.99765188,-1.93650634
-14.60218747,23.68036109,-0.63806792
-11.58202269,30.82918441,-3.01419752
4.66752636,30.73825635,-3.40161433
-12.19469427,30.18172230,-2.99150182
5.18753737,30.41849555,-3.48281367
9.12220019,26.17912643,-2.67024573
9.50915617,26.44520742,-1.30657603
-14.61589795,22.54749070,-1.87310178
-14.80576307,22.20798867,-0.51369951
-14.77796320,21.12353008,-1.84325639
-14.99263893,20.73944111,-0.42372048
9.77830755,25.34197206,-2.39286250
10.14487242,25.51443454,-1.00496859
-12.83087561,29.48576472,-2.95048571
5.79260361,30.13671662,-3.57114974
10.36716645,24.44576562,-2.09178357
10.69138860,24.46749741,-0.70127209
-14.94278737,19.75438030,-1.82987284
-15.17475475,19.31209179,-0.35761176
-13.53928828,28.77134534,-2.89661919
6.52303268,29.91751669,-3.67170861
-15.12656414,18.45683945,-1.81526676
-15.36520372,17.94527199,-0.30164625
10.88759390,23.45649897,-1.77325170
11.18503341,23.31082099,-0.38119938
-13.72299840,27.66938790,-2.87349740
6.88608282,29.10051441,-3.67642652
10.70967751,22.55088526,-1.67767544
10.95244327,22.36026254,-0.30372897
-14.73559860,17.54541721,-1.90624818
-14.79680722,16.99499327,-0.36616538
-14.42659711,16.69455709,-1.99572256
-14.33338109,16.11421237,-0.44125685
10.57184346,21.66458270,-1.57442527
10.76530111,21.42171031,-0.22057957
-13.93041778,26.56739856,-2.85423249
7.32263478,28.33346922,-3.67947042
-0.95100443,32.60285421,-3.20535723
-1.85872836,32.72660365,-3.17417503
-2.78690367,32.59955448,-3.17572987
-0.09472267,32.55438321,-3.27078983
-3.80000418,32.56574674,-3.22901770
-14.18300804,15.90657279,-2.07032765
-13.97048350,15.31085768,-0.50982201
10.46800304,20.78813884,-1.46343680
10.61978564,20.48746323,-0.13051719
0.73118857,32.57305250,-3.36096585
-4.92443603,32.64343794,-3.32761464
-14.15737200,25.47051188,-2.84950167
7.83160641,27.61425440,-3.66610817
1.53415643,32.64486503,-3.46832345
-6.17113187,32.85326392,-3.43724837
-7.38162920,32.68024770,-3.49623637
2.29831737,32.28407531,-3.54572691
10.39411181,19.91299658,-1.34636629
10.51333525,19.54990745,-0.03075546
-13.99174180,15.17939115,-2.12542749
-13.69682992,14.57662562,-0.56300268
-8.65155157,32.48394247,-3.54215211
3.02576200,31.92162921,-3.63053751
3.73311706,31.54470854,-3.72277787
-9.90560690,32.15101746,-3.57062037
8.40393746,26.94327572,-3.61505401
-14.40006762,24.38474608,-2.86690661
9.94888085,19.56674823,-1.40641357
10.04563587,19.25431970,-0.10686874
-13.48662951,15.05510915,-2.19587738
-13.15231474,14.48644113,-0.64656135
-11.05961876,31.60591965,-3.57885334
4.47012166,31.17192766,-3.82442574
9.56396873,19.21757160,-1.45091170
9.64373962,18.95201112,-0.17035348
-13.01920996,14.97425458,-2.24289678
-12.68207741,14.43164574,-0.71111198
-11.64921763,31.03443538,-3.58621737
4.93007731,30.81161973,-3.89034912
-12.57471007,14.93656775,-2.25771092
-12.26431357,14.40617446,-0.75241703
9.22086455,18.86621631,-1.47973270
9.28990434,18.64091296,-0.22352926
-14.59064498,22.96453875,-2.84875211
9.03473094,26.05720634,-3.43393636
8.90555377,18.51368538,-1.49639002
8.97014180,18.31873515,-0.26306483
-12.14315965,14.93802722,-2.24259030
-11.87384331,14.40072529,-0.76877220
5.44109166,30.47241098,-3.96678366
-12.23188407,30.39779644,-3.59075877
8.37847162,18.18034041,-1.55251509
8.46684332,18.04034954,-0.35220307
-11.42042317,15.19814892,-2.17386177
-11.24200522,14.61490656,-0.75969554
9.66429210,25.19419821,-3.21093135
-14.78478964,21.57324324,-2.87182987
-10.66518211,15.50355946,-2.06556955
-10.56313564,14.85292257,-0.71823527
7.86268991,17.84848075,-1.58565000
7.98445540,17.73586684,-0.41310517
6.02746581,30.16836418,-4.06195983
-12.83702795,29.71455574,-3.59361668
-9.83366236,15.79381081,-1.96983615
-9.77710030,15.09893942,-0.68984622
7.33678253,17.52339855,-1.60304990
7.49839207,17.41025721,-0.45075922
-14.98551321,20.23058858,-2.92561634
10.25002985,24.31252266,-2.96734333
-8.88138236,16.01854298,-1.92055162
-8.84746929,15.32549070,-0.69268259
6.78379377,17.20752354,-1.61060382
6.98932671,17.06584436,-0.46454192
6.72068955,29.91946525,-4.18011660
-13.50224510,29.01092061,-3.60090546
10.77711784,23.37904181,-2.71563867
-15.20188907,18.96121688,-2.98586283
-5.44707663,17.06208856,-1.82840005
-4.40814963,17.18005045,-1.80004126
-5.40739818,16.47833339,-0.66312921
-4.39974551,16.62507605,-0.63791709
3.73610935,17.14055366,-1.71213515
4.53822983,17.18175222,-1.69342892
3.99673546,16.81824929,-0.45080556
4.83057899,16.90465974,-0.46974492
-3.28514755,17.37194712,-1.80855697
-3.32225644,16.86300406,-0.65698834
2.77083177,17.23956850,-1.76612033
2.94273748,16.88898800,-0.49580132
-6.55869677,16.80943653,-1.86506362
-6.50666515,16.20422805,-0.68888162
5.32141623,17.19290906,-1.67183656
5.60895818,16.97186907,-0.48578076
6.07407609,17.19405378,-1.64519415
6.32983871,17.02293038,-0.48633867
-7.72446687,16.45021661,-1.89402985
-7.67732780,15.80789630,-0.69681027
1.79800729,17.31453031,-1.80929465
1.86325360,16.94979668,-0.54489003
-2.22248658,17.46427653,-1.82552157
-2.29849122,17.00394284,-0.66993972
0.81541080,17.38382032,-1.83802265
0.79133880,17.01251983,-0.60046363
-1.19132242,17.48292654,-1.84235474
-1.28360721,17.06782343,-0.67137884
-0.17877378,17.45181324,-1.85197963
-0.25469995,17.07415425,-0.65471522
7.06378764,29.10514118,-4.18709394
-14.91899688,18.05683074,-3.07592425
10.65733291,22.48304017,-2.60578946
-13.68387590,27.94735820,-3.57930646
-14.68678617,17.21339229,-3.16338713
10.56824068,21.61043701,-2.49285984
7.47098856,28.33590297,-4.19608695
-13.89186225,26.89075918,-3.56782768
-14.49389014,16.43298033,-3.23934678
10.50436483,20.75352229,-2.37735750
-0.94607255,32.92053219,-3.87610735
-1.90184950,33.06434154,-3.86770036
-2.85742142,32.90903823,-3.86419661
-0.03128459,32.85458229,-3.91316959
-3.89229089,32.84590905,-3.89804568
-14.12150783,25.84610521,-3.57429704
7.94037423,27.60849584,-4.19093123
-5.02933145,32.89475922,-3.96411732
0.86135257,32.86174860,-3.97216135
-14.33324316,15.71485910,-3.30231355
10.46211055,19.90480743,-2.26289586
1.72876416,32.92277347,-4.04908909
-6.27549574,33.07101861,-4.03848099
2.55367015,32.53165447,-4.09114582
-7.48889313,32.86524827,-4.05725904
-14.36864734,24.81893373,-3.60524278
3.32345505,32.12671068,-4.15140055
8.46474395,26.92154381,-4.15248663
-8.75949930,32.63841871,-4.07516827
10.02550119,19.50423442,-2.27444587
-13.82151381,15.54887715,-3.32485047
4.06761782,31.70364688,-4.22916501
-10.00811210,32.27428981,-4.09181472
-13.33157581,15.42844238,-3.32783163
9.64197137,19.11398560,-2.27749622
-12.85104368,15.35198678,-3.30661885
9.29552119,18.73396050,-2.27225464
4.84574568,31.28875988,-4.32859647
-11.15573026,31.68706504,-4.11245402
9.03825902,25.99485665,-4.00106929
-14.57654220,23.47199982,-3.61012309
8.97453429,18.36277050,-2.26198849
-12.37239795,15.32021994,-3.26190105
-11.70588415,31.11747513,-4.13261097
5.29584698,30.91050246,-4.39147580
8.41463090,18.00663435,-2.27426881
-11.53556297,15.54674779,-3.13605974
9.62239283,25.09276645,-3.81730519
-14.79361147,22.15658656,-3.65638730
-10.66526044,15.84008122,-2.97428607
7.86694029,17.67293249,-2.27677088
5.79070770,30.55231476,-4.47256360
-12.25380748,30.48995154,-4.16185051
7.31108216,17.36420889,-2.27449526
-9.74646968,16.12733564,-2.81874261
-15.01577205,20.88415190,-3.74009477
10.18205391,24.18944227,-3.62335513
6.73125616,17.08040054,-2.27145750
-8.74933117,16.33549345,-2.70507437
-12.82210622,29.82065455,-4.20505023
6.34901054,30.22534099,-4.57928246
-7.59675106,16.71266440,-2.61273527
6.00924185,17.08800877,-2.29614869
-6.44312037,17.02604209,-2.53372785
5.25561400,17.11477991,-2.32190514
-5.33585401,17.24149586,-2.46602260
4.48281828,17.13290180,-2.34861459
-4.29112730,17.32455282,-2.42397366
3.70302634,17.11564156,-2.37722829
2.78149376,17.25044734,-2.43454264
-3.15895362,17.49104598,-2.42590916
-2.08648154,17.55949463,-2.44936405
1.85579556,17.35028709,-2.47962021
10.70145129,23.26212032,-3.43750883
-15.24590395,19.67703504,-3.84420908
0.91335337,17.43275396,-2.50305177
-1.05424401,17.55651016,-2.47914480
-0.05401003,17.50520671,-2.50243933
6.99453992,29.94475660,-4.71164886
-13.43842292,29.13105259,-4.26990496
10.62702708,22.37276572,-3.32214226
-15.02832580,18.81629515,-3.90282766
7.30871092,29.13185942,-4.71805637
-13.62867149,28.13964463,-4.25978791
-14.84347494,18.01042676,-3.96792563
10.57647759,21.50716401,-3.21076839
-13.84226236,27.15716463,-4.26427968
7.67579387,28.35920466,-4.72668043
10.54502441,20.65981488,-3.10394038
-14.68382963,17.26044409,-4.03276228
-14.07476169,26.18890579,-4.28864908
8.09438318,27.62488065,-4.72190864
-1.90825860,33.35595368,-4.68078789
-2.90495963,33.17218756,-4.67497555
-0.89231264,33.20304216,-4.65989122
10.52959543,19.82578874,-3.00246507
-14.54479966,16.56455713,-4.09296936
-3.97532714,33.08150853,-4.69238621
0.09143107,33.13331430,-4.66352680
1.05884401,33.14381061,-4.69021474
-5.13518111,33.09967189,-4.72959959
-6.38392287,33.22764311,-4.77131575
1.99279902,33.20398670,-4.74110390
-14.32149098,25.24019313,-4.33623844
8.55847511,26.92555891,-4.68817508
-14.04317724,16.34742681,-4.07010543
10.09375611,19.38802965,-2.96469329
-7.60065163,32.97629216,-4.74026071
2.87767669,32.79081371,-4.74934710
9.70802874,18.97161502,-2.92802233
-13.55535011,16.16675438,-4.03846524
-8.86483522,32.70333872,-4.72171350
3.68837178,32.34548280,-4.79169318
-13.07036613,16.02488535,-3.99602668
9.35853416,18.57364811,-2.89325442
9.06404682,25.96505236,-4.55305374
4.47062294,31.87907093,-4.86587111
-14.53649041,23.99881594,-4.35129697
-10.09665992,32.28806082,-4.72309131
9.03453829,18.19188714,-2.85909086
-12.57783470,15.92240939,-3.93865769
5.28683978,31.42251236,-4.98096478
-11.23047577,31.63913693,-4.76282590
-11.67019962,16.04249965,-3.79006445
8.45292665,17.82513488,-2.83244474
9.58564374,25.02761806,-4.39714366
-14.75934568,22.79030682,-4.40082703
-10.70203858,16.24835034,-3.61247435
7.88883714,17.49557983,-2.80868273
5.71680490,31.02533135,-5.05304545
-11.74177789,31.07198475,-4.80372587
-9.69049611,16.47005185,-3.43074619
7.32121886,17.20309388,-2.78995126
10.09681567,24.09833231,-4.24473597
-14.98420129,21.62478284,-4.48358973
6.17995912,30.64461258,-5.14822684
-12.25428495,30.45660358,-4.86828691
-8.63665245,16.61876681,-3.27848262
6.73424991,16.94521418,-2.77929545
-7.47346919,16.91083320,-3.13886343
6.02592704,16.96215586,-2.79257388
-6.31782452,17.15212702,-3.02154543
5.29092808,17.00292193,-2.81239407
4.53890675,17.03736277,-2.83884645
-5.20525084,17.30966955,-2.93139579
-4.15053605,17.34824647,-2.88222310
3.77978726,17.03686596,-2.87098200
-3.00918529,17.49248152,-2.88562966
2.88773262,17.20207423,-2.92891908
-15.20841581,20.51697130,-4.59446002
10.58413958,23.16481973,-4.11732104
-1.92692362,17.54808488,-2.91924920
1.98837164,17.32264103,-2.97633867
-12.78382958,29.80701493,-4.96397279
6.68990996,30.28922318,-5.26715818
-0.88943686,17.53737801,-2.96184808
1.06595995,17.41186625,-3.00108559
0.10875312,17.47918529,-2.99454111
7.26610269,29.97238194,-5.40447203
-13.35009699,29.14161829,-5.10041757
10.54056405,22.28767346,-4.00798042
-15.04380900,19.72314683,-4.60914953
7.53795279,29.16540893,-5.40334719
-13.55147094,28.24380082,-5.11434390
10.51516238,21.43422045,-3.90649623
-14.89960245,18.96872984,-4.63797423
7.85132970,28.39571237,-5.40497547
-13.76890277,27.35473301,-5.14588727
-14.77157853,18.25879381,-4.67811322
10.50411288,20.60129599,-3.81572012
-13.99786467,26.48077750,-5.19651544
8.20598426,27.66211431,-5.39593331
-14.65683260,17.59179558,-4.72567296
10.50452014,19.78637876,-3.73571202
-0.83033330,33.44551036,-5.83583115
-1.90470586,33.60937474,-5.90304351
-2.94677773,33.40737852,-5.90930474
10.07367531,19.31598451,-3.64595109
-14.18615052,17.31731810,-4.65235381
-4.05821888,33.29993958,-5.92341608
0.21831509,33.37371038,-5.80041861
-14.23364165,25.62726461,-5.26706505
8.59649975,26.95991857,-5.36771606
1.25262257,33.38918093,-5.79954927
-5.24318578,33.28855035,-5.93571361
9.69308443,18.87504595,-3.57086459
-13.72259865,17.06915650,-4.58718850
-6.49068456,33.35080391,-5.94062725
2.24231910,33.44485879,-5.83954635
-7.70048295,33.02947597,-5.83752864
3.18094386,33.01059088,-5.82847457
9.34864895,18.45982090,-3.50664006
-13.25472809,16.85119873,-4.52459972
9.01801709,25.98154182,-5.24965299
-14.44076798,24.51163219,-5.28108430
4.03134367,32.52587046,-5.87190384
-8.94079664,32.68643704,-5.76734591
-12.77214664,16.66715960,-4.46043881
9.02991587,18.06625563,-3.45113989
-11.83337167,16.64496455,-4.30428830
8.44677511,17.68348423,-3.38417472
4.84575621,32.01571921,-5.96064026
-10.14215555,32.20067962,-5.75889380
9.45633739,25.02528045,-5.12518104
-14.65027750,23.42993237,-5.32079527
-10.79015657,16.72150586,-4.13519723
7.88568249,17.35149553,-3.33333196
5.67943491,31.51234649,-6.09414109
-11.26231695,31.48887187,-5.85789589
-9.68427447,16.83042962,-3.95834570
7.32444549,17.06715475,-3.29899806
-14.85791372,22.39111494,-5.38877264
9.89241536,24.08439294,-5.01918109
6.74676346,16.82616497,-3.28109974
-8.56124263,16.87542860,-3.79074938
6.07016689,31.09772042,-6.16440560
-11.74118752,30.94230272,-5.95820519
-7.37464058,17.04199507,-3.62094115
6.07104904,16.83756107,-3.28246075
5.36919698,16.87713837,-3.29591764
-6.20712373,17.17864087,-3.47689944
4.64642310,16.91632336,-3.32026525
-5.08340115,17.25934998,-3.37231451
6.48270152,30.69888732,-6.24692318
-12.22375430,30.36337969,-6.10645898
3.90965714,16.92617786,-3.35478610
-4.01597211,17.25039609,-3.32444757
-15.06113098,21.40334821,-5.48738027
10.31831460,23.15536106,-4.95309949
-2.86401316,17.38386397,-3.33502155
3.04128831,17.11551660,-3.40951590
-1.76966666,17.44547960,-3.38356803
2.15795612,17.25254967,-3.45883004
1.24323066,17.34457428,-3.48694511
-0.72124744,17.44712824,-3.43949299
0.28444166,17.39811051,-3.48026291
-12.72002170,29.76375474,-6.30715488
6.93014356,30.32522717,-6.34227500
10.28519153,22.30461382,-4.86253744
-14.94311118,20.69032248,-5.45080721
-13.24071763,29.15566317,-6.56007373
7.43014932,29.98913988,-6.44931460
-14.83779233,20.00071844,-5.43870352
10.26626181,21.47720377,-4.78443229
7.65098475,29.20986411,-6.44233721
-13.44092413,28.36505128,-6.61752465
-14.74106627,19.33955812,-5.44784679
10.25856311,20.67295599,-4.72025262
-13.64661075,27.58111130,-6.68390236
7.89977044,28.46602676,-6.44672537
10.26003207,19.89120016,-4.67138673
-14.65010166,18.71016509,-5.47573832
-13.85430692,26.80962760,-6.76213739
8.17644379,27.75658419,-6.45619731
-14.23106811,18.38713038,-5.32568436
9.84044082,19.38892540,-4.52421062
8.47702573,27.07729775,-6.46752219
-14.06103153,26.05641683,-6.85568502
-13.81138479,18.07573113,-5.20485605
9.47557496,18.92188074,-4.40620973
-13.37956516,17.78282644,-5.10562407
9.14872339,18.48634694,-4.30930162
8.78580659,26.11952942,-6.41964743
-14.23324755,25.06897128,-6.86976727
-12.92516794,17.51447229,-5.02199653
8.84787760,18.07762803,-4.22920772
8.29510418,17.66404763,-4.10899308
-11.99288156,17.32415335,-4.84846817
-14.40282474,24.11475037,-6.91031292
9.11281459,25.18570488,-6.38168103
-10.89932258,17.23813888,-4.69725884
7.76557417,17.31631365,-4.02092231
7.23536682,17.02962253,-3.96422240
-9.70271992,17.19662153,-4.54908044
9.45203455,24.26947192,-6.37185803
-14.56712398,23.20031178,-6.98300853
6.68794894,16.79762836,-3.93745470
-8.50398745,17.09879477,-4.39093194
6.06668029,16.79050549,-3.92724836
-7.29169855,17.09862236,-4.21011822
-6.11351003,17.09689983,-4.05641684
5.41726506,16.81667626,-3.93678360
4.74044814,16.85039664,-3.96237359
-4.98470791,17.08887478,-3.95322348
9.80790898,23.36707775,-6.40681738
-14.72587901,22.33045132,-7.09063918
-3.91268939,17.04924699,-3.92214808
4.03792257,16.86479897,-4.00209188
3.19822919,17.06818088,-4.04871278
-2.75643306,17.20483339,-3.94538830
-1.65112912,17.31248848,-4.01026968
2.32700955,17.21722020,-4.09525502
1.41075082,17.30953479,-4.12596046
-0.58566480,17.36049853,-4.07817173
0.43870026,17.34302789,-4.12352551
9.76074606,22.56604725,-6.37531946
-14.62202745,21.70649282,-7.01878505
-14.52696436,21.09583814,-6.97499597
9.73126273,21.78381788,-6.35542979
-14.43614615,20.50095691,-6.96125951
9.71887708,21.02000565,-6.34782417
9.72359073,20.27400296,-6.35252797
-14.34637587,19.92329113,-6.97727591
9.27021981,19.76993759,-6.15291528
-13.98009489,19.58444434,-6.68709096
-13.61852817,19.23480856,-6.44560316
8.89896144,19.29569738,-5.98512279
-13.24229960,18.88321177,-6.25206736
8.58213705,18.84901203,-5.84254424
8.30145979,18.42748488,-5.72195263
-12.83579645,18.53826765,-6.10338961
-11.96422480,18.15840827,-5.84204216
7.80246271,17.97345749,-5.49438974
-10.86529512,17.85817174,-5.69188071
7.34100900,17.59135389,-5.31827657
6.87898865,17.28449149,-5.20158217
-9.61154337,17.60399337,-5.59306339
6.39661557,17.04750570,-5.14477086
-8.36716996,17.31893719,-5.47419055
5.86219004,17.01080533,-5.11414643
-7.16583692,17.14330778,-5.31128652
-6.01573425,17.02220935,-5.19329100
5.29727087,17.01329440,-5.12097830
4.69734521,17.03176170,-5.15576969
-4.92186696,16.97217776,-5.14403590
-3.88198659,16.96812338,-5.16764003
4.05535394,17.04234644,-5.21107240
3.26476278,17.24657627,-5.24188606
-2.75031914,17.19428725,-5.18828113
-1.64682227,17.38443341,-5.24264540
2.41065700,17.40324485,-5.27772456
-0.56157969,17.49896721,-5.29438795
1.48680124,17.49914569,-5.30886154
0.49100891,17.51921005,-5.32344615
-0.82134969,31.95266085,0.59373954
-1.97618417,31.87153600,0.68047095
0.15881447,31.91106501,0.42309057
-3.28530382,31.87916170,0.65975275
0.95051300,31.92718468,0.22601049
1.61795230,31.98745770,0.00774884
-4.68982878,31.98126622,0.47540633
2.21429526,32.09194820,-0.21810596
-6.14062668,32.15249029,0.20488137
-7.40594438,31.91536255,-0.02225786
2.76724507,31.86248984,-0.39000976
-8.63418141,31.62064210,-0.21406081
3.31855592,31.67168623,-0.51690258
-9.77896763,31.20138209,-0.33409670
3.89596565,31.51622710,-0.59584136
4.53319737,31.40000400,-0.62750535
-10.82667312,30.64571594,-0.32523428
5.03066067,31.18212610,-0.69808734
-11.51208082,30.04202891,-0.31625531
-12.19212244,29.38362510,-0.22989982
5.62044112,30.99558400,-0.73942512
6.35209792,30.86166287,-0.73913124
-12.92130262,28.68856976,-0.08310719
-13.77255013,27.97400895,0.08875938
7.28178149,30.80458481,-0.68457374
7.70095211,29.96243293,-0.64955694
-14.00550407,26.90350691,0.13776678
-14.25495162,25.81005146,0.16858891
8.17911801,29.14473944,-0.61890117
-14.51760238,24.69225431,0.17403170
8.70272233,28.35227480,-0.60213123
-14.78772078,23.55088110,0.14890086
9.24934010,27.57945197,-0.59824609
-15.03103988,22.06657828,0.29051484
9.89647037,26.59346740,-0.33190763
-15.26176305,20.57171871,0.38719520
10.45673595,25.52150330,-0.09341714
-15.48452800,19.10326952,0.44950561
10.94618644,24.35274578,0.14679753
11.41368978,23.10432905,0.41250812
-15.70446196,17.68621251,0.49219707
11.16761305,22.11490832,0.49165805
-15.06618679,16.66582653,0.44515937
10.96477508,21.13440750,0.56934875
-14.51777786,15.69639173,0.36955745
10.80410864,20.15670351,0.65233635
-14.07127033,14.80894196,0.29161353
10.68401820,19.17787556,0.74066771
-13.72563060,14.01058686,0.22086703
-13.11888562,13.86938843,0.14770691
10.21047476,18.86884440,0.69375669
9.80279811,18.55513210,0.65309068
-12.60229400,13.77816992,0.09155815
-12.15168622,13.72332363,0.05844405
9.44396566,18.23354361,0.61950516
9.12086767,17.90192412,0.59333167
-11.73713241,13.69315088,0.04454141
-11.08339802,13.86551391,0.06042137
8.63022703,17.61532178,0.52942282
-10.38285914,14.07100800,0.10149823
8.16452347,17.29846992,0.48539096
7.69850043,16.95173138,0.46304672
-9.57274392,14.30648286,0.13544027
-8.63651439,14.54970393,0.14706881
7.21038724,16.57716987,0.46085640
-4.30831592,15.93716805,0.31823368
-3.28736834,16.21425335,0.30144492
3.11405201,16.23633866,0.60134499
4.24643384,16.15908129,0.63690974
5.11022105,16.27994321,0.57634336
-5.26698038,15.77025738,0.27622073
1.93645526,16.32207796,0.54229093
-2.30983448,16.38823150,0.29854685
-1.32201451,16.47573241,0.31688654
0.78753064,16.41229486,0.45763229
-0.29299400,16.49261813,0.36300032
5.88960887,16.39296687,0.51894897
-6.32484799,15.47803221,0.23301626
-7.46774627,15.06142038,0.18980228
6.58763400,16.49397542,0.47509159
-0.80831515,33.57756216,-6.75460655
-1.90234005,33.76625222,-6.85218726
-2.96587197,33.57251845,-6.88753644
-4.10189479,33.47397258,-6.92233790
0.25674706,33.48375416,-6.70286634
1.30461729,33.47713424,-6.70287213
-5.30630545,33.46055653,-6.94074292
2.30476553,33.50804278,-6.75084938
-6.55948290,33.49734114,-6.93734425
3.25976768,33.04994976,-6.74489534
-7.76277475,33.12953269,-6.80480302
4.12876853,32.54522651,-6.78690077
-8.98241142,32.73585877,-6.71508334
4.96018061,32.02083363,-6.85922886
-10.16375429,32.20667061,-6.71963368
-11.28445068,31.47342691,-6.88102054
5.80377636,31.50969385,-6.95070445
-11.75210012,30.94798589,-7.02917735
6.17592478,31.09854227,-6.99527979
-12.22483348,30.39603093,-7.22612276
6.56637961,30.70493187,-7.04857860
-12.71017452,29.82573793,-7.46772046
6.98826395,30.33789161,-7.11568884
7.45895467,30.00956056,-7.20006131
-13.21769567,29.24666687,-7.74429691
-13.40918209,28.50220808,-7.82047658
7.65333459,29.25698646,-7.20823508
-13.60236288,27.76255864,-7.90101142
7.87142652,28.53959632,-7.23400156
-13.79533061,27.03270244,-7.99040478
8.11562266,27.85489497,-7.27305378
-13.98644974,26.31764939,-8.09385669
8.38654702,27.19813241,-7.32218767
-14.12891766,25.37822185,-8.13912796
8.65740513,26.26260772,-7.34414407
-14.26823910,24.46848534,-8.21093373
8.95949314,25.34538389,-7.38324960
-14.40491841,23.59427146,-8.30939241
9.29272856,24.43598895,-7.45101069
-14.54101021,22.75899746,-8.42882576
9.66280602,23.52891763,-7.55446229
9.62141320,22.74232225,-7.57617301
-14.41647724,22.15684425,-8.39174272
-14.30161819,21.56240706,-8.37159196
9.60047859,21.96835641,-7.60061195
-14.19384678,20.97819430,-8.37171642
9.59985675,21.20683123,-7.62603142
-14.09107846,20.40426846,-8.39157802
9.61975721,20.45716704,-7.64893243
9.09927349,19.96313831,-7.46944734
-13.68328804,20.06718481,-8.12430448
-13.30055635,19.71641108,-7.86961684
8.67462849,19.49723605,-7.30337467
-12.91939440,19.35724489,-7.64236952
8.31899940,19.05576618,-7.14996922
-12.51794296,18.99351739,-7.45624937
8.01261917,18.63557565,-7.01055814
-11.67345726,18.56123584,-7.08932706
7.47667350,18.19700690,-6.72136634
7.01367546,17.82430672,-6.47912835
-10.60496310,18.15790354,-6.88219825
-9.38573757,17.77844065,-6.76371856
6.57263049,17.52086253,-6.30787702
6.12356855,17.28070603,-6.21643741
-8.17879615,17.39983308,-6.63841001
5.63424736,17.23204372,-6.16935840
-7.02548323,17.18156803,-6.48041709
5.11665898,17.21815431,-6.17192347
-5.92645585,17.05760289,-6.39063634
-4.88267732,17.03440266,-6.37470282
4.56077214,17.21927670,-6.21038929
-3.88395413,17.07245564,-6.41452690
3.95228117,17.21583091,-6.27205836
3.19156849,17.42638983,-6.29439287
-2.78866644,17.34533564,-6.39719393
2.35145333,17.59506659,-6.32659591
-1.70426457,17.56983328,-6.40819571
-0.62379600,17.70372104,-6.41627647
1.43008503,17.70319652,-6.36561625
0.43139038,17.72721977,-6.40716548
