0.77403477,16.50117625,3.13628755
0.10125366,16.38989949,2.83631210
0.78906537,16.25355448,3.24679774
0.09709178,16.14969137,2.94013001
-0.49785623,16.27277156,2.57493308
-0.52254882,16.03900992,2.67217583
-1.07514539,16.12965135,2.36121923
-1.12330717,15.89920891,2.45362046
-1.67179996,15.94765310,2.19133378
-1.74820834,15.71966768,2.28352846
-0.20018445,28.54198641,2.48765207
0.19943926,28.53538862,2.65055723
-0.25163548,28.55795179,2.60187986
0.15626748,28.55242062,2.76667350
0.60694770,28.55196400,2.83868549
0.57178787,28.56855945,2.95812865
1.06708365,28.57032706,3.04232730
1.04031561,28.58654700,3.16524563
1.62128753,28.56966176,3.25588409
1.60385526,28.58698448,3.38221813
-2.16314416,16.02728835,2.10524361
-2.26110190,15.81543443,2.20054469
-2.63992211,16.12679466,2.04649160
-2.76064005,15.93189165,2.14739357
-3.11170381,16.19983409,1.98388192
-3.25878055,16.01643850,2.09166087
-3.61247042,16.19111524,1.89059589
-3.79095261,16.01017053,2.00437406
-1.95984956,27.80724819,1.88253163
-1.38643998,27.91591606,1.96216284
-2.05573331,27.81888485,1.99771611
-1.46616100,27.92967308,2.07384876
-0.92544659,28.06242614,2.08252965
-0.99364886,28.07629249,2.19413447
-0.54688595,28.27093385,2.25931928
-0.60588748,28.28508817,2.37144708
-3.85917923,16.51300057,1.82282943
-4.05193918,16.35158629,1.94490929
-4.19127934,16.71721390,1.74291940
-4.40480960,16.56467135,1.87118931
-4.62968959,16.88171475,1.68617947
-4.87214677,16.73094125,1.81829177
-5.17773358,17.07008849,1.65295144
-5.45481795,16.91954988,1.78572912
-5.42577837,17.38336434,1.62809455
-5.70920451,17.24751807,1.76243647
-5.84995677,17.66238146,1.61244355
-6.14161963,17.53836333,1.74291874
-6.48945100,17.91348004,1.59666648
-6.79031218,17.79787012,1.71649117
-7.29372202,18.16983427,1.54257935
-7.60042461,18.05913491,1.64466216
-4.85583276,27.35010717,1.32279149
-3.82004994,27.40694834,1.53057139
-5.01324836,27.34066210,1.42300291
-3.96137320,27.40583555,1.63798972
-3.01952348,27.49755330,1.66626303
-3.14245654,27.50105518,1.77943250
-2.42032057,27.63271768,1.77478990
-2.52722738,27.64023667,1.88908722
-6.85513671,19.00871971,1.46652928
-7.13788064,18.93235301,1.57585091
-6.74884332,19.77907318,1.36609196
-7.00981457,19.72564517,1.47210495
-6.97225953,20.57259414,1.26777650
-7.22812488,20.53268250,1.36640792
-7.50841500,21.42047199,1.13739183
-7.77424168,21.38628037,1.22681548
-6.84902684,22.21496600,1.14529129
-7.07796806,22.19477901,1.23946401
-6.41008302,23.02121377,1.12289488
-6.62181530,23.00587680,1.21664384
-6.04890789,23.85288576,1.07647825
-6.25659269,23.84238004,1.16825567
-5.67978499,24.69462724,1.01439195
-5.88856994,24.69097413,1.10501992
-5.33685628,25.30519992,1.06763519
-5.53869380,25.30248557,1.16206473
-5.03147716,25.92226598,1.13488253
-5.22342601,25.92094319,1.23186701
-4.85054685,26.58958073,1.21901455
-5.02741343,26.58701695,1.31739372
0.75147058,16.77585819,3.02159389
0.09054895,16.68553093,2.73649666
-0.48776736,16.56316547,2.48699558
-1.03923173,16.40503443,2.28115096
-1.60742701,16.20328440,2.11170827
-0.14556613,28.53219639,2.36600584
0.24460643,28.52480646,2.52802318
0.64480165,28.54402938,2.71430555
1.09851538,28.56341587,2.91543187
1.64407705,28.56262191,3.12514864
-2.06491408,16.29140225,2.02461768
-2.51741983,16.35020686,1.94978271
-2.96647517,16.38594254,1.87115577
-3.41754820,16.40268931,1.77813576
-1.86308699,27.79659662,1.76340922
-1.30432640,27.89973795,1.84979578
-0.85806921,28.04933187,1.97231532
-0.48671344,28.26024272,2.14357551
-3.68530955,16.65322781,1.69817913
-3.97217189,16.87969801,1.61130881
-4.33345363,17.08773519,1.53956585
-4.83683073,17.28142969,1.50113601
-5.10981560,17.55001146,1.48411439
-5.50410292,17.81000638,1.47916712
-6.03729252,18.07576595,1.47286843
-6.71686114,18.36173738,1.43829832
-4.57418507,27.26859676,1.23224739
-3.61047701,27.35060424,1.41993805
-2.87688335,27.47481800,1.54789095
-2.31365759,27.62699963,1.65430653
-6.44566685,19.11251188,1.35032484
-6.44069272,19.83862001,1.25977928
-6.68423570,20.61162555,1.17345051
-7.15573048,21.45091574,1.06095740
-6.55998914,22.22694617,1.05714452
-6.11502969,23.01870576,1.04249954
-5.72471702,23.82875880,1.00661643
-5.35985215,24.64954282,0.94788040
-5.04788799,25.26295712,0.99591961
-4.79279871,25.89430157,1.05164047
-4.62702801,26.55741368,1.12764575
1.62663812,16.26564378,3.55675172
1.59501707,16.52531673,3.44311333
2.60880714,16.26194652,3.84181784
2.56771054,16.53499274,3.72590578
3.70603222,16.21445316,4.10078676
3.66400364,16.50043667,3.98227313
4.85633738,16.10853296,4.34050004
4.81843013,16.40652321,4.21761344
4.73702651,27.80617593,4.09955211
3.79165549,28.00739710,3.87898089
4.71445434,27.78429172,3.96940128
3.77820714,27.98554549,3.74918313
2.96060984,28.21666238,3.68756099
2.95771233,28.19628885,3.55818181
2.23428321,28.41509400,3.52705515
2.24227699,28.39678344,3.39853269
5.77834948,16.30892183,4.51039508
5.74282911,16.60418582,4.38116811
6.66067206,16.53843995,4.65329996
6.62405031,16.82822728,4.51808941
7.52220466,16.73156383,4.76393558
7.47920718,17.01679637,4.62408453
8.39133464,16.79842810,4.85229111
8.33749644,17.08126511,4.70950023
8.45933324,26.24852781,4.32348564
7.39280057,26.50298079,4.26430844
8.40960152,26.24150936,4.21287036
7.35121954,26.49395523,4.15139038
6.40313140,26.85472020,4.22087418
6.36854708,26.84200758,4.10315076
5.51724952,27.29522119,4.16650222
5.48903119,27.27823521,4.04225632
9.08511695,17.31331618,4.83221123
9.02262782,17.57905817,4.68891891
9.81937298,17.62437239,4.81528579
9.74572396,17.87920706,4.67073184
10.59530337,17.82591632,4.81088767
10.50625584,18.07423791,4.66276421
11.39983207,18.01324029,4.81993037
11.29494843,18.25416769,4.66521639
11.83514412,18.39824419,4.77321463
11.72904949,18.61674874,4.61953149
12.32606159,18.68499622,4.78660131
12.21891402,18.88278335,4.63378621
12.88750910,18.86667103,4.88563241
12.78064395,19.04586624,4.73292335
13.50099314,18.99516335,5.06011579
13.39386342,19.15808339,4.90987532
12.01407866,26.02828828,4.89683727
11.02895267,25.91558218,4.58618216
11.94472853,26.02473745,4.77045756
10.96334084,25.91209875,4.46929670
10.10180609,25.91745727,4.41000526
10.04235094,25.91502966,4.30032833
9.24226374,26.03229989,4.33568507
9.18872416,26.02929650,4.22743873
13.29124812,19.99753659,4.86564402
13.19172010,20.12865422,4.72796003
13.24585324,20.78658137,4.81658687
13.15180889,20.89082051,4.68889637
13.38680521,21.43346428,4.91875758
13.29164242,21.51842249,4.79512601
13.74285149,22.02026827,5.15170543
13.63864274,22.09087464,5.02545889
13.24641661,22.74876833,5.00256073
13.15013909,22.79454857,4.88106804
12.91177445,23.33384232,4.91437460
12.81740085,23.36224451,4.79536149
12.68239937,23.85745466,4.85552832
12.58553766,23.87210168,4.73619713
12.50631224,24.36096221,4.80217218
12.40567168,24.36311568,4.68048135
12.29701903,24.70267968,4.78044463
12.20025254,24.70024775,4.65845963
12.11442169,25.05785222,4.76845653
12.02340994,25.05251010,4.64651029
12.00757452,25.47753021,4.79590901
11.92549058,25.47160487,4.67271121
1.54696588,16.84798928,3.32950810
2.51236209,16.87541006,3.61235822
3.61506100,16.84502487,3.86826803
4.78544737,16.74132712,4.10296779
4.69567972,27.76914808,3.83234515
3.77045136,27.96954500,3.61372416
2.96113623,28.18365580,3.42560816
2.25467794,28.38738585,3.26692056
5.70043503,16.97130465,4.25217278
6.58560892,17.16301432,4.37892738
7.43782242,17.31230047,4.48037857
8.27281962,17.41343406,4.55970536
8.36032555,26.23637338,4.09870775
7.30232153,26.48262377,4.03854043
6.33363076,26.83109946,3.98398389
5.46398999,27.26609742,3.91340597
8.96773067,17.81888895,4.55084641
9.66620447,18.15503486,4.52221461
10.39141587,18.41494848,4.48864430
11.16148427,18.59262726,4.48186960
11.60276098,18.88670018,4.45250849
12.06649065,19.12637592,4.46882938
12.56283557,19.32045312,4.54011639
13.10716272,19.47705032,4.67800414
11.76432128,25.93129802,4.59499945
10.82937068,25.85752443,4.32885379
9.95998215,25.89795553,4.18254434
9.13874090,26.02822546,4.11659734
13.00291959,20.32591035,4.55051739
13.01893154,21.01527392,4.54816739
13.16659799,21.61236317,4.66299805
13.46496401,22.17741532,4.87339239
13.00570529,22.84167204,4.74004591
12.65468803,23.38245897,4.64770347
12.38983854,23.86115020,4.57745508
12.20614477,24.32535760,4.52185035
12.02116164,24.65936102,4.50888153
11.88514830,25.02196738,4.51028220
11.79907129,25.43559016,4.53328523
1.21012081,28.36452702,2.25381486
1.70644363,28.35511583,2.44032886
1.28798535,28.24309792,1.82456418
1.75646358,28.22813240,1.99601139
2.26722832,28.17418209,2.57589897
2.28804930,28.04581411,2.12804548
0.80175463,28.34676784,2.07309152
0.90439874,28.22697413,1.65812191
2.92279792,27.96376133,2.73106872
2.91352518,27.83445929,2.28205543
0.44499931,28.32509019,1.90191045
0.57119013,28.20412801,1.49804879
3.68273623,27.74085675,2.91967329
3.64432312,27.61075067,2.47105076
0.09930962,28.32504789,1.75005612
0.25020220,28.20025638,1.35253949
4.56308871,27.52810151,3.14045483
4.49779931,27.39525560,2.69416640
-0.20828886,28.05708455,1.55064151
-0.04074734,27.93730287,1.16931018
5.31456263,27.05410612,3.26421213
5.24008126,26.94543892,2.84459761
-0.54231698,27.84826166,1.39289380
-0.35536297,27.73111172,1.02124335
6.17234490,26.64845426,3.38032840
6.09071286,26.56123979,2.99238499
-0.94208888,27.69761912,1.27527514
-0.72939860,27.58061238,0.90541463
7.12767986,26.32614913,3.47457403
7.03759351,26.25721980,3.11370640
-1.43821033,27.59175166,1.18452670
-1.19060505,27.47155283,0.81131154
8.16446540,26.09574811,3.56137964
8.05942283,26.03629599,3.21819694
-1.84724823,27.42697842,1.08580552
-1.57548891,27.31007057,0.71572119
8.92920256,25.90495851,3.60544712
8.81383389,25.85391068,3.27713572
-2.35508905,27.27809457,0.98944399
-2.05029150,27.16133372,0.62213512
9.73099973,25.77832699,3.68080573
9.60135038,25.72689724,3.35993773
-3.01743944,27.15603259,0.88156760
-2.66529186,27.03694825,0.51868324
10.57931148,25.73124999,3.81701100
10.43358732,25.67307143,3.49104462
-3.91483153,27.08443264,0.72796396
-3.50749740,26.96502994,0.37895125
11.49667802,25.79221974,4.05505557
11.33521665,25.72230194,3.71049304
-3.99701100,26.40333544,0.64862826
-3.61395999,26.30933440,0.31892321
11.54587751,25.34088431,4.04344968
11.39344988,25.29514617,3.72741535
-4.19278274,25.77150471,0.59957095
-3.82918704,25.70007925,0.29017634
11.64672148,24.95932474,4.05641288
11.50267167,24.93129847,3.76022103
-4.47098045,25.16541388,0.56938095
-4.11822972,25.11061677,0.27586258
11.79724342,24.62124441,4.08179550
11.66061602,24.60586995,3.80224845
-4.79876699,24.56974556,0.54114560
-4.45205073,24.52634324,0.25953998
11.99585159,24.30600717,4.11796845
11.86666058,24.30148298,3.85045811
-5.15756747,23.76523220,0.60152144
-4.80445619,23.73245299,0.31959453
12.18909859,23.86762786,4.18056274
12.06463322,23.87770447,3.91690722
-5.53568142,22.96775560,0.63516971
-5.17311804,22.94198292,0.35055831
12.46544587,23.41576423,4.25418853
12.34690609,23.44201296,3.99088304
-5.95592783,22.18941943,0.64464485
-5.57662537,22.17074741,0.35361521
12.83164590,22.90759519,4.34718925
12.72097063,22.95303491,4.08297420
-6.50482608,21.43901669,0.64618044
-6.09423687,21.43315003,0.34681643
13.30624860,22.28180994,4.48222856
13.20461742,22.35285665,4.21519050
-6.07096429,20.62696097,0.74884236
-5.68718805,20.64383469,0.44385796
13.03262224,21.74296224,4.28952253
12.94659425,21.83142945,4.03596950
-5.84831057,19.89228112,0.83075409
-5.47437942,19.93489283,0.52097072
12.90174814,21.17509686,4.18460100
12.82596847,21.28365409,3.93732456
-5.85314828,19.20724160,0.91995780
-5.47338719,19.27413629,0.60682348
12.89445463,20.52144109,4.18507922
12.82338870,20.65422565,3.93647073
-6.11019737,18.50279303,1.01223963
-5.71232135,18.59789463,0.69571418
13.00203572,19.71617441,4.30171422
12.93226400,19.88065686,4.04194717
-5.47489451,18.22615237,1.02910496
-5.10952916,18.32795937,0.70556421
12.46228124,19.57909746,4.16808445
12.39524354,19.75718685,3.91100681
-4.98283754,17.96955575,1.02794998
-4.64578767,18.07734627,0.70299478
11.96966806,19.40835639,4.09942662
11.90477201,19.60189600,3.84473143
-4.62437140,17.71776025,1.03266786
-4.31074685,17.83046236,0.70952113
11.50942825,19.19418370,4.08571868
11.44671973,19.40606051,3.83150650
-4.37989506,17.45704943,1.05311758
-4.08356623,17.57492035,0.73256151
11.07243844,18.92784169,4.11563760
11.01217554,19.15958058,3.86167151
-3.92742360,17.26599962,1.10054916
-3.66362378,17.38611625,0.78828044
10.31438965,18.77373862,4.12883983
10.26317572,19.02341413,3.87597825
0.18170557,16.91597088,2.34109918
0.81912225,17.02121461,2.62253899
0.24765041,17.07914713,2.05307872
0.86952948,17.19533073,2.33022994
-3.60725159,17.06222613,1.18466713
-3.36817470,17.18675316,0.87949035
1.59025110,17.11444328,2.92854841
1.62381938,17.30399668,2.63296062
9.60662447,18.53447307,4.16161840
9.56722171,18.79942305,3.90676810
-0.37454498,16.78265359,2.09865853
-0.29409187,16.93832654,1.81540677
-3.35500144,16.84248123,1.28345159
-3.13675943,16.97208881,0.98571898
2.53640140,17.16687532,3.21553634
2.55579995,17.37476705,2.92151844
8.92617210,18.21339793,4.18761064
8.89902902,18.49072537,3.92923739
-0.90205438,16.61849605,1.89826743
-0.80632440,16.76919828,1.62027962
-3.11919171,16.59967165,1.37490508
-2.91990678,16.73530344,1.08440836
3.62955220,17.16540388,3.47833590
3.64105691,17.39383443,3.19021581
8.24888390,17.81808964,4.19087645
8.23406833,18.10507603,3.92624371
-1.44141511,16.41519935,1.73139889
-1.32682221,16.56422990,1.45568396
-2.70988666,16.58356926,1.47909292
-2.53696751,16.72084879,1.19611089
4.79804935,17.09360007,3.71951315
4.80769511,17.34530994,3.43709107
7.43044298,17.70792617,4.11128273
7.42691994,17.98923847,3.84436368
-1.87361510,16.49556534,1.64416016
-1.74238208,16.63925326,1.36794263
-2.29604552,16.55000119,1.56516241
-2.14551017,16.68992637,1.28656970
5.71009535,17.33865762,3.87604683
5.71775461,17.60144739,3.59941177
6.58991688,17.54587953,4.00715831
6.59402664,17.81883418,3.73650960
1.38161617,28.11880731,1.33162695
1.82353098,28.09781071,1.48573112
2.32604951,27.91616255,1.61425962
1.02198845,28.10628567,1.18035358
2.92134818,27.70748541,1.76678081
0.71063272,28.08312335,1.03375793
3.62297293,27.48718914,1.95620107
0.41323185,28.07621415,0.89590915
4.44928113,27.27405683,2.18211811
0.13693260,27.82062013,0.73200591
5.18239453,26.85449778,2.36272983
-0.15990109,27.61832189,0.59505203
6.02593782,26.49728533,2.54420110
-0.50968608,27.46732715,0.48258650
6.96239175,26.21355089,2.69554584
-0.93639114,27.35540887,0.38281406
7.96569691,26.00119400,2.81970959
-1.29796413,27.19692744,0.28993635
8.70658337,25.82499574,2.89605727
-1.73956950,27.04869779,0.19580535
9.47747950,25.69717245,2.98655111
-2.30538435,26.92047670,0.09168737
10.29016953,25.63431230,3.11497644
-3.08010985,26.84182651,-0.04016192
11.17115855,25.66794378,3.31572124
-3.21618987,26.21864704,-0.07480032
11.23822190,25.26361279,3.36152279
-3.44841029,25.63501413,-0.08074946
11.35475586,24.91585431,3.41530278
-3.74419229,25.06379086,-0.07822836
11.51859207,24.60198664,3.47408273
-4.08054568,24.49162961,-0.08118198
11.73075585,24.30710496,3.53554586
-4.42341699,23.71001793,-0.02194405
11.93187068,23.89779539,3.60649392
-4.77953216,22.92749684,0.00422450
12.21887474,23.47818344,3.68041072
-5.16374370,22.16253796,-0.00123308
12.60010769,23.01003081,3.76875080
-5.64618506,21.43581293,-0.02228086
13.09228368,22.43836348,3.89489570
-5.27174779,20.67608114,0.07254440
12.85133647,21.93790500,3.73164113
-5.06858305,19.99523247,0.14269889
12.74096565,21.41419386,3.64037101
-5.05430460,19.36029956,0.21639162
12.74318215,20.81478837,3.63558775
-5.26362145,18.71240122,0.29347888
12.85207942,20.08008703,3.72650399
-4.70025550,18.45052869,0.30099361
12.31771270,19.97231415,3.59943245
-4.26980458,18.20573471,0.30139169
11.82920312,19.83583125,3.53503561
-3.96008317,17.96469402,0.31089036
11.37292765,19.66146685,3.52278387
-3.75051434,17.71468975,0.33663965
10.94202866,19.44046077,3.54963275
-3.36563369,17.52988816,0.40209458
10.20364230,19.32588330,3.56403758
0.33078761,17.28344818,1.68540988
0.93500522,17.41317174,1.95556166
-3.09624169,17.33608963,0.50185518
1.66944741,17.54139078,2.25172005
9.52187140,19.12252502,3.58947981
-0.19490170,17.13258466,1.45627150
-2.88557595,17.12915061,0.61469260
2.58369472,17.63562962,2.54016461
8.86883613,18.83244069,3.60334569
-0.68991593,16.95700611,1.26851822
-2.68788358,16.90065637,0.71959819
3.65766876,17.68065691,2.81567952
8.21846402,18.46088178,3.59135871
-1.18859365,16.74938330,1.10651050
-2.33363827,16.88979498,0.83912279
4.82095861,17.66115914,3.07111794
7.42447900,18.33859270,3.50491866
-1.58565590,16.81739533,1.01905089
-1.96715473,16.86275773,0.93510473
5.72828878,17.93064080,3.24269136
6.60071399,18.15964471,3.38890646
1.49150936,28.01551399,0.77935290
1.91181987,27.98769384,0.91594327
2.38943357,27.80882291,1.04103567
1.15040591,28.00737466,0.64565386
2.95886888,27.60672331,1.19202308
0.85661170,27.98603304,0.51367935
3.63549593,27.39555166,1.38163379
0.57780266,27.97616274,0.38681400
4.43871269,27.19178298,1.60963840
0.31226189,27.72986425,0.24338388
5.16363060,26.80612948,1.82162890
0.02988672,27.53222708,0.11818694
6.00031772,26.47912547,2.03513286
-0.29860528,27.38169862,0.00756556
6.92344496,26.21339682,2.21670806
-0.69615213,27.26645832,-0.09735110
7.90598553,26.00923795,2.35966527
-1.03807860,27.11113990,-0.18851430
8.63049308,25.83687810,2.45479466
-1.45111711,26.96364529,-0.28443831
9.38203366,25.70625682,2.55578784
-1.97318763,26.83106863,-0.39233419
10.17253398,25.63306282,2.68476307
-2.67907358,26.74275366,-0.52592624
11.02921747,25.64910455,2.87052497
-2.84010502,26.15394473,-0.53271753
11.10297133,25.26274786,2.94415941
-3.08172138,25.59578870,-0.51726469
11.22401533,24.92640220,3.02015364
-3.37910962,25.04228205,-0.49668061
11.39118698,24.62059727,3.09648590
-3.71357136,24.48219301,-0.48497054
11.60618829,24.33229327,3.17211466
-4.04432417,23.71552965,-0.42543414
11.80747078,23.93552541,3.24794954
-4.38565999,22.94191394,-0.40403688
12.09644553,23.53089879,3.32154679
-4.74888846,22.18246676,-0.42033015
12.48249662,23.08310214,3.40397377
-5.19519785,21.46396631,-0.46043986
12.98125327,22.54120985,3.51942780
-4.85602123,20.73723075,-0.36069674
12.75675651,22.06454226,3.37357807
-4.66433258,20.08336017,-0.29511312
12.65492666,21.56787834,3.29088956
-4.63342989,19.47059653,-0.24184018
12.65989952,21.00317494,3.28068791
-4.79921149,18.84826010,-0.19427089
12.76644832,20.31467212,3.35340816
-4.27954252,18.59397500,-0.17991186
12.23382857,20.22432952,3.23212483
-3.88323285,18.35614255,-0.17375858
11.74643627,20.10929679,3.16968437
-3.59769786,18.12121552,-0.16079441
11.29173034,19.96032892,3.15583713
-3.40283944,17.87770460,-0.13449695
10.86442695,19.76879824,3.17689200
-3.05211554,17.69892874,-0.05787164
10.13873141,19.67969031,3.18590582
0.43268444,17.53576862,1.22584488
1.01867880,17.68250511,1.48367905
-2.80559412,17.51419469,0.04744520
1.73131310,17.83445332,1.76793523
9.47322136,19.50247467,3.20025772
-0.07684922,17.37235479,1.00978567
-2.61297865,17.31731906,0.16427463
2.62374311,17.95654436,2.05399863
8.83749082,19.23737746,3.20029556
-0.55321346,17.18920739,0.83038045
-2.43152358,17.10028632,0.27213376
3.68281817,18.03336018,2.33503441
8.20444419,18.88759028,3.17263561
-1.02836272,16.97796649,0.67210649
-2.10577669,17.09550288,0.39977741
4.84036755,18.04911111,2.60071376
7.42577475,18.76183541,3.07446188
-1.40577655,17.03649900,0.58623383
-1.76480483,17.07436412,0.50108962
5.74351887,18.33340178,2.78552653
6.61177646,18.57456334,2.94584136
1.61618859,27.96802424,0.18019009
2.02570495,27.93399345,0.30045612
2.48891168,27.76005523,0.42171349
1.28410103,27.96673760,0.06265535
3.04313340,27.56850246,0.57185769
0.99878016,27.94926639,-0.05384167
3.70564044,27.37245179,0.76120085
0.73032401,27.93866647,-0.16970133
4.49549500,27.18522927,0.98998413
0.46994063,27.70074122,-0.29485770
5.21722159,26.83442795,1.22466363
0.19622358,27.50696434,-0.40929475
6.04609310,26.53244351,1.46454384
-0.11788161,27.35552386,-0.51734752
6.95524279,26.28298784,1.66800782
-0.49507379,27.23775470,-0.62838237
7.91561803,26.08523226,1.82949975
-0.82359073,27.08424125,-0.71808727
8.62139463,25.91404639,1.94355972
-1.21597070,26.93784543,-0.81795052
9.35154930,25.77885165,2.05819214
-1.70582125,26.80332577,-0.93285982
10.11897451,25.69631593,2.19159983
-2.35763523,26.70615483,-1.07331949
10.95048929,25.69666941,2.36917492
-2.52782768,26.14478359,-1.05870169
11.02473064,25.31626101,2.47021311
-2.76881294,25.60651635,-1.02446061
11.14504504,24.98295078,2.56918818
-3.06101800,25.06857225,-0.98741470
11.31054172,24.67863975,2.66494883
-3.38894504,24.52013187,-0.96109347
11.52370938,24.39142966,2.75615333
-3.70873484,23.77105666,-0.89769963
11.72194208,24.00283704,2.83936139
-4.03756574,23.00858321,-0.87569656
12.00875458,23.60921784,2.91388477
-4.38165223,22.25490192,-0.90084416
12.39465665,23.17802971,2.99152847
-4.79499551,21.53951896,-0.96032386
12.89624051,22.66464867,3.09206262
-4.48867622,20.84346091,-0.84555656
12.68317761,22.21069954,2.96508115
-4.30828641,20.21181860,-0.78007528
12.58590820,21.74322218,2.88863679
-4.26274875,19.61327863,-0.74762216
12.58920718,21.21686745,2.87141307
-4.38198484,19.00690196,-0.74492750
12.68958057,20.58203786,2.91956697
-3.90242545,18.76117413,-0.71733043
12.15603983,20.50928333,2.80694309
-3.53549629,18.52967440,-0.70198247
11.66759405,20.41647746,2.74745127
-3.26837874,18.30077419,-0.68626781
11.21315147,20.29562436,2.72960923
-3.08157635,18.06456754,-0.66412342
10.78877309,20.13537549,2.74213519
-2.75649921,17.89604256,-0.57970238
10.07586416,20.07436251,2.73895606
0.55110073,17.84275685,0.67158542
1.12111954,18.00837738,0.91050677
-2.52540569,17.72345458,-0.47318022
1.81352541,18.18834016,1.17388128
9.42751508,19.92753422,2.73301239
0.05626006,17.66465232,0.47289599
-2.34316802,17.54044786,-0.35860786
2.68305955,18.34218360,1.44995399
8.81091090,19.69466999,2.70844410
-0.40274380,17.47202339,0.30512039
-2.17110081,17.33815116,-0.25340344
3.72351315,18.45417050,1.73258235
8.19699878,19.37437780,2.65698759
-0.85436881,17.25596970,0.15108282
-1.87003979,17.34231608,-0.11961941
4.87077796,18.50808489,2.00882711
7.43454017,19.24901006,2.54003135
-1.21402082,17.30212932,0.07052799
-1.55193944,17.33019966,-0.01515890
5.76721668,18.80650679,2.21169283
6.63054695,19.05731150,2.39158370
1.75679798,28.02964936,-0.45627989
2.17347287,27.98964337,-0.34804684
2.64018076,27.82016030,-0.22794856
1.41724518,28.03713841,-0.56026077
3.19790221,27.64194649,-0.07742456
1.12593579,28.02667101,-0.66497584
3.86480045,27.46519136,0.11241805
0.85384808,28.01857150,-0.77094410
4.65773550,27.29933023,0.34130796
0.58966523,27.78415578,-0.88329472
5.38417962,26.97509643,0.58553743
0.31598379,27.59006880,-0.99074947
6.21049764,26.69298262,0.83490491
0.00718428,27.43453256,-1.09957978
7.10708184,26.45616850,1.05024572
-0.36241280,27.31273286,-1.21782291
8.04690494,26.26492741,1.22366667
-0.68540929,27.15732531,-1.30935729
8.73317141,26.09234143,1.35375152
-1.06962019,27.01076883,-1.41402994
9.44229647,25.95333079,1.48256544
-1.54520909,26.87798000,-1.53799515
10.18844253,25.86484808,1.62527830
-2.17049139,26.78277433,-1.69206285
10.99920613,25.85878923,1.80251432
-2.33207871,26.22972061,-1.66771002
11.06330380,25.46437310,1.92583445
-2.55947535,25.69993227,-1.62334829
11.17319596,25.11820331,2.04766951
-2.83831034,25.17087159,-1.57363053
11.32826767,24.80257535,2.16598572
-3.15577900,24.62927272,-1.53072177
11.53177101,24.50660500,2.27667741
-3.46653881,23.89926220,-1.46081282
11.72293898,24.11768233,2.37069985
-3.79002798,23.15130303,-1.43243782
12.00371198,23.72744565,2.45133009
-4.12697898,22.40487014,-1.45605387
12.38537814,23.30666876,2.52655560
-4.52088999,21.69008726,-1.52846711
12.88480469,22.81514149,2.61400263
-4.23745825,21.01381648,-1.39005846
12.67295054,22.37828334,2.50556247
-4.06328249,20.39204115,-1.31717259
12.57117713,21.93674193,2.43317425
-4.00357366,19.79752262,-1.30082555
12.56548265,21.44875681,2.40437683
-4.08221050,19.19443067,-1.34015672
12.65210262,20.87041861,2.42494616
-3.63126494,18.95408638,-1.29057430
12.11330850,20.81461219,2.32051453
-3.28345622,18.72798257,-1.26232312
11.62008525,20.74467839,2.26085011
-3.02581846,18.50508869,-1.24239922
11.16241743,20.65078734,2.23731052
-2.83944327,18.27692856,-1.22409161
10.73894311,20.52348141,2.23451168
-2.52754170,18.12263150,-1.13302071
10.03604981,20.49021185,2.21215331
0.67767602,18.20744573,0.04333788
1.23915165,18.39255817,0.25518490
-2.30012895,17.96673945,-1.03109178
1.91875020,18.60001492,0.48886321
9.40232559,20.37509850,2.17758101
0.19205009,18.01475979,-0.13478382
-2.11678642,17.80177982,-0.92725125
2.77079971,18.78492398,0.74305292
8.80269729,20.17628982,2.12047337
-0.25381439,17.81134911,-0.28936054
-1.94234818,17.61853117,-0.83420865
3.79261221,18.92956911,1.01628773
8.20707937,19.89061628,2.03481095
-0.68554388,17.58894732,-0.43874306
-1.65703068,17.63523217,-0.69789706
4.92464933,19.01822909,1.29369931
7.46003946,19.76997185,1.89299066
-1.03180184,17.62085686,-0.51159500
-1.35451485,17.63601202,-0.59422939
5.81016758,19.32552756,1.51629799
6.66625111,19.57991859,1.71873733
1.85632610,28.15518222,-0.86918025
2.29038019,28.11017548,-0.76341625
2.77289439,27.94127100,-0.64304347
1.49915399,28.16964157,-0.96724632
3.34612860,27.77004148,-0.49102807
1.19237637,28.16562971,-1.06689390
4.02785023,27.60427103,-0.29997976
0.90678436,28.16337573,-1.16994427
4.83324566,27.45261898,-0.07230683
0.63325961,27.92557318,-1.27868542
5.56821007,27.13886385,0.17215122
0.35276203,27.72640881,-1.38513503
6.39738773,26.86707114,0.41877874
0.03989582,27.56493694,-1.49621043
7.28871220,26.63752142,0.63435158
-0.33407696,27.43989675,-1.62119761
8.21880511,26.45178249,0.81161692
-0.65992650,27.28025303,-1.71602060
8.89391698,26.27714654,0.95030775
-1.04750723,27.13366743,-1.82648060
9.59257905,26.13808146,1.08669906
-1.52756189,27.00511699,-1.95767791
10.32970413,26.05140196,1.23610491
-2.15608458,26.91939113,-2.12393711
11.13307382,26.04983896,1.41849359
-2.30257085,26.35723270,-2.10032776
11.18446808,25.63232058,1.54975555
-2.51462729,25.82149516,-2.05720504
11.28065009,25.26524391,1.68287984
-2.77988955,25.28962212,-2.00387179
11.42341003,24.93367571,1.81218601
-3.08718867,24.74837201,-1.95296623
11.61496269,24.62402016,1.93646515
-3.39344849,24.02748164,-1.87884979
11.79838071,24.22645149,2.03988546
-3.71780009,23.28846235,-1.84439327
12.07303694,23.83204296,2.12701730
-4.05829871,22.54711142,-1.86256524
12.44951072,23.41150855,2.20441088
-4.45265004,21.83299006,-1.93830391
12.94660033,22.92796278,2.28622314
-4.17880509,21.15824838,-1.77684476
12.72931412,22.49472512,2.19016630
-4.00535436,20.53360628,-1.69390822
12.61884838,22.06359014,2.12117993
-3.93558893,19.93430297,-1.68327877
12.60216593,21.59644832,2.08323350
-3.99060997,19.32716488,-1.74293069
12.67483439,21.05104145,2.08523804
-3.54647641,19.08710008,-1.67614919
12.12912150,21.00378363,1.98366698
-3.20163993,18.86245170,-1.63602840
11.62965853,20.94537387,1.92281984
-2.94288423,18.64269337,-1.60919954
11.16766909,20.86757204,1.89176343
-2.75138019,18.42037558,-1.58957587
10.74200735,20.75912390,1.87652712
-2.43902942,18.27677450,-1.48983006
10.04222782,20.74235641,1.83718732
0.75595081,18.46090558,-0.36063881
1.31873347,18.65612805,-0.16999129
-2.20750402,18.13376653,-1.38640893
1.99827255,18.87769904,0.03961890
9.41398772,20.64608441,1.78172786
0.27026948,18.25922197,-0.52250631
-2.01808159,17.98223352,-1.28613639
2.84642003,19.07680732,0.27341164
8.82172206,20.46825032,1.70075391
-0.17173044,18.04939750,-0.66889899
-1.83660820,17.81363087,-1.20163377
3.86036506,19.23609248,0.53008889
8.23463756,20.20405875,1.59067431
-0.59562851,17.82259678,-0.81609785
-1.55434636,17.84018392,-1.06532734
4.98126658,19.33958861,0.79842429
7.49563462,20.08813436,1.43251464
-0.93794592,17.84452592,-0.88279642
-1.25608952,17.85020269,-0.96237624
5.85792545,19.64861357,1.02891162
6.70743665,19.90129346,1.24390030
1.93177886,28.29318813,-1.15575048
2.38561923,28.24442798,-1.04982873
2.88639892,28.07285006,-0.92793776
1.55525331,28.31456435,-1.25321587
3.47713047,27.90399521,-0.77411016
1.23041792,28.31688122,-1.35102372
4.17534355,27.74494770,-0.58262108
0.92783033,28.32086267,-1.45316337
4.99397828,27.60356400,-0.35701011
0.64310103,28.07632533,-1.56077732
5.73775562,27.29383969,-0.11594833
0.35381024,27.87148081,-1.66954111
6.56992423,27.02684206,0.12718041
0.03301979,27.70424863,-1.78390971
7.45909391,26.80280571,0.33932694
-0.35008102,27.57659374,-1.91431284
8.38464505,26.62247934,0.51716375
-0.68148850,27.41289768,-2.01312430
9.05387537,26.44697994,0.66075578
-1.07683590,27.26601595,-2.12845164
9.74747091,26.30899389,0.80340936
-1.56723784,27.14323287,-2.26775272
10.48168633,26.22709240,0.95827434
-2.20937544,27.06827643,-2.44497615
11.28438286,26.23460903,1.14568967
-2.33950107,26.49054194,-2.42307724
11.32386598,25.79282887,1.28088678
-2.53743842,25.94342110,-2.38230229
11.40802484,25.40512522,1.41881373
-2.79042317,25.40417769,-2.33074678
11.53873162,25.05588547,1.55461506
-3.08855813,24.85869867,-2.27716271
11.71873588,24.73130372,1.68712022
-3.39163005,24.14137145,-2.20242878
11.89535501,24.32322381,1.79557275
-3.71827435,23.40730661,-2.16461119
12.16432486,23.92124757,1.88857109
-4.06449462,22.66927439,-2.17900175
12.53667734,23.49760312,1.96771342
-4.46489865,21.95515118,-2.25535269
13.03185413,23.01579556,2.04757319
-4.19459854,21.27566586,-2.07503799
12.80714295,22.57973326,1.96078729
-4.02043693,20.64445330,-1.98137188
12.68866214,22.15222548,1.89388507
-3.94443872,20.03775370,-1.96956882
12.66233167,21.69525468,1.85177006
-3.98452891,19.42480709,-2.03884264
12.72326927,21.16939642,1.84127556
-3.53900029,19.18188159,-1.95780034
12.17070009,21.12566595,1.74088462
-3.19100971,18.95640592,-1.90768269
11.66569661,21.07395517,1.67628524
-2.92689727,18.73834472,-1.87470607
11.19929168,21.00503677,1.63830246
-2.72855318,18.51964467,-1.85096222
10.77039705,20.90791318,1.61313060
-2.41032656,18.38359110,-1.74273765
10.07040223,20.90098575,1.56032435
0.81038200,18.63932359,-0.63616389
1.37803661,18.83958918,-0.46142080
-2.17198926,18.24963301,-1.63446084
2.06240498,19.06796702,-0.27028749
9.44378015,20.81677697,1.48845759
0.32178283,18.43331403,-0.78709053
-1.97493568,18.10889969,-1.53403974
2.91256337,19.27307355,-0.05389323
8.85393046,20.65138621,1.39153285
-0.12120424,18.21896907,-0.92565437
-1.78594835,17.95132309,-1.45167657
3.92333977,19.43707721,0.18906449
8.27031519,20.40091398,1.26416739
-0.54313884,17.98914484,-1.07043391
-1.50206350,17.98560716,-1.31401105
5.03630113,19.54620065,0.44635738
7.53552963,20.28829282,1.09605688
-0.88549425,18.00410144,-1.13281597
-1.20356704,18.00258232,-1.21055886
5.90631783,19.85419791,0.67904138
6.75075546,20.10424325,0.89934402
1.99109577,28.42412375,-1.36301135
2.46376764,28.37280431,-1.25652879
2.98170234,28.19675961,-1.13209941
1.59561162,28.45100018,-1.46057402
3.58873682,28.02829699,-0.97676499
1.25345052,28.46005389,-1.55966423
4.30179676,27.87358622,-0.78550704
0.93366711,28.47035014,-1.66209884
5.13240605,27.74014575,-0.56248164
0.63792554,28.21902272,-1.77094354
5.88314117,27.43105913,-0.32493875
0.33903166,28.00779242,-1.88147727
6.71806534,27.16687470,-0.08651988
0.00920182,27.83557064,-1.99902755
7.60610110,26.94630556,0.12251816
-0.38411826,27.70700453,-2.13538267
8.52991807,26.77109296,0.30039902
-0.72202298,27.53899363,-2.23742182
9.19604301,26.59543362,0.44654908
-1.12613592,27.39231797,-2.35762491
9.88780805,26.45963316,0.59349078
-1.62886036,27.27478379,-2.50353319
10.62213505,26.38330451,0.75278900
-2.28612568,27.21026526,-2.69236231
11.42690692,26.40038778,0.94513834
-2.40078120,26.61482009,-2.67009290
11.45570378,25.93528386,1.08398377
-2.58576293,26.05520002,-2.63146301
11.52967094,25.52858959,1.22462585
-2.82829014,25.50725437,-2.58180244
11.65006633,25.16297328,1.36461157
-3.11811629,24.95608564,-2.52901900
11.82090173,24.82578289,1.50023554
-3.41852411,24.23903523,-2.45690728
11.99152012,24.40674783,1.61131907
-3.74752770,23.50697600,-2.41744611
12.25601903,23.99731855,1.70703685
-4.09962810,22.77053597,-2.42909644
12.62461505,23.56832300,1.78912983
-4.50650453,22.05685265,-2.50712206
13.11844747,23.08547757,1.86799166
-4.23741437,21.36966423,-2.31015177
12.88637840,22.64439337,1.78803999
-4.06198663,20.73088797,-2.20616251
12.76052320,22.21677630,1.72364507
-3.98132007,20.11720121,-2.19103291
12.72634472,21.76455302,1.67954214
-4.01184654,19.49843740,-2.26319037
12.77842422,21.25087817,1.66031436
-3.56264939,19.25175958,-2.17010681
12.22016136,21.20825068,1.56005415
-3.20981087,19.02460437,-2.11236180
11.71022681,21.15917816,1.49312140
-2.93956040,18.80679737,-2.07383540
11.23973878,21.09518817,1.44960947
-2.73434111,18.58999648,-2.04575858
10.80776667,21.00535928,1.41580345
-2.40859261,18.45877262,-1.93012960
10.10615796,21.00412927,1.35268775
0.85139164,18.76617386,-0.83335429
1.42487015,18.96915697,-0.67080413
-2.16231982,18.33170331,-1.81790658
2.11560172,19.20069464,-0.49383186
9.47906181,20.92714866,1.26934890
0.35840967,18.55737240,-0.97527671
-1.95786017,18.19848171,-1.71453005
2.96948735,19.40703186,-0.28991931
8.88981064,20.77026078,1.15962200
-0.08706942,18.34054379,-1.10886245
-1.76170688,18.04899896,-1.63133122
3.97952381,19.57165653,-0.05874152
8.30679247,20.52772570,1.02151168
-0.50970791,18.10865910,-1.25146275
-1.47439874,18.08882806,-1.49183713
5.08660040,19.68216142,0.18925185
7.57429980,20.41688571,0.84676764
-0.85393255,18.11796261,-1.31050588
-1.17345860,18.11156746,-1.38791368
5.95169503,19.98792949,0.42156978
6.79236420,20.23579631,0.64426255
2.03822453,28.54095757,-1.51766910
2.52769314,28.48732509,-1.40989834
3.06040764,28.30647498,-1.28264131
1.62639570,28.57302747,-1.61711044
3.68133232,28.13728669,-1.12597061
1.26798043,28.58737648,-1.71680204
4.40667960,27.98521784,-0.93429852
0.93249996,28.60445151,-1.82120145
5.24736001,27.85822063,-0.71409747
0.62646220,28.34578525,-1.93018782
6.00343926,27.54825206,-0.48023730
0.31847218,28.12906913,-2.04301410
6.84019515,27.28516167,-0.24540978
-0.02010961,27.95312006,-2.16412541
7.72770945,27.06758380,-0.03957181
-0.42380840,27.82326145,-2.30431612
8.65135713,26.89709693,0.13740412
-0.76787648,27.65160793,-2.40909650
9.31570053,26.72092707,0.28630473
-1.18028507,27.50528014,-2.53395375
10.00737533,26.58775978,0.43592718
-1.69492589,27.39270667,-2.68651417
10.74290009,26.51623523,0.59953960
-2.36575781,27.33706437,-2.88619133
11.55065069,26.54160763,0.79635658
-2.46673413,26.72474625,-2.86241089
11.57089837,26.05685917,0.93683823
-2.64058821,26.15270654,-2.82404132
11.63634693,25.63353742,1.07967085
-2.87374021,25.59639279,-2.77640571
11.74845791,25.25377568,1.22215410
-3.15674364,25.03887470,-2.72405363
11.91146528,24.90490679,1.36064004
-3.45458256,24.32078349,-2.65654273
12.07753452,24.47649188,1.47211875
-3.78560777,23.58879590,-2.61645079
12.33818028,24.05954647,1.56951197
-4.14240374,22.85347788,-2.62766213
12.70408389,23.62569334,1.65277326
-4.55529348,22.13926886,-2.70658987
13.19663965,23.14019723,1.73211222
-4.28621180,21.44490617,-2.49706849
12.95835702,22.69438436,1.65592935
-4.10935147,20.79888125,-2.38371683
12.82610312,22.26470177,1.59439785
-4.02540791,20.17884418,-2.36411678
12.78575790,21.81496125,1.54869567
-4.04876042,19.55542331,-2.43681842
12.83065999,21.30850985,1.52433829
-3.59561244,19.30501863,-2.33397825
12.26758835,21.26546962,1.42479150
-3.23841977,19.07510931,-2.26817991
11.75412378,21.21839784,1.35438398
-2.96265498,18.85690398,-2.22466516
11.28032978,21.15698031,1.30660146
-2.75119120,18.64141598,-2.19397248
10.84548670,21.07104194,1.26702983
-2.41805306,18.51294607,-2.07217349
10.14164836,21.07294283,1.19671053
0.88354457,18.85784362,-0.97955068
1.46226032,19.06125743,-0.82472619
-2.16460635,18.39016673,-1.95534384
2.15887815,19.29348696,-0.65751933
9.51331789,21.00037311,1.10481803
0.38591343,18.64718164,-1.11439541
-1.95309235,18.26274345,-1.85010304
3.01735670,19.49982214,-0.46415690
8.92360362,20.84860436,0.98598324
-0.06274700,18.42808996,-1.24308141
-1.75066409,18.11919886,-1.76519160
4.02771865,19.66373466,-0.24282578
8.34069034,20.61217108,0.83830824
-0.48737150,18.19457942,-1.38363417
-1.45951763,18.16291547,-1.62350785
5.13039513,19.77382503,-0.00234023
7.60961972,20.50260560,0.65876300
-0.83354086,18.20043012,-1.44166925
-1.15562220,18.18975502,-1.51872706
5.99149668,20.07654009,0.23060578
6.82907314,20.32216137,0.45465968
1.14748562,28.47242323,2.61665065
1.67024245,28.46809885,2.81515870
2.25773225,28.28976152,2.95421967
0.71515771,28.45371022,2.42466563
2.94049607,28.08179596,3.11175296
0.33562942,28.43319065,2.24498451
3.72703258,27.86280046,3.29980543
-0.03318589,28.43771811,2.08648919
4.63164275,27.65565583,3.51912557
-0.35831637,28.16634495,1.87512250
5.39196957,27.16451966,3.61896802
-0.71130866,27.95659714,1.70881006
6.25592613,26.74156161,3.71027635
-1.13561399,27.80640346,1.58890889
7.21875123,26.40490112,3.78180477
-1.66510290,27.70231994,1.50116540
8.26725779,26.16556668,3.85384997
-2.09641622,27.53478074,1.39779181
9.04003239,25.96628884,3.88350782
-2.63440235,27.38431607,1.29749938
9.85271507,25.83800907,3.95400975
-3.33665164,27.26248895,1.18025698
10.71334190,25.79545956,4.09529808
-4.27398950,27.18652568,1.00985936
11.64143534,25.86427384,4.34939590
-4.33860588,26.48764862,0.91598562
11.68275620,25.38965685,4.31131462
-4.51720141,25.83804323,0.85108630
11.77567178,24.99131038,4.30510172
-4.78339869,25.21785145,0.80681927
11.91845383,24.64038143,4.31601507
-5.10334344,24.61231592,0.76808894
12.10983389,24.31497469,4.34060528
-5.46607603,23.79888085,0.82811581
12.29807088,23.86270881,4.39967124
-5.85128702,22.99497723,0.86310026
12.56856592,23.39671062,4.47175844
-6.28519574,22.20944171,0.87627818
12.92691720,22.87113144,4.56431525
-6.86019323,21.44610187,0.88046727
13.39310243,22.22369482,4.69987467
-6.40491229,20.61779750,0.98849683
13.10586541,21.67035253,4.49715330
-6.17168756,19.86167597,1.07313035
12.96594359,21.08644281,4.38625848
-6.17797382,19.15407712,1.16440727
12.95404184,20.41285355,4.38818875
-6.44484591,18.42468500,1.25489523
13.06002205,19.58297181,4.51162662
-5.78452195,18.14260619,1.28084962
12.51778357,19.43494263,4.37571853
-5.26903780,17.88118227,1.28270207
12.02326255,19.25149397,4.30513516
-4.89091949,17.62486069,1.28709292
11.56127876,19.02297326,4.28979777
-4.63077844,17.36022115,1.30518008
11.12184256,18.74107020,4.31956310
0.78061334,16.88349039,2.84841604
0.13033579,16.78687520,2.56453775
-4.15059969,17.16725089,1.34784215
1.56532436,16.96502495,3.15567145
10.35696152,18.57331239,4.33001937
-0.43803571,16.65974343,2.31775752
-3.80806305,16.96114090,1.42452547
2.52248340,17.00327389,3.44039505
9.63949102,18.32212736,4.36377030
-0.97871234,16.49901560,2.11434628
-3.53722166,16.73754456,1.51685842
3.62115585,16.98534429,3.69953531
8.94878823,17.99203632,4.39224411
-1.53399001,16.29669288,1.94603823
-3.28408201,16.49017174,1.60214744
4.79083962,16.89572134,3.93664683
8.26197102,17.59135604,4.39792079
-1.98000814,16.38153054,1.85856874
-2.85206062,16.47344621,1.69999179
5.70474165,17.13244009,4.08821768
7.43423828,17.48566722,4.31932710
-2.41893224,16.43854588,1.78198241
6.58717242,17.33057987,4.21726117
2.07557888,28.64068744,-1.63384184
2.57903665,28.58504072,-1.52425546
3.12455246,28.40010659,-1.39553650
1.64959630,28.67693327,-1.73509505
3.75680549,28.22977982,-1.23733857
1.27716796,28.69614356,-1.83616205
4.49262388,28.08019461,-1.04707614
0.92788497,28.71908682,-1.94248615
5.34099596,27.95810733,-0.82890756
0.61307416,28.45449956,-2.05272764
6.10086994,27.64618821,-0.59742339
0.29675472,28.23235347,-2.16639423
6.93909740,27.38386889,-0.36648045
-0.04976210,28.05331651,-2.29045514
7.82645931,27.16823594,-0.16314330
-0.46267616,27.92328133,-2.43468414
8.75030019,27.00151575,0.01367527
-0.81211084,27.74886543,-2.54265338
9.41375615,26.82518782,0.16460394
-1.23236866,27.60211561,-2.67009163
10.10588590,26.69392173,0.31664813
-1.75739758,27.49337771,-2.82830501
10.84339618,26.62727926,0.48247089
-2.43942229,27.44449464,-3.03695848
11.65428231,26.65936659,0.68289596
-2.52835276,26.81782567,-3.01189326
11.66690174,26.15716946,0.82655230
-2.69246679,26.23517681,-2.97434674
11.72542096,25.71967594,0.97107921
-2.91817472,25.67066842,-2.92682803
11.83122198,25.32869836,1.11475956
-3.19501430,25.10786701,-2.87568156
11.98785956,24.96992066,1.25517725
-3.49060459,24.38790923,-2.81215056
12.15058362,24.53382602,1.36600511
-3.82305962,23.65573712,-2.77378245
12.40832323,24.11064773,1.46371122
-4.18371925,22.92070280,-2.78478962
12.77191775,23.67182411,1.54818999
-4.60183633,22.20574092,-2.86451614
13.26376906,23.18396479,1.62715032
-4.33250708,21.50457868,-2.64453509
13.01983045,22.73303788,1.55468047
-4.15430043,20.85239798,-2.52360096
12.88257503,22.30108685,1.49512006
-4.06762199,20.22682923,-2.49922065
12.83709250,21.85256412,1.44858871
-4.08584141,19.59910595,-2.57048681
12.87627523,21.35026015,1.42134029
-3.62916931,19.34548238,-2.46010811
12.30956982,21.30661935,1.32155706
-3.26787573,19.11357572,-2.38827958
11.79278557,21.25959947,1.25019059
-2.98760672,18.89434580,-2.34043791
11.31672002,21.20016291,1.19810508
-2.77109474,18.67949132,-2.30668512
10.87938900,21.11665454,1.15442451
1.49218331,19.12740828,-0.93980164
0.90851967,18.92352298,-1.08802947
-2.43170463,18.55228913,-2.17991061
2.19434788,19.35978689,-0.78039039
10.17387673,21.12071417,1.07769917
0.40700891,18.71218784,-1.21845883
-2.17168845,18.43286422,-2.06038468
3.05657990,19.56461110,-0.59393001
9.54406168,21.05072464,0.97969966
-0.04472595,18.49191284,-1.34397503
-1.95430091,18.30910326,-1.95247763
4.06734753,19.72682696,-0.37941335
8.95350850,20.90225287,0.85417113
-0.47147946,18.25737311,-1.48337106
-1.74608538,18.17031388,-1.86667988
5.16671327,19.83610241,-0.14514993
8.36975366,20.66905099,0.70095556
-0.81992276,18.26031456,-1.54018321
-1.45122159,18.21697072,-1.72338786
6.02534442,20.13716122,0.08610672
7.63965538,20.56037737,0.51744658
-1.14446512,18.24663496,-1.61732037
6.86054801,20.38116183,0.31090420
