-0.25004456,13.30720144,2.32868395
-1.98203110,13.31852321,2.24146811
-0.23524161,13.30346773,2.42604401
-1.96968812,13.31467229,2.34247163
-3.69946941,13.30029432,2.27762811
-3.68998479,13.30132129,2.38190058
-5.39616823,13.25560354,2.38886708
-5.38977710,13.26571266,2.49463116
-7.06354498,13.21084081,2.49332215
-7.05864242,13.23531721,2.60015174
-6.37699388,34.83094292,-0.25880773
-4.78524542,34.86136547,-0.13730817
-6.39196419,34.93816508,-0.12157777
-4.79528970,34.96581189,0.00191768
-3.13577168,34.94451532,-0.01398812
-3.14135603,35.04868667,0.12627704
-1.44459036,35.05604254,0.10589413
-1.44539648,35.15727757,0.24695836
0.26912908,35.17202525,0.18588978
0.27324206,35.27240063,0.32667717
-8.43142478,13.39192997,2.51572527
-8.42486840,13.42524575,2.62307481
-9.73497327,13.56677629,2.47695072
-9.72554223,13.60896857,2.58436393
-10.95303792,13.73213560,2.39491127
-10.94128363,13.78165769,2.50135679
-12.07973533,13.89276513,2.27902945
-12.06817994,13.94388212,2.38303433
-11.94868772,33.22381642,-0.67133373
-10.62389078,33.64143483,-0.52918114
-11.98396337,33.34935211,-0.54023935
-10.65437163,33.76218625,-0.39754762
-9.25487642,34.02859456,-0.39368896
-9.28060876,34.14520036,-0.26049212
-7.84048295,34.41087770,-0.30483624
-7.86103239,34.52173612,-0.17075409
-13.02358865,14.23231327,2.09208409
-13.01341324,14.28536981,2.19546941
-13.90124427,14.56112359,1.84968484
-13.89382564,14.61635151,1.95417705
-14.71768009,14.93053833,1.55936916
-14.71348165,14.98552899,1.66657872
-15.50563923,15.30880121,1.23964964
-15.50389524,15.36255696,1.35044865
-15.99411939,15.72617386,0.98663494
-15.99121282,15.78124532,1.10054186
-16.49813717,16.17096103,0.73234687
-16.49276599,16.22544109,0.84946874
-17.01940963,16.60941982,0.48399542
-17.00833108,16.66437640,0.60332349
-17.58473083,17.06171249,0.22562801
-17.56587822,17.12205041,0.34539314
-15.74624997,30.98322477,-1.09423407
-14.80124222,31.58527019,-1.02346554
-15.78184642,31.09181866,-0.96616547
-14.83726813,31.70045680,-0.89285401
-13.87369236,32.17191379,-0.92305549
-13.91124112,32.29386835,-0.79239518
-12.92408495,32.71909626,-0.80475426
-12.96117248,32.84446582,-0.67341435
-17.78524572,18.09259151,-0.05605773
-17.77343662,18.16085714,0.05942366
-18.03002944,19.12030299,-0.31149793
-18.02884215,19.19102882,-0.20054228
-18.30009905,20.16178338,-0.55259947
-18.30805167,20.23573112,-0.44570050
-18.60338071,21.22660865,-0.77956106
-18.62127717,21.30308689,-0.67434044
-18.24615081,22.48557265,-0.91289304
-18.26876930,22.56651839,-0.80756073
-17.92327937,23.77293681,-1.02210099
-17.95362375,23.85906068,-0.91668045
-17.58758782,25.08915815,-1.11032900
-17.62546957,25.18178778,-1.00468450
-17.23968990,26.44136186,-1.19621403
-17.27976696,26.53817911,-1.08869482
-16.86842520,27.55253776,-1.16583467
-16.90831770,27.65330922,-1.05357970
-16.48998874,28.68050571,-1.13342235
-16.53168948,28.78590460,-1.01670876
-16.11248212,29.82245277,-1.11279216
-16.15122699,29.92918943,-0.99047192
-0.26534197,13.29012023,2.23486006
-1.99893065,13.29664487,2.14336162
-3.71767507,13.26953266,2.17791210
-5.41621646,13.22136856,2.28801484
-7.08806744,13.16582901,2.39248632
-6.36112340,34.72632360,-0.38927469
-4.77498853,34.75728560,-0.27223170
-3.13045603,34.84096013,-0.15040885
-1.44410084,34.95526337,-0.03251816
0.26492240,35.07253062,0.04720314
-8.44954185,13.33089912,2.41365164
-9.74912935,13.49806320,2.37636838
-10.96725185,13.65699707,2.29608401
-12.09655248,13.80323454,2.17885985
-11.91632098,33.10231116,-0.79793881
-10.59375385,33.51972034,-0.65282728
-9.23019678,33.91334758,-0.52347672
-7.82056198,34.30560979,-0.43403054
-13.03994181,14.13979314,1.99525775
-13.91098966,14.48438179,1.75409204
-14.72496850,14.84702461,1.46296129
-15.50776824,15.23370543,1.13912460
-15.99866298,15.65562127,0.88378852
-16.50451670,16.09011511,0.62865980
-17.03459432,16.53167987,0.37537298
-17.59539697,16.97392976,0.12660738
-15.69844783,30.85551805,-1.21399296
-14.76651757,31.46689475,-1.14694813
-13.83445100,32.04538517,-1.04859494
-12.88788891,32.58950340,-0.92911350
-17.79781459,17.99832003,-0.15460724
-18.03029795,19.03442400,-0.41728140
-18.28883637,20.08330424,-0.65936062
-18.56962811,21.14567536,-0.87845070
-18.22287149,22.39945729,-1.00771990
-17.88175927,23.68269937,-1.11720008
-17.54169778,24.99749905,-1.21151064
-17.19634585,26.34294276,-1.29822941
-16.81891258,27.44921575,-1.26895149
-16.44186580,28.57174338,-1.24567473
-16.06770101,29.70821411,-1.22840489
1.49654456,13.29469001,2.56844515
1.48017925,13.29601193,2.47264787
3.19917898,13.22503627,2.67389571
3.18273596,13.22039090,2.57797476
4.85720851,13.05555432,2.72970172
4.84116479,13.03990927,2.63222263
6.46836180,12.82379885,2.78572635
6.45326433,12.79211066,2.68364376
7.28361981,34.69393687,0.22044150
5.54040433,34.84673630,0.24196311
7.25803742,34.59067809,0.09020120
5.52035753,34.74526633,0.10859893
3.77840690,35.01440291,0.28704977
3.76330215,34.91220626,0.15056519
2.01355580,35.16343668,0.34376200
2.00418154,35.06284522,0.20428730
7.80907797,12.84899301,2.86825284
7.79667100,12.80832992,2.76242563
9.13902128,12.90142854,2.97810832
9.12927286,12.85308875,2.87149344
10.46853543,12.99961628,3.03949524
10.46113700,12.94532741,2.93447600
11.78516649,13.11777498,3.02417775
11.77867236,13.06313527,2.92186951
13.62643450,32.30028948,0.13812395
12.07203220,32.91836983,0.22395984
13.57962980,32.18665052,0.01438384
12.02970139,32.80865231,0.10020038
10.49482975,33.51684142,0.28453189
10.45743536,33.40902145,0.15922337
8.89875750,34.09950879,0.27538822
8.86702594,33.99409921,0.14859566
12.97392073,13.39128161,2.92821640
12.96679500,13.33566746,2.82691793
14.13045310,13.60696449,2.77174699
14.12165899,13.54918508,2.67005578
15.28105060,13.83053445,2.55339730
15.27179016,13.77299308,2.45044265
16.45201939,14.05842330,2.28720900
16.44209054,14.00302923,2.18293174
17.23315410,14.38142954,2.06448477
17.22356598,14.32664618,1.95872825
18.02574334,14.73620371,1.82897801
18.01697722,14.68397590,1.72120344
18.81281167,15.09536172,1.59446769
18.80687730,15.04501434,1.48495323
19.62652583,15.48282390,1.35183129
19.62420451,15.42880174,1.24053738
18.24021254,29.65230363,-0.01203203
17.07951068,30.31772477,-0.04041025
18.18790223,29.55059943,-0.13032061
17.02952083,30.21195946,-0.16189732
15.94204301,30.99334713,-0.02156506
15.89145378,30.88266973,-0.14434769
14.78926155,31.65927305,0.04423329
14.73976838,31.54635968,-0.07941750
20.06197620,16.53860584,1.13740533
20.04633182,16.47830942,1.02948701
20.52304407,17.59060799,0.95297118
20.49387831,17.52917041,0.84834733
20.98362879,18.66075500,0.78984507
20.94486945,18.59509642,0.68818590
21.46380024,19.75484160,0.65874127
21.41542992,19.68587289,0.55699771
21.11329649,21.07315773,0.56684970
21.05891876,20.99886594,0.46362813
20.78128550,22.40630527,0.46239925
20.71839899,22.32615770,0.35665089
20.41710686,23.75274788,0.34105283
20.34580914,23.66467500,0.23315635
20.01829696,25.11865084,0.19138777
19.94452578,25.02605242,0.08125490
19.59187161,26.23211922,0.14151182
19.52147634,26.13589774,0.02998615
19.15163023,27.35811727,0.08998135
19.08320354,27.25825761,-0.02309770
18.69376361,28.49490016,0.03494180
18.63280967,28.39409923,-0.08051272
1.46765976,13.27089915,2.38222796
3.17440830,13.18470277,2.48852982
4.83767186,12.99811633,2.54248340
6.45582862,12.73674144,2.58899692
7.23118246,34.48964291,-0.03392690
5.49960193,34.64402948,-0.01998081
3.74821714,34.80975261,0.01825495
1.99459030,34.96260680,0.06748247
7.79428939,12.73769385,2.66281476
9.12283610,12.77691733,2.77112385
10.45198146,12.86501445,2.83705868
11.76728339,12.97088178,2.82411467
13.53426077,32.07637084,-0.10529484
11.98692194,32.69759443,-0.01613222
10.42039627,33.30124016,0.03725711
8.83579898,33.89398031,0.02597244
12.95609209,13.23988623,2.72996211
14.10945710,13.47002329,2.57517998
15.25742120,13.68851476,2.35879948
16.42375394,13.92694199,2.08828984
17.20969341,14.25763853,1.86203387
18.00028853,14.60695052,1.62483931
18.79646775,14.97067028,1.38305768
19.60228289,15.34737877,1.14513096
18.11746843,29.43150837,-0.24316784
16.97683573,30.10227453,-0.27722956
15.83660314,30.76870516,-0.26233918
14.68928689,31.42768920,-0.19629307
20.02569326,16.39217074,0.93506270
20.45829753,17.45272320,0.74754599
20.89891354,18.52607377,0.58685807
21.34474754,19.61088580,0.45961589
21.00156476,20.92051430,0.36626470
20.64056160,22.24246222,0.25657265
20.26222591,23.57953744,0.12584865
19.86587518,24.93279769,-0.02708657
19.43812250,26.03783530,-0.07742119
19.00286704,27.15574327,-0.13513584
18.56206058,28.28720619,-0.19266321
-0.96127155,11.83981883,-5.78823313
-2.24846893,11.91726256,-5.88369373
-0.96232607,11.87387464,-5.67162203
-2.24767910,11.95388635,-5.76592768
-3.52611951,11.98299372,-5.94235631
-3.52270588,12.01834749,-5.82269217
-4.80802113,12.03558967,-5.98523362
-4.80150135,12.06522665,-5.86296178
-6.11585248,12.07566639,-6.03869809
-6.10663409,12.09530934,-5.91337225
0.33439298,11.85146729,-5.57776597
0.33653794,11.82054029,-5.69433887
1.63937261,11.80697530,-5.48598149
1.64245238,11.78084328,-5.60365180
2.96254098,11.75931193,-5.40025112
2.96590875,11.73951432,-5.52036116
4.31443840,11.72445552,-5.32232545
4.31729470,11.71218895,-5.44728954
-0.01196240,33.97157945,-13.29270055
-1.84399956,33.73692819,-13.26789697
-0.01800551,33.97986351,-13.09404994
-1.84081376,33.73982320,-13.07166404
-3.65998629,33.62339990,-13.28646274
-3.64720177,33.62119800,-13.09196216
-5.41460239,33.49498686,-13.26513668
-5.39311122,33.49316408,-13.07293108
-7.14968828,33.36239619,-13.22766389
-7.11834446,33.36411533,-13.03438432
1.80911701,33.68500732,-12.89009068
1.82429843,33.67961045,-13.08730919
3.69095737,33.52759315,-12.70361143
3.71551659,33.52495846,-12.90260168
5.54506654,33.36769674,-12.47995486
5.57802332,33.36347086,-12.68321350
7.37939128,33.19631437,-12.31168190
7.42109261,33.18844766,-12.52245670
-7.33357078,12.30461956,-6.21130925
-7.32208015,12.31584989,-6.08012809
-8.58187867,12.48588406,-6.45548958
-8.56862852,12.49044190,-6.31597944
-9.85222385,12.61949305,-6.78379244
-9.83869575,12.62072640,-6.63201810
-11.12469170,12.70511498,-7.17995565
-11.11229256,12.70624466,-7.01600040
5.56679971,11.95024365,-5.34589403
5.56967232,11.94142248,-5.47837908
6.83132615,12.17342088,-5.38897776
6.83467036,12.16607826,-5.53011951
8.11863463,12.38003263,-5.45542999
8.12305651,12.37345026,-5.60530791
9.44707983,12.53808523,-5.58090755
9.45403231,12.53160513,-5.73836145
-8.94479188,32.68816101,-13.02402704
-8.90018065,32.68527413,-12.83632266
-10.73049874,32.06014817,-12.93845874
-10.67482335,32.06016286,-12.75448997
-12.41202230,31.35005049,-12.88635069
-12.34891774,31.35457458,-12.70780163
-14.28499736,30.64339491,-12.85590149
-14.21130184,30.64324171,-12.68121803
9.21404384,32.46361071,-12.02642284
9.26603372,32.45997836,-12.23468159
11.00807126,31.75472821,-11.81222104
11.06497758,31.74875339,-12.01137313
12.65345408,30.95580715,-11.55971648
12.71079705,30.94612402,-11.74493128
14.46530761,30.12588653,-11.27250549
14.52825582,30.11977479,-11.44734554
-12.36773195,12.87898914,-7.66493964
-12.35595795,12.87950009,-7.49345868
-13.61748723,13.05589615,-8.16606582
-13.60193450,13.05027128,-7.99360874
-14.90406511,13.29015884,-8.68738710
-14.87797898,13.27353137,-8.51705375
-16.21916232,13.59647983,-9.21362154
-16.18195105,13.56897294,-9.04752253
10.82167723,12.74866315,-5.86224554
10.83286350,12.74267648,-6.02503134
12.21802109,12.92587227,-6.22777778
12.23385116,12.92295440,-6.39167441
13.60495173,13.14679695,-6.66734573
13.62785784,13.14655908,-6.83370980
15.00016259,13.40196086,-7.16064827
15.03079464,13.40264473,-7.32750263
-17.85406204,28.08906788,-12.66275622
-16.94241722,28.69844356,-12.67246195
-17.80999014,28.08337901,-12.49934045
-16.88695890,28.69789367,-12.50882282
-16.04220721,29.36509882,-12.71305407
-15.97695774,29.36648042,-12.54681834
-15.15389100,30.02731768,-12.77912464
-15.08228609,30.02773454,-12.60935332
18.06806094,27.39048800,-10.59617083
17.10405131,28.05018788,-10.70180917
18.10117995,27.39512956,-10.74445797
17.14868483,28.04856856,-10.85371225
16.19062938,28.76391084,-10.86244861
16.24443176,28.75855941,-11.02102949
15.31043082,29.46833284,-11.06149702
15.37099009,29.46253455,-11.22790113
-16.84977468,13.98869160,-9.54344005
-16.81132943,13.95677733,-9.38013748
-17.47695585,14.39352532,-9.85397741
-17.43961179,14.35731104,-9.69500119
-18.12261754,14.81381994,-10.14101495
-18.08539021,14.77255081,-9.98824153
-18.82520609,15.25641473,-10.40936068
-18.78707227,15.20902368,-10.26321007
15.71396109,13.73337457,-7.49384731
15.74592265,13.73721438,-7.65510356
16.44830579,14.07675324,-7.78027461
16.48051594,14.08697483,-7.92832915
17.23575102,14.44216794,-8.00176401
17.26871672,14.46255351,-8.13164130
18.13500748,14.83737353,-8.15636291
18.17058052,14.86973879,-8.26802186
-18.95027097,16.17338525,-10.63230781
-18.89863899,16.12689491,-10.48820936
-19.13653621,17.13725972,-10.84817900
-19.07396905,17.09046748,-10.70689374
-19.34886376,18.10764786,-11.04737345
-19.27850727,18.06357595,-10.90822684
-19.57668407,19.05111361,-11.22925127
-19.49801996,19.00953079,-11.09017078
18.38175595,15.73258914,-8.33734006
18.43337301,15.76996892,-8.43664154
18.71287596,16.67660447,-8.48835867
18.77782591,16.71837925,-8.57776264
19.07830170,17.62840191,-8.61941752
19.15179239,17.67053137,-8.70364818
19.45459774,18.55075533,-8.74328327
19.53706676,18.59123250,-8.82760931
-19.47392950,20.22148014,-11.39513455
-19.39201109,20.17982917,-11.25499391
-19.39892846,21.34791096,-11.55521642
-19.31524851,21.30097888,-11.41147392
-19.30550240,22.49145891,-11.72351779
-19.22367961,22.43670291,-11.57337082
-19.16996084,23.75723818,-11.92238004
-19.09232190,23.69373981,-11.76520334
19.42218628,19.70250305,-8.91333085
19.50710573,19.74421978,-9.00043940
19.41582057,20.79719542,-9.08560398
19.50129699,20.84418374,-9.18014924
19.38539029,21.89823981,-9.27905402
19.46771107,21.95350055,-9.38512873
19.30817877,23.11620783,-9.52382327
19.38480087,23.17932569,-9.64461377
-18.89601891,24.77144864,-12.07164703
-18.82582335,24.70807696,-11.91138016
-18.59858888,25.88456471,-12.25667990
-18.53731877,25.83327765,-12.09446283
-18.25391590,27.01053803,-12.46325241
-18.20264183,26.98223681,-12.30057231
19.05047320,24.10910255,-9.73383388
19.11753543,24.17209735,-9.86340666
18.77642751,25.20686404,-9.99567080
18.83158372,25.25743021,-10.13331045
18.45339904,26.32227786,-10.29449483
18.49590642,26.34973716,-10.43781339
7.39329015,33.14685026,-12.13744269
9.16438022,32.45983697,-11.85282499
10.92298160,31.71744022,-11.62736614
12.65603593,30.93199771,-11.39693457
14.36948490,30.14735889,-11.14172168
4.29364840,11.77797546,-5.26195418
5.53567754,11.97917680,-5.26263378
6.78553422,12.18837529,-5.28967215
8.04816828,12.39361701,-5.34793684
9.33895838,12.55983769,-5.47119487
18.09905525,27.34552304,-10.49598616
17.13547541,28.03837090,-10.59043682
16.19995509,28.73859565,-10.72925978
15.28006511,29.44124113,-10.91587812
14.87059831,13.40343337,-7.00941510
15.61465857,13.72379444,-7.33780971
16.35692993,14.05803336,-7.63217304
17.10604611,14.41512445,-7.87170650
17.87128801,14.79842587,-8.05139927
18.22012577,15.72144002,-8.25338804
18.57252448,16.65913139,-8.41364461
18.92668101,17.60515848,-8.54968456
19.28038178,18.55495743,-8.68008400
-18.56775811,15.15109305,-10.10278773
-18.75827355,16.10480427,-10.35142611
-18.95177860,17.06599878,-10.57553922
-19.14931952,18.03450861,-10.77868443
-19.35046028,19.01023673,-10.96850307
19.27722880,19.64513960,-8.83526442
19.26547430,20.73125707,-9.00229909
19.24509213,21.81310508,-9.18661415
19.21568658,22.89015987,-9.39441751
-19.26719314,20.12167449,-11.12200165
-19.18374863,21.23337268,-11.27734422
-19.09995682,22.34523060,-11.43834668
-19.01469636,23.45647218,-11.61010752
18.94526667,24.01251159,-9.61966575
18.66903529,25.13030747,-9.87344220
18.38709122,26.24181239,-10.16429714
-18.72824636,24.60585247,-11.77052705
-18.43441346,25.75296321,-11.95102112
-18.13407189,26.89733515,-12.15671518
-17.82825441,28.03845251,-12.39152388
-0.02544608,33.92611565,-12.92139055
1.81188335,33.68523502,-12.72552930
3.66597885,33.49896081,-12.53211020
5.52544458,33.33029648,-12.30675880
-0.96193693,11.94845756,-5.61169293
0.32682152,11.91933485,-5.51386536
1.63254599,11.86681113,-5.41795818
2.95653056,11.81439888,-5.33227139
-2.23929113,12.02357636,-5.70086342
-3.51417262,12.08150438,-5.75362748
-4.79252954,12.12366722,-5.79446634
-6.08133181,12.14925258,-5.85184672
-1.85234304,33.73963590,-12.90979393
-3.63311005,33.58684806,-12.92546637
-5.38631058,33.44988370,-12.91082471
-7.14049765,33.31159300,-12.87797845
-8.85495440,32.67531385,-12.68077299
-10.59436881,32.01382895,-12.58259682
-12.35097064,31.33114878,-12.55748996
-14.10617953,30.65768277,-12.54202048
-7.28379503,12.34596104,-5.99560130
-8.51392152,12.50510134,-6.21213409
-9.76074143,12.63255733,-6.51012223
-11.00252097,12.72693424,-6.88055476
10.68844809,12.78624497,-5.74471839
12.07560699,12.96677364,-6.10594217
13.47613123,13.16945676,-6.53210560
-12.22720479,12.91625243,-7.34900595
-13.46260100,13.08978295,-7.84865353
-14.74678170,13.28735416,-8.36744524
-16.05202965,13.54712650,-8.89154079
-16.71283453,13.91941869,-9.22085701
-17.35055586,14.31216825,-9.53682188
-17.96719950,14.72339821,-9.83229550
-16.90498706,28.68857073,-12.38803123
-15.97592071,29.34217431,-12.40998619
-15.04264756,29.99793105,-12.46212874
6.28388665,12.62628657,1.97311505
4.67973886,12.77046659,1.97591604
6.07677858,12.41500251,1.32772113
4.48760061,12.50058613,1.35153988
-6.92961517,12.96061408,1.04757042
-5.35829327,12.85419964,1.02602505
-7.01960028,13.10521515,1.73914909
-5.39416528,13.04232538,1.66949514
7.62522082,12.59989058,2.01250763
7.41181943,12.43286311,1.33393256
-8.25395069,13.11882843,1.01836233
-8.37207677,13.23867820,1.74418671
-9.53575255,13.25390541,0.94470190
-9.66988303,13.36348814,1.69632216
8.94963966,12.60588128,2.10049254
8.72367237,12.47102841,1.39106765
3.03104483,12.83986467,1.95605509
2.85432062,12.51984724,1.34190591
-3.76242190,12.72523056,0.99843801
-3.74288410,12.96449626,1.60032147
10.25236498,12.75663252,2.15527632
10.00999698,12.63066666,1.42417029
-10.72479893,13.46307914,0.82078731
-10.86240815,13.57721921,1.59921632
-2.13664153,12.69096474,1.00427406
-2.06434232,12.98153615,1.59098658
1.34083986,12.93323136,1.85094363
1.18541988,12.59180473,1.24318084
11.54868350,12.91958275,2.14032004
11.29666658,12.79242439,1.39844889
-11.84262945,13.64907814,0.66498898
-11.96971018,13.77445013,1.46531377
12.75847866,13.15364417,2.04554420
12.51812585,13.01548850,1.28403040
-12.83829063,13.91492316,0.44734893
-12.93231206,14.06713765,1.27293579
-0.48583728,12.65049487,1.09814762
-0.36600615,12.98127889,1.69404665
13.93695026,13.34475419,1.88449804
13.71948848,13.19319462,1.09758838
-13.78803865,14.17148189,0.17105492
-13.82697941,14.36197265,1.01883318
-14.69044877,14.49418687,-0.16016684
-14.64658691,14.72968046,0.70023328
15.08969480,13.58688750,1.65399620
14.89770448,13.42019725,0.83859904
16.26234697,13.85214290,1.37214150
16.09462379,13.67123338,0.53131454
-15.60633666,14.83391403,-0.50715104
-15.45973914,15.11279998,0.35181176
17.08762658,14.10251775,1.14650828
16.92361751,13.91421117,0.30015762
-16.23410327,15.12995213,-0.74861722
-16.03126766,15.43541778,0.10202649
17.92002549,14.36880649,0.90939163
17.76290676,14.16983672,0.06111676
-16.87029112,15.44015434,-0.99070804
-16.62288725,15.77241756,-0.13781708
-17.42495435,15.90146493,-1.25999768
-17.14889624,16.26108538,-0.38644696
18.68029663,14.80194296,0.66544840
18.52910768,14.58582345,-0.19494078
-17.98671055,16.36905497,-1.53688919
-17.69488407,16.75529110,-0.63405811
19.45239623,15.24677817,0.42633327
19.31349488,15.01115518,-0.44628765
20.12474427,16.19043548,0.17075939
19.98833356,15.92638353,-0.73989645
-18.39904866,17.29724675,-1.88970129
-18.11221526,17.70529425,-0.94706087
20.81610543,17.15762952,-0.05357179
20.68262603,16.87337610,-1.01251802
-18.82156832,18.24979427,-2.23779705
-18.55303216,18.67006624,-1.25032165
21.01054867,18.29003438,-0.18488152
20.87442956,17.99025496,-1.19197013
-18.84920010,19.35577127,-2.46489247
-18.59886007,19.76954989,-1.45898032
21.20044843,19.43347817,-0.30219922
21.06115073,19.12177846,-1.36146394
-18.88644689,20.48300283,-2.67482230
-18.65591275,20.88881734,-1.64792643
-18.61014085,21.76743212,-2.82485513
-18.37973246,22.15651776,-1.80090367
20.94303680,20.73714499,-0.43351356
20.81977093,20.41558858,-1.52429417
-18.33884596,23.07480435,-2.95784486
-18.10645428,23.45324267,-1.93502488
20.66778148,22.05444523,-0.57730484
20.56379363,21.72373137,-1.68814268
13.62522053,32.09142711,-1.02469940
14.79703361,31.47041865,-1.09519529
13.66199248,31.76295301,-2.32564189
14.82134142,31.14337078,-2.35810172
12.06276306,32.73054251,-0.95390910
12.08018304,32.44020730,-2.29647907
-10.89503443,33.28085367,-2.97338962
-12.29567260,32.80170103,-3.06146203
-10.71069622,33.54598483,-1.64086884
-12.05876376,33.11358481,-1.77401011
-13.31221736,32.30727425,-3.12847976
-13.05735379,32.63066265,-1.88416669
10.48440322,33.35577625,-0.92216460
10.48764163,33.10847472,-2.30658046
-9.47129125,33.73858084,-2.90197059
-9.32808664,33.95664184,-1.52727108
15.96560140,30.84011880,-1.13451840
15.98404568,30.51839403,-2.37021587
-14.31797637,31.78609505,-3.18856275
-14.03799093,32.11619218,-1.97462832
0.19277921,34.97710148,-2.60152713
-1.52905066,34.91317808,-2.65028876
0.24657893,35.08710989,-1.05320678
-1.46892231,35.02657169,-1.14191842
1.98481206,35.04519796,-1.02487929
1.93705331,34.92509833,-2.53414425
8.85689619,33.85973788,-0.93985343
8.84040593,33.65469299,-2.36140910
-7.99108500,34.07488704,-2.85969224
-7.88249328,34.25371636,-1.44366511
17.03120515,30.02001678,-1.12924269
17.03894926,29.70003181,-2.34817171
-15.22764560,31.03334748,-3.22878632
-14.93078719,31.37220748,-2.03980522
-3.22628600,34.85965889,-2.71752181
-3.16177821,34.97167472,-1.25461536
3.74602067,34.96442127,-1.05058559
3.70304668,34.84310680,-2.50627255
5.48701881,34.66629267,-1.03452665
5.44577978,34.52848363,-2.47836677
-4.87450603,34.62748332,-2.78151947
-4.80493053,34.75309166,-1.33018247
7.21125584,34.36716123,-1.00352054
7.17758406,34.20174744,-2.44923808
-6.47539778,34.43882463,-2.85030529
-6.39148906,34.58352791,-1.40298389
18.10055847,29.19858014,-1.08889489
18.10482639,28.88167706,-2.31282569
-16.13931957,30.26131444,-3.26998239
-15.82682376,30.60265799,-2.08629882
-18.02109471,24.39653199,-3.06434581
-17.77656374,24.77936258,-2.01946358
20.31313386,23.38991217,-0.70364942
20.22998654,23.04262898,-1.84480478
18.65392256,28.07920620,-1.04277777
18.65259982,27.76242930,-2.22920946
-16.60910423,29.14374666,-3.23477102
-16.30335421,29.48598801,-2.10097375
-17.70505821,25.73821032,-3.16265365
-17.44329236,26.13215253,-2.09586904
19.94275260,24.74164956,-0.84232311
19.88497786,24.37697543,-2.00006081
19.20734108,26.97119147,-0.99543304
19.20141114,26.65169536,-2.14677363
-17.08036234,28.03218981,-3.21213015
-16.78506054,28.37654008,-2.12601719
19.57922010,25.85083027,-0.91644231
19.54622452,25.50977801,-2.07349014
-17.39271200,26.87980969,-3.18582159
-17.11519530,27.24740461,-2.10890948
5.87398915,12.14893712,0.65330611
4.29625074,12.15838347,0.65840554
7.20174317,12.22074726,0.64167129
-8.12816749,12.93570268,0.29093500
-6.83361558,12.75987468,0.36639821
-5.31530048,12.61280762,0.38112050
2.67578870,12.11927608,0.63402471
-3.77501309,12.43360629,0.37601130
-2.20230643,12.35286114,0.38314066
1.03264234,12.18408376,0.55352605
-9.39422387,13.07121377,0.17964119
8.50016123,12.29749810,0.67141294
-10.58797381,13.26557677,0.02900566
9.77149197,12.47190176,0.68232131
-0.59901661,12.27000977,0.44681163
11.04850295,12.63122387,0.64175811
-11.73473127,13.43094456,-0.14158844
12.28204365,12.83902790,0.50827844
-12.79103866,13.66752365,-0.36447857
13.50807429,12.99854108,0.29917039
-13.82455681,13.89349581,-0.63666315
-14.82395876,14.18737973,-0.96367892
14.71451500,13.20584944,0.01615270
-15.83271591,14.49540693,-1.32053606
15.93990376,13.43437166,-0.30518532
-16.50148707,14.76073374,-1.59305787
16.77326819,13.65924137,-0.54658084
17.62092371,13.89671244,-0.79153972
-17.16547522,15.03340228,-1.88168681
18.39516796,14.30191574,-1.05117149
-17.72708333,15.46651125,-2.19207956
19.19095985,14.71952615,-1.31109531
-18.28907105,15.90926721,-2.50810496
19.86142761,15.62636949,-1.64387033
-18.68221655,16.83155445,-2.89453313
20.55000122,16.57033007,-1.96480439
-19.08618520,17.78883115,-3.26677389
20.73151894,17.67937471,-2.20536074
-19.09674656,18.90907748,-3.51681549
20.90835006,18.80413131,-2.43396223
-19.11762973,20.04950093,-3.74947914
20.68242718,20.09581734,-2.62248963
-18.83488214,21.35810483,-3.90191914
-18.56227031,22.68092693,-4.03628670
20.44666577,21.40005637,-2.79866842
-18.24846795,24.01080093,-4.13999829
20.13815366,22.71370916,-2.95171281
-17.94280836,25.35181012,-4.23443153
19.82322811,24.03927464,-3.09490008
-17.65452545,26.51106807,-4.29703019
19.51244887,25.18653070,-3.20112090
-17.36980545,27.67781508,-4.36107720
19.19771155,26.34164312,-3.30522119
-16.90853090,28.79790565,-4.41022074
18.65702050,27.46166795,-3.40650065
-13.60103066,31.99867736,-4.32262154
-14.62303020,31.46612403,-4.37676359
-15.53526089,30.70005916,-4.41705618
16.02337388,30.23035501,-3.54129899
17.06198739,29.40746974,-3.52482247
14.86932003,30.85563382,-3.53894244
-16.44875428,29.92227299,-4.47130289
18.11896367,28.58783462,-3.51009169
-12.57210373,32.51013984,-4.27679857
13.72421448,31.47936386,-3.53740301
-11.12151234,33.03929704,-4.23827685
12.12319899,32.19616869,-3.56741359
-9.65536802,33.54748218,-4.21770773
10.51560006,32.90715908,-3.63167579
-8.13417552,33.92620741,-4.20468244
8.84541873,33.49139914,-3.71151372
-6.58621223,34.32430666,-4.21242997
7.16024301,34.06941077,-3.80754136
-3.30696418,34.77453483,-4.07484036
-4.96458556,34.53116834,-4.13827586
-1.60170238,34.82597538,-4.01021213
1.88580656,34.82718044,-3.89070517
3.66189909,34.74160061,-3.85313336
5.41347034,34.41426130,-3.82507889
0.13073714,34.89276348,-3.97085512
6.93605202,11.91358070,-0.55487804
5.61385524,11.74636383,-0.58198718
-7.95625122,12.63701041,-0.77227484
-6.69830036,12.43660885,-0.66598870
4.05618558,11.64975973,-0.62641256
-5.24913927,12.24642806,-0.61871231
-3.77928317,12.01372475,-0.61650434
2.45908665,11.54705828,-0.65217152
-2.27309404,11.87770027,-0.64829702
0.85156673,11.61373632,-0.66805316
-9.20410116,12.77358236,-0.90875853
8.22083376,12.06205729,-0.50855545
-0.72973411,11.73976749,-0.67386879
-10.40800522,12.95169617,-1.07344211
9.47523357,12.27326503,-0.48588514
-11.59457344,13.09789106,-1.25031342
10.73895050,12.43777991,-0.51337953
-12.72704185,13.30964535,-1.48335433
11.98380827,12.62815673,-0.64032556
13.23756275,12.76548617,-0.83731275
-13.85429390,13.50910551,-1.77350552
14.48185621,12.95435326,-1.09644782
-14.94585115,13.77372766,-2.13622900
-16.02511007,14.03710829,-2.55852553
15.74813918,13.16230318,-1.38934898
16.59067707,13.37772946,-1.60809469
-16.71143259,14.26835787,-2.86951632
17.44764841,13.60822264,-1.83617535
-17.39252321,14.50540993,-3.17922735
18.22569698,14.01765147,-2.08892944
-17.96502075,14.92540199,-3.47766161
19.02447445,14.44273381,-2.35102229
-18.53951236,15.36579296,-3.76373372
19.67649951,15.36259808,-2.72004706
-18.92164215,16.31435306,-4.12205394
20.34504197,16.31811418,-3.07690486
-19.31196847,17.30453006,-4.46482715
20.52025151,17.43567061,-3.31653980
-19.29894293,18.46794692,-4.67309648
20.69404299,18.56412279,-3.53556527
-19.29940896,19.64215189,-4.86641986
-19.01755101,20.96962049,-5.02038162
20.49094132,19.84956221,-3.73347526
-18.75077908,22.30156526,-5.15681594
20.28290468,21.14157180,-3.91227655
20.00733016,22.43664013,-4.06556305
-18.44858811,23.63086723,-5.26742198
19.72867622,23.73910012,-4.20723950
-18.15890843,24.96301647,-5.36895652
19.45145681,24.90446287,-4.30469084
-17.88389049,26.15217128,-5.43002812
-17.61606807,27.34471459,-5.49155953
19.17143817,26.07643956,-4.40101833
-17.14814342,28.48506459,-5.51774670
18.64212868,27.21063007,-4.47418963
-16.68381513,29.62780372,-5.55571493
18.11628845,28.35065988,-4.55272585
17.07506107,29.17201305,-4.55336401
-15.76868958,30.40889821,-5.49547314
-14.85655665,31.18355710,-5.45349330
16.05563089,29.99943132,-4.56333984
-13.82190945,31.72637712,-5.38470650
14.91162686,30.62802683,-4.54785620
-12.78449010,32.25267164,-5.33027402
13.77938461,31.25773644,-4.54583691
-11.29601714,32.82047829,-5.30226780
12.16341006,32.00542334,-4.59895804
-9.79718989,33.36710221,-5.29695731
10.54344295,32.74730536,-4.68470417
-8.24327338,33.77766157,-5.28125332
8.85621032,33.35570284,-4.76070611
-6.66875711,34.20240809,-5.28217135
7.15410102,33.95262476,-4.84604053
-3.36586338,34.67730655,-5.13751734
-5.03210031,34.42367843,-5.20471955
-1.65287226,34.73076739,-5.05969234
1.85092512,34.72871804,-4.92551312
3.63576038,34.64110825,-4.88860289
5.39579498,34.30688056,-4.85906586
0.08788395,34.80251127,-5.01164020
-7.79234653,12.40992445,-1.87699891
-6.56385280,12.19400960,-1.75056765
-5.17272969,11.98325239,-1.69079593
5.34983912,11.49316878,-1.91523179
3.81973340,11.34544667,-1.98945714
6.66732204,11.72646867,-1.83920768
-3.76250781,11.72834340,-1.69916896
2.26068953,11.22469339,-1.99602042
0.70104556,11.29649413,-1.94606787
-2.31450008,11.57693235,-1.77085184
7.94457628,11.93495510,-1.76176731
-9.02283909,12.54599817,-2.04668175
-0.82691782,11.43017849,-1.86675945
-10.22698614,12.71060769,-2.25330916
9.18851114,12.18538034,-1.71273107
10.44175672,12.36383025,-1.71435607
-11.42590163,12.84019511,-2.49284087
11.69783491,12.54623086,-1.80825627
-12.59143652,13.03028379,-2.80897378
12.97566969,12.67003537,-1.97039670
-13.75828947,13.19907506,-3.19019834
14.25178682,12.85230160,-2.20242928
-14.90096323,13.42339512,-3.61788460
-16.04406366,13.63838492,-4.05818888
15.54958493,13.05559048,-2.48869055
-16.76321804,13.84425034,-4.34212318
16.38941475,13.27171201,-2.71521898
-17.48093100,14.06130864,-4.60465535
17.23992534,13.50348972,-2.96121897
18.00687479,13.91911339,-3.22688831
-18.07731874,14.48622427,-4.83956328
-18.66665890,14.94019869,-5.07042968
18.79381576,14.34776975,-3.50037086
19.42317025,15.27242149,-3.87182838
-19.03660823,15.92946373,-5.37533845
20.07170511,16.22468235,-4.21863176
-19.41018602,16.95692585,-5.67293321
20.24759232,17.32893654,-4.43446936
-19.39127943,18.14133313,-5.84050578
20.42361273,18.43986059,-4.62957606
-19.38675176,19.32728977,-5.99740266
20.25521217,19.70349965,-4.82147111
-19.12468684,20.65614651,-6.14282278
-18.87957756,21.98068115,-6.27549076
20.08402490,20.96766201,-4.99649438
-18.60045567,23.29859516,-6.37964528
19.85016816,22.23203315,-5.14147557
-18.33496887,24.61362069,-6.47846209
19.61417310,23.50045970,-5.27719172
-18.07893731,25.82403438,-6.54165921
19.37347302,24.67243052,-5.37422023
-17.83125508,27.03559516,-6.60628209
19.12971139,25.85080298,-5.47172375
-17.36267098,28.18747639,-6.62992536
18.61468435,26.98783472,-5.54141431
-16.89829807,29.34047940,-6.66500724
18.10335984,28.13111687,-5.61792740
-15.98520874,30.12328343,-6.60639299
17.08389873,28.95143865,-5.61747636
-15.07619612,30.90329883,-6.56667097
16.08777672,29.78058538,-5.62837653
-14.03487939,31.44791021,-6.50176645
14.95699611,30.40667926,-5.61551720
-12.99398699,31.98048069,-6.45396799
13.83936274,31.03576515,-5.62095401
12.20809345,31.81132005,-5.67267178
-11.46645388,32.58461099,-6.41966125
-9.93348130,33.16790470,-6.41245066
10.57492961,32.58040146,-5.75895459
-8.34894237,33.60408464,-6.41211833
8.87160284,33.20407429,-5.84797767
-6.74958832,34.05050420,-6.42632236
7.15402634,33.81238905,-5.94437932
-5.09757347,34.28510513,-6.34844500
5.38462085,34.17204043,-5.96031983
-3.42132666,34.54900403,-6.27731530
3.61579454,34.51183851,-5.99521823
-1.69901001,34.60570513,-6.18163951
1.82142559,34.60155676,-6.02939163
0.05051695,34.68404780,-6.11701232
-6.44676095,12.15689844,-2.69323452
-5.09402440,11.96411319,-2.61964721
5.08110123,11.51243690,-2.75401477
3.58659562,11.37631264,-2.83053607
6.39238828,11.75472790,-2.67419971
-7.65848712,12.36068613,-2.85004178
-3.72662049,11.73056281,-2.62302420
2.07811691,11.27725557,-2.84815148
0.57857979,11.35902308,-2.81384626
-2.32617164,11.60394298,-2.67987185
-8.87712914,12.48076715,-3.07262301
7.67101708,11.98348932,-2.59978180
-0.89113781,11.48035497,-2.75196213
-10.07415166,12.62374075,-3.35664920
8.91623130,12.25486786,-2.56315049
10.17063970,12.44951747,-2.58110084
-11.26661185,12.73438790,-3.69062420
11.44501230,12.63480349,-2.68942306
-12.44363346,12.90597205,-4.08912007
-13.63824522,13.05400502,-4.51435203
12.74521149,12.75856194,-2.88046365
-14.83243360,13.25457993,-4.92742521
14.04234373,12.94840353,-3.16316003
15.35445930,13.16018847,-3.52382266
-16.03652839,13.44628315,-5.32845198
16.17987268,13.37976631,-3.80242571
-16.77365095,13.64396685,-5.59452420
-17.50029229,13.85581081,-5.85625349
17.01346155,13.60937256,-4.09199125
-18.09432665,14.28436175,-6.09719268
17.76165203,14.01839291,-4.37982149
-18.67600105,14.74672452,-6.33923106
18.52993559,14.43827697,-4.66285631
19.13542619,15.34709263,-5.01802071
-19.03397861,15.75018796,-6.63489041
19.75960844,16.27968348,-5.34319956
-19.39574336,16.78602045,-6.91924185
19.93434976,17.35003121,-5.54541980
-19.38857881,17.95326915,-7.06880625
20.10918665,18.42433706,-5.73139878
-19.39403043,19.11717705,-7.21111121
-19.17322883,20.41893103,-7.34496342
19.98541714,19.64563833,-5.91907795
19.85884283,20.86427391,-6.09643132
-18.96687390,21.71232847,-7.47289197
-18.72793911,22.99399763,-7.58734436
19.67191363,22.07971063,-6.25884047
-18.50003244,24.27054362,-7.70109785
19.48228090,23.29730802,-6.41488887
-18.27387305,25.48886222,-7.78683997
19.28256429,24.46446823,-6.54058446
-18.05483914,26.70765116,-7.87679282
19.07902540,25.63833009,-6.66834248
-17.59314974,27.86159545,-7.92392934
18.58214272,26.76586270,-6.77445092
-17.13442595,29.01582702,-7.98345029
18.08894707,27.90134881,-6.88669891
-16.23390154,29.79640348,-7.95114052
17.10239618,28.71134816,-6.92706072
-15.33616235,30.57622203,-7.93763186
16.13909704,29.53421973,-6.97103123
-14.29131466,31.11762821,-7.88699099
15.02749955,30.15107922,-6.97267010
-13.24808013,31.65175803,-7.85635893
13.92845425,30.77423382,-6.98902901
-11.67723560,32.28532543,-7.86251261
12.27842759,31.57091685,-7.07212456
-10.10533954,32.90031225,-7.90089697
10.62817023,32.36035286,-7.19486024
-8.48033624,33.36457265,-7.93299431
8.90271749,32.99568516,-7.30759490
-6.84855302,33.83658771,-7.97652159
7.16539193,33.61122827,-7.42913886
-5.17708976,34.08371628,-7.93014102
5.38263625,33.96950347,-7.48102134
-3.48793116,34.35686450,-7.88036570
3.60300668,34.31138277,-7.55311568
-1.75162478,34.41359714,-7.77953824
1.79464903,34.40175037,-7.60404057
0.01128024,34.49731522,-7.70524207
4.80488297,11.65595878,-3.32714562
3.35433398,11.54446009,-3.41024623
-7.53796001,12.40437212,-3.79414660
-6.33271415,12.23354291,-3.61703948
-5.00792130,12.08540568,-3.52523257
6.10576655,11.88935129,-3.25842311
1.90379550,11.47625293,-3.46645479
-3.67585969,11.89550720,-3.50129356
7.38746437,12.11989009,-3.20409655
-8.75536854,12.50142779,-4.04594014
-2.31975690,11.80256299,-3.51182875
0.46874764,11.57780096,-3.49867692
-0.93896338,11.69705210,-3.51386771
8.64410481,12.39846985,-3.19366226
-9.95830214,12.62961539,-4.35654148
-11.16194989,12.73791325,-4.70472987
9.91215413,12.60496729,-3.24993747
-12.37190957,12.90841407,-5.10068799
11.21185071,12.79542904,-3.42548072
12.53633959,12.92380737,-3.70784458
-13.60775308,13.05145357,-5.51192070
-14.83747603,13.24072390,-5.93575817
13.85200488,13.12543747,-4.09568390
15.17649004,13.35015002,-4.54918833
-16.06299751,13.42317005,-6.38445782
-16.78837448,13.62608751,-6.68856882
15.99067330,13.57226835,-4.85769632
16.81132653,13.80030337,-5.15791891
-17.49682090,13.85131278,-6.99448211
-18.07197076,14.29547889,-7.27260084
17.54197664,14.20434856,-5.44485009
-18.63489506,14.77507679,-7.54184131
18.29003987,14.62021527,-5.72208055
-18.98275718,15.77378399,-7.84198243
18.86929053,15.50757644,-6.06001066
19.46430299,16.41724177,-6.36617273
-19.33476004,16.79493733,-8.12194778
19.63645106,17.44628899,-6.55961701
-19.34567613,17.91473117,-8.26462040
19.80834028,18.47883705,-6.73879441
-19.36639845,19.03135022,-8.40023539
19.72901796,19.64833906,-6.93202076
-19.19689975,20.27810937,-8.53613506
-19.03759904,21.51786327,-8.66953637
19.64629324,20.81556171,-7.11812840
-18.84463076,22.74782418,-8.79158791
19.50667108,21.97950829,-7.29286592
-18.65859966,23.97449452,-8.91502286
19.36328857,23.14595452,-7.46325205
-18.46464063,25.19049612,-9.02206137
19.20249369,24.30631742,-7.61744251
-18.27491319,26.40778265,-9.13551275
19.03661439,25.47336791,-7.77687866
-17.82055401,27.55679646,-9.20715590
18.55732215,26.58829057,-7.92770114
-17.36660097,28.70772689,-9.29027706
18.08128240,27.71171160,-8.08435032
17.13138335,28.50902504,-8.18029245
-16.48074805,29.48589681,-9.28646060
-15.59562069,30.26542934,-9.29830343
16.20453148,29.32221233,-8.27237563
-14.54949912,30.80209826,-9.26747659
15.11734343,29.92481310,-8.31427456
-13.50443192,31.33561415,-9.25596731
14.04013346,30.53674824,-8.36090753
-11.88483266,32.00290566,-9.27837527
12.37155150,31.35326036,-8.46611363
-10.26834602,32.65661037,-9.33425985
10.70097030,32.16624988,-8.60113007
-8.60124362,33.15115122,-9.39739055
8.95046428,32.81263145,-8.73005154
-6.93780193,33.65036096,-9.47795743
7.19133645,33.43296252,-8.87539467
-5.24933200,33.91023717,-9.47370988
5.39573003,33.78534947,-8.97673607
-3.54992763,34.19242857,-9.45072952
3.60557625,34.12676743,-9.09920738
-1.80025480,34.24505272,-9.36240420
1.78081995,34.21640391,-9.18275919
-0.02034098,34.32913488,-9.29488283
-6.24942144,12.29062250,-4.31758605
-4.93937475,12.17711919,-4.23423147
-7.45550895,12.43958096,-4.48770088
5.90488396,11.98762999,-3.74473782
4.61733265,11.77155261,-3.79890915
3.20141686,11.68514654,-3.89289560
-3.62878186,12.02283708,-4.19998576
1.79385473,11.64088571,-3.98148343
0.40553068,11.75272966,-4.05542521
-0.95858895,11.86596742,-4.11980859
-2.30224363,11.95651812,-4.17222143
-8.68068268,12.52934238,-4.72614918
7.18353405,12.20729492,-3.71172394
-9.89818628,12.66025094,-5.02179557
8.44461845,12.48172231,-3.72730194
9.72116374,12.69210508,-3.81814725
-11.11969954,12.77605645,-5.35782501
-12.35471102,12.94611362,-5.75310488
11.04200311,12.88369649,-4.04733374
-13.60816160,13.08325836,-6.18492624
12.38882899,13.01406214,-4.39592140
13.72499174,13.22230528,-4.84249812
-14.84754979,13.26898794,-6.65566730
-16.07834623,13.46301379,-7.16347537
15.06769787,13.45727530,-5.32028663
15.87631900,13.68435500,-5.63565051
-16.79405898,13.68631061,-7.50478939
16.68702210,13.91629329,-5.94167069
-17.49159289,13.93977362,-7.84030737
-18.05567718,14.40403410,-8.13483249
17.40318953,14.32243712,-6.22830162
18.13423617,14.74297693,-6.49800966
-18.60615886,14.89879802,-8.41270045
-18.94704158,15.88046146,-8.72260176
18.69172497,15.61939358,-6.82686453
19.26466237,16.51827860,-7.11277977
-19.29201000,16.87740626,-9.00622910
19.43414774,17.52085603,-7.29668457
-19.31593089,17.95070846,-9.15524224
19.60266072,18.52664199,-7.46621415
-19.34752941,19.02294826,-9.29566726
-19.21706967,20.21921605,-9.43973033
19.55663236,19.66092962,-7.65575344
19.50571349,20.79400443,-7.83928875
-19.09310229,21.41166160,-9.58155334
19.40023451,21.92349442,-8.01757060
-18.93577343,22.59583196,-9.71658198
-18.78203723,23.77877137,-9.85412937
19.28933257,23.05517240,-8.19466256
19.15555902,24.21265880,-8.36930014
-18.61326286,24.98630778,-9.98457566
-18.44527783,26.19549980,-10.12466491
19.01477281,25.37430163,-8.55539510
-17.99696928,27.33384994,-10.22222240
18.54590810,26.48053023,-8.73439677
5.71311976,12.03539025,-4.43782047
4.44236921,11.84812312,-4.47739405
3.06834224,11.78556334,-4.55563433
-7.37487168,12.42959565,-5.22412902
-6.16367513,12.28538660,-5.08440434
-4.86689971,12.18939481,-5.00545889
-17.54588221,28.47544993,-10.33099173
-2.27535496,12.02087585,-4.91819997
-0.96504740,11.95678349,-4.84641046
0.36028642,11.86253333,-4.74524240
18.07999834,27.59425196,-8.92152849
-3.57653437,12.06031016,-4.95422543
1.70645774,11.75347180,-4.64120518
-8.61151182,12.52908072,-5.43195459
6.98447392,12.23082861,-4.42191600
-16.67339143,29.25059733,-10.34654408
17.15878683,28.38844664,-9.03740893
-9.84333176,12.67334577,-5.71918928
8.24446904,12.48900213,-4.46437086
9.52610497,12.69468989,-4.58456123
-11.07730106,12.79981503,-6.06181730
10.86984019,12.88296878,-4.84522195
-12.32498208,12.96496417,-6.47850871
-15.79923832,30.02953761,-10.37534720
16.26065603,29.19882852,-9.15472048
12.24504125,13.01366124,-5.21593322
-13.58062607,13.09325677,-6.95145949
13.60730359,13.23330434,-5.67721040
-14.82525258,13.28785371,-7.48428081
-14.75467390,30.56216366,-10.36142019
15.19614820,29.79365933,-9.23205754
-13.70979346,31.09573085,-10.36406082
14.14075788,30.39796210,-9.31691053
14.96985467,13.48824456,-6.16222067
-16.07628189,13.52354831,-8.03371648
12.46405981,31.23299898,-9.45773277
-12.05073170,31.79453194,-10.39142834
-16.79233955,13.78028423,-8.37158845
15.77382504,13.72248108,-6.47237300
-10.39758197,32.48734785,-10.44592806
10.77997945,32.07064095,-9.60114072
16.57604461,13.96162894,-6.77133712
-17.48533111,14.06603141,-8.69855253
-8.69360040,33.01625314,-10.50542185
9.00692387,32.73307907,-9.71893490
-18.04210602,14.54984802,-9.01058701
17.27679384,14.37698389,-7.06723041
17.99276695,14.81338474,-7.32485225
-18.58498342,15.05688706,-9.30074895
18.53805990,15.68853828,-7.59935168
-18.92472787,16.00945057,-9.59342843
-7.00362728,33.54285926,-10.60177412
7.22629978,33.35879368,-9.87441139
-5.30339864,33.81532987,-10.63865752
5.41833734,33.70169698,-10.04329239
-3.59846896,34.10501860,-10.64661407
3.61865470,34.03543518,-10.24321137
19.09821074,16.58726827,-7.81947288
-19.26825883,16.97489844,-9.85506173
-0.04195788,34.24336237,-10.48162690
1.77766575,34.11994934,-10.36062001
-1.83867837,34.15699478,-10.55382259
19.26325838,17.57443132,-7.99416500
-19.30425991,18.00571453,-10.03200560
19.42583902,18.56417859,-8.15466679
-19.34567900,19.03669418,-10.19941477
19.41193030,19.67287034,-8.32498026
-19.25029507,20.18477700,-10.35318595
19.39138515,20.78025237,-8.49541122
-19.15816896,21.33194536,-10.50556543
19.31785116,21.88254879,-8.66809588
-19.03158499,22.47283244,-10.65126603
19.23688248,22.98435121,-8.85002655
-18.90536902,23.61362035,-10.80231871
-18.75641049,24.81028050,-10.96440305
19.12593598,24.13959209,-9.05416211
-18.60431004,26.00599759,-11.14349009
19.00571829,25.29295548,-9.28420131
-18.15939686,27.12739929,-11.27934255
18.54397069,26.39031201,-9.49816721
-17.70858168,28.25058949,-11.43132717
18.08467917,27.49050123,-9.73037142
17.19132116,28.28789805,-9.84888830
-16.85309398,29.02132739,-11.46077242
-15.99416473,29.79682936,-11.50755742
16.32178725,29.09809759,-9.98834745
-14.95802747,30.32642667,-11.50682547
15.28259012,29.69202954,-10.09181891
-13.91844039,30.85886129,-11.52580340
14.25275576,30.29052962,-10.22314816
-12.22384017,31.59064809,-11.55314623
12.57582432,31.14194805,-10.42631953
-10.53341381,32.32564527,-11.59523091
10.88451158,31.99835432,-10.60957708
-8.79150746,32.89117856,-11.65457193
9.09344276,32.67191568,-10.75355796
-7.07212723,33.44183818,-11.78431554
7.29328225,33.29449884,-10.95915030
5.47131847,33.62756163,-11.18761963
-5.35609973,33.72618536,-11.85620227
-3.63954733,34.01767991,-11.90144718
3.65978150,33.94880372,-11.46182668
-0.04427677,34.15262484,-11.75521362
-1.86343435,34.06667531,-11.81784561
1.79826382,34.02507771,-11.61307122
4.75942851,12.92231086,2.24234490
6.37107352,12.69055532,2.26628452
7.70531470,12.70395075,2.31888854
-5.40537366,13.16738339,1.96102748
-7.05573846,13.14337563,2.05268198
-8.40575435,13.31816474,2.06518966
9.02655919,12.75247196,2.41494732
-9.69643944,13.48991617,2.02082451
-10.90757900,13.65059618,1.93405248
10.34724538,12.84434587,2.47950799
-3.72883901,13.17997858,1.86677641
3.10259664,13.07761061,2.20138850
11.65726997,12.95289748,2.46920914
-12.03136584,13.79688942,1.81201414
12.84980900,13.22085004,2.37404634
-12.97398314,14.12782607,1.62252500
-2.03064679,13.17445909,1.84896479
1.40456001,13.13937460,2.10122021
-13.84584512,14.46475021,1.37294665
14.00940554,13.44810907,2.21517197
-0.31505024,13.14461962,1.95295332
15.16472778,13.66237886,1.99371450
-14.66528630,14.81617042,1.07003516
-15.46362480,15.18735744,0.73393513
16.33921260,13.89788679,1.71960600
-15.96938878,15.59477689,0.47390649
17.12512170,14.22666031,1.49329989
17.91637123,14.57381931,1.25662037
-16.49569491,16.01492892,0.22048400
-17.04735498,16.44364908,-0.02589183
18.71423321,14.93406091,1.01527098
19.52302339,15.30559083,0.77714908
-17.62483218,16.87542151,-0.26804625
-17.83601036,17.88910238,-0.54499860
19.94762300,16.33797688,0.56634884
20.38139355,17.38742708,0.37651341
-18.07104900,18.91766917,-0.80598109
-18.32672788,19.96197576,-1.04904723
20.82261229,18.45127587,0.21185715
21.26828990,19.52834855,0.07795740
-18.60047113,21.02268971,-1.27134545
-18.26388975,22.27340393,-1.40115963
20.93640513,20.82637026,-0.02437073
0.25673254,35.07696523,-0.51621176
-1.45318942,34.93879389,-0.59230184
1.98527842,34.95261781,-0.48296983
3.73776932,34.78578440,-0.51202468
-3.14095156,34.80431879,-0.69951186
-11.95142840,32.97934330,-1.29319818
-12.92056407,32.46254353,-1.41788303
-10.61939850,33.40496406,-1.14986790
11.98948065,32.59625970,-0.48422991
13.54415721,31.96607676,-0.56774803
14.69052542,31.31402434,-0.65161246
-9.24900007,33.80866190,-1.02659658
10.41731422,33.21051186,-0.43925346
5.48873761,34.60242541,-0.53027988
-4.78635035,34.70005225,-0.80694014
-7.83514458,34.21335527,-0.94527168
8.82835152,33.81614225,-0.45919692
-6.37336444,34.64704227,-0.90919484
7.22067788,34.42496906,-0.52793590
20.58678982,22.13689118,-0.14396822
-17.93096217,23.55329384,-1.51328126
-13.86930021,31.91575593,-1.52630382
15.83121544,30.65250691,-0.70872912
16.96742883,29.98456413,-0.71299445
-14.80789793,31.33636928,-1.61018475
-15.74850557,30.72533705,-1.66412580
18.10590007,29.31265961,-0.67079984
20.22013880,23.46299501,-0.28191883
-17.59813484,24.86330006,-1.61121280
-16.12253400,29.57736914,-1.66533182
18.54583111,28.16727062,-0.61409591
-16.50071655,28.43915999,-1.67063412
18.98202945,27.03397845,-0.55218715
-17.26070819,26.20210846,-1.70174331
19.83656635,24.80525044,-0.43768691
19.41295024,25.91347987,-0.49129107
-16.88093005,27.31314086,-1.68298700
-4.82762576,12.20287088,-5.39463524
-3.54118371,12.14885115,-5.35480382
3.00955886,11.85022496,-4.93284654
1.66572288,11.89268699,-5.02404465
0.34116608,11.94270649,-5.12175796
-2.25540324,12.07242260,-5.30517510
-0.96424528,11.97378886,-5.21885712
4.36572464,11.83036583,-4.85277789
-6.12242876,12.23205666,-5.45467234
5.61745894,12.04306591,-4.83567157
-7.32427923,12.41842843,-5.59572186
6.87409146,12.26325262,-4.84427808
-8.55282688,12.56513618,-5.80630243
-9.79943422,12.68326497,-6.09012554
8.14080950,12.47485244,-4.88866520
9.43190680,12.64135675,-5.00518267
-11.04570560,12.77683513,-6.43772930
-12.27503583,12.97371129,-6.88264631
10.77243429,12.86575004,-5.27964017
12.14716357,13.03889698,-5.65426489
-13.51031575,13.14099446,-7.37994993
13.53554465,13.23065818,-6.09466151
-14.78065382,13.31242626,-7.91154200
-16.06652102,13.53654238,-8.45087667
14.92120806,13.45632695,-6.57014817
15.66753625,13.77241842,-6.89798036
-16.72469984,13.89404754,-8.78670617
16.41148550,14.09825899,-7.20549750
-17.36115828,14.27640193,-9.11032907
-17.97667603,14.68165263,-9.41516077
17.16221000,14.44226606,-7.47382395
-18.57524750,15.10737733,-9.69671464
17.92956834,14.80932308,-7.69247113
-18.76076171,16.07707522,-9.95098193
18.27896459,15.72787225,-7.92827425
18.63327777,16.66191258,-8.11997021
-18.95043505,17.05277245,-10.18128584
18.99113606,17.60702049,-8.27894838
-19.14560299,18.03466627,-10.38922536
19.35047083,18.55973706,-8.42150137
-19.34639254,19.02373786,-10.58109450
-19.24846573,20.15129507,-10.73214342
19.33072768,19.65787855,-8.58169055
19.30338067,20.75340739,-8.74731949
-19.15183251,21.27843498,-10.88329481
-19.05616255,22.40596118,-11.03766929
19.26820337,21.84700921,-8.92313303
-18.96016018,23.53348621,-11.19970233
19.22484174,22.93818141,-9.11523908
-18.67164146,24.68747264,-11.34579816
18.94926277,24.06288563,-9.31972060
-18.37650274,25.84048118,-11.50833595
18.66860884,25.18595900,-9.54581512
-18.07547705,26.99261793,-11.69109749
18.38264765,26.30649735,-9.80118759
-17.76943514,28.14307980,-11.89714468
18.09106425,27.42298614,-10.08888253
-16.83722669,28.79207980,-11.89200224
17.11554269,28.11364091,-10.17346984
-15.89899146,29.44447885,-11.90834845
16.16773256,28.81379407,-10.29323437
-14.95675867,30.09926659,-11.95007625
15.23480381,29.51834991,-10.45190120
-14.01204793,30.75850094,-12.01459611
14.31054034,30.22851659,-10.64202690
-12.26851239,31.42439189,-12.02351796
12.59516695,31.01180665,-10.85857759
-10.52757048,32.09675646,-12.04229351
10.86125110,31.79748519,-11.04980306
-8.80493411,32.74958684,-12.12693544
9.10427639,32.54112930,-11.24133063
-7.10513073,33.38184676,-12.29759689
7.33768359,33.23157331,-11.49833866
5.47884324,33.42118825,-11.68412781
-5.36192798,33.52498813,-12.33136299
-3.61986970,33.67318638,-12.33909287
3.63010854,33.59864976,-11.91976431
-1.85153639,33.84178686,-12.31242283
1.78741133,33.79523154,-12.11818578
-0.03779565,34.04384601,-12.31019667
