0.91023439,14.49209566,0.69819494
-0.05568445,14.61292416,0.74684398
0.90427947,14.40637962,0.82997354
-0.06574913,14.52620935,0.87873341
-1.02089542,14.73376394,0.78060951
-1.03455607,14.64684862,0.91232911
-1.98180222,14.85386560,0.80807669
-1.99854037,14.76694746,0.93924948
-2.93826718,14.96728708,0.83899862
-2.95807328,14.88066492,0.96942305
-4.72832164,33.20384169,1.38950651
-3.58069988,33.29227737,1.47289493
-4.75108623,33.19546393,1.49349418
-3.59690992,33.28400530,1.57799463
-2.45212823,33.35625639,1.52959337
-2.46226882,33.34858815,1.63547871
-1.32173915,33.40284523,1.55444517
-1.32639530,33.39627894,1.66078502
-0.17971753,33.44825451,1.54942235
-0.17896528,33.44338717,1.65570896
-3.73687989,15.19918947,0.87011431
-3.75955425,15.11226334,0.99980344
-4.53519498,15.41146737,0.91397560
-4.56115627,15.32343960,1.04331473
-5.33147215,15.60120318,0.96767921
-5.36154812,15.51097725,1.09723621
-6.12409029,15.76505666,1.02451434
-6.15898985,15.67133369,1.15446347
-8.87335599,31.14643078,1.12734053
-7.77540919,31.69445052,1.18870736
-8.92092133,31.13546565,1.23286718
-7.81655800,31.68348331,1.29403862
-6.72468780,32.22258598,1.25165088
-6.75991945,32.21211662,1.35676003
-5.71346331,32.72345864,1.31998657
-5.74236870,32.71388599,1.42469045
-6.76570844,16.33657362,1.14476836
-6.80489845,16.24067451,1.27863110
-7.40867108,16.89318334,1.24702662
-7.45253224,16.79410569,1.38439040
-8.07030764,17.42636447,1.32731206
-8.11921578,17.32380523,1.46766022
-8.77890387,17.91260267,1.38261747
-8.83323478,17.80665882,1.52543100
-9.25076104,18.39769784,1.40273595
-9.30468688,18.29626589,1.54754414
-9.78782124,18.81888058,1.40261421
-9.84121349,18.72295696,1.54881655
-10.41781379,19.14907965,1.38650098
-10.47081989,19.05925776,1.53298567
-11.17334356,19.35983325,1.36012337
-11.22643916,19.27621004,1.50636662
-12.72865995,29.18086673,0.91324685
-11.57411348,29.62039851,0.94471420
-12.78732791,29.16093953,1.02490645
-11.63043627,29.60315311,1.05336579
-10.57928300,30.10677016,0.99573755
-10.63210959,30.09151270,1.10244116
-9.69034228,30.62022826,1.05868285
-9.74042412,30.60706519,1.16450338
-11.59244237,20.22764402,1.24861849
-11.64735361,20.15342278,1.39511980
-12.18959500,20.90714901,1.13247081
-12.25023696,20.83981908,1.27735698
-12.93320471,21.48201155,1.03961526
-13.00242205,21.42016601,1.18165813
-13.80698840,22.02569644,0.98110063
-13.88645076,21.96893147,1.11962251
-13.67180213,23.05214642,0.87208611
-13.75176297,23.00474365,1.00422124
-13.57812186,24.07271102,0.84853285
-13.66041267,24.03267441,0.97490682
-13.50081114,25.09568488,0.85972743
-13.58619772,25.06262267,0.98170777
-13.42128080,26.11139361,0.86005826
-13.51000094,26.08511054,0.97843573
-13.23980620,26.88939760,0.91310789
-13.32235684,26.86570582,1.03016151
-13.05289992,27.64678455,0.92989674
-13.12876743,27.62538235,1.04535239
-12.87596958,28.40234314,0.92489756
-12.94394117,28.38242893,1.03851735
0.91480021,14.57572287,0.56826490
-0.04710879,14.69725013,0.61680014
-1.00882842,14.81839100,0.65083005
-1.96655786,14.93829549,0.67884998
-2.91994536,15.05151980,0.71031992
-4.70656525,33.21253301,1.28777165
-3.56540763,33.30106420,1.37025138
-2.44270090,33.36443882,1.42607379
-1.31769638,33.40992572,1.45047583
-0.18097372,33.45393488,1.44530945
-3.71588008,15.28362495,0.74196222
-4.51089873,15.49710330,0.78597313
-5.30315635,15.68903666,0.83935424
-6.09104605,15.85638657,0.89569262
-8.82720790,31.15771061,1.02424747
-7.73557774,31.70573244,1.08581443
-6.69086865,32.23336943,1.14887544
-5.68577063,32.73354542,1.21762470
-6.72848314,16.42998083,1.01222863
-7.36687453,16.98976910,1.11098111
-8.02376378,17.52633176,1.18826850
-8.72744149,18.01555510,1.24118707
-9.19980838,18.49593896,1.25940721
-9.73771608,18.91161512,1.25817672
-10.36818042,19.23581065,1.24147615
-11.12362070,19.44026557,1.21534058
-12.67130464,29.20080806,0.80392749
-11.51960750,29.63785855,0.83847779
-10.52797358,30.12214230,0.89146396
-9.64198213,30.63360658,0.95538214
-11.54071828,20.29907619,1.10388441
-12.13196416,20.97179287,0.98986019
-12.86658937,21.54166989,0.89966419
-13.72972364,22.08097364,0.84458551
-13.59364880,23.09846266,0.74217413
-13.49743875,24.11176113,0.72439093
-13.41682769,25.12826001,0.73988578
-13.33406837,26.13749018,0.74391282
-13.15876326,26.91290287,0.79828631
-12.97854012,27.66800024,0.81667313
-12.80941054,28.42227147,0.81361326
1.86843503,14.23889388,0.77180762
1.86997879,14.32170756,0.63953618
2.82714419,14.06548109,0.69219366
2.82402273,14.14479417,0.55972121
3.77517635,13.87876391,0.59483134
3.76732022,13.95447757,0.46235539
4.70685833,13.68691290,0.49141591
4.69441729,13.75852718,0.35894656
4.43297692,33.08573776,1.50616368
3.27947034,33.14783715,1.54564027
4.40636163,33.08401049,1.40018803
3.26018990,33.14840551,1.43909876
2.13741579,33.22690746,1.58045451
2.12471721,33.22947434,1.47381366
0.98576771,33.32680703,1.61989428
0.97912200,33.33077355,1.51333274
5.47928706,13.65274279,0.41412602
5.46193364,13.72176238,0.28243965
6.23174553,13.62871809,0.36075445
6.20960814,13.69523943,0.22925589
6.96839182,13.62581551,0.34424820
6.94160885,13.68983505,0.21234338
7.69179460,13.65680791,0.37686732
7.66048821,13.71831910,0.24346083
8.60200661,31.24075052,1.31058036
7.55165554,31.66375378,1.40246871
8.53955392,31.23480036,1.19992198
7.49941451,31.65971219,1.29348600
6.51933945,32.11943861,1.47479680
6.47614407,32.11650007,1.36653809
5.48052120,32.59498431,1.50675144
5.44571218,32.59274874,1.39918775
8.24774313,14.06910451,0.55622922
8.21138281,14.12799238,0.41879363
8.77214042,14.52910682,0.76924678
8.72996143,14.58626945,0.62744002
9.29159171,15.03899635,0.99664882
9.24210211,15.09543650,0.85089454
9.84861719,15.58983147,1.21568249
9.78977143,15.64695359,1.06667594
10.19772054,16.13665450,1.36057739
10.13479221,16.19125940,1.20858846
10.62358382,16.67685545,1.47001764
10.55560929,16.72964834,1.31589733
11.16708652,17.18341257,1.54140321
11.09281786,17.23579921,1.38608493
11.86903638,17.62489896,1.58807512
11.78791083,17.67808521,1.43252607
12.13561997,29.66455297,1.14774784
11.10200588,30.04267104,1.14188646
12.04761152,29.67010302,1.01968697
11.01997296,30.04345123,1.01904384
10.18910162,30.42047075,1.16939973
10.11411371,30.41798240,1.05201752
9.36754272,30.81634939,1.22908173
9.29919582,30.81198348,1.11563070
12.17579122,18.63890488,1.61013562
12.08423560,18.69116345,1.44969099
12.68848422,19.59021115,1.62053946
12.58633404,19.64165988,1.45819416
13.38714343,20.49443282,1.65488569
13.27531084,20.54449690,1.49489135
14.22419196,21.37980499,1.71785135
14.10426185,21.42671387,1.56519953
14.04001066,22.60650792,1.72710812
13.92483606,22.64331110,1.57364146
13.87355227,23.80327263,1.71365906
13.76045208,23.83008403,1.56165212
13.62506763,24.98230473,1.64245258
13.51050940,25.00013217,1.49313294
13.26701290,26.15333576,1.50130825
13.14971781,26.16289039,1.35651304
12.88351639,27.05539969,1.44985963
12.77090161,27.06316932,1.30770042
12.53652513,27.94326995,1.36679350
12.43006096,27.94946194,1.22854035
12.28281475,28.80959584,1.26176189
12.18476519,28.81511645,1.12851823
1.87021388,14.40263360,0.50931616
2.81964784,14.22262021,0.42940052
3.75836100,14.02890541,0.33223739
4.68100834,13.82945624,0.22893812
4.38000106,33.08319517,1.29622136
3.24099010,33.14988759,1.33485827
2.11190948,33.23285490,1.36946542
0.97216735,33.33545373,1.40905490
5.44373696,13.79029616,0.15311882
6.18678259,13.76147558,0.10022918
6.91436173,13.75366764,0.08262013
7.62895742,13.77974338,0.11224670
8.47868067,31.22976532,1.09183614
7.44834762,31.65648388,1.18675683
6.43375330,32.11457475,1.26051413
5.41141809,32.59162634,1.29384444
8.17519766,14.18689339,0.28356882
8.68821681,14.64324407,0.48765734
9.19357004,15.15158574,0.70668926
9.73257185,15.70318371,0.91905449
10.07373928,16.24477114,1.05779650
10.48993994,16.78114635,1.16269530
11.02109932,17.28668921,1.23139743
11.70928971,17.72967303,1.27730590
11.96220197,29.67567013,0.89455282
10.94067082,30.04454850,0.89913244
10.04134020,30.41601104,0.93754077
9.23287356,30.80833452,1.00507491
11.99527552,18.74162419,1.28968086
12.48662008,19.69131197,1.29647601
13.16574118,20.59296311,1.33531451
13.98633306,21.47222008,1.41215069
13.81148922,22.67891456,1.42026888
13.64917017,23.85579689,1.40993843
13.39789554,25.01696408,1.34461252
13.03490277,26.17195253,1.21304010
12.66106800,27.07045008,1.16747846
12.32647762,27.95546685,1.09252774
12.08951803,28.82035117,0.99771221
-0.52924915,14.64316411,-7.47045713
-1.35341731,14.68779825,-7.45085366
-0.51897669,14.70199504,-7.31404003
-1.33695152,14.74893002,-7.29415571
-2.18456639,14.74679241,-7.43817527
-2.16180271,14.80972444,-7.28128864
-3.02502626,14.83008764,-7.44240328
-2.99587965,14.89062182,-7.28499855
-3.87242265,14.93943733,-7.45452502
-3.83794969,14.99346819,-7.29752900
0.29042696,14.71950658,-7.32650675
0.28636670,14.66207412,-7.48303719
1.09602645,14.74619357,-7.34321369
1.09842096,14.69045425,-7.50074872
1.90175615,14.78656425,-7.36269911
1.91023033,14.73652747,-7.51967863
2.71081411,14.84034767,-7.38000378
2.72409329,14.79942155,-7.53510712
-1.14594704,37.34129447,-7.98429312
-2.52806540,37.06019811,-7.93171856
-1.13864766,37.37097429,-7.84316122
-2.51564894,37.08087340,-7.78448295
-3.85976668,36.78037401,-7.91619894
-3.84159559,36.79436751,-7.76574648
-5.14255173,36.47771000,-7.92294503
-5.12034694,36.49408675,-7.77521826
-6.43877641,36.17282536,-7.96705922
-6.41203822,36.19427286,-7.82415280
0.26544216,37.22135810,-7.80702570
0.26225864,37.20299376,-7.95053217
1.63390194,37.06172754,-7.81106928
1.63617527,37.05176607,-7.95566780
2.94821151,36.86540369,-7.86722664
2.95465854,36.85286432,-8.00800715
4.23666454,36.61803850,-7.98117470
4.24777030,36.59842436,-8.11758676
-4.64701215,15.27292374,-7.45941422
-4.60888702,15.32056061,-7.30130535
-5.41754739,15.66186549,-7.48866896
-5.37743573,15.69750405,-7.33019386
-6.17995211,16.10566555,-7.54169134
-6.13945255,16.12521815,-7.38079926
-6.94393355,16.57120002,-7.60583078
-6.90138065,16.57907100,-7.44176797
3.41967502,15.06064881,-7.36362129
3.43598601,15.02913249,-7.51703470
4.11626371,15.29992865,-7.36795858
4.13322545,15.28152352,-7.51951701
4.80294017,15.56151952,-7.40433635
4.81777234,15.55921558,-7.55579170
5.49647736,15.83645613,-7.46649723
5.51092216,15.84704058,-7.61995001
-7.57745512,35.44034857,-7.93765868
-7.53695739,35.45390113,-7.79355021
-8.71641305,34.65698143,-7.92328563
-8.66180723,34.67233298,-7.77901747
-9.87799520,33.85436746,-7.90046309
-9.81554563,33.87181353,-7.75693561
-11.11308387,33.06395405,-7.89612642
-11.03449036,33.08399461,-7.75314808
5.33785834,35.81423042,-8.03794002
5.36018666,35.79979214,-8.17815411
6.38859614,34.88748146,-8.11919838
6.42313086,34.86671104,-8.26450073
7.46187181,33.89398263,-8.20809738
7.50494676,33.86719088,-8.35676201
8.63023312,32.90619509,-8.32644698
8.69181975,32.87538934,-8.47701047
-7.69319188,17.21741906,-7.67274981
-7.64308044,17.22622031,-7.50342742
-8.44741292,17.85667076,-7.75107620
-8.38666931,17.87260557,-7.57588445
-9.24897506,18.43489001,-7.83579552
-9.17844647,18.45563924,-7.65796456
-10.10463496,18.92955911,-7.91317894
-10.02715678,18.95290213,-7.73623429
6.15473855,16.24730173,-7.56198139
6.17574341,16.26245484,-7.72055560
6.80168184,16.69197509,-7.70355749
6.83267131,16.70828251,-7.86957278
7.46430871,17.14669358,-7.88759704
7.50523996,17.16366066,-8.06015146
8.14869785,17.60011025,-8.08821400
8.19832954,17.61725472,-8.26436026
-13.48773111,30.70624475,-8.11505007
-12.77987254,31.24891422,-7.98740706
-13.44616375,30.67835126,-7.96173345
-12.71887865,31.22672993,-7.83209926
-12.18209438,31.80821803,-7.90704684
-12.10404714,31.79502706,-7.75248330
-11.63570737,32.40981993,-7.87873957
-11.55204978,32.41550259,-7.72852687
11.23357979,30.11173837,-8.61846748
10.48633594,30.73231981,-8.50683339
11.25905153,30.14259601,-8.77622206
10.52739086,30.75376790,-8.66579302
9.82052636,31.38993390,-8.42148129
9.87779729,31.39897497,-8.58119755
9.20430187,32.11408693,-8.36219967
9.26942657,32.10054382,-8.51900501
-10.53564751,19.37716015,-7.95817150
-10.45691848,19.39930932,-7.78015910
-11.01888222,19.75782636,-8.01005430
-10.94331693,19.77567099,-7.83286752
-11.52243034,20.08753159,-8.07251081
-11.45140870,20.09845662,-7.89870256
-12.12076559,20.36037253,-8.14784651
-12.04814690,20.36497287,-7.97812941
8.44323327,18.00595255,-8.20967745
8.49582869,18.02407775,-8.38899240
8.78537400,18.39451799,-8.32607067
8.83792158,18.41453540,-8.50670066
9.15020713,18.77101071,-8.43730805
9.20219777,18.79443275,-8.61718391
9.60263388,19.14281175,-8.54505224
9.66165949,19.16964068,-8.72361267
-12.26232403,21.10039239,-8.15008024
-12.16694860,21.11283575,-7.97261987
-12.47364925,21.79193288,-8.16715670
-12.36347077,21.80721346,-7.98310243
-12.67777659,22.49927338,-8.20090442
-12.56213810,22.50997150,-8.01375993
-12.94651624,23.21107781,-8.24225693
-12.82604163,23.21317141,-8.05573217
9.59538072,19.86486452,-8.55530784
9.68010376,19.88754113,-8.74203211
9.73088081,20.59544794,-8.57384202
9.83242823,20.61537513,-8.76845971
9.95946074,21.36598350,-8.61511829
10.06921039,21.38789035,-8.81296181
10.34101799,22.17785519,-8.68040081
10.45698045,22.20546044,-8.87838327
-12.90746561,24.14857146,-8.24518718
-12.78288837,24.13397726,-8.05646564
-12.91599701,25.17931246,-8.27516411
-12.79047690,25.13822543,-8.08513854
-13.00748763,26.14327315,-8.32040201
-12.88094193,26.09047037,-8.13296092
-13.15808842,27.19227298,-8.34392946
-13.03162875,27.10651832,-8.16510614
10.54343648,23.14174858,-8.71316145
10.66189851,23.18463007,-8.91512068
10.81307849,24.17029014,-8.75322183
10.93144874,24.23765806,-8.95753392
11.07999233,25.13206230,-8.78800822
11.19149763,25.20665178,-8.98888549
11.29809337,26.14129137,-8.78094810
11.40025252,26.24615231,-8.97013621
-13.13317038,28.13813392,-8.30232985
-13.01275156,28.05503425,-8.13121816
-13.17533377,29.00524294,-8.23722117
-13.07248776,28.94201479,-8.07136865
-13.28984462,29.83295791,-8.17271559
-13.21570684,29.78640572,-8.01163166
11.26005434,27.10448093,-8.70250027
11.34824954,27.20639538,-8.88302428
11.21543428,28.07410984,-8.63441531
11.28667806,28.15335805,-8.80960355
11.19903279,29.05970104,-8.60562990
11.24830592,29.11569007,-8.77441605
4.22698407,36.63038681,-7.85576429
5.31185709,35.81911768,-7.90635344
6.35274155,34.90210173,-7.98233180
7.41358504,33.91450819,-8.07065590
8.56646667,32.93287199,-8.18076807
2.69214673,14.90009461,-7.23838393
3.39292907,15.11077928,-7.22493133
4.08666839,15.33614525,-7.23162384
4.77634062,15.57966547,-7.26294590
5.46596304,15.84561898,-7.32233608
11.21094032,30.07269484,-8.47504605
10.44986967,30.69920045,-8.35969983
9.75950426,31.38053031,-8.27235321
9.13381599,32.12737504,-8.21475823
8.08466117,17.59716990,-7.92855554
8.38483367,17.99297398,-8.03947934
8.71264842,18.38076900,-8.15124324
9.08007158,18.75835670,-8.26326500
9.50143534,19.12463555,-8.37545710
9.49683470,19.85292435,-8.37961682
9.60134900,20.59327117,-8.38826983
9.84140863,21.35945314,-8.42146555
10.22576870,22.16189440,-8.49176453
-11.93216123,20.38946455,-7.82569036
-12.05714108,21.13906229,-7.81447811
-12.22225820,21.84758950,-7.81594264
-12.43420705,22.53690789,-7.83673976
-12.70104258,23.22758674,-7.88228084
10.42929669,23.11911668,-8.51962711
10.69835400,24.09424002,-8.56260055
10.97295934,25.06360122,-8.59906866
11.20723850,26.01241384,-8.61100202
-12.65565952,24.13892646,-7.87724539
-12.67212730,25.08545949,-7.90849942
-12.75973278,26.04439697,-7.95752719
-12.92378672,26.98956560,-8.00310081
11.18991480,26.98963217,-8.54406682
11.16525703,27.97822244,-8.48205339
11.16364215,28.99981807,-8.45227876
-12.91715995,27.95961264,-7.98113668
-12.99284796,28.85976208,-7.92692986
-13.15357584,29.73567918,-7.86330790
-13.40490286,30.64197084,-7.82299757
-1.13159158,37.39960688,-7.71164567
0.26818694,37.23390970,-7.66901176
1.63099835,37.05961760,-7.67844256
2.94233791,36.86624738,-7.74246762
-0.51078550,14.78084842,-7.17075609
0.29178283,14.79666439,-7.18263676
1.09012848,14.82185813,-7.19837831
1.88851806,14.85623383,-7.21717595
-1.32210563,14.83057655,-7.15187341
-2.14026401,14.89485933,-7.14081122
-2.96677331,14.97477330,-7.14155237
-3.80343616,15.07160624,-7.15619255
-2.50295315,37.09648860,-7.64731549
-3.82258485,36.79630591,-7.62449290
-5.09920056,36.49858308,-7.64098650
-6.38756109,36.20835280,-7.69262297
-7.49290349,35.45929652,-7.65893512
-8.60542382,34.68133720,-7.64263610
-9.74639077,33.88369627,-7.62386847
-10.95159311,33.10009710,-7.61644904
-4.56588415,15.39208746,-7.16162814
-5.32918313,15.75734973,-7.18719389
-6.09019356,16.16761317,-7.22943799
-6.84564843,16.61669444,-7.28546510
6.11189107,16.25198378,-7.41487609
6.75806691,16.68870069,-7.54913289
7.41018195,17.14308206,-7.72285798
-7.57487659,17.26384730,-7.34623107
-8.31573055,17.90647833,-7.41092692
-9.09463989,18.49665363,-7.48572990
-9.93933207,18.99301398,-7.58112301
-10.37509316,19.42685870,-7.61885092
-10.84752624,19.80452471,-7.67050245
-11.36468454,20.12419361,-7.73935310
-12.65980389,31.19357284,-7.68903134
-12.02072083,31.78127604,-7.60787706
-11.46121075,32.41892491,-7.58827097
0.88454211,34.13023625,0.10846830
-0.27456482,34.20800059,0.14187861
0.93231313,33.79359940,0.70903087
-0.22356579,33.85641036,0.75039269
-1.37208697,33.86122609,0.75931215
-1.42383006,34.19200957,0.16650463
-2.51552092,33.86206794,0.73916362
-2.56666685,34.17153952,0.16122842
2.03064256,34.06742509,0.06684164
2.07813178,33.74855212,0.66127803
3.12830388,33.82822735,0.01004667
3.18742473,33.52847073,0.62424447
-3.60783201,33.67390640,0.68663198
-3.65287395,33.96381480,0.09829131
4.21214793,33.59104430,-0.04461427
4.28958643,33.31579953,0.58872975
-4.70123227,33.46309309,0.60865429
-4.73485259,33.73253612,0.00966586
5.21497294,33.07660804,-0.05892703
5.31518610,32.84466394,0.57494171
-5.69342957,33.00637941,0.53375206
-5.71094424,33.24193427,-0.06276664
-6.71496868,32.52318351,0.46121630
-6.71374734,32.72415892,-0.13130184
6.20901043,32.56805240,-0.09351551
6.33378206,32.38267340,0.53493644
7.15333037,31.99698339,-0.16493592
7.30905116,31.86667441,0.45905329
-7.72732055,31.95342681,0.39574049
-7.69836947,32.11481102,-0.19452198
-8.78493314,31.36529025,0.33262666
-8.72700577,31.48888997,-0.25423038
8.10974697,31.45832178,-0.26851150
8.29715634,31.38320796,0.35525423
-9.63502329,30.87915088,0.27366891
-9.53553592,30.98574308,-0.31341275
8.84413800,31.04482604,-0.36667377
9.07502367,31.00294402,0.26336669
9.63686194,30.66703495,-0.46277508
9.91732858,30.65662676,0.18074885
-10.56694685,30.40982823,0.21552436
-10.42239376,30.50228712,-0.37603737
10.30876455,30.12331448,-0.53259806
10.64185368,30.13751226,0.12990103
-11.38834249,29.81178955,0.15769736
-11.19031845,29.89430195,-0.44037240
-12.34532482,29.26132440,0.10885617
-12.08796533,29.33583209,-0.50536564
11.07583276,29.60078819,-0.58440560
11.46588687,29.63115768,0.10823796
11.30411757,28.78240078,-0.54083779
11.70184323,28.81639991,0.15695451
-12.61430796,28.51593455,0.08959388
-12.33628065,28.59278387,-0.51715145
-12.92623537,27.78941265,0.06387171
-12.63448932,27.87039722,-0.53663937
11.64923311,27.95786566,-0.50248916
12.05258512,27.99080435,0.20208452
11.88083762,27.07279392,-0.48960178
12.32550764,27.10091812,0.26391958
-13.03354123,27.03222565,0.04896535
-12.70402333,27.12635082,-0.57745927
-13.14217382,26.25744146,0.00096280
-12.78259908,26.36422164,-0.64913644
12.15670615,26.18445623,-0.50352287
12.64436046,26.20247343,0.30025833
-13.18476506,25.28823983,-0.03102641
-12.81949740,25.42747076,-0.68935785
12.42951073,25.12513351,-0.46411027
12.95438260,25.09817674,0.37865149
-13.22997367,24.31585264,-0.07743752
-12.86283275,24.48702425,-0.74578164
12.59051742,24.07056775,-0.46818699
13.15309654,23.99567276,0.40278389
-13.22482152,23.35298343,-0.08606953
-12.85480872,23.56208310,-0.78333622
12.58229648,23.00362384,-0.50616827
13.19302072,22.87440831,0.39624931
12.55498435,21.92334110,-0.55108505
13.22012432,21.73448754,0.38000561
-13.24496719,22.41022756,-0.02594425
-12.86688355,22.66554261,-0.77095745
12.09576208,21.00305007,-0.64172537
12.74916342,20.78616151,0.30008685
-12.74836302,21.75365264,0.02561614
-12.41201045,22.03860865,-0.74718792
-2.64096195,34.50621779,-0.38261751
-1.49246236,34.54507997,-0.37858321
1.98445920,34.42168659,-0.49600719
0.83295817,34.49415045,-0.44568460
3.07762681,34.15665170,-0.55906900
-3.72463799,34.26761425,-0.44184627
-0.33500889,34.57864740,-0.40702927
4.15130008,33.88873617,-0.61933655
-4.79932432,34.00574906,-0.52794026
11.77924926,20.06504663,-0.68062128
12.41239665,19.81965883,0.27771739
-12.33221856,21.05969828,0.11241716
-12.02449164,21.38545697,-0.69432867
5.13688489,33.33605105,-0.64215033
-5.76557482,33.48301699,-0.60511937
6.11127297,32.78338030,-0.67961292
-6.75476497,32.93201495,-0.67771469
7.03188863,32.15475068,-0.74480957
-7.71545798,32.28177594,-0.73875207
-11.44411437,20.59764869,0.19375220
-11.19812114,20.93328653,-0.61799093
11.10535449,19.21388132,-0.68827634
11.64385652,18.97843165,0.25739237
-8.71840488,31.61736875,-0.79540740
7.96596999,31.55760602,-0.84589514
-10.76141188,19.95499958,0.28761905
-10.54600389,20.32297291,-0.53578298
10.67625832,18.28720091,-0.67562898
11.13309765,18.04758252,0.25656960
8.66808544,31.10881349,-0.94418068
-9.48935599,31.09733702,-0.85109999
-10.08663576,19.65780284,0.32188409
-9.89704567,20.02740348,-0.49754959
10.19861243,17.73474662,-0.69445236
10.58655917,17.50614735,0.22249027
9.42499817,30.69768870,-1.04669212
-10.33605654,30.60017388,-0.91393551
-9.52369770,19.24464821,0.34411275
-9.34845654,19.62346751,-0.47255432
9.84117005,17.14973886,-0.73609766
10.17748386,16.92004884,0.16437970
-11.05552338,29.98226892,-0.98041187
10.05756738,30.12511728,-1.12592270
-8.96200437,18.91727384,0.34594813
-8.80087073,19.29750662,-0.46879534
9.46224296,16.68194119,-0.81049907
9.76125878,16.44696192,0.07411970
-8.46422973,18.52382662,0.33422483
-8.31442109,18.90497507,-0.47815940
9.13909314,16.21901601,-0.90500277
9.41095424,15.97421325,-0.04174002
3.50765096,14.65849731,-1.20528492
4.37368900,14.49776461,-1.29048325
3.65784025,14.40370821,-0.44335911
4.54929784,14.22482042,-0.53715161
5.10711586,14.38370351,-1.36694934
5.29603344,14.09790406,-0.63933841
-2.81661330,15.47841598,-0.06169834
-3.60897083,15.62118613,-0.05237978
-2.77964820,15.70803309,-0.83119192
-3.55667689,15.86759989,-0.80532618
-1.89182240,15.33066618,-0.09802680
-1.88010181,15.54828887,-0.86714781
-7.80946613,17.94415518,0.28913006
-7.66769659,18.31400879,-0.50574875
8.69641874,15.62669186,-1.05217458
8.94669866,15.37091978,-0.23462418
-0.96228494,15.17843562,-0.13099923
-0.97618902,15.38754886,-0.90228940
2.62741433,14.80790852,-1.12399819
2.75007001,14.57307001,-0.35429027
1.73550959,14.94905683,-1.05352897
1.83012586,14.72104582,-0.27988924
-0.03016128,15.01916918,-0.16991373
-0.06957382,15.23447095,-0.94375548
0.83474799,15.08131701,-0.99804477
0.90133364,14.85941861,-0.22297143
-4.40020756,15.74840380,-0.03500614
-4.33125235,16.01709762,-0.77417788
5.83006193,14.27852898,-1.42914989
6.03062546,13.98219843,-0.72324789
-7.20215711,17.31594017,0.21894115
-7.07024887,17.67021427,-0.55589038
8.26199646,15.08752858,-1.20587838
8.49992188,14.81768258,-0.43458415
10.78183054,29.58107681,-1.19785873
-11.89958976,29.41672630,-1.05633012
6.51092355,14.32699314,-1.45272021
6.72844482,14.02428419,-0.74276999
-5.16007132,16.02458780,0.01060333
-5.07336207,16.31632471,-0.73777274
7.73714234,14.71770090,-1.33946347
7.97174219,14.43019141,-0.59565357
-6.55602309,16.80639697,0.14458530
-6.43665510,17.14321371,-0.62333010
7.17755548,14.40263901,-1.44619387
7.40992921,14.09630495,-0.72330163
-5.90906376,16.28587539,0.05711899
-5.80158384,16.60854077,-0.70286781
10.99119496,28.75084983,-1.17814663
-12.11621292,28.67579133,-1.08193878
-12.38818971,27.95820042,-1.11832845
11.31561262,27.92073959,-1.16968235
11.51740644,27.03656705,-1.17443675
-12.43103421,27.22053026,-1.16252227
-12.49088776,26.46229830,-1.23423326
11.75841835,26.15342717,-1.20636536
-12.52091928,25.55001398,-1.27998047
11.98229164,25.12981685,-1.19972754
-12.56372874,24.63122663,-1.34331617
12.09571764,24.11150779,-1.22910954
12.04089667,23.08244156,-1.28885512
-12.55964560,23.72967780,-1.39911817
-12.57591877,22.85962404,-1.42273784
11.96916973,22.04372005,-1.35825742
-12.17494624,22.24188988,-1.41710450
11.53606091,21.13994376,-1.44585203
11.25426152,20.22234413,-1.50013796
-11.83139109,21.60548324,-1.39136462
-2.78142309,35.00892592,-1.14185424
-1.61582912,35.07650134,-1.13527590
3.01854768,34.67038385,-1.36275618
1.92239309,34.96651611,-1.28350287
-3.86946746,34.72401841,-1.20171555
0.75356779,35.04788705,-1.21563621
-0.43671083,35.13704811,-1.16675687
4.08641868,34.36426206,-1.44089239
-4.94166799,34.41702994,-1.29152704
-11.06721269,21.15108675,-1.32087485
10.67086633,19.36940419,-1.50137579
-5.90138557,33.84309374,-1.36909136
5.05723578,33.75643530,-1.47088764
6.01362932,33.13827389,-1.50701360
-6.87883448,33.24048653,-1.44212212
6.90966639,32.42419297,-1.56436009
-7.81203372,32.53064830,-1.50219741
10.31365899,18.45908181,-1.49411683
-10.45087223,20.55938248,-1.25479583
-8.78524576,31.81144927,-1.55661133
7.82458657,31.73817102,-1.66182259
9.88786027,17.90965032,-1.50788935
-9.82186246,20.26710659,-1.21813152
-9.50743616,31.26892247,-1.61025117
8.49209550,31.23587930,-1.76063422
-9.28458318,19.87304679,-1.19743728
9.56640832,17.33678261,-1.54198850
-10.30260247,30.75492997,-1.67674248
9.21220890,30.77420430,-1.87230339
-8.74537759,19.55002102,-1.18798737
9.21272881,16.88040932,-1.59493390
8.90599714,16.43123227,-1.66421056
-8.26575300,19.15951767,-1.19278249
9.80279660,30.15389797,-1.95825183
-10.95661218,30.12340532,-1.74493008
-7.61733530,18.56587732,-1.21597044
8.46682148,15.85701633,-1.77638385
-7.02105384,17.91341617,-1.26050945
8.02991057,15.33696220,-1.89507951
3.32951199,14.83623059,-1.85945613
4.17546675,14.70305596,-1.93546209
-1.92086034,15.65372308,-1.53447718
-2.79908688,15.82245228,-1.50056430
-3.56270406,16.00241764,-1.47468287
4.89739400,14.61616249,-2.00092363
2.47181196,14.95728708,-1.78673976
-1.03901382,15.48787885,-1.57083806
5.61003372,14.53543137,-2.05615134
-4.32322049,16.17799543,-1.44662550
7.50320961,14.97896474,-1.99007852
-6.39446830,17.36621691,-1.31104244
-0.15487660,15.34449818,-1.61333091
1.60305956,15.08360377,-1.72098776
6.28294930,14.59234016,-2.07244108
-5.05231834,16.49613357,-1.40811240
0.72582129,15.20324724,-1.66771347
6.94403109,14.67347977,-2.06711249
-5.76652856,16.81384819,-1.37319365
10.48047533,29.57124012,-2.05089473
-11.72981330,29.54926678,-1.83524710
-11.90274890,28.80654564,-1.87428509
10.67035411,28.71460593,-2.04957217
-12.13901945,28.08994115,-1.92890527
10.96926537,27.86823858,-2.06805372
11.12174567,26.97749478,-2.08592675
-12.14263687,27.35365506,-1.97484579
-12.17519786,26.59193657,-2.04363610
11.30266957,26.09347845,-2.13212105
-12.19411496,25.70313790,-2.09159768
11.44456905,25.10880680,-2.15464280
11.47979093,24.12708408,-2.20508199
-12.23647489,24.80273181,-2.15812513
11.36522945,23.13257718,-2.27318098
-12.24559891,23.91653375,-2.22255585
11.24705106,22.13076974,-2.35822776
-12.27939464,23.06160734,-2.27563182
-11.95989394,22.43774432,-2.29355943
10.85973184,21.24359964,-2.44374356
-11.68925350,21.80182645,-2.30502905
10.63231107,20.35202008,-2.52703436
-11.01309251,21.33138201,-2.24463669
10.16237144,19.51281251,-2.53697406
9.89484536,18.63693055,-2.55448815
-10.45662727,20.74764930,-2.20157599
9.52318932,18.10549747,-2.56729460
-9.85329310,20.45715782,-2.16814578
9.23745803,17.55885224,-2.59684771
-9.33356923,20.07245483,-2.15515006
8.90511167,17.12446280,-2.61847464
-8.80039815,19.75559605,-2.13461083
8.61022465,16.69759447,-2.65248099
-8.32538620,19.36984442,-2.13084356
8.16067678,16.14976332,-2.71714964
-7.66713198,18.77423709,-2.14824587
7.70862201,15.65378917,-2.78925468
-7.06558653,18.10920552,-2.18765407
-6.43865173,17.53896275,-2.22862229
7.16704840,15.30993018,-2.84459894
-2.04242845,15.66754274,-2.40743584
-2.89641486,15.84464185,-2.37802641
3.04635085,14.98801984,-2.70818521
3.86931158,14.90292216,-2.77195577
-3.64651518,16.05089256,-2.35436189
4.57985021,14.86311625,-2.82312231
-4.39371363,16.26083050,-2.33278385
5.28251512,14.82643838,-2.86977636
2.21489660,15.06230040,-2.64745724
-1.18691433,15.49930257,-2.44373335
5.94536009,14.90964348,-2.88700217
-5.11045988,16.60871203,-2.30357174
6.59916074,15.01331431,-2.89346715
-5.81189885,16.96485505,-2.28048865
-0.32879240,15.37434888,-2.48236738
1.37351849,15.16019524,-2.58463892
0.52485384,15.25532948,-2.53216217
2.97555971,35.19760179,-2.18528084
1.86517329,35.51872578,-2.09103524
-4.05266027,35.17529264,-1.98430284
-2.95326017,35.50769317,-1.92548605
-1.76280874,35.60678645,-1.91541048
0.66896365,35.60580004,-2.00648433
-0.55316399,35.69650484,-1.95101967
-5.13026143,34.82247918,-2.07830285
4.04894532,34.85876036,-2.28328302
-6.09397654,34.20044267,-2.15587068
5.01686201,34.20586722,-2.32436044
5.96607688,33.52788559,-2.36387514
-7.07024327,33.54952517,-2.23045942
6.84925844,32.72738307,-2.40810273
-7.98538038,32.78102928,-2.28281853
-8.93955907,32.00927621,-2.32890577
7.76049454,31.94872304,-2.49497652
-9.62278654,31.44707911,-2.37657066
8.40832166,31.39196289,-2.58879311
-10.37749586,30.91957948,-2.44325980
9.10973735,30.87907005,-2.70374934
-10.97565640,30.27672359,-2.51533119
9.67467880,30.20974069,-2.79402922
-11.69028282,29.69697543,-2.62265164
10.32298206,29.58558702,-2.90333969
10.49983655,28.69563131,-2.90584185
-11.82210947,28.94600303,-2.66929629
-12.02581858,28.22311564,-2.73704724
10.77668477,27.82658851,-2.93745157
10.87417763,26.92182346,-2.96015891
-11.98770361,27.47861296,-2.78475832
10.98858084,26.02847939,-3.01256496
-11.99217446,26.70270823,-2.85052623
-11.99915567,25.82414267,-2.89267505
11.04769564,25.06996872,-3.04368514
11.00647868,24.11014372,-3.09638864
-12.04099134,24.92877114,-2.95340091
-12.06167347,24.04456783,-3.01899393
10.83692369,23.13565431,-3.16291756
-12.11474840,23.18953854,-3.08980550
10.68212763,22.15601149,-3.25484377
-11.87254975,22.54646298,-3.12841479
10.34005347,21.28510816,-3.34491222
-11.67668599,21.89425418,-3.17367852
10.16301407,20.41914632,-3.45769594
-11.08199870,21.39925631,-3.12412292
9.78171220,19.60432748,-3.48428910
9.58145532,18.76708269,-3.52766719
-10.58892572,20.80860983,-3.10165620
-10.00742881,20.51554809,-3.06374296
9.24627168,18.25869192,-3.53256910
8.98345689,17.73850729,-3.55147888
-9.50434280,20.13374984,-3.05035449
8.65672362,17.32844279,-3.55205984
-8.97366752,19.82481560,-3.02577638
-8.50061427,19.44557133,-3.02083957
8.36157714,16.92401353,-3.56278543
-7.82542654,18.84969740,-3.03222894
7.89019429,16.39754119,-3.58456937
-7.21162968,18.17368445,-3.06818577
7.41465884,15.91770902,-3.61664010
-6.57474162,17.58272275,-3.09524184
6.85627668,15.57478547,-3.63284355
6.27826544,15.27454051,-3.65323844
-5.93987612,16.98850120,-3.13238615
3.56943256,15.00596235,-3.54520223
4.27222527,15.01582361,-3.58541993
-3.04584414,15.75525745,-3.20163757
-3.78974872,15.98347109,-3.18411652
2.76332423,15.04278577,-3.49335732
-2.20844384,15.57479421,-3.22540845
4.96804086,15.02738325,-3.62607970
-4.53167810,16.22285024,-3.17237476
5.62673276,15.14190629,-3.64048605
-5.24316492,16.59749926,-3.14857838
1.95109910,15.07149000,-3.44485849
-1.37172711,15.40846624,-3.26010851
-0.53317039,15.30413326,-3.29579141
1.12877006,15.14003858,-3.38926877
0.30000745,15.20953496,-3.34260056
1.80977639,36.05441843,-3.00210140
0.57714440,36.14417571,-2.90448178
-3.15280424,35.98319702,-2.82112405
-1.93169230,36.11440779,-2.80747905
-4.26988550,35.60653173,-2.87431079
2.94568892,35.71583101,-3.10634183
-0.68457193,36.23299163,-2.84808551
-5.36100127,35.21150757,-2.97030378
4.03644485,35.35166671,-3.22449114
-6.33838263,34.54652950,-3.03825414
5.01467571,34.66252918,-3.27267090
-7.32426323,33.85265133,-3.10633633
5.96906975,33.93043136,-3.31462013
6.85163495,33.04997727,-3.35049137
-8.23595851,33.03331287,-3.14881788
-9.18725107,32.21681167,-3.18599135
7.77420009,32.18105621,-3.43028140
-9.84400551,31.64103049,-3.23031388
8.41523044,31.57220317,-3.52290934
-10.57226519,31.10589956,-3.30160634
9.11361934,31.01046607,-3.64522698
9.66762412,30.29285509,-3.73253553
-11.12366590,30.45283618,-3.37379570
10.30183556,29.62784650,-3.85128302
-11.79164205,29.86759398,-3.49578407
-11.88230848,29.10225137,-3.55320013
10.46929820,28.70068475,-3.85491111
-12.05437539,28.36585841,-3.63788688
10.72548672,27.80507035,-3.89895835
10.76456851,26.88034805,-3.91581505
-11.97001547,27.60087517,-3.68117401
-11.94323456,26.79752662,-3.73668210
10.80973749,25.97094035,-3.96370934
10.78851547,25.02906451,-3.99094062
-11.93480425,25.91663482,-3.76607028
10.67605029,24.08140133,-4.03499136
-11.97294898,25.01513962,-3.81386952
10.45932784,23.11917952,-4.09132238
-12.00246941,24.12327871,-3.87252886
10.27681731,22.15505694,-4.18055453
-12.07359711,23.25870591,-3.95105008
9.97506955,21.30160895,-4.27721872
-11.90195195,22.58932424,-4.00907674
9.84046809,20.46099947,-4.41386468
-11.77756978,21.91163767,-4.08582071
9.52134549,19.67491680,-4.44978573
-11.25871100,21.38599324,-4.04579590
-10.82922170,20.77845698,-4.03986821
9.36645172,18.87557762,-4.50805155
-10.26929648,20.47870422,-4.00093875
9.04996659,18.39212839,-4.50560525
-9.78309643,20.09569168,-3.99034846
8.79656301,17.89790127,-4.51471124
8.46642153,17.50949447,-4.48895287
-9.25106409,19.79321296,-3.95643361
8.16481275,17.12332968,-4.47226276
-8.77570745,19.42010586,-3.94521671
7.66401593,16.61043608,-4.44797207
-8.07448617,18.82720293,-3.94407264
7.16087443,16.13614907,-4.43954083
-7.43900483,18.14404206,-3.97074612
-6.78409138,17.53692731,-3.98944009
6.58033950,15.78630135,-4.42672217
-6.13343127,16.92655657,-4.01762763
5.98575053,15.47567642,-4.42732010
-3.23353703,15.59678048,-4.05829299
-3.97772979,15.84155504,-4.04739184
3.28158321,15.03997850,-4.33878955
3.98122657,15.09821236,-4.36703114
-2.40667225,15.41643423,-4.07946209
2.48600928,15.03100110,-4.30349045
-5.43441731,16.50369188,-4.02741339
5.33317813,15.30836472,-4.41070619
4.67460510,15.15841550,-4.40058818
-4.72139713,16.10557629,-4.04549065
-1.58304952,15.25510551,-4.11461448
1.68615076,15.01740172,-4.27197172
-0.75671339,15.17302524,-4.14180070
0.87745202,15.05821517,-4.22187563
0.06343085,15.10308129,-4.17986580
-2.11832481,36.56368163,-3.92610321
-0.82822124,36.70772998,-3.97172507
0.47899235,36.62523947,-4.02279147
-3.37532414,36.40385675,-3.94288632
1.75546870,36.53643653,-4.12704150
-4.51673418,35.99229534,-3.97910159
2.92807520,36.18807117,-4.22667522
4.04902884,35.80513697,-4.35579077
-5.63088994,35.56412632,-4.06628167
5.05301921,35.09512179,-4.41633666
-6.63787404,34.87263633,-4.12006424
-7.65230182,34.15161421,-4.17933088
6.02753948,34.32134172,-4.47149673
6.92529567,33.37118625,-4.50703090
-8.58209045,33.29517518,-4.20543228
7.87768269,32.42116371,-4.58612050
-9.55459599,32.44755081,-4.23011387
8.52474994,31.76712484,-4.67608956
-10.19989725,31.86511310,-4.26684396
9.23415124,31.16475486,-4.80354799
-10.91811156,31.32846395,-4.34095339
-11.43546653,30.66726977,-4.41748192
9.78933232,30.40724058,-4.89126354
-12.07071038,30.07619819,-4.56040459
10.42054834,29.70846122,-5.02186584
10.58294996,28.74488331,-5.02822066
-12.11959017,29.28746952,-4.63121163
-12.25985489,28.52675095,-4.73616598
10.82048357,27.82157615,-5.08820752
10.79802936,26.87154096,-5.09182166
-12.11741740,27.72683318,-4.76697174
-12.04919774,26.88110512,-4.80113439
10.77244206,25.93932379,-5.12612594
10.67739646,25.00545403,-5.15411284
-12.01811353,25.98646923,-4.82055311
10.50306335,24.06083509,-5.19221400
-12.04697995,25.06873941,-4.85710200
10.24909617,23.10376052,-5.22471771
-12.07733391,24.16079551,-4.89608261
-12.15887062,23.28126144,-4.96830201
10.04654006,22.15035770,-5.29434350
9.78013545,21.31359177,-5.39323054
-12.04908461,22.58137438,-5.04540762
-11.98759898,21.87392444,-5.15099544
9.67905012,20.49710255,-5.54254241
9.39622497,19.73978413,-5.56689710
-11.53862360,21.31156539,-5.11497652
9.26412999,18.97609523,-5.61628192
-11.16890378,20.68018771,-5.11735584
-10.63371450,20.36751439,-5.08242915
8.95043632,18.51750975,-5.60313878
8.69385779,18.04826220,-5.59902919
-10.16622316,19.97776534,-5.07839505
8.34993885,17.67968320,-5.53539996
-9.62898544,19.68078621,-5.02764635
8.03425557,17.30874207,-5.48152648
-9.14581669,19.31516533,-5.00178611
7.49326989,16.80514663,-5.40814408
-8.40938090,18.73034831,-4.98539979
-7.74136893,18.04775881,-4.99931663
6.95499846,16.32911278,-5.35802353
6.34926045,15.96209606,-5.30695609
-7.05519545,17.43287440,-4.99535330
5.73498220,15.63204275,-5.27914112
-6.37661911,16.81463950,-5.00004087
5.07720091,15.42664470,-5.26024527
-5.66804307,16.36561717,-5.00240812
4.41432900,15.23916276,-5.25561430
-4.94683426,15.95004059,-5.01368459
-2.62287045,15.23319392,-5.03133345
-3.44615928,15.40920559,-5.01587521
3.01540811,15.02826143,-5.22127684
3.71758453,15.13169143,-5.23344878
-4.19597751,15.66605828,-5.00881763
2.22642248,14.97889150,-5.20124176
-1.80491615,15.07998631,-5.06309960
1.43467970,14.92939615,-5.18554189
-0.98460296,15.01857159,-5.07948260
0.63361619,14.94666758,-5.14225071
-0.17170862,14.97069656,-5.10621052
0.39989968,36.95013285,-5.16879762
-0.94767045,37.02688005,-5.14274290
-2.27452059,36.86090020,-5.08642388
1.71661917,36.86454107,-5.25343247
-3.56303892,36.68044037,-5.09296974
2.92601494,36.51794348,-5.34081494
-4.73363154,36.25366451,-5.11546504
4.08190150,36.12959763,-5.47104000
-5.87972347,35.81466270,-5.19208568
5.11897692,35.40757305,-5.53234351
-6.92493506,35.11643908,-5.21881318
-7.97973590,34.38835145,-5.25643090
6.12208350,34.60434331,-5.59507888
7.04384956,33.60550164,-5.62757906
-8.94188832,33.51629589,-5.25244230
-9.94935465,32.65532954,-5.25137578
8.03161832,32.60142024,-5.69875684
-10.59788001,32.07415752,-5.27715401
8.69047199,31.92321567,-5.78261508
-11.31968490,31.54003226,-5.34734455
9.41506921,31.30057501,-5.90472478
9.97359968,30.52146234,-5.97523287
-11.81519383,30.86940751,-5.41166510
-12.42581003,30.26545753,-5.55033625
10.60268994,29.80296768,-6.09160245
-12.43876285,29.44845054,-5.61656290
10.75776765,28.81364164,-6.08934201
10.97773096,27.86935144,-6.14683577
-12.54793831,28.65764586,-5.71835755
-12.35197033,27.82261200,-5.73369343
10.90883219,26.89778337,-6.14021638
10.83332052,25.94456501,-6.15904960
-12.24144557,26.93723370,-5.74158011
10.69504212,25.01095604,-6.16106210
-12.18184171,26.02490842,-5.72489723
10.48911590,24.06344428,-6.16510786
-12.18981750,25.09150538,-5.72281606
10.21875893,23.10446772,-6.16474116
-12.20873213,24.17024455,-5.73073832
-12.28420912,23.28025339,-5.77877985
10.00747893,22.15387345,-6.19955820
-12.20103816,22.56051836,-5.84772231
9.76206254,21.32474686,-6.27456626
9.67638778,20.52159670,-6.40019830
-12.16424103,21.83540458,-5.94777146
-10.87853967,20.28195588,-5.81999633
-11.40153712,20.60408009,-5.86290926
-11.74700297,21.24960061,-5.88639159
9.27056821,19.03411822,-6.38500313
9.40193688,19.77933969,-6.38049432
8.95116650,18.58856283,-6.35018388
8.68674719,18.13215702,-6.32249619
-10.41794543,19.88775660,-5.80775397
-9.38412199,19.23419261,-5.69121565
-9.87545018,19.59379560,-5.73705059
-8.62349729,18.65736471,-5.65930997
7.43201312,16.91096763,-6.02779488
8.00071664,17.41044652,-6.13687693
8.32899072,17.77388450,-6.22454635
-7.93130138,17.98116496,-5.65759804
6.87050027,16.43142072,-5.94682213
6.24747983,16.05227225,-5.86787151
-7.22248551,17.36760057,-5.63294319
5.61936418,15.70844896,-5.81850720
-6.52346915,16.74988598,-5.61693909
4.95788334,15.48019849,-5.79164190
-5.80519049,16.29093852,-5.60647159
-5.07542484,15.86963003,-5.60609407
4.29206529,15.27143736,-5.78352019
-4.31689135,15.57822583,-5.58790294
3.59332545,15.13938049,-5.75890026
-3.56029971,15.31773914,-5.58370419
2.89003667,15.01384954,-5.74684971
-2.73781453,15.14401540,-5.60121659
2.10178588,14.94600255,-5.73968446
1.31146132,14.88062720,-5.73733797
-1.92122973,14.99449143,-5.63577293
-0.29174352,14.90305449,-5.67015693
0.51170880,14.88785966,-5.70053218
-1.10260839,14.94190075,-5.64818429
-3.75194651,36.92001961,-6.46204063
-2.42529846,37.11432558,-6.46367519
2.94463588,36.81649040,-6.62658247
1.69121327,37.15863836,-6.57040085
0.33078769,37.23382544,-6.51611517
-4.96109521,36.48528865,-6.46109334
-1.05830977,37.30115312,-6.51780899
-10.45613090,32.90051979,-6.47501409
-9.38955642,33.76127232,-6.49379163
8.27481315,32.78936264,-6.99641075
7.23714850,33.83059116,-6.91861693
8.94938005,32.09924038,-7.06603522
-11.11575154,32.32355998,-6.48222320
4.14627921,36.42695776,-6.73670367
-6.15280048,36.04695144,-6.51115440
6.27619141,34.86843448,-6.87009243
-8.37051723,34.63399167,-6.51930639
5.22985562,35.69643932,-6.79584503
-7.25405538,35.35512125,-6.50674668
9.69191991,31.46872223,-7.16712152
-11.84627381,31.79173717,-6.53542209
-12.32635851,31.10788458,-6.58721677
10.25397922,30.67689493,-7.22316968
10.88165871,29.94430941,-7.32120135
-12.91397922,30.48251037,-6.71255263
-12.88915582,29.62775650,-6.76884853
11.02222173,28.92773009,-7.31135949
-12.96092154,28.79622579,-6.85720807
11.21972817,27.95848185,-7.36226393
11.10049342,26.96064825,-7.35097408
-12.70331426,27.91946221,-6.85915187
10.97455754,25.98083946,-7.35252462
-12.53819891,26.98924802,-6.83804493
-12.44003981,26.05827875,-6.79418826
10.79830749,25.04253785,-7.33739341
10.06553862,22.16852276,-7.26480886
10.28486101,23.12095227,-7.27427147
-12.38488566,22.53617250,-6.74984584
-12.46443322,23.27442860,-6.74451448
-12.40948114,24.17432234,-6.73014559
9.83078117,21.34210014,-7.25492930
-12.41543374,25.10867853,-6.75722279
10.56705485,24.08690864,-7.31135951
9.33550366,19.09344845,-7.26868496
9.47391170,19.81982237,-7.27193841
-11.64664014,20.52375426,-6.72936860
-11.96433901,21.18704159,-6.74102405
9.00177390,18.65838234,-7.18565355
-11.12836528,20.19302089,-6.65449211
-9.63438298,19.14775005,-6.49340991
-10.12701982,19.50295413,-6.53908065
7.40285405,17.01736503,-6.73462423
8.00406430,17.51381595,-6.89800625
-8.84307949,18.58413788,-6.42458314
8.34855910,17.86637237,-6.99895552
9.74633478,20.54837158,-7.29295863
-12.34829591,21.79774818,-6.78445054
-10.66597599,19.79713530,-6.60631323
8.72267747,18.21187948,-7.10746417
-8.11969096,17.92136465,-6.38412488
6.81539938,16.53231915,-6.60369386
4.86070710,15.53210492,-6.38084316
5.52666165,15.78353462,-6.42795716
-6.66786665,16.70022481,-6.30228917
-7.38771365,17.31341790,-6.33917989
-5.93671621,16.23513129,-6.26564356
6.17186777,16.14133251,-6.49801651
2.77912365,15.00132299,-6.34172641
3.48742269,15.14712284,-6.34214629
-2.84513906,15.07450855,-6.22611798
-3.67076946,15.24486276,-6.22034840
1.99287942,14.91827894,-6.33397468
-4.43224524,15.51036000,-6.22290713
4.19189171,15.30183496,-6.35741822
-5.19619993,15.81026685,-6.24080609
-2.02629369,14.92905219,-6.24927808
1.20545087,14.84100660,-6.33101908
-1.21049769,14.88158949,-6.27386816
0.40322732,14.84011008,-6.31590715
-0.40241527,14.84807836,-6.30681734
-0.20038308,33.64978029,1.08240509
0.95103345,33.51298968,1.04457583
-1.33389284,33.58728205,1.08953645
-2.45360102,33.52380814,1.06749582
2.08581542,33.39038335,1.00366833
3.20618554,33.28520983,0.96787824
-3.56820981,33.44254631,1.01406737
4.33277801,33.19371848,0.92919898
-4.69818257,33.33542956,0.93433280
-5.66469975,32.84173090,0.86267448
5.34699034,32.68063269,0.92362918
-6.65595854,32.32605000,0.79347447
6.35051420,32.18168001,0.88973497
7.34481400,31.70108846,0.81544691
-7.68647171,31.78211352,0.73088546
-8.76381554,31.21799341,0.66999381
8.35303731,31.25215107,0.71690401
9.07742397,30.81490977,0.62771816
-9.55420428,30.68450372,0.60414630
9.85271442,30.40855323,0.55388426
-10.41449736,30.16513965,0.54089676
-11.37806902,29.67363557,0.48518358
10.71544456,30.02692845,0.50418473
-12.49939720,29.22973883,0.44360871
11.69918774,29.65207926,0.48683085
11.81303684,28.80045640,0.57220807
-12.62332821,28.45676778,0.44782848
12.04086730,27.94096995,0.64963784
-12.78198794,27.71006274,0.44543443
-12.95487567,26.96303586,0.42224252
12.36892598,27.06326628,0.70981777
12.73870430,26.17390123,0.74391919
-13.12560886,26.19550162,0.36433526
13.08534693,25.04758120,0.85291828
-13.19868122,25.21019789,0.34811197
-13.27032816,24.21941577,0.31877397
13.31799112,23.91892257,0.90234733
-13.35574739,23.23520564,0.31797530
13.45323980,22.77908388,0.90245949
13.59164611,21.61237280,0.89056788
-13.47461883,22.25506580,0.39535285
12.78641340,20.74561942,0.79786872
-12.63618771,21.73481231,0.44143423
12.13001380,19.85034278,0.75526737
-11.92270279,21.18539020,0.52349480
11.66546222,18.90509449,0.75572694
-11.34336390,20.53873680,0.63099069
-10.92246068,19.71731294,0.74020247
11.40465844,17.89973858,0.75992802
-10.18749293,19.50906711,0.76738925
10.76232865,17.43916872,0.71750694
-9.57064166,19.18458575,0.78614716
10.26846782,16.92404860,0.65353918
9.88134422,16.38451512,0.55634938
-9.04339315,18.76872954,0.79047590
-8.58065815,18.28677475,0.77691287
9.56395711,15.84298531,0.42784848
9.04824776,15.29146097,0.22840417
-7.88931050,17.78659277,0.73068148
8.55934692,14.78750799,0.02464523
-7.24433746,17.23848228,0.66190651
8.05784329,14.33805062,-0.16351901
-6.61741503,16.66775279,0.57278537
-2.86050824,15.27825885,0.31453962
-3.64853858,15.50632585,0.33997436
4.61951295,14.03251315,-0.16664601
5.36892401,13.98352394,-0.24764540
-1.92200203,15.14571966,0.28027453
3.71307318,14.22193379,-0.06772209
-0.97895870,15.00750089,0.24956287
2.79022486,14.40332543,0.02596412
1.85580468,14.56972331,0.10367154
-0.03232950,14.86794630,0.21292272
0.91398009,14.72770642,0.16195504
6.09954042,13.94456065,-0.30797364
-4.43417797,15.71875666,0.37622819
-5.98988636,16.08562226,0.46674151
7.52029437,13.93978692,-0.32016431
6.81581211,13.92569347,-0.33576570
-5.21529132,15.91273434,0.42051612
3.42813844,15.14182043,-6.76381467
4.11823096,15.34767849,-6.77186583
4.80439706,15.56990575,-6.80202634
-5.25528666,15.81917048,-6.69508708
-6.01034319,16.21747730,-6.72986858
-4.49732344,15.46367509,-6.67523952
-6.75927365,16.65250565,-6.77779277
5.49071026,15.81328422,-6.85723452
2.73092655,14.94815326,-6.77429557
-3.73981186,15.15067337,-6.67338708
-7.47276960,17.30995474,-6.82205373
6.12244509,16.21203715,-6.93528686
-2.90719936,15.03879661,-6.66615825
1.93241965,14.90167596,-6.75573172
6.75204658,16.64335613,-7.05277968
-8.19644051,17.96397562,-6.87128336
1.13753574,14.86297699,-6.74074618
-2.08409811,14.94553351,-6.67370903
7.38478972,17.09674804,-7.20839840
-8.95831929,18.56492229,-6.93372725
0.34153400,14.83245268,-6.73006735
-1.26867688,14.86999272,-6.69454543
8.03656816,17.55523750,-7.39758167
-9.78880705,19.06891969,-7.02258353
-10.22139935,19.50660592,-7.05327570
8.32531612,17.95701735,-7.49606953
-0.45975131,14.81030124,-6.72409477
-10.69386561,19.88388862,-7.10212331
8.64143137,18.35137497,-7.59761658
-11.21494405,20.19884752,-7.17273418
8.99742269,18.73580802,-7.70231379
-11.79079380,20.45577748,-7.26612764
9.40864279,19.10810739,-7.81131997
9.39409782,19.84443711,-7.79207314
-11.91636829,21.19886228,-7.24028808
-12.08567219,21.89673797,-7.23367882
9.49433941,20.59089707,-7.78184388
-12.30364447,22.57317183,-7.25198252
9.73754521,21.36025095,-7.80289510
-12.57745503,23.25103502,-7.30028181
10.13148030,22.16182041,-7.86822831
-12.51324098,24.15862099,-7.28701999
10.33200238,23.11531863,-7.88339696
10.59680451,24.08448023,-7.92002978
-12.51040243,25.10067829,-7.31372498
10.86128190,25.04774367,-7.95634254
-12.57749864,26.05371461,-7.36244294
11.07834452,25.99211638,-7.97537551
-12.72078701,26.99134995,-7.41309102
-12.69958953,27.93800067,-7.39009419
11.04797491,26.95540211,-7.91418370
11.00984259,27.93141737,-7.86505029
-12.76068805,28.81581382,-7.34156781
8.40820413,32.85625439,-7.58264441
7.28892552,33.83465010,-7.47852347
8.97007472,32.05128109,-7.61279356
-11.19966906,32.31554133,-7.00796500
-10.69510763,32.99690803,-7.03718563
-9.52669592,33.78633109,-7.04148394
-11.75642014,31.67998507,-7.02875383
9.58994134,31.30402780,-7.67196449
10.27539064,30.62385609,-7.76645975
-12.39732422,31.09974691,-7.11584588
-12.90817720,29.67216340,-7.28891299
10.99589519,28.94081192,-7.85250865
11.03340784,30.00167784,-7.89409088
-13.15105495,30.56237368,-7.26202090
-8.42163966,34.58959844,-7.05668698
6.25693022,34.81326741,-7.40228931
5.24151202,35.72031740,-7.33675377
-7.34262329,35.37179585,-7.06739647
-6.26753623,36.12409667,-7.09433322
4.18166346,36.52596216,-7.28964631
2.92283023,36.77578754,-7.16489337
1.63310030,36.98322674,-7.08881166
-5.00777841,36.43040249,-7.03073756
-3.75349263,36.73896667,-7.00786200
-2.45163062,37.04414556,-7.03175976
0.28820439,37.17054957,-7.06879521
-1.09653217,37.34696908,-7.10567177
