0.02621123,13.92624591,1.47003316
-0.89862849,14.14022027,1.56447567
0.00657184,13.74072252,1.71292275
-0.91971780,13.96585328,1.80489832
-1.82802632,14.36383265,1.66189055
-1.85204249,14.19891525,1.90934502
-2.78049787,14.57737066,1.76270552
-2.80888907,14.41845612,2.02390777
-3.78142170,14.75980188,1.86827957
-3.81508375,14.60435006,2.14505174
-3.53223076,33.25967673,2.02823541
-2.56174837,33.11772002,1.99333202
-3.54330925,33.30398780,2.23985824
-2.56459392,33.16297936,2.20271364
-1.60238527,33.03961891,1.95665499
-1.59779380,33.08413006,2.16821579
-0.64908401,33.02970979,1.92570975
-0.63874231,33.07167877,2.14375983
0.29651060,33.08122333,1.90371060
0.30978981,33.11837091,2.13178695
-4.66122048,15.04933231,1.90100253
-4.69873475,14.89286217,2.19701726
-5.59970559,15.29802401,1.93528772
-5.64031204,15.14074768,2.24534241
-6.60531273,15.49879504,1.97945918
-6.64831876,15.34291850,2.28959376
-7.67654543,15.65393841,2.02005970
-7.72270003,15.50368242,2.31092554
-7.42167793,32.52697699,2.08114220
-6.36118503,32.70523136,2.02600741
-7.46837447,32.57164172,2.36866949
-6.39899588,32.74031768,2.29851420
-5.37636772,32.87846541,2.01334405
-5.40506118,32.91226865,2.26202756
-4.44330970,33.05350018,2.01921634
-4.46286374,33.09175797,2.24700795
-8.54579839,16.24370523,2.03593623
-8.59626074,16.10255426,2.31288943
-9.45964913,16.79784887,2.03886533
-9.51487411,16.66915726,2.29479943
-10.42733574,17.31347710,2.02389476
-10.48794690,17.19931349,2.25576972
-11.46792867,17.78770629,1.99491233
-11.53432015,17.68905211,2.20350272
-12.12456114,18.28526334,1.97257958
-12.18982231,18.20080842,2.17224765
-12.83319751,18.76033441,1.94969523
-12.89762785,18.69047329,2.14051388
-13.60441763,19.21545750,1.92894944
-13.66811431,19.16038318,2.11128871
-14.44541200,19.65620671,1.91166699
-14.50786667,19.61549852,2.08660912
-11.33989708,31.55414913,2.09614078
-10.20516771,31.75894907,2.08481359
-11.40423760,31.59953377,2.29990498
-10.26798877,31.80933042,2.33021584
-9.18490659,32.00384318,2.06547731
-9.24274844,32.05503219,2.34721854
-8.26417184,32.26162689,2.05624847
-8.31659725,32.30968829,2.35309410
-14.48301247,20.88607316,1.89908556
-14.55438293,20.84612662,2.08503266
-14.60052416,22.08645645,1.87201104
-14.67853285,22.04783404,2.06604007
-14.79696536,23.24933822,1.85400781
-14.88065145,23.21395385,2.05103565
-15.06688578,24.37259801,1.86460009
-15.15679599,24.34277992,2.05857196
-14.42547932,25.69239406,1.81223380
-14.49560776,25.66362757,2.00376793
-13.92436923,26.86383164,1.79832161
-13.98344779,26.84330800,1.98337937
-13.47536644,27.90189087,1.78221003
-13.53127298,27.89444645,1.96375387
-13.03479362,28.83361601,1.74805337
-13.09288310,28.84092228,1.93198835
-12.58312804,29.49281403,1.82711804
-12.64540636,29.51169173,2.01264621
-12.14665531,30.15029484,1.90715132
-12.21180077,30.17957650,2.09708290
-11.73151310,30.83177696,1.99657381
-11.79720994,30.86992000,2.19293300
0.04446519,14.11247725,1.18999772
-0.87997605,14.31610115,1.29584516
-1.80740639,14.53127724,1.39023069
-2.75666088,14.73943495,1.47627103
-3.75361079,14.92056460,1.55889216
-3.52025739,33.22876325,1.80306841
-2.55927630,33.08525459,1.77061991
-1.60897786,33.00752429,1.73077073
-0.66323867,33.00009186,1.69180129
0.27790443,33.05616146,1.65795425
-4.63133944,15.21234570,1.56170619
-5.56932958,15.46421780,1.56933065
-6.57551968,15.66712364,1.60272814
-7.64660001,15.82013568,1.66314241
-7.37417145,32.50073732,1.75605031
-6.32079915,32.68848085,1.72440279
-5.34493973,32.86103059,1.74328474
-4.42178293,33.03010269,1.77500831
-8.51439808,16.40136410,1.69908345
-9.42468542,16.94236214,1.73614743
-10.38677007,17.44163660,1.76028965
-11.41988384,17.89667557,1.76741311
-12.07611097,18.37793444,1.75861548
-12.78405194,18.83623248,1.74796535
-13.55428697,19.27451572,1.73810973
-14.39460729,19.69895731,1.73028805
-11.28278137,31.51971778,1.87627495
-10.14927261,31.72170734,1.81016346
-9.13208098,31.96854636,1.74275727
-8.21387883,32.23210640,1.71633890
-14.42531564,20.92852913,1.70363253
-14.53770541,22.12783244,1.66636147
-14.72937553,23.28799807,1.64454552
-14.99356143,24.40655714,1.65955872
-14.37184445,25.72642441,1.60863860
-13.88048056,26.89010971,1.60168357
-13.43265167,27.91559306,1.58883743
-12.98780738,28.83359995,1.55080166
-12.53075031,29.48222307,1.62862164
-12.09031580,30.13031105,1.70356291
-11.67353163,30.80385745,1.78533721
0.93692248,13.48029822,1.66624264
0.95642059,13.67349508,1.41545888
1.88236524,13.25108857,1.65136476
1.90231472,13.44706458,1.38777056
2.84858604,13.06315032,1.67956311
2.86853604,13.25367965,1.40425935
3.83854596,12.93772384,1.75380055
3.85634126,13.11207969,1.47251009
4.10940784,33.16802705,1.94953430
3.10411348,33.06924780,1.98820675
4.09859010,33.15853958,1.68679024
3.09187627,33.05737109,1.72030227
2.15066364,33.02646884,2.03178289
2.13614690,33.00755025,1.77038153
1.22715349,33.04270784,2.07975045
1.21190219,33.01466149,1.83328125
4.69048602,13.05749140,1.80391301
4.70462176,13.21140076,1.51075494
5.56315402,13.25001190,1.87529779
5.57148256,13.37785488,1.57573386
6.47823288,13.50984119,1.97444269
6.47758579,13.61219159,1.67429426
7.47296283,13.81627195,2.11051384
7.46039643,13.90012601,1.81459492
8.00842367,32.06332603,1.84909861
6.98967679,32.36955859,1.86859550
7.98115368,32.04147950,1.63025387
6.96924892,32.35247423,1.63325736
5.99723058,32.64557139,1.89321666
5.98221479,32.63340383,1.64334099
5.03455704,32.90353983,1.91956724
5.02267080,32.89439151,1.65962951
8.37554500,14.49138883,2.26998240
8.35033673,14.56343785,1.97426196
9.37402481,15.17028516,2.39327590
9.33889293,15.24164625,2.10622904
10.44162095,15.86915825,2.42100744
10.40070636,15.94825902,2.15063872
11.53857459,16.59057466,2.34569725
11.49455173,16.68301761,2.09654114
12.20725445,17.23358111,2.23944363
12.16528708,17.33305378,2.00278691
12.88096462,17.85359907,2.11863967
12.83942601,17.95821949,1.89359266
13.57442503,18.42999927,1.99341144
13.53405043,18.53551018,1.77800542
14.31411433,18.94369039,1.87238674
14.27835693,19.04464140,1.66435907
11.39663537,30.51860774,1.61772039
10.44659470,30.89760196,1.65795010
11.36535465,30.52002746,1.42378396
10.41098542,30.88666016,1.45757344
9.58450596,31.28905105,1.71385121
9.54951321,31.27133130,1.50773891
8.77886649,31.68083138,1.77725392
8.74704490,31.65995086,1.56473783
14.47672519,19.98766857,1.78298121
14.43915628,20.08026523,1.57727743
14.69823060,20.98398081,1.72336683
14.65982565,21.06518336,1.52196286
14.98183770,21.94221091,1.69456459
14.94238237,22.01146998,1.49949569
15.32327204,22.87979578,1.69489902
15.28149317,22.93819704,1.50707081
14.65169872,24.02516302,1.63789821
14.61326472,24.07249204,1.44406097
14.04351917,25.13366016,1.57423302
14.00650670,25.16925269,1.37265061
13.49664595,26.21136482,1.50040670
13.45938636,26.23474833,1.28995536
13.00629309,27.26680913,1.41054695
12.96726791,27.27847833,1.19143417
12.54436868,28.07034597,1.46995428
12.50611126,28.07658097,1.25699809
12.12548146,28.87803228,1.52236740
12.08868526,28.88082228,1.31603683
11.74451470,29.69310222,1.57086874
11.71010724,29.69435242,1.37098806
0.97609067,13.86703369,1.11676649
1.92481933,13.64432819,1.06496197
2.89459853,13.44604555,1.06288201
3.88421171,13.28943631,1.12679036
4.08153004,33.15772668,1.40693719
3.07336955,33.05641656,1.43307729
2.11520035,33.00098402,1.48833466
1.19046710,32.99915144,1.56695184
4.73314681,13.36722743,1.15237869
5.59735920,13.50653363,1.21467696
6.49557639,13.71347138,1.31752133
7.46479840,13.98234440,1.46513586
7.94772999,32.01891545,1.39401818
6.94181035,32.33607867,1.38002630
5.96009017,32.62422161,1.37571112
5.00406988,32.89102143,1.38224635
8.34011060,14.63422631,1.62146585
9.31670097,15.31468135,1.76055659
10.37223210,16.03339114,1.82825475
11.46142526,16.78524832,1.80662031
12.13142628,17.44392977,1.72932307
12.80339222,18.07439156,1.63412639
13.49736541,18.65163197,1.53009813
14.24553486,19.15452738,1.42716837
11.33296445,30.52058541,1.21428718
10.37145243,30.87322415,1.23847570
9.50865880,31.25064082,1.28187379
8.70888903,31.63687875,1.33343875
14.40445448,20.18082114,1.34132964
14.62487303,21.15317073,1.29358473
14.90767984,22.08640436,1.28270190
15.24556301,23.00174064,1.30348530
14.58048599,24.12385806,1.23010171
13.97480835,25.20724505,1.14817748
13.42690002,26.25913417,1.05648504
12.93261797,27.29078758,0.95216534
12.47027797,28.08235717,1.02373589
12.05269788,28.88244022,1.09000834
11.67535275,29.69419517,1.15299263
0.17740303,17.07692758,-9.30807872
-0.79939563,17.22771612,-9.26996593
0.19790674,17.14272002,-9.08173550
-0.77457781,17.27578186,-9.04720323
-1.83229085,17.29539863,-9.21386745
-1.79864265,17.33100482,-8.99773324
-2.94135094,17.28122509,-9.15118897
-2.89503219,17.30887127,-8.94162892
-4.12171243,17.19520074,-9.07748314
-4.06302341,17.22000276,-8.87056965
1.15003692,17.01440159,-9.09978390
1.13093559,16.92668831,-9.32996554
2.10134794,16.85348278,-9.11807390
2.08179445,16.74413123,-9.35137439
3.06143220,16.67823868,-9.14003575
3.04100014,16.55601142,-9.37458978
4.01483580,16.49273986,-9.15956661
3.99467127,16.36961960,-9.39445319
0.30057764,35.86127529,-9.99418858
-0.81692058,35.57167851,-9.94724703
0.34411109,35.79628295,-9.84359606
-0.77536889,35.49256471,-9.78661566
-1.94617068,35.36598821,-9.90870705
-1.90650379,35.27845852,-9.73836862
-3.10819398,35.22690683,-9.86062052
-3.07166913,35.14587369,-9.68525735
-4.32445223,35.19580913,-9.81049295
-4.28970227,35.12338785,-9.63566704
1.42035273,35.66067730,-9.84899088
1.37947284,35.72952018,-10.00169162
2.49541817,35.57797714,-9.85851943
2.45802101,35.64629421,-10.01478930
3.56482014,35.51447807,-9.88649389
3.53077624,35.57191523,-10.04377336
4.63454937,35.45942875,-9.94858422
4.60590174,35.50827444,-10.10646210
-5.17805746,17.29472982,-9.00009443
-5.11158887,17.32030658,-8.78284210
-6.23525795,17.38591586,-8.93001149
-6.16661171,17.40907283,-8.70268582
-7.27686199,17.46639503,-8.87358678
-7.21205197,17.47897148,-8.63805852
-8.31157973,17.51121298,-8.81935994
-8.25084396,17.51131655,-8.58059973
4.84501790,16.54519240,-9.15540287
4.82676907,16.42776921,-9.39469947
5.61739374,16.60177217,-9.17522074
5.60172659,16.50004420,-9.41413681
6.32947877,16.66375062,-9.24067926
6.31616910,16.58374487,-9.47579112
7.01231234,16.73030498,-9.33246259
7.00471691,16.66838534,-9.56216166
-5.53142341,34.81621381,-9.66302624
-5.49570749,34.74360582,-9.47961854
-6.74115118,34.50857870,-9.52213448
-6.69584996,34.44011332,-9.34063283
-7.96026927,34.25610124,-9.39236524
-7.90174283,34.19024654,-9.22062101
-9.24422072,34.04809827,-9.27922441
-9.16079581,33.98233297,-9.12079303
5.61895469,34.93409661,-9.96129042
5.60151028,34.98651927,-10.13177293
6.62390566,34.40167693,-9.98383215
6.61951469,34.45421054,-10.16875636
7.68757382,33.87313306,-10.00549040
7.69432710,33.93040574,-10.20130906
8.85579881,33.36370213,-10.04624229
8.88339862,33.43340630,-10.24350016
-9.29032394,17.69988794,-8.78024917
-9.22819642,17.69571584,-8.54261391
-10.23196275,17.91581572,-8.76631756
-10.16728470,17.91278365,-8.53511981
-11.17402432,18.14289000,-8.76824555
-11.10914074,18.14012535,-8.54934484
-12.12421913,18.39935939,-8.77415099
-12.06115904,18.39404229,-8.57134705
7.66047127,16.97161697,-9.45705754
7.66541536,16.91746564,-9.68066339
8.30615735,17.27432960,-9.61779806
8.32826834,17.22638230,-9.83698871
8.99995703,17.64623410,-9.81434423
9.04197011,17.61077990,-10.03320402
9.77850466,18.12880671,-10.04543129
9.83944144,18.11475625,-10.26885627
-12.23714294,32.76934525,-9.29754390
-11.41127905,33.07508293,-9.19794341
-12.19915638,32.70100242,-9.13093937
-11.35406896,32.99887449,-9.02843479
-10.65665730,33.38183830,-9.18165672
-10.58066523,33.30157987,-9.01461008
-9.93842571,33.70319907,-9.21586437
-9.85136860,33.62973961,-9.05333809
11.73570442,31.52581346,-10.29396985
10.90205586,31.92554301,-10.19119769
11.71729221,31.63615348,-10.48305957
10.90112959,32.03576338,-10.38869657
10.16671468,32.36593201,-10.11864463
10.18386953,32.46976242,-10.32134371
9.48982277,32.84785990,-10.07069490
9.51793674,32.93379181,-10.27374542
-12.56500565,18.81473556,-8.83127982
-12.50339979,18.80807396,-8.63554482
-13.04476968,19.23435006,-8.88528427
-12.98802361,19.22205474,-8.69737752
-13.52758850,19.68121669,-8.94611553
-13.47511662,19.66143333,-8.76793035
-14.10052629,20.15263897,-9.00880113
-14.04363137,20.12457449,-8.84074368
10.17747661,18.64412630,-10.19863300
10.24418749,18.64700579,-10.42787277
10.65655572,19.19273985,-10.35605624
10.72377670,19.21295857,-10.59160460
11.19375991,19.77528138,-10.51006735
11.25830015,19.81098714,-10.74944040
11.87276123,20.40777529,-10.65273751
11.94204597,20.45579961,-10.89271032
-14.06973989,21.22705994,-9.09013901
-13.98559297,21.21024728,-8.91529443
-14.10871885,22.28848185,-9.16684041
-14.00770475,22.27897800,-8.98323415
-14.13329565,23.36488071,-9.25617115
-14.02712317,23.35691261,-9.06496809
-14.21124818,24.42501087,-9.34231478
-14.10214823,24.41226401,-9.14759818
11.98527474,21.31823436,-10.65973842
12.08079939,21.37296916,-10.90495828
12.20614640,22.22287019,-10.65704370
12.31410435,22.28148158,-10.90574570
12.42699706,23.11474102,-10.64680737
12.53446977,23.17878130,-10.89222372
12.71437580,23.99906337,-10.61632779
12.81607886,24.07093482,-10.85378044
-13.99682674,25.60113164,-9.41868962
-13.89344547,25.57555462,-9.21350528
-13.80881671,26.78658573,-9.49634799
-13.71669266,26.73598658,-9.28582182
-13.67018560,27.84709507,-9.55941188
-13.58628651,27.78346856,-9.35224467
-13.50294424,28.98752719,-9.58132581
-13.43461651,28.88360270,-9.38382778
12.61698433,24.90342574,-10.53080333
12.70913780,24.99205165,-10.77058795
12.54763941,25.85028082,-10.44928044
12.62386144,25.96484109,-10.69021010
12.52809595,26.75402732,-10.40467823
12.59126687,26.88140483,-10.64165789
12.50968964,27.73420734,-10.37003549
12.55386804,27.89773724,-10.59516105
-13.17515540,29.99072751,-9.52105494
-13.11717922,29.88124794,-9.33028897
-12.85121515,30.94439824,-9.44159634
-12.79838554,30.84965149,-9.25671306
-12.54070994,31.85276716,-9.36714087
-12.49573923,31.77128713,-9.18975075
12.27354154,28.64795278,-10.31989059
12.30337772,28.81427473,-10.54001195
12.06585082,29.58097175,-10.29602320
12.08055826,29.73014860,-10.50959940
11.88899323,30.53021968,-10.29642524
11.88534881,30.66097633,-10.49995832
4.65738054,35.41564088,-9.79797963
5.62684957,34.88518884,-9.79587948
6.62067254,34.35703514,-9.80296987
7.67000099,33.82473944,-9.81767671
8.82318309,33.30063179,-9.84575779
4.02454594,16.62818581,-8.93028621
4.84823073,16.67570241,-8.92449845
5.61746802,16.71620638,-8.94559210
6.33097363,16.75711618,-9.00352862
7.00658667,16.81378054,-9.09585168
11.75887573,31.41616105,-10.11802623
10.90904554,31.81418483,-10.00110210
10.14402010,32.27138575,-9.91969413
9.45328173,32.77247631,-9.86971985
9.70632351,18.15842713,-9.82496518
10.10573967,18.64898005,-9.96617362
10.56538642,19.17905674,-10.11752103
11.10695018,19.75050052,-10.27172698
11.74745871,20.35678626,-10.41880348
11.87131399,21.27279876,-10.41904697
12.05816178,22.17652009,-10.40632012
12.30807458,23.06548670,-10.38683470
12.61371730,23.94090816,-10.37032467
-13.93996434,20.10887203,-8.68938114
-13.88836313,21.20286499,-8.75563834
-13.87799718,22.29007770,-8.81338296
-13.91357024,23.36140086,-8.87620354
-13.99408164,24.40901359,-8.95711829
12.52771918,24.83752053,-10.27798342
12.48373563,25.73536985,-10.20602442
12.47352631,26.64026225,-10.16351053
12.48719254,27.55924362,-10.15276016
-13.79145476,25.56885283,-9.00687947
-13.63768174,26.67132861,-9.07710809
-13.50920736,27.72779853,-9.14756175
-13.39087878,28.75223197,-9.19825079
12.26711937,28.48240055,-10.11234769
12.07661537,29.42972796,-10.09793072
11.90916768,30.40628939,-10.10329247
-13.08304973,29.76608361,-9.15859050
-12.77331038,30.74294195,-9.09196105
-12.46484469,31.69262173,-9.02219294
-12.16986429,32.63142802,-8.97661409
0.38131362,35.74099121,-9.69299399
1.45398664,35.59464214,-9.69180324
2.52292528,35.50994414,-9.70612044
3.58976329,35.45987151,-9.73966276
0.20833619,17.21936608,-8.86230073
1.15891221,17.11314719,-8.87543638
2.11072609,16.97533333,-8.88919767
3.07140883,16.81360964,-8.90730812
-0.75918532,17.33573252,-8.83277993
-1.77262214,17.38213094,-8.79151664
-2.85359650,17.35388271,-8.73486253
-4.00755422,17.26296090,-8.66602729
-0.74075673,35.42122125,-9.62450865
-1.87479797,35.19405196,-9.56420010
-3.04454238,35.07185950,-9.51083764
-4.26325263,35.06187046,-9.46073127
-5.46289773,34.68011828,-9.29690339
-6.65327689,34.38142862,-9.16267851
-7.84129412,34.13271086,-9.05891334
-9.07740725,33.92396855,-8.96701269
-5.04154903,17.36416474,-8.56914866
-6.09095552,17.44800166,-8.47392069
-7.14086356,17.49962601,-8.39226088
-8.17735605,17.52237250,-8.33498050
7.63775670,17.04995733,-9.22341757
8.27466679,17.33676430,-9.38403649
8.94869043,17.69762828,-9.57880934
-9.14691972,17.70348758,-8.31153779
-10.09423240,17.90592067,-8.30721957
-11.03215547,18.13715293,-8.33027356
-11.98656606,18.39639923,-8.39026061
-12.44047643,18.79474491,-8.45062880
-12.91116369,19.21230624,-8.52073389
-13.40732840,19.65008782,-8.60060524
-11.30751954,32.92283681,-8.86678265
-10.50352766,33.22987489,-8.85444009
-9.76197472,33.56436012,-8.89896425
1.09397569,34.12964029,-1.01389296
0.17268753,34.14071620,-0.97224040
1.06495239,33.57425712,-0.21569451
0.14451925,33.55352421,-0.13728437
-0.76183636,33.53618324,-0.06311974
-0.73537654,34.11563968,-0.90576288
-1.65916733,33.59277336,0.02413554
-1.63563797,34.16528786,-0.83034818
2.05074921,34.17222946,-1.02575932
2.02056231,33.64436601,-0.25115985
3.01272790,34.09658238,-1.06950397
2.97713251,33.57978719,-0.28415144
-2.55341880,33.57173968,0.05188657
-2.53365377,34.16003444,-0.81989973
4.01243886,34.03666287,-1.09600189
3.97186691,33.53276051,-0.28270337
-3.45269637,33.64358857,0.04472147
-3.44885954,34.25953085,-0.82907287
4.96296800,33.72305861,-1.12140164
4.91482157,33.25107664,-0.29008410
-4.32668028,33.56040857,-0.05488131
-4.36016734,34.19848718,-0.87932552
-5.24564407,33.51012078,-0.19038895
-5.32860794,34.17370050,-0.95927287
5.93145795,33.37907867,-1.14813516
5.87617408,32.94715815,-0.28243359
6.89545231,32.93789664,-1.19890001
6.82927304,32.55392704,-0.28438617
-6.22121433,33.37409754,-0.36651074
-6.35320530,34.04582472,-1.08657193
-7.30036710,33.15276066,-0.51484847
-7.46438187,33.79977211,-1.22513348
7.90391411,32.46759077,-1.25360872
7.81468784,32.13887480,-0.27643781
-8.20437960,32.88339542,-0.59404341
-8.35998231,33.49143789,-1.32925296
8.72054019,32.08089175,-1.31613910
8.61019928,31.78630375,-0.28925773
9.62628108,31.72193841,-1.36246041
9.47355699,31.45774139,-0.28863321
-9.17535969,32.56317195,-0.56516702
-9.31212947,33.11551859,-1.37487905
10.53599985,31.22767417,-1.42356428
10.31795000,30.97775276,-0.33445783
-10.09251786,32.05627306,-0.47057848
-10.20690648,32.52405550,-1.37487927
-11.11155854,31.61592588,-0.21637387
-11.20942656,31.99004680,-1.27529916
11.60139548,30.81385909,-1.42231015
11.29097650,30.55465130,-0.32893097
12.19074290,30.05754588,-1.47349028
11.81557804,29.80593026,-0.42090454
-11.65668662,30.93609004,-0.16023440
-11.77796438,31.21443853,-1.22137885
-12.27044976,30.33337035,-0.09453744
-12.44273423,30.54045862,-1.14424648
12.84617384,29.32709414,-1.50465838
12.40684318,29.08260172,-0.49416208
13.34122690,28.52368488,-1.59300910
12.84831725,28.29175180,-0.55730446
-12.72941711,29.67849489,-0.08262684
-12.96052273,29.83122324,-1.14834226
-13.20628675,29.02667507,-0.10996672
-13.50280133,29.12112879,-1.17723120
13.87505065,27.72767351,-1.67222535
13.33387201,27.51312804,-0.61258052
-13.65361946,28.13598460,-0.10917279
-13.99313434,28.17373818,-1.17692794
14.37724916,26.73256735,-1.67084719
13.81595839,26.52392025,-0.57879200
-14.07169399,27.13752884,-0.18020085
-14.42393124,27.10857859,-1.22550666
14.89570745,25.72723438,-1.65925756
14.33275988,25.52864324,-0.53282086
-14.42994506,25.97300565,-0.25020898
-14.77528960,25.88859301,-1.28407661
15.35737539,24.67584475,-1.64539053
14.80575247,24.48991004,-0.45706717
15.83169065,23.59815336,-1.61788789
15.30866324,23.42620180,-0.35980559
-14.85252545,24.64668302,-0.23441718
-15.16714084,24.54545398,-1.29082748
15.79403904,22.57990837,-1.73707917
15.29031885,22.47869484,-0.47085294
-14.89785081,23.42295380,-0.25085004
-15.20999109,23.29939722,-1.31075276
-1.60637616,34.72283802,-1.52587004
-0.69555473,34.66419083,-1.60142256
2.10809278,34.67094921,-1.71138541
1.14483465,34.64392969,-1.70252850
3.07818877,34.57392384,-1.75183936
-2.52376122,34.71075606,-1.50491049
0.21860571,34.67872202,-1.66590766
4.08918939,34.49669121,-1.78251855
-3.47091229,34.80581755,-1.49386830
15.77142386,21.54023465,-1.83229049
15.29574972,21.51480585,-0.55544708
-15.03889130,22.13685467,-0.12635733
-15.32999703,22.01619768,-1.25992316
5.05765999,34.16985178,-1.82486439
-4.43018616,34.75841172,-1.51333479
6.04859456,33.80643626,-1.87785389
-5.45036080,34.75046921,-1.55827621
7.03829740,33.32818884,-1.95366179
-6.51262299,34.61482871,-1.65489763
-14.57955553,21.08417137,-0.12189301
-14.88643746,20.93563106,-1.26562063
15.05323056,20.53251519,-1.97761443
14.63601226,20.63289176,-0.73662217
-7.64023183,34.33658340,-1.78492966
8.08510435,32.80755999,-2.03560346
-14.19419755,20.00939091,-0.06241728
-14.50086488,19.84905848,-1.24342986
14.42097473,19.48770265,-2.05500294
14.06074053,19.69163373,-0.83860633
8.92702614,32.38272687,-2.11092070
-8.51819030,33.99091443,-1.89707656
-13.49209724,19.55822269,-0.20016572
-13.82240626,19.34328996,-1.32201615
13.60346552,18.83643653,-2.10180242
13.29633547,19.10751445,-0.93771665
9.87211511,31.98619121,-2.16326000
-9.45095339,33.57090835,-1.97136774
-12.84642246,19.08515762,-0.31522281
-13.18484256,18.81402698,-1.38702054
12.91060873,18.12060001,-2.09609238
12.62758436,18.43681019,-0.97903797
-10.33028426,32.91674495,-2.01817835
10.82513021,31.46336752,-2.21750759
-12.09826835,18.77080126,-0.47069500
-12.43602067,18.42394548,-1.48241938
12.19027530,17.46407374,-2.06706150
11.90702120,17.80844472,-1.00304112
-11.39723082,18.40764161,-0.58961769
-11.72158060,17.99553327,-1.56284658
11.55734071,16.75139970,-2.00918510
11.24621664,17.12228863,-0.99163242
3.04506983,13.27255696,-2.02614540
4.14049404,13.03283367,-2.01809083
3.00741574,13.79990097,-1.08866079
4.05536292,13.60689757,-1.08083076
5.13500466,12.86288457,-1.97550882
4.99138103,13.47215001,-1.06530726
-3.69632071,15.43833574,-0.40281261
-4.59683896,15.61416885,-0.49094777
-3.78765744,15.05276970,-1.38783736
-4.70918550,15.25069731,-1.42485415
-2.71625483,15.21491723,-0.41735343
-2.79092772,14.79403849,-1.41144040
-10.43280554,17.86810171,-0.72608424
-10.71087676,17.39041797,-1.65079052
10.70470897,15.72627209,-1.89620821
10.34897450,16.14854736,-0.95088378
-1.77569356,14.97205728,-0.48983693
-1.83615810,14.50821150,-1.48596181
2.00462732,13.50421671,-1.97178703
1.99901491,14.01187291,-1.02140319
1.01001311,13.72843394,-1.86973883
1.02704851,14.22677172,-0.90029949
-0.84986186,14.71258683,-0.60795359
-0.89631452,14.22547913,-1.60153721
0.04710973,13.95205537,-1.74037089
0.08031363,14.45028502,-0.75686936
-5.56981614,15.75345186,-0.59989361
-5.70441271,15.38459068,-1.48821214
6.16084711,12.76554902,-1.89608784
5.94809230,13.40532549,-1.00874594
-9.51939335,17.27348254,-0.79956480
-9.75721450,16.76849093,-1.69216647
9.90111390,14.72645208,-1.79269223
9.50704268,15.22020702,-0.90069832
11.94415150,31.04522519,-2.21056194
-11.33167322,32.31134855,-1.99343903
7.16696015,12.91925432,-1.82953734
6.87492459,13.57815837,-0.95219623
-6.56097415,16.03166366,-0.71778143
-6.72212744,15.61899691,-1.58782157
9.03865842,13.91316179,-1.75727651
8.63787539,14.48867475,-0.88543272
-8.54784143,16.78580172,-0.82787776
-8.75775216,16.28219754,-1.70619585
8.17051937,13.22726945,-1.77559540
7.80980638,13.86660687,-0.89969158
-7.61423324,16.27622932,-0.79688149
-7.79611019,15.80762953,-1.67052957
12.56650168,30.26959932,-2.27083291
-11.92983284,31.46675119,-1.98204953
-12.64403801,30.72963255,-1.93591850
13.24807502,29.52025515,-2.31631440
13.71551533,28.67174981,-2.41452018
-13.18747146,29.94974319,-1.93364784
-13.74203104,29.16001282,-1.94786008
14.20263066,27.82734736,-2.50819867
-14.23468690,28.13780481,-1.93831728
14.68183538,26.81236045,-2.53087554
-14.64577823,26.99054640,-1.97412104
15.17210502,25.78576248,-2.54396833
15.60530477,24.71134711,-2.56125255
-14.97527298,25.70538173,-2.02520114
-15.35426007,24.33104520,-2.03700850
16.05501520,23.61120333,-2.56837531
-15.40282918,23.07083983,-2.05952117
15.97675218,22.54394813,-2.68292104
15.92301315,21.46045899,-2.77768785
-15.53609468,21.78569198,-2.02943561
-1.60578154,35.38042148,-2.59867299
-0.67961870,35.31650402,-2.63900758
3.16448535,35.16859466,-2.71474030
2.17362757,35.28077987,-2.68599236
-2.54569174,35.35346343,-2.59277787
1.19086150,35.26527997,-2.68708178
0.24876672,35.32164172,-2.67175475
4.20097417,35.08403783,-2.74453029
-3.52830646,35.42818064,-2.57969209
-15.11114897,20.67576458,-2.03718504
15.19656391,20.38862039,-2.89060291
-4.54171871,35.37144719,-2.55197399
5.20100447,34.74564464,-2.78455814
6.22750588,34.36004462,-2.84328372
-5.61996347,35.35700776,-2.52777923
7.24974407,33.83099060,-2.93326300
-6.72276753,35.19468638,-2.55187408
14.58241998,19.28652223,-2.94630334
-14.74173623,19.56396139,-2.02299685
-7.86633953,34.86740552,-2.62550668
8.33694566,33.23319395,-3.04072160
13.78076344,18.59290874,-2.96854182
-14.05975131,19.02591841,-2.09852316
-8.71938014,34.47781988,-2.70986547
9.18649436,32.74845078,-3.13925322
-13.41770510,18.46850494,-2.16612775
13.11334630,17.84309296,-2.94121125
-9.63021769,34.01254148,-2.78140670
10.14210548,32.29001771,-3.22457296
-12.65856382,18.05236755,-2.25932481
12.41315299,17.17561532,-2.88241927
11.80296324,16.46593128,-2.80574058
-11.93971120,17.59821799,-2.33828512
11.08426660,31.71094209,-3.30464314
-10.49546344,33.29880226,-2.84387503
-10.91321047,16.95181434,-2.42727442
10.96945350,15.45162819,-2.68464905
-9.95184603,16.29758112,-2.46874699
10.17684331,14.45532266,-2.58180321
3.08200278,12.90519266,-2.72639694
4.20420206,12.66519839,-2.71518408
-2.88929569,14.44040535,-2.18144364
-3.91633640,14.69882800,-2.14353668
-4.86746293,14.89326923,-2.16726038
5.23272498,12.50206925,-2.68277475
2.01886545,13.12924727,-2.69479365
-1.90762930,14.14034228,-2.26836149
6.29915294,12.40774178,-2.62684436
-5.88717756,14.99692598,-2.22921434
9.29893328,13.63264896,-2.52879613
-8.95115854,15.80203346,-2.46658870
-0.94326134,13.85561072,-2.38868899
1.00329030,13.35591822,-2.62270406
7.34871715,12.58159003,-2.57141560
-6.91555567,15.19322854,-2.32442920
0.02089579,13.58177967,-2.51811929
8.39014596,12.92451307,-2.53135423
-7.98289989,15.35263518,-2.41548386
12.17399610,31.24955403,-3.33734433
-11.49931238,32.62590594,-2.87974458
-12.12729895,31.70815197,-2.89858066
12.74869501,30.41910829,-3.42930866
-12.87215021,30.89223094,-2.88522736
13.36648510,29.61349703,-3.51346392
13.72931761,28.69666869,-3.63385663
-13.39790244,30.01961266,-2.87345820
-13.91102355,29.12438836,-2.87095106
14.10831625,27.78960678,-3.74820055
-14.34983830,28.02036596,-2.85715159
14.49408126,26.76145703,-3.80447282
14.89497401,25.72851250,-3.85203524
-14.70488307,26.79187476,-2.88799279
15.25183634,24.65848529,-3.89598277
-14.99013450,25.44787053,-2.94726127
15.63718650,23.57016503,-3.93140661
-15.33442415,24.05287151,-3.01183444
-15.38785124,22.79658145,-3.08089004
15.55489987,22.51995305,-4.02929643
-15.52110754,21.53740797,-3.12743716
15.51028231,21.45617469,-4.11067418
-15.13544224,20.41120518,-3.14568054
14.87080502,20.38564454,-4.15061944
14.34664547,19.27390358,-4.15425688
-14.79819613,19.28987366,-3.15316522
13.61643436,18.55740004,-4.12683964
-14.14851918,18.71039010,-3.20401784
13.00443415,17.80001078,-4.07807372
-13.53815031,18.11782744,-3.25591519
12.34554899,17.15087222,-3.99344342
-12.81170583,17.66793278,-3.30988065
11.76752025,16.48601549,-3.90845887
-12.12292629,17.18753991,-3.35946976
10.94959585,15.56319542,-3.79484993
-11.10804908,16.50433668,-3.42583789
10.17227248,14.66762536,-3.70179681
-10.15034030,15.82937795,-3.46174954
-9.15423746,15.33198685,-3.45759559
9.30973292,13.92482387,-3.63750412
-3.00088476,14.34895571,-3.25593062
-4.06263275,14.56866300,-3.18541018
3.13752844,12.96796140,-3.71331009
4.26623545,12.79882067,-3.68081799
-5.04601830,14.71252208,-3.17818668
5.29850580,12.71102709,-3.64923964
-6.08814730,14.72813645,-3.22986505
6.35884585,12.68025040,-3.62252547
2.05748828,13.12335814,-3.72571852
-1.98612795,14.04971419,-3.37155241
7.39285383,12.89906648,-3.60641493
-7.12274837,14.83202094,-3.31603115
8.40963915,13.25954009,-3.61443145
-8.18093944,14.92466018,-3.41394568
-0.98836605,13.77454133,-3.49920354
1.01674232,13.31268057,-3.69309914
0.00616619,13.51634105,-3.61619798
3.22424895,35.62184536,-3.60916413
2.20875003,35.73937433,-3.58692146
-2.63463875,35.86860388,-3.54982840
-1.66573182,35.90118512,-3.54318064
-0.71483780,35.82035581,-3.56020772
1.20071539,35.73044506,-3.58635348
0.23666308,35.81036470,-3.57817746
-3.65280905,35.92231795,-3.55057985
4.28950887,35.54305512,-3.63755737
-4.70931572,35.82797170,-3.52237843
5.32045421,35.20417583,-3.66924204
6.37711960,34.80295331,-3.72252755
-5.82366072,35.75514789,-3.48569251
7.42018742,34.22061817,-3.80488229
-6.93795541,35.50465178,-3.47042582
-8.07400275,35.08616485,-3.48979388
8.53387085,33.54756916,-3.92005058
-8.89547550,34.64423793,-3.52695267
9.37804814,33.01134437,-4.03362631
-9.78618965,34.14444311,-3.55684489
10.32757478,32.50068824,-4.15522345
-10.64465320,33.41010808,-3.58282443
11.23934266,31.86977101,-4.27521898
-11.65433510,32.72372398,-3.61009016
12.27338334,31.34813447,-4.37981052
12.80588431,30.47011703,-4.48253793
-12.29429476,31.77660879,-3.61267835
-13.03377903,30.91348117,-3.60415497
13.37855431,29.61865509,-4.58772914
13.68026936,28.66201759,-4.69874647
-13.50518510,29.97433125,-3.58730952
13.99772227,27.71956065,-4.80877609
-13.94998102,29.00383661,-3.58260222
-14.31483219,27.86411632,-3.57421751
14.31162435,26.70074464,-4.87546719
14.64158328,25.68293557,-4.94261987
-14.60675755,26.60955525,-3.61607632
-14.84135067,25.25313316,-3.70713937
14.92970424,24.63746510,-5.00704289
-15.14150005,23.86102055,-3.84472026
15.24781905,23.58028377,-5.07120886
-15.20426632,22.62037268,-3.97074616
15.15777779,22.56457621,-5.13674928
-15.34677067,21.39304851,-4.08825861
15.10495716,21.53515365,-5.19729247
-15.01535097,20.26757681,-4.11222294
14.48922737,20.47896416,-5.15170459
13.99729792,19.38517372,-5.10695743
-14.72509576,19.15340359,-4.13128310
-14.12245892,18.54668239,-4.14841766
13.29476219,18.67192086,-5.03595051
12.70794271,17.93775865,-4.97912083
-13.55559637,17.93587429,-4.17526087
12.06778667,17.33183597,-4.90852848
-12.87043344,17.47055947,-4.20066693
-12.21750520,16.98904565,-4.23077084
11.50575298,16.73199992,-4.85608970
-11.21795827,16.32156202,-4.27481449
10.68666949,15.92468124,-4.79187463
-10.26319177,15.68343990,-4.30279949
9.91633784,15.15952719,-4.73496018
-9.26238491,15.24255435,-4.28450731
9.08142656,14.53857396,-4.66706940
8.22197059,13.97294536,-4.61341293
-8.27541817,14.91603318,-4.23108583
4.26736891,13.43016890,-4.58221093
5.27611666,13.41381098,-4.55140587
-4.14857309,14.85997652,-4.03337949
-5.14153315,14.95709732,-3.99727199
3.15319965,13.52668400,-4.63276661
-3.07592313,14.68501283,-4.14225400
6.29346517,13.43473595,-4.55163548
-6.18670480,14.89404933,-4.04232659
7.26945320,13.65686705,-4.56819689
-7.22066020,14.90480454,-4.12356226
2.07005778,13.60892156,-4.68003018
-2.04513006,14.40517265,-4.30377933
-1.02684325,14.16005017,-4.46569384
1.01534406,13.75597547,-4.67226018
-0.01313478,13.92938515,-4.60248114
2.23468109,36.09278499,-4.49434870
1.19472201,36.07028338,-4.49047873
-1.77034221,36.27289903,-4.45920948
-0.78267700,36.17579852,-4.46858876
-2.78110563,36.23946347,-4.46785283
3.28000430,35.98990334,-4.50947909
0.20195168,36.16085502,-4.48442208
-3.84628357,36.28062464,-4.47997017
4.37870033,35.93571089,-4.53303204
-4.94973565,36.14500491,-4.45794820
5.44007145,35.60193503,-4.54189439
-6.09353901,35.99575129,-4.42957804
6.52407585,35.18185483,-4.56984118
7.58585249,34.54155790,-4.62701421
-7.20375472,35.62892762,-4.40530960
-8.31868509,35.09984845,-4.38469586
8.72468650,33.78814584,-4.73110107
-9.10709785,34.60920353,-4.37564558
9.56144612,33.19842667,-4.85013341
-9.98232116,34.09260137,-4.35489777
10.50467645,32.63156576,-5.00438394
11.38722178,31.94346640,-5.15776719
-10.83574254,33.36931267,-4.32321052
12.38720748,31.35873015,-5.33646784
-11.84557600,32.70642332,-4.31787657
-12.48328982,31.76019732,-4.30147763
12.89112788,30.44100763,-5.44857352
-13.19404520,30.87237103,-4.30259252
13.43917089,29.55524670,-5.57708553
13.67835573,28.57186155,-5.65836722
-13.59304301,29.88479969,-4.28547501
-13.95887602,28.85890807,-4.28650327
13.93001198,27.60704126,-5.74712303
14.17128224,26.61104548,-5.80961793
-14.24660696,27.70851357,-4.28891490
14.42916599,25.61982290,-5.88469001
-14.47896041,26.45731408,-4.34764169
14.64129867,24.60817304,-5.95864551
-14.66909636,25.11537936,-4.47033164
14.88546668,23.58983453,-6.04251716
-14.93428604,23.73781507,-4.66520897
14.75350893,22.61478123,-6.08226280
-15.01720943,22.51127610,-4.83749657
14.66501012,21.62809675,-6.13025034
-15.18288708,21.30730964,-5.00326599
14.03891094,20.59874696,-6.03087493
-14.91004181,20.19126555,-5.02357343
-14.67166825,19.09544038,-5.03984539
13.55433328,19.53915418,-5.96732568
-14.11214102,18.47898026,-5.03213496
12.85867935,18.84408385,-5.88159235
-13.58393567,17.86876610,-5.04010131
12.28514387,18.14851047,-5.83298686
11.66362155,17.59494322,-5.77833552
-12.92987144,17.41288328,-5.03920841
11.12332854,17.06490071,-5.75247327
-12.30319672,16.95635485,-5.04987124
10.31794225,16.37391083,-5.72516387
-11.30577577,16.34777861,-5.07061053
9.56913169,15.73499154,-5.69155420
-10.34270485,15.79006092,-5.08415924
-9.32649386,15.44588063,-5.05131883
8.77000828,15.23868586,-5.62923157
-8.31830950,15.22862649,-4.98147717
7.95699627,14.78616297,-5.56098871
-4.20559273,15.43604997,-4.78453763
-5.19807819,15.49677654,-4.72609717
4.22860606,14.28720460,-5.42063153
5.20163147,14.30551946,-5.41565505
-3.13202036,15.30330038,-4.93039820
3.14251466,14.35360116,-5.45237275
-7.26422276,15.30373437,-4.85624951
7.07415956,14.53549871,-5.49297954
6.16440062,14.34355593,-5.44821196
-6.23552640,15.37856220,-4.76872994
-2.09216585,15.05336189,-5.13310393
2.06918620,14.39877244,-5.49702895
-1.05847891,14.84702212,-5.30765784
1.01027234,14.51451168,-5.49350768
-0.02960522,14.65270082,-5.43692041
-0.84976182,36.27779381,-5.39608241
0.17511254,36.27773423,-5.41116904
1.19787508,36.19962903,-5.41561558
-1.88377996,36.37549052,-5.39080521
2.26605486,36.25664286,-5.42433422
-2.94653962,36.33352811,-5.39364502
3.32967850,36.17971750,-5.43268901
4.44392287,36.14937310,-5.45365317
-4.06685662,36.35642913,-5.41213555
5.52029008,35.82429893,-5.44866682
-5.22317213,36.18997305,-5.41152369
-6.39447873,35.98029372,-5.41016329
6.61986380,35.38391198,-5.45367964
7.69203147,34.68317052,-5.47730781
-7.49372030,35.52584326,-5.39025659
8.84786948,33.84446773,-5.55986405
-8.59393281,34.93684740,-5.34198832
9.66840857,33.19879345,-5.67690790
-9.36015279,34.44277170,-5.29494400
10.59650801,32.57350321,-5.85788974
-10.23277494,33.95741806,-5.23465922
-11.08552899,33.28427466,-5.16762738
11.44797993,31.84036255,-6.04202983
-12.08240971,32.67213502,-5.15492550
12.41077010,31.20808743,-6.27910593
12.88326003,30.28079740,-6.38344515
-12.69629324,31.74140633,-5.14752405
-13.34385768,30.83505487,-5.18931793
13.39326325,29.38690660,-6.51057137
13.56082037,28.40655543,-6.53787154
-13.65475611,29.80656736,-5.18608347
-13.93359989,28.73419028,-5.20237172
13.73146028,27.44346333,-6.58155648
13.88181173,26.48479421,-6.62621767
-14.14722015,27.58433169,-5.22970959
14.04257231,25.53105413,-6.69050587
-14.32874347,26.35031203,-5.31055916
14.15803581,24.56303598,-6.74658539
-14.48472993,25.03922332,-5.43962142
-14.71115719,23.69256242,-5.63920482
14.30337217,23.59061808,-6.81677479
14.12914514,22.66836357,-6.84657609
-14.79065274,22.49572969,-5.82057626
-14.94181644,21.33200680,-5.99716602
14.00006848,21.73624771,-6.89223284
13.40138442,20.74636163,-6.81399856
-14.72686750,20.23146726,-6.00358593
12.93770329,19.73490243,-6.77909987
-14.54308118,19.16012009,-6.00457330
-14.03110761,18.54694852,-5.97772101
12.25939585,19.07083560,-6.73000442
11.70219310,18.42948847,-6.71436511
-13.54237356,17.95326908,-5.96860210
11.11415685,17.93965897,-6.67919030
-12.92327020,17.52191137,-5.93617703
10.60860767,17.48755935,-6.66383100
-12.32389508,17.10661567,-5.92019655
9.83722351,16.92876160,-6.64405153
-11.32797807,16.59108445,-5.91439415
-10.35737333,16.14598796,-5.90932604
9.13498371,16.42847032,-6.60120292
8.40397157,16.05792505,-6.50375971
-9.33263391,15.90754412,-5.85864836
7.66308756,15.71922278,-6.38951284
-8.31206148,15.78314070,-5.77637969
6.86447985,15.54612820,-6.28739498
-7.26815681,15.90247986,-5.66131480
6.03098706,15.40264526,-6.21295166
-6.25254979,16.01606159,-5.58495502
-3.15044188,16.04071907,-5.76481583
-4.23408906,16.11823890,-5.62274775
4.20285700,15.34181214,-6.13148135
5.13136429,15.36944440,-6.15462781
-5.22749664,16.14884502,-5.55449250
3.15547434,15.39694797,-6.12850651
-2.08878592,15.86696883,-5.93404255
2.10480067,15.42699618,-6.14935722
-1.03319285,15.74036622,-6.04973334
1.05282069,15.51812444,-6.14562528
0.00968923,15.61177565,-6.11995962
1.23733617,35.95583909,-6.19158578
0.19966829,35.98844719,-6.18306492
-0.85645933,35.94727917,-6.14399525
2.30838619,36.05661002,-6.21152603
-1.92716998,36.01505540,-6.11970172
3.35533944,36.00054972,-6.23656354
-3.03160645,35.94346149,-6.11187284
4.44047570,35.97236812,-6.28318491
-4.19020810,35.92764353,-6.13905447
5.49429135,35.66022468,-6.27947652
-5.37406681,35.73979477,-6.15721118
-6.54560496,35.50736788,-6.18624169
6.58547589,35.22664574,-6.27555350
7.66246477,34.52325928,-6.26951832
-7.62505431,35.06092453,-6.18035665
-8.72526135,34.53831219,-6.13065465
8.83570432,33.66614572,-6.32402108
-9.48904655,34.12393803,-6.07822465
9.64372801,33.01142897,-6.43010149
-10.36906102,33.73706164,-6.01584033
10.54774630,32.37552877,-6.60604872
11.35450910,31.64583073,-6.76903590
-11.21939233,33.16025488,-5.94481038
-12.17479551,32.61356289,-5.94749916
12.24195232,31.00787896,-6.98856201
-12.74334220,31.70959404,-5.96122173
12.67896065,30.10143018,-7.05759613
13.14237453,29.22428746,-7.15433225
-13.30275058,30.79573511,-6.03519455
-13.54882162,29.75405112,-6.04180460
13.27105945,28.26495078,-7.13597578
13.39227267,27.31862844,-7.14110418
-13.76825969,28.66635987,-6.05774404
13.49152163,26.39836068,-7.15292815
-13.94224785,27.53802738,-6.06780370
13.59402954,25.48080343,-7.18830647
-14.09570724,26.33975963,-6.11401227
13.65178816,24.54924517,-7.22357246
-14.22715987,25.07672594,-6.19918545
-14.41311533,23.78691258,-6.34990168
13.73709917,23.61377743,-7.27690190
-14.47851907,22.64143690,-6.50579793
13.55165380,22.73248792,-7.30469679
13.41054220,21.84356895,-7.35438593
-14.61952686,21.52125576,-6.67467491
-13.83154433,18.75627554,-6.57985261
-14.31058251,19.35961588,-6.62849744
-14.44887024,20.42652934,-6.65382396
12.43054368,19.90843326,-7.25039648
12.85764896,20.88329479,-7.28110685
11.78014240,19.27150089,-7.22114067
11.24834302,18.66678491,-7.22038497
-13.37295140,18.17834535,-6.54976217
-12.21522325,17.37351806,-6.44212679
-12.78591057,17.76421444,-6.48611094
-11.23850314,16.92131195,-6.40912182
9.49627803,17.29342625,-7.17065373
10.22952881,17.79255049,-7.17835657
10.69900153,18.20970977,-7.19219406
-10.28316098,16.54412647,-6.38536591
8.83596035,16.85258370,-7.13875945
8.15913711,16.53561326,-7.03978419
-9.27605747,16.35200121,-6.32577329
7.47309797,16.25146034,-6.90902814
-8.26871116,16.25067172,-6.24660315
6.73369530,16.11713915,-6.78249650
-7.24357434,16.35148603,-6.15352073
-6.23800294,16.44315165,-6.09501613
5.95149959,16.00332757,-6.67901535
-5.21407622,16.54900989,-6.06828239
5.09379489,15.97641037,-6.58783811
-4.21045601,16.52278494,-6.12186592
4.19416102,15.94397397,-6.53706955
-3.11115513,16.48513005,-6.24355203
3.17179268,16.00245789,-6.51796977
2.13899042,16.03380396,-6.52957807
-2.03532275,16.36683889,-6.38275282
0.06500657,16.19487519,-6.50473946
1.09939655,16.11830170,-6.51996288
-0.97476251,16.28775169,-6.46186190
-1.89302191,35.31182213,-7.43220350
-0.77609800,35.32883309,-7.48266643
3.45394129,35.50320406,-7.56480896
2.44755069,35.59269639,-7.54572769
1.38214344,35.47787538,-7.53731835
-3.04251005,35.16586781,-7.39918969
0.32476225,35.45908925,-7.55704904
-8.79315696,33.89495821,-7.39963007
-7.68066061,34.26308288,-7.46546979
8.64698146,33.20469371,-7.45740722
7.49833756,33.97734539,-7.46996669
9.42000465,32.62863117,-7.52350697
-9.54367324,33.61820489,-7.32376346
4.47271122,35.40413567,-7.63099605
-4.23327187,35.08314761,-7.44522297
6.47035441,34.62614613,-7.54178265
-6.60448509,34.63283525,-7.48178896
5.44913486,35.05575271,-7.58858987
-5.43490050,34.86053064,-7.44675473
10.27633131,32.08519387,-7.68285402
-10.39021089,33.37331407,-7.24996404
-11.17589163,32.91736015,-7.17128394
11.02149527,31.44112287,-7.84582525
11.84270338,30.89055383,-8.14149186
-12.01935016,32.46064216,-7.24572337
-12.50636559,31.61233304,-7.29414121
12.23409790,30.01684303,-8.16115067
-12.97420354,30.74327214,-7.43692166
12.65399376,29.17302568,-8.24017421
12.73144286,28.21475689,-8.10519894
-13.17739066,29.73458748,-7.40637572
12.80517365,27.27690248,-8.02574701
-13.36957266,28.68470326,-7.36263461
-13.53059624,27.62637161,-7.29848109
12.85776460,26.39149486,-7.98468055
12.98766717,23.73375681,-8.09966538
12.93554425,24.62382143,-8.02377207
-14.12794448,23.01460754,-7.43072185
-14.02298703,24.12760884,-7.35933999
-13.82908287,25.33410248,-7.26844235
12.85084968,22.88971955,-8.11580171
-13.68683805,26.50985869,-7.26338906
12.91551353,25.51332818,-7.99589117
11.82160356,20.18614512,-8.09647472
12.22937613,21.11510684,-8.10453057
-14.02260166,19.74090227,-7.44812811
-14.14388390,20.80898427,-7.48581213
11.22862596,19.55920227,-8.00696778
-13.57410365,19.13655930,-7.33951254
-12.03176041,17.83127657,-7.09362618
-12.58002389,18.18137060,-7.16107163
9.12781614,17.65157665,-7.86209005
9.80335332,18.13134892,-7.89498604
-11.08603421,17.43842096,-7.00698941
10.23987873,18.52707041,-7.91639059
12.76272220,22.03794468,-8.17647113
-14.30277311,21.89538599,-7.52405910
-13.14767410,18.55999520,-7.25244219
10.75341664,18.96425199,-7.96335303
-10.16153124,17.10959720,-6.94863489
8.51726934,17.23576079,-7.82218979
6.56778399,16.61583795,-7.50304945
7.24623253,16.72281706,-7.62770888
-8.19705278,16.86034444,-6.81848948
-9.18250512,16.95470794,-6.88558605
-7.19378183,16.90852828,-6.74748932
7.88528463,16.95893417,-7.73876323
4.16568807,16.51629622,-7.23543250
5.03086767,16.52798623,-7.29335940
-3.01153155,16.93589414,-6.92725607
-4.12735964,16.95879773,-6.80790737
3.17487901,16.57544436,-7.19180517
-5.15446709,16.99602044,-6.72641588
5.84210348,16.52567954,-7.38817608
-6.19219825,16.93752557,-6.71410338
-1.93263494,16.85689285,-7.05637743
2.16682145,16.60370914,-7.18600590
-0.87917049,16.83542204,-7.13558628
1.15243073,16.70461119,-7.18110688
0.14321296,16.78555964,-7.18777651
0.19514617,33.24999318,0.65165784
1.09710107,33.19960813,0.50898322
-0.72784369,33.16489353,0.72329529
-1.64389241,33.15033304,0.79842509
2.02604039,33.20093590,0.41681416
2.99599742,33.24252368,0.38190862
-2.56108407,33.21541957,0.85841942
4.01149274,33.31021231,0.39766329
-3.49001340,33.35743646,0.88575092
-4.35966432,33.19014613,0.77649348
4.93084199,33.00243989,0.38027297
-5.25431034,33.05559012,0.62927068
5.87642919,32.68395152,0.39103961
6.84447889,32.34124563,0.42065916
-6.21143864,32.90484910,0.45838062
-7.26557414,32.69459717,0.33835427
7.84071434,31.97685365,0.46773732
8.58749032,31.57253215,0.42466849
-8.10674572,32.39424840,0.21183237
9.38518809,31.17799135,0.39619506
-9.02707559,32.06050068,0.25992475
-10.03628793,31.73497327,0.51902971
10.26309970,30.81184342,0.38644681
-11.16112313,31.48006499,0.89353796
11.26181367,30.49576790,0.41484151
11.61888127,29.67714379,0.32744613
-11.56255444,30.77591974,0.85731053
12.01839398,28.88192328,0.24471382
-12.00114739,30.12056492,0.82674992
-12.47280114,29.49688421,0.78874496
12.46476217,28.10540037,0.16662237
12.96139371,27.34258203,0.09282997
-12.96544496,28.87644051,0.72611207
13.44744340,26.34527499,0.18162457
-13.41708199,27.99023001,0.77848319
-13.85268958,26.99745250,0.76837347
13.97966244,25.33752925,0.27655319
-14.30305228,25.85731305,0.73652520
14.55891071,24.30458455,0.38003994
15.18571161,23.23471934,0.48862302
-14.84805498,24.54040436,0.78904181
14.82703848,22.35313796,0.37833145
-14.58067340,23.43820568,0.73457730
14.51337643,21.46118753,0.29406361
-14.38360616,22.28986617,0.76914332
14.25693374,20.53470182,0.25207759
-14.26612056,21.09735832,0.87102017
-14.23229115,19.87044541,0.99156550
14.06607436,19.55167633,0.27084361
-13.42469534,19.49357261,0.91872639
13.28306643,19.05942832,0.19716652
-12.68416808,19.10379282,0.83708148
12.57576922,18.47398201,0.14050398
11.91657235,17.81369589,0.10762304
-11.99999116,18.69195757,0.74885811
-11.36124347,18.25340304,0.65671368
11.28394919,17.10709061,0.10716648
10.26505192,16.26357361,0.05669881
-10.33865345,17.85154541,0.42579987
9.30285434,15.46676119,0.02470704
-9.37830592,17.37817280,0.24089044
8.42177045,14.74760818,-0.01408305
-8.46578627,16.84139865,0.14297597
-3.70118196,15.31386058,0.47315019
-4.57771955,15.59973153,0.37058155
4.00367950,13.67417222,-0.26928220
4.88779869,13.67894434,-0.28054258
-2.71623005,15.11325147,0.44920828
2.98211462,13.84372384,-0.28888493
-1.77436856,14.89724751,0.37443612
1.98772283,14.03984188,-0.21937404
1.02209575,14.24838787,-0.08673610
-0.84903351,14.67912234,0.24549038
0.07931057,14.46741897,0.06960867
5.78066706,13.73934315,-0.24186840
-5.51516392,15.85530471,0.25401726
-7.59515354,16.25250601,0.13748960
7.61735654,14.10504394,-0.06561616
6.68416985,13.87754252,-0.16562129
-6.52222966,16.07317227,0.16056506
4.95044694,16.74876275,-8.04843209
5.72448892,16.78451958,-8.09502263
6.43851207,16.82033455,-8.17625010
-6.10208089,17.29041121,-7.45041757
-7.13637864,17.28413870,-7.42018220
-5.06726957,17.23456063,-7.54465665
-8.16144622,17.24381309,-7.43850106
7.10950728,16.87278243,-8.27704162
4.11771725,16.69992035,-8.03921520
-4.04293844,17.12778624,-7.68890478
-9.11709842,17.40332697,-7.46592841
7.72030578,17.12555120,-8.38098399
-2.90508387,17.18652276,-7.80009739
3.14381728,16.84254090,-8.00267469
8.32657171,17.42166031,-8.49089178
-10.06036534,17.60026560,-7.50793205
2.15476680,16.94935920,-7.98475821
-1.82704284,17.19871640,-7.89119721
8.95932447,17.77731431,-8.61147117
-11.00330553,17.84779569,-7.57194403
1.17090193,17.02661453,-7.98728279
-0.80183699,17.16180194,-7.95466059
9.66802244,18.21178298,-8.79199518
-11.96904462,18.14666988,-7.67422368
-12.43043554,18.56684357,-7.74481251
10.04635356,18.67791318,-8.90019490
0.19045896,17.07681923,-8.00158394
-12.90655922,19.01129209,-7.83236588
10.49266453,19.18066572,-9.04603252
-13.40422498,19.48114174,-7.93805530
11.03664524,19.72706818,-9.23085965
-13.93352745,19.97527841,-8.06115827
11.70280171,20.31593840,-9.42796313
11.84605612,21.22173602,-9.36341150
-13.86561584,21.08129673,-8.08693752
-13.84151327,22.18555461,-8.10072735
12.06662326,22.11648254,-9.30152573
-13.86629247,23.28064592,-8.12507282
12.36474592,22.99646649,-9.26932256
-13.93854080,24.35909606,-8.18445481
12.72645864,23.86246546,-9.29348890
-13.72655529,25.53883808,-8.17432820
12.64239942,24.73944780,-9.15854903
12.59970886,25.61642085,-9.07862276
-13.56624987,26.66503807,-8.22708651
12.58704411,26.49907766,-9.06699070
-13.42742171,27.73452389,-8.31647474
12.59083412,27.39461927,-9.12366204
-13.29257714,28.75316027,-8.40426456
-12.97986325,29.72905680,-8.36700868
12.35483746,28.27848808,-9.08406972
12.14352355,29.18404921,-9.10386413
-12.65776185,30.66161857,-8.30584879
8.68730650,33.06513269,-8.60146468
7.53911994,33.68939476,-8.60687321
9.33631952,32.49067888,-8.62152666
-9.56675041,33.38335554,-8.15645297
-8.89470535,33.74021144,-8.24041831
-7.71877118,33.98134799,-8.28994008
-10.31141540,33.05344209,-8.08752801
10.06577990,31.94465458,-8.73957348
10.88206345,31.46487273,-8.96487542
-11.13252909,32.74948185,-8.08946137
-12.32989406,31.56647849,-8.24938877
11.95127739,30.11563773,-9.17060858
11.77250457,31.07645265,-9.26138843
-12.00887398,32.46082166,-8.23828387
-6.58642202,34.25025804,-8.32402208
6.51807443,34.25404371,-8.67720278
5.56065162,34.76065381,-8.75131200
-5.42776600,34.53542972,-8.37015278
-4.23460409,34.86081902,-8.46728863
4.63003716,35.23490635,-8.82778233
3.56733606,35.25878732,-8.71683069
2.51413932,35.26538637,-8.66672400
-3.02277791,34.85599299,-8.44775673
-1.85375181,34.93772294,-8.48962140
-0.71617823,35.12356896,-8.58133292
1.46446620,35.30706605,-8.67045693
0.41341350,35.42252388,-8.70457118
