1.02566766,15.63499897,0.31827759
-0.37930715,15.57342902,0.27870610
1.03691425,15.56998278,0.47045684
-0.37424492,15.50782344,0.43168268
-1.76254697,15.56005039,0.25800392
-1.76337889,15.49393427,0.41205170
-3.12230735,15.58330148,0.25747265
-3.12854424,15.51715408,0.41276307
-4.45621436,15.63878401,0.28468691
-4.46734099,15.57618487,0.44239724
-5.77690015,32.99983419,2.00817536
-4.64222642,32.97980793,2.13937086
-5.78234562,32.99982037,2.17155938
-4.64521667,32.98176778,2.30458434
-3.51951820,33.00091515,2.24891517
-3.51917434,33.00406772,2.41634690
-2.39735468,33.06902558,2.33002792
-2.39345018,33.07398121,2.50001886
-1.25647117,33.18335172,2.38245739
-1.24926744,33.19218972,2.55352350
-5.56498485,15.84421452,0.35565146
-5.58069285,15.78597502,0.51555677
-6.64187665,16.10628054,0.45677588
-6.66191149,16.05542089,0.61837449
-7.69913346,16.39513431,0.55324129
-7.72321148,16.35285283,0.71560735
-8.74361923,16.66589736,0.60171451
-8.77088033,16.63225498,0.76329850
-10.03390020,32.05479318,1.49574089
-8.94374888,32.26569309,1.59515176
-10.04433093,32.04504542,1.65683960
-8.95337769,32.25789503,1.75666055
-7.86662135,32.48168495,1.71685832
-7.87499643,32.47588136,1.87869866
-6.81161681,32.72273147,1.85855087
-6.81836477,32.71910678,2.02059742
-9.65158610,17.14601548,0.66220683
-9.68057350,17.11913629,0.82166272
-10.56249246,17.58197201,0.65059635
-10.59197843,17.56115686,0.80630672
-11.47674607,18.01318935,0.58795925
-11.50789897,17.99696354,0.73782478
-12.41299781,18.47791029,0.48118694
-12.44658323,18.46536782,0.62332386
-13.03282316,18.94015417,0.40715611
-13.06310128,18.93092458,0.54456916
-13.71637184,19.40218681,0.32830716
-13.74174092,19.39608857,0.46092764
-14.46311656,19.85854110,0.25247638
-14.48252740,19.85604027,0.38298761
-15.24257756,20.32178374,0.17893936
-15.25618918,20.32271401,0.31032996
-13.63114419,31.07098393,0.94625484
-12.66897054,31.32199858,1.09542221
-13.63679208,31.04690531,1.09942763
-12.67564913,31.30132180,1.25090980
-11.74507939,31.55523644,1.23336670
-11.75327572,31.53775736,1.39069604
-10.86479036,31.79512242,1.36751437
-10.87381244,31.78086823,1.52706525
-15.50645884,21.25422411,0.25872527
-15.52348481,21.25026608,0.38962402
-15.80711575,22.22370478,0.30457645
-15.82767576,22.21446112,0.43590845
-16.14002052,23.22343100,0.30815714
-16.16542052,23.20885111,0.44020756
-16.52329440,24.23559066,0.26574980
-16.55163011,24.21683302,0.39850888
-16.06972959,25.28585295,0.41235059
-16.09283105,25.26228264,0.54725609
-15.70112515,26.32037246,0.49950337
-15.72016969,26.29461423,0.63613866
-15.38097716,27.33391629,0.53664205
-15.39943439,27.30918675,0.67431661
-15.05873399,28.31395563,0.53932111
-15.07890492,28.29287952,0.67863696
-14.66640427,29.01354899,0.64902179
-14.68483509,28.99238338,0.79141133
-14.27653997,29.68949083,0.75063369
-14.29233364,29.66791371,0.89628372
-13.92480018,30.37019220,0.84924147
-13.93576578,30.34747161,0.99825031
1.01206978,15.72218627,0.17578018
-0.39204318,15.68051834,0.14961836
-1.77375557,15.66947476,0.12966810
-3.13038664,15.68577244,0.12479749
-4.46356698,15.72768752,0.14555809
-5.77337814,33.01026701,1.82776739
-4.64318677,32.98802245,1.96003797
-3.52336026,33.01019886,2.06782580
-2.40183514,33.07771178,2.14607961
-1.26504976,33.18853793,2.19694439
-5.55669163,15.94297681,0.21682687
-6.62837020,16.18262218,0.30316541
-7.67943197,16.44354279,0.38490761
-8.71220825,16.72350101,0.44374127
-10.02713618,32.06903645,1.32356455
-8.93029628,32.27259252,1.43220634
-7.85922088,32.49134868,1.55153693
-6.80754079,32.73433011,1.68451444
-9.62696186,17.16342627,0.49833836
-10.53272197,17.61532383,0.49370117
-11.44303770,18.07525211,0.43124360
-12.38228293,18.54345902,0.33033298
-13.00149589,18.98375451,0.27081487
-13.65746270,19.43374067,0.21116417
-14.35626134,19.89722626,0.15083475
-15.10002514,20.37779836,0.08227533
-13.56100355,31.04056774,0.79581030
-12.62282363,31.30382240,0.93704940
-11.72561506,31.55983052,1.06927462
-10.86263031,31.81353928,1.19662647
-15.41880192,21.28890846,0.14530854
-15.75082122,22.24708950,0.18606432
-16.08522521,23.24616057,0.18936805
-16.43232150,24.26680027,0.15596961
-16.00398361,25.31071582,0.28629174
-15.61945425,26.33893610,0.37590949
-15.27295285,27.33592573,0.41681898
-14.95412887,28.29760506,0.41568139
-14.57998973,29.00101443,0.52035326
-14.22371593,29.69035337,0.61412130
-13.88472508,30.36934935,0.70431217
2.46514015,15.64470141,0.53299882
2.44803606,15.70885424,0.38066829
3.89303991,15.75959434,0.61463572
3.87081029,15.82346575,0.46090083
5.30989509,15.90795587,0.71726463
5.28343646,15.97016358,0.56091407
6.69537890,16.09765168,0.84546616
6.66567090,16.15619204,0.68496664
3.74534754,33.41724713,2.46977747
2.43567059,33.32181263,2.47574227
3.72636910,33.38527983,2.31379224
2.41969178,33.29542153,2.31444618
1.16635570,33.24828941,2.49994859
1.15319874,33.22868189,2.33343108
-0.05923377,33.20367889,2.53182368
-0.06950996,33.19046751,2.36181909
7.80061885,16.42749217,0.98988570
7.76815396,16.48137526,0.82537989
8.85359197,16.82947698,1.14959078
8.81884642,16.87725454,0.98143057
9.88058785,17.27722460,1.29401486
9.84366898,17.31847114,1.12379920
10.90425752,17.73062617,1.39155412
10.86555679,17.76556720,1.22136090
9.05024108,32.80925180,2.32720198
7.72332751,32.89608194,2.36971061
9.01474328,32.76797187,2.18273342
7.69304485,32.85839496,2.22333806
6.38878387,33.02299915,2.40574567
6.36307751,32.98793741,2.25715257
5.05970422,33.19841375,2.43635064
5.03789876,33.16534428,2.28460356
11.76337359,18.37502526,1.49239424
11.72496727,18.40401951,1.32200879
12.65651876,18.99821351,1.53952690
12.61838426,19.02289434,1.36950588
13.57789808,19.63831568,1.54245759
13.53601386,19.65994036,1.37421090
14.52561274,20.33667676,1.49084689
14.47664444,20.35527597,1.32614457
15.11477888,20.96212741,1.43500763
15.06503837,20.97690106,1.27308741
15.74232324,21.60463937,1.36418033
15.69180005,21.61512281,1.20546978
16.40056873,22.24457996,1.29294399
16.35005356,22.25026347,1.13775355
17.05805132,22.87390261,1.22748061
17.00766483,22.87535762,1.07498366
13.18322191,32.28737877,1.91681666
12.14390470,32.41659360,2.02410086
13.13008385,32.24691691,1.77709934
12.09566140,32.37569947,1.88459563
11.10106415,32.52592980,2.12535268
11.05795317,32.48535000,1.98533682
10.06566749,32.64982946,2.22761665
10.02682930,32.60947761,2.08598843
17.09268238,23.81010998,1.25839553
17.03997359,23.80737345,1.11118927
17.16445012,24.74037297,1.28100860
17.10911252,24.73227998,1.13913070
17.29230041,25.65706654,1.30683765
17.23225477,25.64274314,1.16895552
17.48613423,26.56204395,1.33117992
17.41850819,26.54018704,1.19548260
16.87409609,27.35202748,1.44692668
16.81025839,27.32587592,1.31077033
16.32497642,28.15547563,1.52921423
16.26183638,28.12546573,1.39219301
15.79801134,28.97460107,1.57630937
15.73196489,28.94002919,1.43841747
15.24812622,29.79301440,1.58742925
15.17936146,29.75287869,1.44903263
14.71909438,30.40901907,1.68498663
14.65244461,30.36806234,1.54561597
14.18222339,31.01431634,1.76606245
14.11887207,30.97312041,1.62674484
13.66466611,31.63561707,1.84028583
13.60592434,31.59486350,1.70063000
2.42938048,15.81579969,0.25240126
3.85084335,15.93112092,0.33402440
5.26287143,16.06933658,0.42808453
6.64869871,16.24031218,0.54343785
3.70573860,33.36094708,2.14313241
2.40524953,33.27707469,2.14025462
1.14092367,33.22022850,2.15458589
-0.08191336,33.18991069,2.17922150
7.73397779,16.57328114,0.67909307
8.78503177,16.94781336,0.81753697
9.80998361,17.36385661,0.94508777
10.81877223,17.81999243,1.05055606
8.97890192,32.72835352,2.02946281
7.65722652,32.81852629,2.07507381
6.33581651,32.95538657,2.10420390
5.01541101,33.13803079,2.12242491
11.69313270,18.42352758,1.14549281
12.57769855,19.05733748,1.19419520
13.48456361,19.72283626,1.19381227
14.42126480,20.42392885,1.14872703
15.00688028,21.02168638,1.10927919
15.60278134,21.63816361,1.05982808
16.20686086,22.26765226,1.00448276
16.81965131,22.90074534,0.94435446
13.02692819,32.14572721,1.63782384
12.01609209,32.29132165,1.74015025
11.00357491,32.42945386,1.83797739
9.99102571,32.57109719,1.93420002
16.91194395,23.81628168,0.97253688
17.01793800,24.72782544,1.00498573
17.14394138,25.62907698,1.03972673
17.29040987,26.51824781,1.07338582
16.70514390,27.29328390,1.17654862
16.14143238,28.07910891,1.25894741
15.58939413,28.87255562,1.30822221
15.04371534,29.66980193,1.31882631
14.53264027,30.29054176,1.41481888
14.02652170,30.91139316,1.49224793
13.52512300,31.53017602,1.56292318
-2.41269676,32.98433930,1.18644464
-1.27105047,33.07386002,1.22815831
-2.41804641,32.98316397,0.49369829
-1.26534202,33.05728400,0.53217631
-0.08242280,33.04971108,1.22319401
-0.06741032,33.01299693,0.53811556
-3.53970925,32.93076820,1.12571080
-3.55742171,32.94068165,0.44316504
1.14603330,33.04866404,1.22603372
1.16719147,32.99101503,0.55969206
-4.66584002,32.91758883,1.03818060
-4.69659477,32.93528155,0.36913200
2.41415058,33.07412188,1.24540934
2.43829218,32.99676980,0.59967268
-5.80398132,32.94574396,0.92408397
-5.84842803,32.96892184,0.26896278
3.71566222,33.12924826,1.28007719
3.74005156,33.03436933,0.65242917
-6.84782593,32.67116326,0.79896400
-6.90524924,32.69004849,0.15706837
5.02405702,32.89001465,1.28849337
5.04569526,32.78149497,0.67827506
-7.91026949,32.42771657,0.68058048
-7.98055679,32.44122681,0.05097335
6.34015235,32.69337221,1.29329796
6.35774852,32.57249898,0.69878808
-8.99343064,32.20774020,0.57470895
-9.07688782,32.21510837,-0.04349714
7.65339494,32.54184589,1.28422422
7.66553198,32.40730122,0.70386857
-10.10422719,32.00259571,0.47893687
-10.20143374,32.00338593,-0.12811704
8.96342351,32.43487817,1.25753069
8.96883762,32.28506302,0.69110279
-10.95363465,31.74890186,0.37383188
-11.06147751,31.74423822,-0.21704461
9.96672868,32.27332207,1.18609830
9.96719159,32.11622751,0.63610855
-11.83065786,31.49618342,0.26957297
-11.94905924,31.48558143,-0.30424598
10.96973141,32.12669533,1.11079532
10.96488017,31.96251372,0.57482939
-12.74293766,31.24043722,0.16195595
-12.87202300,31.22415479,-0.39340997
11.97183700,31.98412402,1.03062630
11.96122156,31.81371595,0.50628973
-13.69751648,30.97699423,0.04653846
-13.83799953,30.95570501,-0.48933233
12.97128750,31.83460923,0.94210866
12.95516016,31.65974425,0.42764783
-14.02835762,30.30843610,-0.01199711
-14.17136050,30.27993528,-0.52779816
13.47031618,31.23832913,0.88610167
13.45326268,31.06914665,0.38492325
-14.37203617,29.63113385,-0.07096081
-14.51644853,29.59743087,-0.56680905
13.97315970,30.63569544,0.83294831
13.95608908,30.47092302,0.34426074
-14.73094241,28.94293266,-0.13661932
-14.87563425,28.90506236,-0.61375234
14.48182945,30.02865474,0.77211752
14.46573473,29.86831693,0.29630226
-15.10754709,28.23942899,-0.21694369
-15.25156400,28.19856382,-0.67789466
14.99683156,29.42131510,0.69389423
14.98270680,29.26606182,0.23143943
-15.42128377,27.27682776,-0.21015053
-15.56155127,27.23508484,-0.66864442
15.54434782,28.63238900,0.68872381
15.53015185,28.47813547,0.23024989
-15.76271068,26.27476525,-0.24575289
-15.90015124,26.23055006,-0.70098243
16.10102145,27.85060888,0.64588278
16.08897208,27.70030435,0.19124138
-16.14290850,25.23381042,-0.32985227
-16.27798178,25.18221357,-0.77996769
16.67149733,27.07938170,0.56918050
16.66332084,26.93569264,0.11770214
-16.57009504,24.16920886,-0.45249281
-16.70427096,24.10429033,-0.89543705
17.26279712,26.32059749,0.46850073
17.25834130,26.18473291,0.01799676
-16.20760886,23.12854810,-0.39737128
-16.32989094,23.05078951,-0.82749389
17.12891034,25.45153845,0.44634029
17.13056289,25.32625641,0.00341855
-15.86877658,22.11132378,-0.37541279
-15.98546235,22.01965977,-0.78795295
17.01218291,24.56737873,0.41735831
17.01870818,24.45100600,-0.02179020
-15.53845573,21.14084152,-0.39329113
-15.65510818,21.03923302,-0.78927211
16.91396371,23.67132728,0.38506848
16.92533830,23.56270146,-0.05461266
-15.22303998,20.22180431,-0.43952250
-15.34045484,20.11406175,-0.82336986
16.82923535,22.77054400,0.35217587
16.84602675,22.66967123,-0.09155972
-14.46511637,19.74561355,-0.36241065
-14.57162267,19.64120907,-0.74040048
16.22595286,22.14778029,0.40941831
16.24982246,22.05368435,-0.03658712
-13.75091903,19.28639527,-0.30075643
-13.84552664,19.18508280,-0.67781124
15.62892381,21.52739541,0.45931429
15.65892084,21.43952125,0.00831098
-13.07892521,18.83996917,-0.24656119
-13.16164442,18.74149160,-0.62738688
15.03777792,20.91924112,0.50284487
15.07252688,20.83680764,0.04534807
-12.44469016,18.40273874,-0.19781808
-12.51585262,18.30662399,-0.58611400
14.45482100,20.32969208,0.53614431
14.49301729,20.25198323,0.07219617
-11.48425711,17.94513616,-0.11423816
-11.53761392,17.85534834,-0.51670484
13.51868395,19.63744891,0.57493352
13.55866866,19.56580358,0.10271330
-0.39750957,15.60422271,-0.47847316
1.00915175,15.64065781,-0.45046369
-0.40663904,15.53469162,-0.96350355
1.00369311,15.56695614,-0.93348991
-10.55794411,17.49740079,-0.06914475
-10.59650534,17.41411052,-0.48529438
2.43057525,15.73444292,-0.37411154
2.42981184,15.66046812,-0.85638847
12.60903534,18.98049417,0.57140093
12.64765866,18.91415288,0.09328601
-1.78012436,15.60157118,-0.49666635
-1.79159736,15.53919792,-0.97916751
-9.64196248,17.05845661,-0.07792942
-9.67067965,16.98321090,-0.50461497
3.85669158,15.85301963,-0.29047531
3.86114856,15.78101799,-0.77006624
11.71931350,18.35379674,0.52217842
11.75461644,18.29206817,0.04105545
-3.13653253,15.62682531,-0.49623960
-3.14942675,15.57294618,-0.97179564
-8.72197343,16.63180853,-0.14141420
-8.74480665,16.56458797,-0.57553812
5.27306875,15.99600120,-0.19300309
5.28275181,15.92753623,-0.66880885
10.83944317,17.75555964,0.42958965
10.87012655,17.69704225,-0.05077569
-4.46924541,15.67319542,-0.46844078
-4.48329392,15.62501559,-0.93447052
-7.68514909,16.36719636,-0.20917044
-7.70317846,16.30995464,-0.65138538
6.66204675,16.17203632,-0.07478155
6.67658760,16.10715715,-0.54792910
9.82762715,17.30053132,0.32580847
9.85353617,17.24309239,-0.15200758
-5.56099562,15.88621606,-0.39222264
-5.57532013,15.83969835,-0.85071530
-6.63250301,16.11819371,-0.29903123
-6.64788759,16.06817627,-0.74954278
7.74898516,16.50794124,0.06115941
7.76722491,16.44709292,-0.41242305
8.80111410,16.88405190,0.19923838
8.82294741,16.82580441,-0.27591401
-2.42319483,33.06293882,-0.37748051
-1.25006529,33.11840709,-0.33811957
-0.03611114,33.04857632,-0.31885869
-3.58557583,33.03474712,-0.42165087
1.20869704,33.00265119,-0.27989108
-4.74890098,33.03959203,-0.48324416
2.48513515,32.98684876,-0.22336674
-5.92519859,33.08099559,-0.56731462
3.78847804,33.00584289,-0.15800381
-7.00293010,32.78900893,-0.66291540
5.09001498,32.73068427,-0.11667352
-8.09849870,32.52644677,-0.75178759
6.39722788,32.50146146,-0.07944250
-9.21554441,32.28632382,-0.82896932
7.69998048,32.31471379,-0.05586869
-10.36109731,32.06058732,-0.89608133
8.99852087,32.17036200,-0.04953145
-11.23613566,31.78686185,-0.96310934
9.99294803,31.98746587,-0.08221062
-12.13832503,31.51452109,-1.02733651
10.98633307,31.82129176,-0.12407420
-13.07612060,31.24024889,-1.09215284
11.97863388,31.66217745,-0.17645890
-14.05725320,30.96041930,-1.16224166
12.96977568,31.50090236,-0.24149112
-14.39210178,30.26439595,-1.18039232
13.46463987,30.90765075,-0.26724071
-14.73767592,29.56695205,-1.19773495
13.96594234,30.30724194,-0.29154248
-15.09572479,28.86304834,-1.22336787
14.47516768,29.70373513,-0.32298704
-15.46858200,28.14814565,-1.26729257
14.99341003,29.10254656,-0.37031973
-15.77453331,27.18039720,-1.25585742
15.53926237,28.31057458,-0.36772060
-16.11001716,26.17411656,-1.28417497
16.09950177,27.53270090,-0.40249843
-16.48492735,25.11936483,-1.35544232
16.67792517,26.77164612,-0.47375303
-16.90919284,24.02835519,-1.45981524
17.27688931,26.02519176,-0.57454111
-16.51969503,22.96169462,-1.38030038
17.15239206,25.17411078,-0.58096436
-16.16710720,21.91369795,-1.32213226
17.04358880,24.30503410,-0.60201172
-15.83530327,20.91923844,-1.30340529
16.95496940,23.42230559,-0.63598770
-15.52026542,19.98489160,-1.32336688
16.88188781,22.53466096,-0.67827917
-14.73713932,19.51613172,-1.23359663
16.29407110,21.92568814,-0.62599265
-13.99584546,19.06445075,-1.16959323
15.71171237,21.31763718,-0.58690349
-13.29665038,18.62523806,-1.12383820
15.13361961,20.71921007,-0.55919830
-12.63564988,18.19419584,-1.09223295
14.56143478,20.13686773,-0.54338919
-11.63293961,17.75183900,-1.03975804
13.63177770,19.45575767,-0.52676358
-0.42379097,15.44439617,-1.62118059
0.99329851,15.47076838,-1.58787539
-10.67044618,17.31885567,-1.02617900
2.42734226,15.56171230,-1.50790474
12.72061168,18.80927592,-0.54761850
-1.81379541,15.45898936,-1.63240675
-9.72909569,16.89676731,-1.06005497
3.86748497,15.68270760,-1.41588680
11.82352228,18.19205481,-0.60662848
-3.17536150,15.50487057,-1.61270473
-8.79295673,16.48716801,-1.14245514
5.29852289,15.83126309,-1.30849999
10.93245568,17.60107027,-0.69922521
-4.51252966,15.56568357,-1.55794210
-7.74294626,16.24447632,-1.23094531
6.70263935,16.01248409,-1.18400024
9.90664909,17.15120507,-0.79760462
-5.60676030,15.78532848,-1.45857887
-6.68236374,16.01095136,-1.34316604
7.80215811,16.35612041,-1.05013981
8.86688983,16.73553479,-0.91750076
-2.43231954,33.29560812,-1.45211956
-1.22641488,33.33560702,-1.40779006
0.01362388,33.23773446,-1.37533924
-3.63143073,33.28057672,-1.49587658
1.27672330,33.16727846,-1.32610194
-4.83332752,33.29519267,-1.54846015
2.56510723,33.13041651,-1.26483504
-6.04807257,33.34327127,-1.61460190
3.87584205,33.13141294,-1.20011121
-7.15594579,33.02344731,-1.69092747
5.17474430,32.81974675,-1.15123995
-8.28001347,32.73294649,-1.75701038
6.47906258,32.55653106,-1.09902861
-9.42564491,32.46571141,-1.80979754
7.78110182,32.33628191,-1.05306992
-10.60032659,32.21427922,-1.85095028
9.08066201,32.16029273,-1.02087727
-11.49455843,31.91374596,-1.88887180
10.07404225,31.95227222,-1.02255337
-12.41716102,31.61694939,-1.92226289
11.06626150,31.76387140,-1.03638868
-13.37608786,31.32071554,-1.95476795
12.05876628,31.58725413,-1.06472967
-14.37916771,31.02154335,-1.99088581
13.05377166,31.41484608,-1.10977058
-14.71443641,30.28269753,-1.99293430
13.54032429,30.79783483,-1.10974940
-15.06036850,29.55204718,-1.98966379
14.03591833,30.18047165,-1.11189265
-15.41588091,28.82302431,-1.99232973
14.54159870,29.56571788,-1.12300400
-15.78289676,28.08972302,-2.01177672
15.05811196,28.95697869,-1.14986220
-16.08388746,27.10827396,-1.99637717
15.59944432,28.15157543,-1.14449739
-16.41501161,26.09707377,-2.01863410
16.15960672,27.36605297,-1.17722094
-16.78614542,25.04036757,-2.07867239
16.74081617,26.60114877,-1.24871053
-17.20685048,23.93984810,-2.16765095
17.34293057,25.85146288,-1.35292763
-16.79871739,22.86487405,-2.08158042
17.21581926,24.99939855,-1.35366672
-16.43440274,21.80021794,-2.00802044
17.10616442,24.12981888,-1.37215508
-16.09936716,20.78831818,-1.96926473
17.01957648,23.24608458,-1.40801456
-15.78368584,19.83908329,-1.97446587
16.95332055,22.35681665,-1.45722608
-14.98426058,19.37539962,-1.87800016
16.37447711,21.75269627,-1.40742887
-14.22494537,18.93005824,-1.81329474
15.80305244,21.14833442,-1.37428765
-13.50659609,18.49781834,-1.77355777
15.23746556,20.55028683,-1.35707112
-12.82553471,18.07357137,-1.75363860
14.67804597,19.96517607,-1.35576799
-11.79047493,17.64535336,-1.72064352
13.75918426,19.28326111,-1.35991506
-0.45092727,15.35536401,-2.51581919
0.97729354,15.36874037,-2.47562365
-10.79850522,17.22711051,-1.72786987
2.42365720,15.44988537,-2.38936798
12.85168522,18.63745580,-1.39974895
-1.85014189,15.38809437,-2.52088543
-9.83380609,16.82026399,-1.78103930
3.87760203,15.56484487,-2.28690064
11.95115317,18.02354060,-1.47139946
-3.21935411,15.45364198,-2.48122829
-8.88045272,16.42524148,-1.88117758
5.32471531,15.70857441,-2.16937025
11.05104555,17.43801126,-1.56838124
-4.56340559,15.52898356,-2.39699265
-7.81602470,16.19977525,-1.99057556
6.74842507,15.88359233,-2.03964421
10.00810922,17.00051106,-1.66532997
-5.66326804,15.75653672,-2.26836042
-6.74559239,15.97836328,-2.12628404
7.86622721,16.22367236,-1.90825941
8.94980495,16.59550303,-1.78031296
-2.45571296,33.73621735,-2.78242002
-1.20347553,33.77444007,-2.73874371
0.07603297,33.65654738,-2.69901046
-3.70519023,33.72377281,-2.82413694
1.37070772,33.56933581,-2.65159154
-4.95961623,33.73975443,-2.86648629
2.68425213,33.51885181,-2.60118789
-6.22677508,33.78690895,-2.90914697
4.01606095,33.50986804,-2.55168593
-7.37728801,33.42947728,-2.95587518
5.32079486,33.14754399,-2.49707657
-8.54190273,33.10181643,-2.98817932
6.63095097,32.83792648,-2.42946203
-9.72730364,32.79849964,-3.00520621
7.94226198,32.57562477,-2.35773732
-10.94120660,32.51260224,-3.00751933
9.25338152,32.36034657,-2.29420979
-11.86005354,32.17298528,-3.00780949
10.25118219,32.11131671,-2.25571066
-12.80817304,31.83986018,-3.00298223
11.24867160,31.88656846,-2.23180685
-13.79371131,31.51075960,-2.99651754
12.24917435,31.68072709,-2.22618191
-14.82430725,31.18252822,-2.99250200
13.25842617,31.48879786,-2.24193346
-15.15320001,30.37433373,-2.98495869
13.73090744,30.81863008,-2.20496380
-15.49782246,29.58453443,-2.96599929
14.21577562,30.16018647,-2.17461944
-15.85140910,28.80658897,-2.94605252
14.71293096,29.51310463,-2.15623773
-16.21086712,28.03580106,-2.93622384
15.22309643,28.87958899,-2.15567292
-16.50662101,27.02232463,-2.91531674
15.75487488,28.04449384,-2.15001187
-16.82955559,25.99319986,-2.92592994
16.30906642,27.23608197,-2.18499175
-17.19332703,24.93193402,-2.96936065
16.88725108,26.45164995,-2.26025002
-17.60797648,23.83180825,-3.04016664
17.48709364,25.68387579,-2.37062580
-17.17865724,22.76298673,-2.95674648
17.34569447,24.81539041,-2.37114974
-16.79760088,21.69145405,-2.87656291
17.22814835,23.93333018,-2.39339213
-16.45488686,20.66337453,-2.82498000
17.13872025,23.03773513,-2.43552030
-16.13791180,19.69399722,-2.81934532
17.07875624,22.13246575,-2.49354758
-15.32505435,19.23524997,-2.71802879
16.50849108,21.52652405,-2.44822543
-14.54796480,18.79888772,-2.65471430
15.94927750,20.92097087,-2.42107665
-13.80789295,18.37822417,-2.62330622
15.39826053,20.31954386,-2.41352005
-13.10169625,17.96663015,-2.61756082
14.85518846,19.72686442,-2.42689328
-12.02650600,17.56212246,-2.60578355
13.95072319,19.03957261,-2.45301093
-0.48514963,15.31095203,-3.72920713
0.95876887,15.29739307,-3.67669201
-10.99604738,17.17064256,-2.63646229
2.42158674,15.35772947,-3.57906706
13.05235353,18.38582234,-2.51725405
-1.89869112,15.37577279,-3.72840186
-9.99723328,16.79254291,-2.71403199
3.89431831,15.45580655,-3.46197319
12.15289475,17.76844354,-2.60930613
-3.28126515,15.47372058,-3.66108410
-9.01611821,16.42634824,-2.84105730
5.36515918,15.58353255,-3.33094364
11.24425945,17.18834022,-2.71764790
-4.63745934,15.57548628,-3.53132132
-7.92924967,16.22806142,-2.98351329
6.82048388,15.73740233,-3.19300911
10.17542104,16.77739637,-2.81888733
-5.74806493,15.81164919,-3.35178164
-6.84267731,16.02660341,-3.16098034
7.96955553,16.05668933,-3.06088854
9.08611203,16.40136057,-2.93431339
-2.49666341,34.35831814,-4.47938618
-1.18778499,34.41265461,-4.45665426
0.14279117,34.29672863,-4.42099983
-3.80581054,34.33300861,-4.50254951
1.48296323,34.21348643,-4.38319621
-5.12238775,34.33801829,-4.52215099
2.83800221,34.16885880,-4.34338743
-6.45288872,34.37422294,-4.53156430
4.20948315,34.16947365,-4.29948446
-7.66008016,33.97871086,-4.52915038
5.53685919,33.76549155,-4.22568791
-8.87935424,33.61377953,-4.50942480
6.86899835,33.41779033,-4.13749634
-10.11682341,33.27430227,-4.46998265
8.20316746,33.12073173,-4.04459240
-11.38064864,32.95414996,-4.41243741
9.53812413,32.86911693,-3.95970848
-12.33123940,32.57381578,-4.35855661
10.54741034,32.56544228,-3.88213074
-13.31089461,32.20227811,-4.30456300
11.55908308,32.28908532,-3.81717574
-14.32756907,31.83705584,-4.25348976
12.57802198,32.03791216,-3.77003138
-15.38972549,31.47636911,-4.20798812
13.61095566,31.81137192,-3.74645152
-15.70958364,30.58712810,-4.18639936
14.06253339,31.04899372,-3.65484155
-16.04526029,29.71746514,-4.15388453
14.53213631,30.31786353,-3.57722652
-16.39089718,28.86640532,-4.11336796
15.01857964,29.61376847,-3.51550126
-16.74155627,28.03080930,-4.07298431
15.51993059,28.93340703,-3.47405007
-17.03418560,26.95386422,-4.04365042
16.03997903,28.04864012,-3.45882780
-17.34526668,25.88277397,-4.03627840
16.57993623,27.19387709,-3.48841890
-17.69385739,24.80063117,-4.05788633
17.14019628,26.36546557,-3.56345197
-18.09457370,23.69620566,-4.11042187
17.71788333,25.55596123,-3.67668025
-17.64757055,22.64951505,-4.04124463
17.54378551,24.64780989,-3.68783423
-17.24377242,21.59774393,-3.96827304
17.40427320,23.73743265,-3.72459882
-16.88430059,20.56897356,-3.91464772
17.30223920,22.81851916,-3.78296490
-16.55876197,19.58309655,-3.90594019
17.23999777,21.88840191,-3.85911299
-15.73720063,19.12689404,-3.79880007
16.67704240,21.27286392,-3.82716121
-14.94659363,18.69777329,-3.73439405
16.12986056,20.65934104,-3.80883326
-14.18612818,18.29005456,-3.70966930
15.59352961,20.05261697,-3.81222072
-13.45278178,17.89692516,-3.71701665
15.06454139,19.45671335,-3.84112500
-12.33442173,17.52767318,-3.72561217
14.16848622,18.77618902,-3.88685771
-0.51865900,15.33708015,-5.35598213
0.94552051,15.29065931,-5.29546981
-11.25817308,17.17673735,-3.78145512
2.42808811,15.32455400,-5.19796157
13.27215416,18.12932950,-3.97741656
-1.95281398,15.43978242,-5.34909920
-10.21444741,16.84285472,-3.88960759
3.92109756,15.40267886,-5.07659516
12.36951673,17.52085882,-4.09969733
-3.35546084,15.57640490,-5.25251890
-9.19419568,16.52186750,-4.05879011
5.41619170,15.51267282,-4.93803277
11.45233835,16.95541004,-4.23817817
-4.72960561,15.71592239,-5.06035904
-8.07671533,16.35550739,-4.25915832
6.90404377,15.64433931,-4.78914244
10.35800058,16.57854491,-4.36125539
-5.85591693,15.96189728,-4.79552633
-6.96786337,16.17333867,-4.51517889
8.08591829,15.93287543,-4.64175599
9.23715181,16.24062529,-4.49699687
-2.51679993,34.75630752,-5.80322227
-1.17187225,34.81735078,-5.81129954
0.19021480,34.71082574,-5.77765352
-3.86441609,34.72531139,-5.79848678
1.55850203,34.63911958,-5.73377391
-5.22131804,34.72320934,-5.79341560
2.93931727,34.60790130,-5.67640124
-6.59278559,34.75050607,-5.77905161
4.33555310,34.62342091,-5.60669553
-7.84198455,34.34536941,-5.73522773
5.68256575,34.22387127,-5.48797492
-9.10117258,33.96565176,-5.67506493
7.03560166,33.87293290,-5.38088575
-10.37540784,33.60905014,-5.58989184
8.39055977,33.56536582,-5.29356426
-11.67297678,33.27111309,-5.48269582
9.74406788,33.29320876,-5.22693624
-12.64572597,32.86891822,-5.37932753
10.76257270,32.95427756,-5.14520719
-13.64572323,32.47496513,-5.28205713
11.78310708,32.64048022,-5.06532195
-14.68077932,32.08748477,-5.19603513
12.81088042,32.35277677,-4.99165483
-15.75944277,31.70565215,-5.12440981
13.85168487,32.09277199,-4.93325824
-16.08268476,30.77884350,-5.07165479
14.29796552,31.27973005,-4.79216410
-16.41622531,29.86545002,-5.02074694
14.75940081,30.49911070,-4.67156084
-16.75668650,28.96625987,-4.96522056
15.23839099,29.75002136,-4.57166738
-17.10043769,28.08269626,-4.90616975
15.73414751,29.03044634,-4.49360984
-17.39147713,26.95601123,-4.87342572
16.24952824,28.10865541,-4.46352180
-17.69423488,25.84197069,-4.85211522
16.77932874,27.21744670,-4.47872976
-18.02816160,24.73288006,-4.85766810
17.32115829,26.35215191,-4.54094711
-18.41290209,23.61701244,-4.90131966
17.87156531,25.50724019,-4.64370862
-17.96133414,22.57494134,-4.84480449
17.67283758,24.56773265,-4.66163340
-17.54557799,21.54292114,-4.78534119
17.51269357,23.63411002,-4.71340204
-17.16880985,20.53056331,-4.73747001
17.39422308,22.69895828,-4.78990216
-16.82898208,19.54628769,-4.72779307
17.31936474,21.75669788,-4.88411375
-16.00438472,19.09188923,-4.61147739
16.75859708,21.13653340,-4.86837793
-15.20784029,18.66345848,-4.53833126
16.21555572,20.51926192,-4.85832037
-14.43687511,18.25800483,-4.50767190
15.68461802,19.91129509,-4.86684928
-13.68863021,17.87113766,-4.51317474
15.16088331,19.31817227,-4.90301066
-12.54531521,17.51817745,-4.52536591
14.26747696,18.65233835,-4.95794100
-0.53894259,15.36839768,-6.54231860
0.94045160,15.31028660,-6.49730324
-11.44000914,17.18837739,-4.59415444
2.43625844,15.33202954,-6.42461226
13.36692998,18.02774201,-5.06817009
-1.99009814,15.48019918,-6.52643543
-10.36669528,16.87788978,-4.72678467
3.93994464,15.40274665,-6.32344070
12.45617624,17.44445555,-5.21979401
-3.41016863,15.62697152,-6.42565755
-9.31979961,16.58106607,-4.93882853
5.44394419,15.51028079,-6.19564061
11.53024505,16.90346003,-5.39374770
-4.79966222,15.77958738,-6.21517368
-8.18326915,16.42650434,-5.20504660
6.94091694,15.64241730,-6.04709464
10.42514860,16.54534939,-5.54406778
-5.93785136,16.03078398,-5.89641306
-7.06091412,16.24639457,-5.54098676
8.13187358,15.92408907,-5.87953248
9.29351260,16.22202103,-5.70820181
-2.51575253,34.98679521,-6.89987086
-1.14958604,35.05217322,-6.95570820
0.23062131,34.95428496,-6.93483131
-3.88569495,34.95164682,-6.85061075
1.61475193,34.89320044,-6.88519646
-5.26570353,34.94407505,-6.80918686
3.00889248,34.87503564,-6.80044027
-6.66021244,34.96362196,-6.76613153
4.41617002,34.90304357,-6.68931711
-7.93935975,34.56238233,-6.68561173
5.77077378,34.51541792,-6.49219982
-9.22901541,34.18301453,-6.59598558
7.13431620,34.16979642,-6.33795506
-10.53163303,33.82309068,-6.48150493
8.50215104,33.85923975,-6.24012025
-11.85424496,33.47809954,-6.34275863
9.86733826,33.57347279,-6.18886307
-12.84372997,33.06685035,-6.19813468
10.89287967,33.21297226,-6.11558238
-13.85713786,32.66180323,-6.06147052
11.91604910,32.87137006,-6.03682767
-14.90277510,32.26185252,-5.94325592
12.94178410,32.55258509,-5.94827183
-15.98863800,31.86636891,-5.84905221
13.97621362,32.26088859,-5.85758644
-16.31985764,30.92307217,-5.75473446
14.42953568,31.43124391,-5.67580165
-16.65752478,29.98723902,-5.67688676
14.89133873,30.62768312,-5.51758823
-16.99831478,29.06123346,-5.60590485
15.36627105,29.85193446,-5.38497732
-17.33977269,28.14716265,-5.53337480
15.85621096,29.10504231,-5.27654775
-17.63157093,26.98873774,-5.50046464
16.36659624,28.15745587,-5.23248068
-17.92961644,25.84514770,-5.47172829
16.89126793,27.24170572,-5.23164404
-18.25139266,24.71089611,-5.46531471
17.42196181,26.35179615,-5.27753838
-18.62013300,23.58142688,-5.50196366
17.95346989,25.48379999,-5.36558185
-18.16902415,22.53526716,-5.45377068
17.74450273,24.52649570,-5.38613736
-17.75000202,21.50884588,-5.40668761
17.57193157,23.57771456,-5.44574990
-17.36249839,20.50801696,-5.36820574
17.44065181,22.63248454,-5.53495281
-17.00782117,19.53356632,-5.35837833
17.35225599,21.68566079,-5.64420708
-16.18106006,19.08249799,-5.23400450
16.79108874,21.06649088,-5.64392860
-15.38103189,18.65395081,-5.14964877
16.24790177,20.45012239,-5.64171321
-14.60397876,18.24708586,-5.10809767
15.71761986,19.84346606,-5.65281524
-13.84717966,17.86075789,-5.10580177
15.19461397,19.25337172,-5.68969532
-12.68996180,17.51217003,-5.11687361
14.30356755,18.59492498,-5.74060207
-0.55303526,15.37326002,-7.35737615
0.93612827,15.31322130,-7.33400688
-11.56733516,17.18944634,-5.19519607
2.43968026,15.33086553,-7.28980782
13.40182317,17.98242230,-5.85309062
-2.01618032,15.48396470,-7.33094135
-10.47602357,16.88764152,-5.35143227
3.94878529,15.39897465,-7.21178390
12.48703554,17.41499133,-6.01981337
-3.45001725,15.62995532,-7.23592139
-9.41366591,16.60010937,-5.60599972
5.45576774,15.50705497,-7.09756047
11.55554465,16.89066608,-6.21987203
-4.85353101,15.78504562,-7.03957630
-8.26602096,16.44702236,-5.93000473
6.95426131,15.64334015,-6.95320145
10.44633852,16.54154564,-6.39251163
-6.00291188,16.04055329,-6.71136029
-7.13507684,16.26248171,-6.32133830
8.14703926,15.92531932,-6.77149072
9.31128297,16.22251023,-6.58017479
-2.50548324,35.14074545,-7.80446631
-1.12579257,35.21117828,-7.91503540
0.26660629,35.12052156,-7.91891923
-3.88849830,35.10003278,-7.70120421
1.66164282,35.06836146,-7.87188740
-5.28082377,35.08538734,-7.61482823
3.06407288,35.06022589,-7.76404092
-6.68663088,35.09532866,-7.53733022
4.47573563,35.09549406,-7.60996200
-7.98283162,34.69228742,-7.42641533
5.82973045,34.71250831,-7.33065468
-9.29153480,34.31176375,-7.31544828
7.19390780,34.36641262,-7.11141599
-10.61470357,33.95176363,-7.18283390
8.56523294,34.05091898,-6.97875141
-11.95745048,33.60690186,-7.02674187
9.93474772,33.75427655,-6.91809815
-12.96324432,33.19514069,-6.85591209
10.96453556,33.37985331,-6.84190203
-13.98852102,32.78658829,-6.69047478
11.98886048,33.01935494,-6.76201833
-15.04143519,32.38092718,-6.54358440
13.01101059,32.67796685,-6.66442844
-16.13017982,31.97778984,-6.42624488
14.03628461,32.36072909,-6.55137212
-16.46951225,31.02797302,-6.29102908
14.49701975,31.52229983,-6.35154288
-16.81290543,30.08038817,-6.18368852
14.96292926,30.70913595,-6.16472472
-17.15712291,29.13882444,-6.09429409
15.43707528,29.91956447,-6.00502595
-17.49947887,28.20614475,-6.01103624
15.92296319,29.15561836,-5.87216796
-17.79374119,27.02797374,-5.97983893
16.42755518,28.19051748,-5.81733827
-18.09044927,25.86547367,-5.94746234
16.94620051,27.25731568,-5.80399546
-18.40435600,24.71427062,-5.93344159
17.47053129,26.35142768,-5.83508606
-18.75909723,23.57199744,-5.96269102
17.99219206,25.46945029,-5.90867215
-18.30883819,22.51885606,-5.91882681
17.78279177,24.50290853,-5.92988123
-17.88925965,21.49143953,-5.88027863
17.60525324,23.54505226,-5.99359034
-17.49707104,20.49403632,-5.85043426
17.46657370,22.59355600,-6.08972538
-17.13270940,19.52614505,-5.84328380
17.36853951,21.64401825,-6.20822966
-16.30387585,19.07953076,-5.71640434
16.80635861,21.02798739,-6.22212651
-15.50061242,18.65154282,-5.62309926
16.26114867,20.41479432,-6.22837069
-14.71936020,18.24334932,-5.57144612
15.72902373,19.81110360,-6.24175863
-13.95702332,17.85594575,-5.56094050
15.20470282,19.22350445,-6.27717146
-12.79152369,17.50692106,-5.57093005
14.31512132,18.56804260,-6.32022946
-0.56261579,15.35873757,-7.91864252
0.93212754,15.29991905,-7.91356041
-11.65851252,17.18538779,-5.65854203
2.43964085,15.31651106,-7.89099700
13.41379084,17.95956326,-6.42717404
-2.03343728,15.46642359,-7.88226923
-10.55646606,16.88547672,-5.83692154
3.95121291,15.38365555,-7.82899068
12.49786503,17.39709508,-6.59586164
-3.47711197,15.60924590,-7.79298961
-9.48508959,16.59991627,-6.12847753
5.45913782,15.49209566,-7.72368325
11.56405652,16.87768612,-6.80525974
-4.89232729,15.76436753,-7.61916080
-8.33081871,16.44375103,-6.49483124
6.95768547,15.63020108,-7.58220595
10.45340117,16.53014704,-6.98905169
-6.05227211,16.02371794,-7.30711224
-7.19312950,16.25267933,-6.91419283
8.15117966,15.91284564,-7.39279803
9.31669214,16.21124405,-7.18958958
-2.49303318,35.25095908,-8.52373031
-1.10469045,35.32533352,-8.67775259
0.29590929,35.24053256,-8.70518985
-3.88389718,35.20596251,-8.37307533
1.69837494,35.19538539,-8.66292240
-5.28282051,35.18538156,-8.24395874
3.10613433,35.19460581,-8.53855228
-6.69393369,35.18720578,-8.13278227
4.51953154,35.23425342,-8.34956899
-7.99938035,34.78009587,-7.99597962
5.87164190,34.85400008,-8.01234291
-9.31906354,34.39542553,-7.86788977
7.23275204,34.50466064,-7.73554847
-10.65476950,34.03285225,-7.72371504
8.60252822,34.18289813,-7.55907446
-12.01120212,33.68677039,-7.55831346
9.97233573,33.87767428,-7.47253481
-13.03068352,33.27694063,-7.37208789
11.00449588,33.49377034,-7.38266815
-14.06740756,32.86943350,-7.18838628
12.02926534,33.12048005,-7.29533395
-15.12780639,32.46249651,-7.02168144
13.04856403,32.76293580,-7.18879035
-16.21886323,32.05583804,-6.88371677
14.06693948,32.42711992,-7.05975111
-16.56499498,31.10439075,-6.71252549
14.53318528,31.58183420,-6.85696161
-16.91363951,30.15069265,-6.57782549
15.00237936,30.76169720,-6.65541290
-17.26196323,29.19943469,-6.46988503
15.47729735,29.96447843,-6.47524181
-17.60708089,28.25496441,-6.37606215
15.96086963,29.19005022,-6.32342719
-17.90466049,27.06463123,-6.34707815
16.46054919,28.21380325,-6.26046461
-18.20165115,25.88946874,-6.31370271
16.97375411,27.26819957,-6.23775053
-18.51110718,24.72751559,-6.29444396
17.49271739,26.35104890,-6.25781061
-18.85571464,23.57593983,-6.31729511
18.00910273,25.45960838,-6.31948667
-18.40507039,22.51537521,-6.27467210
17.80377020,24.48855158,-6.34013235
-17.98560915,21.48449875,-6.24123707
17.62554267,23.52527360,-6.40582188
-17.59150299,20.48671806,-6.21772268
17.48331352,22.56925118,-6.50579499
-17.22175818,19.52127888,-6.21412996
17.37936804,21.61815601,-6.62939993
-16.39274630,19.07704465,-6.09073094
16.81703099,21.00498981,-6.65531168
-15.58676083,18.65021102,-5.99307577
16.26979997,20.39541997,-6.66999883
-14.80195616,18.24151263,-5.93385285
15.73485249,19.79496222,-6.68658049
-14.03555175,17.85278429,-5.91656303
15.20820568,19.20953344,-6.72015510
-12.86485590,17.50214003,-5.92687662
14.31869149,18.55551728,-6.75590120
-0.56891899,15.33968905,-8.32088351
0.92900709,15.28269333,-8.33003281
-11.72527881,17.17937582,-6.02336287
2.43847062,15.29954874,-8.32281994
13.41762598,17.94772438,-6.85560502
-2.04460007,15.44398217,-8.27552020
-10.61685334,16.87864641,-6.22170832
3.95106248,15.36659598,-8.27159037
12.50126081,17.38566088,-7.02213391
-3.49497189,15.58322977,-8.18790333
-9.54012913,16.59183338,-6.54217663
5.45909819,15.47498436,-8.17156635
11.56623948,16.86644487,-7.23396230
-4.91903418,15.73666489,-8.03096890
-8.38117743,16.43097631,-6.93535897
6.95720752,15.61344336,-8.03218172
10.45493893,16.51784954,-7.42246756
-6.08813818,15.99885401,-7.74028850
-7.23741946,16.23355402,-7.36198316
8.15094059,15.89709001,-7.83879400
9.31724032,16.19739084,-7.62971385
-2.40713852,33.02409709,1.72762546
-1.26986202,33.12566565,1.77395852
-0.08554728,33.11630134,1.76141046
-3.52924826,32.96243472,1.65739083
1.13922175,33.13278649,1.74860313
-4.64999387,32.94388902,1.55832657
2.40522376,33.17518736,1.74906860
-5.78192772,32.96838421,1.43354675
3.70634413,33.24579700,1.76645488
-6.81896161,32.69397756,1.29804526
5.01596197,33.01598865,1.75885121
-7.87420442,32.45174545,1.17111927
6.33477204,32.82764260,1.75093221
-8.94952416,32.23345081,1.05732011
7.65262641,32.68493821,1.73049042
-10.05176628,32.03041247,0.95410237
8.96904893,32.58808848,1.69319058
-10.89313381,31.77705686,0.83667211
9.97713911,32.42973191,1.60877362
-11.76229947,31.52502405,0.71925432
10.98522079,32.28664711,1.52193967
-12.66611104,31.27043570,0.59783851
11.99276593,32.14721925,1.43220186
-13.61169886,31.00809779,0.46768469
12.99827514,32.00031684,1.33611973
-13.93909805,30.33980954,0.39131981
13.49725651,31.39479711,1.26974491
-14.28064498,29.66289104,0.31513468
13.99945244,30.78451722,1.20664402
-14.63835386,28.97478189,0.23401453
14.50676890,30.17088528,1.13642844
-15.01420256,28.27182437,0.14029564
15.01973125,29.55689593,1.04808978
-15.33088210,27.30966871,0.14418552
15.56659044,28.76425407,1.03970983
-15.67494213,26.31037073,0.10582382
16.12100424,27.97698926,0.99333156
-16.05734068,25.27627691,0.01838425
16.68790107,27.19829288,0.91357126
-16.48518530,24.22301282,-0.10886644
17.27578271,26.43085062,0.81157408
-16.13161687,23.19348733,-0.06572468
17.13526554,25.55125057,0.78298787
-15.79576255,22.18670436,-0.05794540
17.01355237,24.65815130,0.75090476
-15.46485625,21.22328789,-0.08881886
16.91109059,23.75392337,0.71869045
-15.14793947,20.30888361,-0.14445819
16.82206923,22.84538915,0.68861882
-14.39823708,19.83023382,-0.07207911
16.21342192,22.21688663,0.74771699
-13.69273660,19.36849484,-0.01132746
15.61220376,21.59114896,0.80085025
-13.02981467,18.91987661,0.04591721
15.01816036,20.97832951,0.84824784
-12.40430733,18.48121764,0.10088138
14.43340696,20.38424142,0.88540403
1.01149046,15.69007003,-0.09186666
-0.39338684,15.65067580,-0.11884368
-11.45639839,18.01809888,0.19473562
2.43024398,15.78395584,-0.01551723
13.49676229,19.68707761,0.92854723
-1.77516252,15.64310188,-0.13825103
-10.53991437,17.56395049,0.24989308
3.85339410,15.90063156,0.06677330
12.58863532,19.02534203,0.92789507
-3.13141045,15.66277330,-0.14136621
-9.63021387,17.11800206,0.24876267
5.26692865,16.04080521,0.16206103
11.70168235,18.39475740,0.87932700
-4.46408520,15.70611845,-0.11843230
-8.71355932,16.68412851,0.19046682
6.65368771,16.21397278,0.27841929
10.82514243,17.79378356,0.78552208
-5.55639677,15.91977462,-0.04564606
-7.67926261,16.41110936,0.12818545
7.73929755,16.54756105,0.41419759
9.81556043,17.33826245,0.68038059
-6.62777149,16.15564761,0.04318241
8.79039822,16.92230971,0.55287061
-2.48129836,35.33176745,-9.07826237
-1.08748491,35.40912166,-9.26182839
0.31837589,35.32889668,-9.30639052
-3.87694266,35.28382055,-8.89231800
1.72553408,35.28876696,-9.26798706
-5.27947377,35.25880379,-8.72893777
3.13650772,35.29276632,-9.13279534
-6.69295955,35.25417432,-8.58893075
4.55052920,35.33498699,-8.91826413
-8.00335280,34.84345900,-8.43137512
5.90131494,34.95747427,-8.54402069
-9.32911651,34.45434318,-8.28930102
7.25916090,34.60544657,-8.22433072
-10.67250708,34.08800393,-8.13652174
8.62597196,34.27788751,-8.00884719
-12.03765672,33.73976281,-7.96564645
9.99429474,33.96598034,-7.89346789
-13.06700228,33.33055561,-7.77072393
11.02757901,33.57578050,-7.78660246
-14.11313739,32.92463882,-7.57572299
12.05285004,33.19380774,-7.68851016
-15.18059761,32.51864621,-7.39528198
13.07042372,32.82507728,-7.57310175
-16.27473882,32.11134833,-7.24253862
14.08411460,32.47596719,-7.43265612
-16.62672045,31.16022292,-7.04262072
14.55386163,31.62411369,-7.23158872
-16.98023099,30.20334390,-6.88442113
15.02571255,30.79825539,-7.02400126
-17.33230110,29.24617916,-6.75982245
15.50156005,29.99532369,-6.83120072
-17.68015754,28.29359782,-6.65568448
15.98372596,29.21422595,-6.66504625
-17.98104153,27.09565355,-6.62846659
16.47995077,28.23084172,-6.59581456
-18.27936751,25.91204779,-6.59533029
16.98868218,27.27687568,-6.56628033
-18.58672329,24.74309805,-6.57268960
17.50354978,26.35157927,-6.57824970
-18.92446363,23.58536314,-6.59011007
18.01643186,25.45330031,-6.63109541
-18.47305419,22.51874354,-6.54727172
17.81586848,24.47976341,-6.65071817
-18.05346843,21.48353762,-6.51633863
17.63893400,23.51300970,-6.71692710
-17.65848906,20.48395720,-6.49700324
17.49523293,22.55399705,-6.81915430
-17.28568490,19.51871838,-6.49643123
17.38793781,21.60147512,-6.94579497
-16.45765923,19.07526088,-6.37879263
16.82569049,20.99070543,-6.98100974
-15.65036791,18.64887537,-6.28131501
16.27722240,20.38405475,-7.00347757
-14.86273233,18.23993020,-6.21851357
15.73996421,19.78645404,-7.02401501
-14.09312158,17.85045957,-6.19653728
15.21070853,19.20310122,-7.05661759
0.92673675,15.26671076,-8.63725332
-0.57306055,15.32176809,-8.61778705
-12.91900350,17.49785183,-6.20843201
2.43715637,15.28437981,-8.64122612
14.32039642,18.54980948,-7.08706422
-2.05185804,15.42315435,-8.56450285
-11.77527477,17.17322111,-6.31328683
3.95012147,15.35144594,-8.59705998
13.41890487,17.94153026,-7.18030674
-3.50678881,15.55916989,-8.47625145
-10.66284314,16.87073167,-6.52805561
5.45791681,15.45989471,-8.50066428
12.50216653,17.37851716,-7.34325829
-4.93720658,15.71052271,-8.33009110
-9.58243676,16.58147996,-6.86909990
6.95547559,15.59819817,-8.36286531
11.56613210,16.85801696,-7.55421964
-6.11354565,15.97438454,-8.05761364
-8.41993311,16.41609235,-7.27658947
8.14924580,15.88301413,-8.16745742
10.45440019,16.50744570,-7.74473648
-7.27019938,16.21317640,-7.69754912
9.31601620,16.18506783,-7.95534084
