-0.59206198,13.78179565,1.60643133
-1.51023595,13.93535655,1.72161694
-0.54952655,13.64326995,1.79386383
-1.47388199,13.79063934,1.91468520
-2.43043729,14.07998803,1.81857585
-2.39860502,13.92999042,2.01851053
-3.37338964,14.19064606,1.91502700
-3.34629846,14.03781005,2.11366833
-4.36538876,14.25469589,2.01388781
-4.34322084,14.10138322,2.20701252
-3.04953674,31.47306355,3.23109318
-2.15798761,31.43914370,3.08255733
-3.02135029,31.40982939,3.47982588
-2.12329300,31.37320267,3.32968896
-1.26214601,31.42027086,2.95205854
-1.22283383,31.35499701,3.19481661
-0.34512289,31.40618202,2.83944444
-0.30212972,31.34325887,3.07881517
0.60312691,31.39970137,2.74302191
0.64967577,31.34127642,2.98318752
-5.24882034,14.42618363,2.08491437
-5.23246668,14.27324355,2.27439303
-6.17522551,14.53940203,2.16138571
-6.16476363,14.38883436,2.35079602
-7.14622960,14.56975796,2.24816746
-7.14204319,14.42816686,2.43731282
-8.16201405,14.49589852,2.33571617
-8.16354783,14.36590167,2.53200985
-6.91346198,30.63811965,3.71451921
-5.82947859,30.86589995,3.58852093
-6.91754306,30.57297219,3.98595803
-5.82418693,30.79757965,3.85864028
-4.84444479,31.06801829,3.46529645
-4.83045421,31.00090379,3.72512247
-3.92637218,31.26403006,3.34276512
-3.90461195,31.19769465,3.59690267
-9.02807030,14.83741543,2.43450139
-9.03798299,14.71581747,2.64196628
-9.92242524,15.06518123,2.52075066
-9.94054626,14.95076464,2.74532792
-10.83981068,15.19440506,2.59608130
-10.86617084,15.08381654,2.83846963
-11.80747381,15.23423041,2.65496966
-11.83841016,15.12887744,2.91377612
-12.43432256,15.44534530,2.66714149
-12.46329224,15.34898928,2.94376611
-13.11069545,15.63582716,2.66204575
-13.13313549,15.54874176,2.95831756
-13.86117004,15.80645873,2.63974566
-13.87296082,15.72845878,2.95315099
-14.72963146,15.96252337,2.59398972
-14.72375456,15.89372291,2.92181237
-11.12242332,29.04717147,3.62907961
-9.92276041,29.57913615,3.63241497
-11.13750927,28.98968596,3.92734519
-9.93263271,29.50863044,3.92696246
-8.82587211,30.01920446,3.66309343
-8.83244054,29.94280406,3.95286196
-7.82295826,30.36003298,3.69098153
-7.82832320,30.28614905,3.97219872
-14.81284000,17.06659711,2.58037506
-14.80517177,17.00290051,2.93850304
-14.95579191,18.06628762,2.60188454
-14.94609551,18.00679087,2.98417546
-15.17104772,19.05357301,2.67603328
-15.17126813,18.99539812,3.05794354
-15.49421881,20.10460406,2.80747048
-15.51328679,20.04263746,3.18467078
-14.76185148,21.65310141,2.89023231
-14.80605375,21.58691491,3.26404656
-14.11309997,23.15100372,3.04639060
-14.17654737,23.08761367,3.38699513
-13.51014834,24.52963136,3.17637509
-13.58347421,24.47334769,3.48193272
-12.97853678,25.80339795,3.18715265
-13.05215537,25.74378613,3.49373191
-12.50124399,26.70329215,3.29407691
-12.56225521,26.63798432,3.60258854
-12.04529554,27.53355110,3.36686668
-12.08920042,27.46307680,3.68103971
-11.59931931,28.30887308,3.47507213
-11.62589783,28.24101806,3.78584858
-0.63628232,13.91767845,1.41012529
-1.54728281,14.07749257,1.51914240
-2.46097842,14.22207211,1.61752192
-3.39897608,14.33683990,1.71482617
-4.38604990,14.40361117,1.81597711
-3.08302540,31.56472076,2.96833698
-2.19497174,31.53049728,2.82733806
-1.30225266,31.51066614,2.70004159
-0.38899357,31.49659166,2.58415506
0.55640968,31.48720372,2.48792775
-5.26302000,14.57834519,1.88825728
-6.18270263,14.68586340,1.96698845
-7.14789019,14.70478302,2.04609520
-8.15763911,14.61668191,2.12355847
-6.92212260,30.73360080,3.42346778
-5.84727916,30.96554349,3.30473405
-4.86868258,31.16587213,3.18701468
-3.95603656,31.36001554,3.07259966
-9.01554511,14.94490082,2.21139882
-9.89963603,15.16575598,2.28003861
-10.81347253,15.28423188,2.33175127
-11.78195070,15.31513109,2.36750932
-12.40861881,15.52194819,2.36030272
-13.09442794,15.70119091,2.33253711
-13.86903282,15.86005331,2.28935931
-14.76534823,16.00525584,2.23646146
-11.11780441,29.14466729,3.30181386
-9.92522026,29.68600541,3.31345409
-8.82997633,30.12770584,3.35188749
-7.83280558,30.46608992,3.39192178
-14.83759423,17.11339900,2.18615098
-14.97899763,18.11471384,2.17476903
-15.19200748,19.10387567,2.23130039
-15.49819765,20.16241882,2.37495048
-14.72285516,21.72090339,2.44715605
-14.05331078,23.21722766,2.65372719
-13.44235547,24.59218252,2.83751754
-12.90846136,25.87372734,2.86223286
-12.44438888,26.78550625,2.97175076
-12.00742772,27.62968123,3.03798274
-11.57103661,28.41138457,3.13775674
0.39891946,13.44448213,1.66609202
0.35063220,13.56988432,1.49027800
1.37078126,13.23360834,1.52162991
1.31662009,13.34659412,1.35505335
2.36541140,12.99353891,1.36600765
2.30603430,13.09797503,1.21049618
3.37991836,12.71886292,1.22147474
3.31499410,12.82061498,1.07153100
4.67464800,31.18128199,2.59006472
3.61383887,31.13928727,2.66767809
4.62764405,31.23589988,2.35612558
3.56326815,31.19446390,2.42241248
2.59122484,31.16559603,2.74992239
2.53994491,31.22373643,2.50167730
1.60590771,31.23838925,2.85955945
1.55576963,31.29818470,2.61183648
4.20909563,12.62075609,1.11143351
4.13811848,12.72254027,0.96224581
5.03096241,12.50807451,1.02110290
4.95593528,12.60980493,0.87273502
5.85284833,12.37416325,0.96063700
5.77222048,12.47946674,0.80357918
6.69008519,12.20427916,0.92671340
6.60523166,12.31567224,0.76097882
8.49058080,30.08560013,2.46143724
7.49721368,30.37159607,2.45030023
8.43558146,30.15193154,2.22520890
7.44716899,30.43759846,2.21955007
6.53812926,30.64151472,2.47099391
6.49025198,30.70508703,2.24107632
5.59860570,30.90248120,2.52323811
5.55089221,30.96310233,2.28788841
7.31002260,12.44518733,0.96884125
7.21830763,12.56820865,0.79116932
7.96318681,12.61800471,1.01425900
7.86376841,12.75366995,0.82852175
8.67173158,12.73915928,1.06247775
8.56023591,12.89058192,0.86531490
9.47523662,12.81774794,1.09716743
9.35199408,12.97793205,0.89256514
9.99415830,13.03587197,1.11246399
9.86476798,13.19435844,0.89855758
10.59672336,13.24325888,1.12131871
10.45832499,13.39969251,0.89273282
11.30050242,13.44832138,1.10899265
11.15587858,13.59552300,0.87345525
12.14870078,13.65902987,1.07822301
11.99515019,13.79585497,0.83293409
11.70796446,28.60260237,2.43227036
10.77942995,28.99941211,2.40901807
11.60863635,28.67794376,2.14350966
10.69870883,29.07501191,2.13449339
9.95695811,29.38152956,2.40312738
9.88941627,29.45677414,2.14427063
9.19912027,29.74078747,2.42157067
9.13921437,29.81349557,2.17410405
12.38782043,14.64355935,1.17490652
12.22542636,14.76905055,0.89474709
12.80057505,15.69229813,1.27538206
12.63792344,15.79217317,0.96673754
13.36132282,16.91542523,1.36910864
13.20311368,16.98056194,1.06115887
14.06544662,18.32762478,1.45807130
13.90042697,18.37144993,1.15860682
13.57742854,20.16909371,1.61052825
13.42409921,20.21313321,1.28601490
13.15639427,21.98527374,1.90431447
13.00463262,22.05759386,1.57100164
12.79781074,23.61772788,2.14885221
12.63788071,23.71310350,1.81455579
12.47150109,25.03553184,2.18190106
12.30819421,25.12656654,1.83767063
12.20226152,25.98208538,2.31451446
12.04208022,26.07072715,1.98009632
11.98333411,26.88113540,2.37740777
11.83973450,26.96338369,2.06066017
11.83230560,27.75730265,2.41034101
11.71222499,27.83508379,2.11103819
0.29921592,13.69046692,1.30483178
1.25905662,13.45087223,1.18405998
2.24330162,13.19164043,1.05478343
3.24668473,12.90929775,0.92390948
4.57960463,31.31924908,2.11165519
3.51194700,31.28387891,2.16156523
2.48896883,31.31405178,2.24081253
1.50581994,31.38883726,2.35011359
4.06242265,12.81375080,0.81533185
4.87494238,12.70152587,0.72381082
5.68811879,12.56957901,0.64991589
6.51614890,12.41180546,0.59662563
8.38388529,30.23869322,1.98343706
7.40004163,30.53185374,1.97709546
6.44211365,30.79759638,1.99697134
5.50306481,31.05346140,2.04200202
7.12301035,12.67485485,0.61469786
7.75789782,12.87916486,0.63785111
8.44721021,13.03045735,0.66080520
9.22836844,13.13199802,0.67456117
9.73339106,13.35228956,0.67311182
10.32144169,13.55557595,0.65489903
11.01669361,13.74866410,0.62066914
11.84939979,13.94390026,0.56248184
11.52526885,28.76786817,1.84072883
10.62960513,29.16894567,1.84425381
9.82846218,29.55092200,1.87201063
9.08840071,29.90834192,1.92073670
12.05694007,14.92100082,0.58646855
12.45855916,15.93066489,0.62594714
13.02929231,17.07956557,0.70099828
13.73755929,18.42711306,0.81370435
13.26681997,20.25470789,0.91215298
12.86348074,22.11719710,1.18594652
12.49476706,23.79516549,1.42576104
12.15889250,25.20982021,1.42588205
11.89738655,26.15829990,1.59619781
11.70945685,27.05187937,1.70178149
11.59447760,27.92094686,1.77922204
-3.37896703,15.54198062,-9.21197903
-4.01746726,15.74264276,-9.17483396
-3.39451374,15.64267671,-8.91429585
-4.02937636,15.84702407,-8.87770955
-4.63602630,15.87023394,-9.14657997
-4.64433966,15.97987847,-8.84912228
-5.25451394,15.93396562,-9.12377231
-5.25876401,16.04458497,-8.82569244
-5.89367982,15.92647861,-9.10554108
-5.89309394,16.03762077,-8.80628154
-2.73515987,15.50337356,-8.95943220
-2.71735828,15.40514200,-9.25901402
-2.02729192,15.29820323,-9.01793418
-2.00744713,15.20195485,-9.32036458
-1.26024255,15.03292742,-9.09606364
-1.23970996,14.94289830,-9.40101553
-0.42711168,14.71102711,-9.20074192
-0.40744935,14.63108647,-9.50864147
-1.87647009,31.62722807,-9.31414676
-2.90740314,31.36240143,-9.05348591
-1.83829734,31.56898616,-8.98314711
-2.86351247,31.28927610,-8.72693251
-3.93698848,31.25609875,-8.82117355
-3.89194962,31.17370234,-8.50006054
-4.97980225,31.31806391,-8.62224562
-4.93681264,31.23502738,-8.30880853
-6.05612729,31.55138938,-8.46423342
-6.01460189,31.47365482,-8.15580394
-0.81474114,31.44185097,-9.12523425
-0.84739970,31.48730733,-9.46809447
0.21452327,31.40579405,-9.28881081
0.19058894,31.43680346,-9.64441393
1.27449558,31.42258846,-9.48153004
1.26183265,31.43909600,-9.84827012
2.39686928,31.46007310,-9.71946792
2.39789313,31.46784552,-10.09448172
-6.49134218,16.24542993,-9.07226280
-6.48304663,16.35088226,-8.76945523
-7.11870131,16.49123246,-9.02861031
-7.10277144,16.59019711,-8.72096791
-7.79248254,16.67484494,-8.97694418
-7.76982679,16.76372293,-8.66424987
-8.52958734,16.79503052,-8.92150497
-8.50042581,16.87388782,-8.60294083
0.30125126,14.83717984,-9.28241845
0.31723810,14.76320120,-9.59936149
1.08431606,14.91936135,-9.38491112
1.09647707,14.85206985,-9.71183369
1.92733190,14.96796390,-9.51518442
1.93528480,14.91033398,-9.85127437
2.83630646,14.99159844,-9.68239433
2.84110843,14.94445373,-10.02623924
-7.09944852,31.44906873,-8.20575064
-7.05735266,31.37861273,-7.89668277
-8.21366599,31.49029176,-8.00325226
-8.16762442,31.43284338,-7.68999086
-9.43979084,31.61579566,-7.82930188
-9.38786213,31.57741523,-7.51269007
-10.83009480,31.73183586,-7.67365635
-10.77135247,31.71131444,-7.35381127
3.49836268,30.98383752,-9.78845578
3.50746283,30.98817907,-10.18744921
4.71865496,30.45620477,-9.90183219
4.73639107,30.47104264,-10.31774098
6.13240248,29.85323595,-10.05271474
6.15647246,29.89340726,-10.47333181
7.82746471,29.19270868,-10.22313728
7.85248094,29.26818795,-10.63293534
-9.30009329,17.06011168,-8.84797965
-9.26458900,17.12723877,-8.52235861
-10.14830853,17.26182534,-8.77395448
-10.10702268,17.31623090,-8.44355322
-11.09111039,17.41389767,-8.71451227
-11.04424724,17.45384955,-8.38574385
-12.14911260,17.53466326,-8.65283603
-12.09477580,17.55850423,-8.33377710
3.78894514,15.24610262,-9.87930771
3.79184258,15.20770391,-10.23506266
4.85838205,15.50045160,-10.13430981
4.86072453,15.47206657,-10.49516718
6.06895165,15.79244552,-10.44679769
6.07256600,15.77470861,-10.80758324
7.43182714,16.16618560,-10.80947925
7.43980882,16.15301235,-11.16138327
-13.43639853,30.79965547,-7.58786179
-12.71143203,31.08060919,-7.57048443
-13.38711769,30.80059345,-7.26880660
-12.65715246,31.07927753,-7.24761832
-12.04024016,31.32734273,-7.58530788
-11.98365833,31.32211057,-7.26240650
-11.41555825,31.54335437,-7.62190407
-11.35730538,31.53133904,-7.29986959
11.12101163,27.56334030,-10.76442894
10.22359100,27.89829289,-10.55045279
11.11634068,27.67608240,-11.14498479
10.22699849,28.00473058,-10.94110398
9.37378286,28.29276334,-10.39427707
9.38421734,28.38946832,-10.79268024
8.57373693,28.72930224,-10.28855910
8.59131210,28.81566019,-10.69367256
-12.67912442,17.85507362,-8.57172028
-12.62811465,17.86236566,-8.25360802
-13.26600119,18.16191850,-8.49834170
-13.21535217,18.15467129,-8.18252352
-13.93270177,18.46219287,-8.43526543
-13.87944316,18.44168870,-8.12464196
-14.70465571,18.76391104,-8.38470823
-14.64467022,18.73253312,-8.08353307
8.25192154,16.70160325,-10.95325864
8.25474385,16.68680213,-11.30266929
9.14149705,17.24338769,-11.10080742
9.13926304,17.22298052,-11.44730054
10.09456330,17.76435650,-11.26509832
10.09207493,17.73739581,-11.60706813
11.10132557,18.23601408,-11.45408218
11.10362363,18.20200838,-11.79050719
-14.61483177,19.65111326,-8.32155831
-14.53973281,19.61143662,-8.01360361
-14.59863872,20.51140897,-8.27477995
-14.50236802,20.46198645,-7.97200973
-14.67701931,21.39526091,-8.22610195
-14.55865612,21.33563906,-7.93161846
-14.86753079,22.35163313,-8.14136289
-14.73002243,22.28570889,-7.85148614
11.52680678,19.28252875,-11.34115953
11.52130344,19.24563468,-11.69881862
11.92278732,20.21408553,-11.28228270
11.91957718,20.18383650,-11.65574479
12.29663826,21.04871322,-11.28694716
12.29892731,21.02693398,-11.66756058
12.65640813,21.81369111,-11.33859524
12.66589772,21.80048048,-11.72162831
-14.62584994,23.74505094,-7.95291331
-14.48598531,23.68419608,-7.65889789
-14.49971744,25.15856694,-7.79484004
-14.36658736,25.11488077,-7.49169655
-14.42586608,26.49321087,-7.73755696
-14.30433275,26.46191933,-7.42448129
-14.35892630,27.72674967,-7.72344219
-14.25100093,27.70091718,-7.40415353
12.58260001,22.77175220,-11.28701203
12.58476404,22.77666328,-11.67861865
12.49274368,23.62955038,-11.23231381
12.49453560,23.65631858,-11.63022505
12.38435396,24.42794280,-11.15571836
12.39085486,24.47925717,-11.56292918
12.26078045,25.20658408,-11.08045023
12.27331589,25.28142283,-11.49116405
-14.12504727,28.54256933,-7.68445869
-14.03136613,28.52276692,-7.35923401
-13.89096779,29.32171848,-7.63993776
-13.81336019,29.30890059,-7.31297813
-13.65867728,30.07184659,-7.60048588
-13.59669989,30.06671162,-7.27553671
11.99020561,25.75174069,-10.96301970
11.99917944,25.83893574,-11.37451747
11.70801812,26.31646754,-10.86679218
11.71159424,26.41396502,-11.27350407
11.41717797,26.91551786,-10.79931981
11.41487528,27.02061796,-11.19368993
2.41758310,31.47389925,-9.31367424
3.51896734,31.00667854,-9.34981817
4.73844727,30.47581047,-9.43532210
6.14944332,29.85445459,-9.57655707
7.83917440,29.16470105,-9.76290450
-0.41126620,14.78722096,-8.86733740
0.32192270,14.91185278,-8.93605259
1.10834544,14.99078630,-9.02575286
1.95373218,15.03323950,-9.14306955
2.86306324,15.04962274,-9.29839931
11.13692219,27.48816095,-10.34865365
10.23903603,27.83669042,-10.11956359
9.38886764,28.24420911,-9.95106770
8.58822643,28.69226343,-9.83581193
7.45105889,16.17038593,-10.41210027
8.27361838,16.69979367,-10.55711818
9.16412271,17.23892724,-10.71011855
10.11468445,17.76257069,-10.88078967
11.11455117,18.24074124,-11.08168519
11.53766500,19.27128263,-10.93215958
11.92517653,20.18318028,-10.85067801
12.29003836,21.00987733,-10.85113781
12.64354931,21.77652073,-10.90780377
-14.60717019,18.69394894,-7.75873386
-14.48100180,19.56932956,-7.67680583
-14.41642272,20.41235575,-7.63809669
-14.44528431,21.27796732,-7.60936927
-14.59156020,22.22326954,-7.53633470
12.57462366,22.72593133,-10.84822427
12.48586791,23.57495334,-10.78434321
12.37627021,24.36467061,-10.69848651
12.25004759,25.13560447,-10.61668706
-14.33697338,23.63038292,-7.33708594
-14.22176383,25.08279698,-7.15669058
-14.17465015,26.44630301,-7.07984675
-14.13561260,27.69143098,-7.05237255
11.98627335,25.68016061,-10.49722683
11.71218232,26.24489307,-10.40878621
11.42861097,26.84343524,-10.35896947
-13.93249510,28.52000062,-7.00037843
-13.73176928,29.31141046,-6.95229554
-13.53264095,30.07510413,-6.91910983
-13.33726476,30.81435753,-6.92065081
-1.78801226,31.51428466,-8.62443163
-0.76691847,31.40188550,-8.75185238
0.25632078,31.38397166,-8.90181774
1.30738243,31.42205819,-9.08395756
-3.37144302,15.72592031,-8.58713823
-2.71164487,15.58579170,-8.63013340
-2.00509712,15.38177313,-8.68674418
-1.24077277,15.11448383,-8.76356319
-4.00554257,15.93404235,-8.54984112
-4.62090923,16.07144076,-8.52087724
-5.23645959,16.13762348,-8.49772881
-5.87194555,16.13095529,-8.47830689
-2.80982057,31.21730267,-8.37226854
-3.84024661,31.09115502,-8.15306880
-4.89025143,31.15184121,-7.97053249
-5.97264095,31.39632780,-7.82653207
-7.01650414,31.31068217,-7.56653571
-8.12454563,31.38086869,-7.35506244
-9.33928857,31.54790704,-7.17212218
-10.71663039,31.70405803,-7.00776710
-6.45738518,16.44002166,-8.43663669
-7.07335698,16.67266116,-8.38291429
-7.73796693,16.83732549,-8.31939727
-8.46735531,16.93753895,-8.25104459
3.81705838,15.29604634,-9.48014920
4.88602231,15.53735190,-9.72410820
6.09403978,15.81167737,-10.03653602
-9.22989006,17.17924827,-8.16201979
-10.07215194,17.35614445,-8.07778571
-11.00979788,17.47993398,-8.02343182
-12.06033385,17.56846193,-7.98701782
-12.59643294,17.85881754,-7.90741617
-13.18510487,18.13810233,-7.83840858
-13.84635908,18.41355065,-7.78720122
-12.60426390,31.09129235,-6.89525272
-11.92938606,31.33038167,-6.90929689
-11.30284012,31.53344235,-6.94980634
1.15194610,32.45037375,-0.58099524
0.17063908,32.53269261,-0.45333796
1.29580800,32.26879967,0.68504637
0.33566546,32.36012204,0.82326648
-0.81892522,32.45738282,-0.37410554
-0.62567523,32.33477490,0.91172347
2.16535405,32.45300061,-0.69401201
2.28925039,32.22209204,0.57244406
-1.78201799,32.45244989,-0.30824666
-1.55777743,32.34087837,0.99887330
3.22398368,32.55625028,-0.76964147
3.32674889,32.23549864,0.50738748
-2.73556017,32.52561160,-0.26460545
-2.47405978,32.38264288,1.07088886
4.34038190,32.76975506,-0.78668473
4.41794539,32.32141354,0.50586775
-3.70045291,32.70076445,-0.22211204
-3.39209677,32.47178460,1.13464699
-4.64419641,32.59165905,-0.19930731
-4.29151623,32.29800083,1.15269890
5.32074831,32.62719025,-0.86586380
5.36087725,32.09477227,0.43518437
6.33196033,32.48834817,-0.92727908
6.32374220,31.86561890,0.38770355
-5.63679068,32.57534967,-0.15167500
-5.23112800,32.15868245,1.17020151
-6.71021766,32.63436313,-0.05899273
-6.23835244,32.03431319,1.20048529
7.37582314,32.29338119,-0.98873629
7.30590017,31.59652433,0.34868542
-7.89641678,32.71455560,0.09095497
-7.34321800,31.88828593,1.26390046
8.44738967,31.96917682,-1.08252303
8.30365908,31.25160087,0.29437210
-8.75343805,32.61481122,0.14176176
-8.21389334,31.69790642,1.20995316
9.11944372,31.53554016,-1.25254651
8.95986677,30.87887320,0.13029248
-9.67100936,32.41589338,0.19580883
-9.15621933,31.42836326,1.18253614
9.83180217,31.01572038,-1.43353686
9.64065072,30.44557408,-0.05571818
-10.65152735,32.02954458,0.23541259
-10.17372577,31.00691525,1.19043444
10.61456036,30.42660832,-1.61720178
10.37141664,29.95507434,-0.24861197
-11.69612987,31.39076233,0.25719374
-11.26455835,30.38422374,1.24488550
11.50867660,29.80774793,-1.78758286
11.18750455,29.42637594,-0.42931614
11.76129496,28.81421105,-1.95619293
11.28307003,28.50160935,-0.63905775
-12.02188780,30.32913033,0.05406189
-11.61567998,29.48759716,1.10389117
-12.37382230,29.21956691,-0.08469560
-11.96059770,28.50769046,1.02978245
12.10984753,27.81268639,-2.11805212
11.46214026,27.54015831,-0.83145554
0.92284076,32.23535355,-1.65656056
-0.07834815,32.29142521,-1.52838754
-1.09189932,32.17759077,-1.43780561
-2.08191888,32.16858362,-1.36490744
1.95340032,32.27914641,-1.78129065
3.03013900,32.42975016,-1.88504344
-3.06595667,32.28283704,-1.30526954
-4.06740444,32.54341779,-1.23674901
4.16742564,32.69570082,-1.95757821
-5.04234102,32.52170865,-1.17894557
5.18694603,32.60275281,-2.04960273
-12.77100010,28.10281845,-0.19080266
-12.33484316,27.48272672,0.96478163
12.49167015,26.79791462,-2.28814193
11.71867614,26.55111692,-1.02135567
6.25057246,32.51488811,-2.12643771
-6.07328546,32.62558713,-1.08386464
-7.19627876,32.83620989,-0.92692816
7.36634713,32.36315253,-2.19865642
-8.44424700,33.07984110,-0.70722487
8.53564473,32.05076117,-2.28906686
12.80094675,25.74030463,-2.48787092
12.01741245,25.51462607,-1.23941021
-13.24335168,26.99585501,-0.33685076
-12.78640902,26.44471714,0.82014479
-9.27480730,33.03259099,-0.62483285
9.23268274,31.59039423,-2.41096532
-10.16456771,32.87634171,-0.55140239
9.98641833,31.04007107,-2.53707679
12.78375286,24.25054855,-2.69291670
12.15225371,24.03362582,-1.36430359
-13.72171889,25.55095891,-0.61093455
-13.30840820,25.07807169,0.57922999
-14.32049841,24.06326827,-0.98087940
-13.98136583,23.66221316,0.14650149
12.73881610,22.60616205,-2.88534689
12.32464331,22.36490732,-1.55129151
-11.11662354,32.52505942,-0.50562351
10.83142980,30.42543943,-2.66141232
12.85345974,20.85766212,-2.95759425
12.56120052,20.62967801,-1.66385883
-15.06668712,22.44379468,-1.23694633
-14.79825409,22.10365841,-0.17471368
-12.14051646,31.93068927,-0.49172614
11.81321816,29.79966176,-2.78091094
-16.11175643,20.74571003,-1.31350021
-15.82983698,20.44611342,-0.18360363
13.10736593,19.20303601,-2.95461936
12.85236909,19.02812209,-1.65841005
-12.46938636,30.84036644,-0.67257863
12.16701153,28.80647549,-2.86959084
12.58394061,18.04447057,-2.94004799
12.19966446,17.93078500,-1.70279096
-16.04939870,19.53478040,-1.43678026
-15.69700463,19.28283878,-0.27950590
-15.92832071,18.35958045,-1.50120317
-15.51977131,18.19175783,-0.28338652
12.08932811,16.97537898,-2.88479914
11.63397325,16.91634230,-1.64842369
-12.83362363,29.70366711,-0.81109298
12.59107858,27.82157294,-2.96805251
0.59929943,32.18125703,-2.73501967
-0.41640188,32.21553451,-2.62455937
-1.44264016,32.05066494,-2.53273076
1.64455334,32.24824885,-2.85309275
-2.44625676,32.01312767,-2.45940521
-15.70583857,17.16879303,-1.49775270
-15.29982357,17.11687169,-0.18788312
11.62396726,15.93865334,-2.79029407
11.20099067,15.91649943,-1.50995664
2.73870654,32.41195918,-2.97426458
-3.44712356,32.12600907,-2.39219304
-13.24513210,28.57313523,-0.91922053
12.99367100,26.82644748,-3.09686487
3.90068174,32.67280582,-3.09587939
-4.47051229,32.41138466,-2.30628912
-5.46546796,32.42191120,-2.20041194
4.96920671,32.55507314,-3.17996214
11.23702547,14.89248383,-2.67023884
10.96842568,14.88432693,-1.32917735
-15.46153101,15.94801343,-1.39647758
-15.09585642,16.00531687,0.01690968
-6.52716638,32.58737596,-2.04983780
6.09510474,32.43300197,-3.25812298
7.29079634,32.23456621,-3.32849336
-7.69269732,32.88683271,-1.83111943
13.26166292,25.79020085,-3.27701505
-13.71266344,27.45537578,-1.05284424
10.32915327,14.54368819,-2.51127337
10.17134972,14.60673014,-1.15680801
-14.37686411,15.60253512,-1.42016515
-14.07165846,15.78802719,0.03316571
-8.99325391,33.22274351,-1.55957676
8.56141040,31.85326512,-3.40293761
9.55466317,14.19674520,-2.35025625
9.51592007,14.31824694,-0.99631066
-13.39517596,15.27192958,-1.38456770
-13.16443411,15.58868723,0.10060701
-9.79166684,33.19178145,-1.45677307
9.27949717,31.35180322,-3.47300957
-12.52755796,14.98288543,-1.31102527
-12.37449388,15.40588235,0.18610612
8.89807197,13.85527793,-2.19220653
8.96873353,14.02139306,-0.86019536
-14.12458552,25.97271431,-1.29360316
13.16981290,24.34041772,-3.49159549
8.34173203,13.51677562,-2.04583975
8.50619323,13.71355830,-0.74823410
-11.76281285,14.73764794,-1.21812116
-11.68052926,15.22765773,0.28081870
10.06734355,30.76766007,-3.54750157
-10.64672698,33.04668615,-1.37061021
7.48108676,13.29482751,-1.84796535
7.75903737,13.50155097,-0.62827762
-10.57979790,14.78910968,-1.10229611
-10.62238855,15.27976086,0.37309310
13.05692733,22.74861950,-3.66621238
-14.54958200,24.42880606,-1.62210632
-9.56872142,14.87481769,-0.98395040
-9.68407117,15.28444485,0.47943298
6.72977741,13.06255490,-1.68001183
7.09916914,13.26064480,-0.53334593
10.96544768,30.13759937,-3.62472483
-11.56316487,32.71634229,-1.31645464
-8.67813744,14.88408426,-0.88971915
-8.82010830,15.18620493,0.56131313
6.04538771,12.80543097,-1.54396275
6.48909805,12.98659704,-0.45778459
-15.05872334,22.76029121,-1.88164281
13.13593768,21.03409109,-3.72821356
-7.86812529,14.76290412,-0.82971699
-8.00426398,14.96282043,0.59819005
5.39560728,12.51237244,-1.44203981
5.90230154,12.67251638,-0.39588375
12.01579436,29.52439602,-3.70652222
-12.55699001,32.18053761,-1.29255571
13.38901779,19.36056629,-3.74642379
-16.01288582,21.04965365,-1.97136161
-5.30004053,14.98051316,-0.75619940
-4.53937528,14.78944875,-0.78546899
-5.28042682,15.06949664,0.57321011
-4.45797443,14.89592638,0.50138568
2.22094837,12.89753266,-1.05282618
3.00065890,12.82087541,-1.10991349
2.75437882,13.07799203,-0.00653421
3.54175679,12.98360467,-0.08697862
-3.67837017,14.72923985,-0.83791525
-3.52698765,14.83353440,0.39839951
1.29244949,13.23555664,-1.02086899
1.79237418,13.40352356,0.05380104
-6.10194876,15.05775847,-0.74927434
-6.14309441,15.15380104,0.61982170
3.78836660,12.73075578,-1.19217169
4.32556083,12.88563257,-0.18154481
4.58401460,12.62775886,-1.30347344
5.10872298,12.78275350,-0.28573991
-6.95316994,14.98952805,-0.77581482
-7.04917076,15.12356170,0.62805064
0.40339416,13.55666335,-1.00923036
0.85732638,13.71855771,0.09212792
-2.86014981,14.58522211,-0.89414729
-2.64299119,14.70083561,0.30114464
-0.44750990,13.85759286,-1.00252758
-0.04861916,14.01771831,0.11861086
-2.06292277,14.38150878,-0.94656497
-1.78350977,14.51730710,0.21570379
-1.26648498,14.13775543,-0.98799189
-0.92689916,14.29709043,0.15044201
12.44695055,28.56071230,-3.70944806
-16.03665715,19.82587925,-2.10029708
12.93130408,18.18015307,-3.75030702
-12.88583118,31.12386912,-1.38974134
-16.02223414,18.61625765,-2.22173577
12.49336579,17.08948712,-3.75608546
12.90615850,27.61198560,-3.74340565
-13.24693166,30.01349068,-1.47915149
-15.85579612,17.36153210,-2.32884972
12.04912653,16.03261623,-3.75558227
0.24208911,32.17486630,-3.79369002
-0.77907029,32.19956033,-3.72635274
-1.80465147,31.96785577,-3.64080797
1.29344689,32.25233344,-3.87861431
-2.81138778,31.88435826,-3.56612375
-13.64674252,28.90313459,-1.56219803
13.29567366,26.65587248,-3.82758671
-3.82155718,31.97775599,-3.48511244
2.39806050,32.42016895,-3.98930229
-15.63097832,16.07081323,-2.37931113
11.60837089,14.96886285,-3.74868287
3.58127947,32.67122941,-4.13248652
-4.86115751,32.27151439,-3.38159307
4.70364767,32.48552448,-4.18987725
-5.87555329,32.29181297,-3.22635912
-14.07959911,27.80200576,-1.67382541
5.90320795,32.28537364,-4.26059011
13.53097750,25.66481034,-3.97593450
-6.96616422,32.49875927,-3.03677448
10.61011043,14.58859601,-3.63748880
-14.54363599,15.65986202,-2.41359748
7.19269394,31.99156435,-4.33744706
-8.16941117,32.85523856,-2.80065243
-13.54943426,15.26022378,-2.40814396
9.73681699,14.20855816,-3.51293347
-12.66367366,14.90237360,-2.37456446
8.98276898,13.83781549,-3.37667010
8.57644655,31.48583863,-4.41900036
-9.51572666,33.23119527,-2.53589619
13.42132697,24.28289401,-4.15102682
-14.39124795,26.31279288,-1.87715049
8.33293158,13.47929308,-3.23858503
-11.87955102,14.59435501,-2.32408900
-10.27447668,33.17762198,-2.43355804
9.31627737,30.91803161,-4.45648447
7.33889362,13.27453297,-3.00268212
-10.62653701,14.60042364,-2.22045609
13.30583927,22.78127255,-4.30011644
-14.61816321,24.73690651,-2.17239004
-9.56527331,14.67861571,-2.09533470
6.47116185,13.07635921,-2.79587224
10.14095150,30.29159638,-4.50448677
-11.08544119,33.00808984,-2.34836274
5.68687763,12.86004535,-2.62825007
-8.64306885,14.70907801,-1.98810582
-14.93488503,23.04233584,-2.39824460
13.36163201,21.16347297,-4.37529224
4.95454055,12.61180705,-2.50321278
-7.81826821,14.62985914,-1.91775535
-11.95507283,32.67650852,-2.28894095
11.09267931,29.65559174,-4.56578201
-6.92074316,14.87751504,-1.84489412
4.11720304,12.73087076,-2.34878252
-6.09884553,14.96603558,-1.81626026
3.30634782,12.82805137,-2.23650695
-5.33345801,14.90353790,-1.82338222
2.51833569,12.90071899,-2.15904132
-4.61262710,14.71821119,-1.85117034
1.75277706,12.94906237,-2.10795655
0.86668795,13.28454464,-2.07048249
-3.80236918,14.69535515,-1.89033834
-3.03372312,14.57686763,-1.93560233
0.02769157,13.59804447,-2.05194551
13.57905857,19.55294676,-4.44035872
-15.76713684,21.34456662,-2.49033926
-0.77046688,13.88674444,-2.03859887
-2.28518211,14.38795317,-1.98071917
-1.53768064,14.14943621,-2.02009357
12.18995569,29.07267030,-4.64585044
-12.90137222,32.18583980,-2.25106773
13.15315237,18.39729166,-4.46978113
-15.85479541,20.13953836,-2.62162054
12.67644420,28.15561606,-4.58037321
-13.22168962,31.17653285,-2.23744541
-15.94475460,18.94643681,-2.78960522
12.74754947,17.32669220,-4.53384994
-13.56208467,30.11679337,-2.24536192
13.13752670,27.25946526,-4.56430661
12.31734865,16.29198079,-4.62369596
-15.85987347,17.68921647,-2.99297626
-13.91722875,29.05160905,-2.28080608
13.48755867,26.36050657,-4.61592326
-1.08938054,31.92111796,-4.78104861
-2.10609164,31.59506455,-4.68668389
-0.07779689,31.94233466,-4.82023843
11.84934373,15.25321695,-4.73123461
-15.67276197,16.38383340,-3.17705863
-3.11945289,31.44663650,-4.59094424
0.95990499,32.05787604,-4.86948517
2.05231019,32.24106769,-4.94998929
-4.14963994,31.50941136,-4.48446758
-5.21516707,31.80586257,-4.36609043
3.23043772,32.47179236,-5.08144998
-14.26692294,27.98879518,-2.36475237
13.69062485,25.43679387,-4.73384876
-14.62889361,15.92712208,-3.19281516
10.79420034,14.86675997,-4.65649016
-6.25178771,31.84977681,-4.18576425
4.38861761,32.21134716,-5.08709196
9.84952193,14.47947899,-4.57053291
-13.65837945,15.48059394,-3.18628294
-7.36092823,32.10422626,-3.99939901
5.64839933,31.90651827,-5.13009628
-12.78209179,15.07290871,-3.16761858
9.02015938,14.10397841,-4.47045970
13.58886273,24.14643471,-4.86480439
7.02440992,31.48321396,-5.20819019
-14.44420902,26.52862395,-2.53431311
-8.58031354,32.51067720,-3.80381511
8.29547209,13.74672575,-4.35749461
-11.99969366,14.71759455,-3.14194750
8.52490173,30.83678380,-5.32063651
-9.94991704,32.90512541,-3.60451304
-10.70541031,14.68635231,-3.05171435
7.18518207,13.58097186,-4.10854421
13.49215537,22.76247597,-4.99340859
-14.52467763,24.96255260,-2.77649283
-9.60932901,14.75581433,-2.96057136
6.21956993,13.43567124,-3.87979640
9.28693041,30.23037238,-5.36528373
-10.65620132,32.80517096,-3.51431216
-8.66198013,14.79797933,-2.89081554
5.35568610,13.26966933,-3.69079409
13.52817660,21.27577174,-5.08139821
-14.70332040,23.27626168,-2.96136686
10.14242079,29.60402654,-5.43616833
-11.40888302,32.59692746,-3.43129205
-7.82146525,14.74300938,-2.85487961
4.56099810,13.06190784,-3.55159169
-6.93630274,14.98781729,-2.79884334
3.71046460,13.18212308,-3.38843040
-6.13208422,15.07791852,-2.78653483
2.89845827,13.26142865,-3.27625408
2.12037134,13.30046476,-3.20452507
-5.38919968,15.02090652,-2.81100454
-4.69395702,14.84125447,-2.85486785
1.37377924,13.30412534,-3.15991281
-3.91788714,14.85858272,-2.89742135
0.52806451,13.61772733,-3.11647194
-15.36761389,21.61920165,-3.07157998
13.68793681,19.77343304,-5.18661715
-3.18355705,14.77481482,-2.94662942
-0.26953303,13.90499578,-3.09003182
-12.21441838,32.26449861,-3.35808299
11.11316969,29.00632017,-5.53324418
-2.46979322,14.61303426,-2.99762145
-1.02790829,14.16438469,-3.06952953
-1.75742380,14.39284138,-3.04260695
12.18705595,28.48441377,-5.66922402
-13.08572874,31.82386805,-3.29955709
13.28396348,18.66633183,-5.22239850
-15.47228546,20.47163284,-3.20346139
12.67198276,27.64751394,-5.59774095
-13.36691515,30.89058849,-3.21531094
12.89515204,17.63384969,-5.31578966
-15.62932259,19.35089482,-3.39026260
13.09101332,26.82985858,-5.58107942
-13.65096221,29.92313758,-3.17440155
-15.64730297,18.17187423,-3.64183475
12.47398284,16.63556799,-5.46236270
-13.92459138,28.94903960,-3.18946170
13.38649121,26.01462955,-5.63237946
-15.53323165,16.93171237,-3.88738562
12.00216532,15.63672495,-5.65300362
-0.32944280,31.33435787,-6.11622563
-1.34238340,31.31135298,-6.09511773
-2.36758103,30.96455463,-5.97664469
10.93615272,15.24825997,-5.58371385
-14.57885427,16.46809677,-3.88267499
-3.41064589,30.81503657,-5.86789288
0.68758810,31.46306511,-6.14557366
-14.16878871,27.96805111,-3.27447701
13.56624121,25.18796636,-5.74246404
1.74200683,31.65391864,-6.20617149
-4.47724018,30.88002172,-5.75421028
9.95178559,14.86538632,-5.52106469
-13.67604067,16.00276725,-3.87116079
-5.57463849,31.16347123,-5.63946398
2.86962766,31.85465293,-6.32822090
-6.62219997,31.18554459,-5.42137599
4.00968857,31.54499101,-6.24531847
9.06688078,14.49784352,-5.45140392
-12.84233626,15.56093266,-3.85638516
13.50737564,24.02716577,-5.83298240
-14.22628053,26.58934598,-3.41853730
5.26517282,31.14291429,-6.23081100
-7.72409386,31.39945599,-5.21467767
-12.08427328,15.16130842,-3.84462600
8.27946219,14.15100585,-5.37269776
-10.78330589,15.06439335,-3.75789299
7.05797246,14.01536050,-5.14609252
6.66349175,30.59364062,-6.30350524
-8.92505873,31.74678355,-5.02297646
13.44633060,22.79735127,-5.92924839
-14.21643874,25.07879978,-3.60471947
-9.66777358,15.09547100,-3.69432491
5.99651276,13.91231706,-4.93321084
8.22895181,29.86404388,-6.49446363
-10.28076313,32.08123867,-4.85503937
-8.70111787,15.12655823,-3.66540836
5.05665439,13.78723755,-4.75678930
-14.29694142,23.43339776,-3.78898047
13.46155606,21.47787221,-6.00904231
4.20600435,13.61075013,-4.62671505
-7.84560726,15.07768432,-3.67229298
8.96821201,29.30039450,-6.60107493
-10.91672382,31.95481192,-4.78490073
-6.97300488,15.29957305,-3.65880190
3.34452152,13.72236670,-4.47228799
2.53419757,13.78134645,-4.36703584
-6.18342620,15.37647231,-3.68542861
1.76760568,13.79262926,-4.29920298
-5.45769437,15.31406402,-3.74158946
9.77162334,28.74899385,-6.74707078
-11.59399647,31.75895644,-4.72558975
1.03848725,13.76357961,-4.25690524
-4.78177786,15.13188984,-3.81255000
-14.75981154,21.83700091,-3.97704403
13.54263400,20.12302052,-6.12904024
-4.03181601,15.18039856,-3.87090048
0.22982007,14.07057236,-4.19359435
-3.32406894,15.12484086,-3.93539019
-0.53160819,14.34450167,-4.14731867
-1.25569125,14.58266260,-4.10640311
-2.63759795,14.98584986,-4.00042613
-1.95418357,14.78090073,-4.06204857
-12.31889842,31.49169949,-4.68242698
10.63965202,28.23933825,-6.93129151
13.14405198,19.08487235,-6.15268894
-14.81618949,20.77604959,-4.10181038
-13.10045112,31.16317010,-4.67078888
11.55712777,27.79677894,-7.17639952
-14.98228800,19.76549682,-4.23894944
12.74721068,18.10660929,-6.25855979
11.92824888,27.07409134,-7.12196118
-13.30792311,30.35619905,-4.59620612
-15.11990612,18.72678569,-4.40432755
12.31310881,17.16286093,-6.43430701
-13.50880470,29.52933371,-4.57864775
12.25368722,26.37422129,-7.12040932
11.83792114,16.23042306,-6.65064498
-15.15430832,17.61800382,-4.59735530
-13.69615827,28.68686584,-4.62003370
12.51425650,25.68915184,-7.17657995
-14.30807381,17.22942120,-4.58368965
10.82906069,15.84669019,-6.53945641
12.72259156,25.00960502,-7.28329419
-13.87004444,27.81592230,-4.72193644
-13.51057169,16.83035864,-4.57732332
9.86620862,15.48933481,-6.45450812
-12.76298962,16.43295450,-4.57454256
8.97553987,15.15490453,-6.37958062
12.78043901,24.04630507,-7.33659025
-13.87014624,26.52865336,-4.83867206
-12.06849374,16.04959907,-4.57700170
8.16416392,14.83948932,-6.31018569
6.87507236,14.72992283,-6.10639035
-10.81503123,15.90474848,-4.52981059
-13.86610744,25.08073903,-5.03032279
12.81625407,23.03610855,-7.41591391
-9.71401749,15.86103437,-4.51476057
5.74363333,14.64911643,-5.92875581
4.74620236,14.54141710,-5.78640315
-8.74750922,15.83128720,-4.53145905
12.85164050,21.94475772,-7.49373822
-13.94720430,23.48905751,-5.28133271
3.85398901,14.37817735,-5.68428307
-7.88808982,15.74168212,-4.57521257
2.98813472,14.45776356,-5.55921815
-7.03393937,15.88013631,-4.60893967
-6.26180802,15.90004564,-4.66871013
2.18444950,14.48496313,-5.47117812
1.43196464,14.46373073,-5.41163507
-5.55382603,15.80194112,-4.74427004
12.88625110,20.78716764,-7.62432701
-14.28053278,21.96150450,-5.45410247
-4.89567982,15.59747706,-4.82653962
0.72049471,14.39793536,-5.37315419
-0.05505553,14.68780155,-5.29073125
-4.16843278,15.65135235,-4.89633759
-3.48218265,15.61002965,-4.96820861
-0.78553937,14.93665973,-5.22542701
-1.48198372,15.14260206,-5.16801030
-2.81718605,15.48944138,-5.03997012
-2.15633459,15.30287801,-5.11090360
12.48324710,19.85893358,-7.60797461
-14.23719894,20.98467272,-5.47695978
-14.34017155,20.09018972,-5.47395272
12.08720789,18.95568347,-7.68626518
-14.51426067,19.20023595,-5.52257763
11.69493247,18.07711654,-7.86141844
11.30090289,17.19892013,-8.13466831
-14.69087642,18.25383575,-5.70142095
10.36121264,16.79729324,-7.93034496
-13.91835908,17.97181091,-5.64648762
-13.22122276,17.68949465,-5.62466429
9.46643436,16.42768689,-7.78859454
-12.58055395,17.40271747,-5.62553821
8.62441085,16.07816778,-7.68291203
7.83896138,15.73806161,-7.60299659
-11.98546334,17.10940665,-5.64332593
-10.83160309,17.03559039,-5.59610491
6.54199482,15.58845897,-7.36325855
-9.79627664,16.95774765,-5.62239464
5.38422650,15.45854827,-7.19302812
4.35866416,15.30415638,-7.07504740
-8.87275414,16.84898505,-5.69574083
3.44312441,15.09971697,-7.00158053
-8.04384140,16.67533570,-5.78605613
2.57318043,15.12254663,-6.90397612
-7.23214893,16.67300129,-5.87604276
-6.49833889,16.58427464,-5.96976765
1.76807251,15.09954903,-6.83699011
1.01538400,15.03252640,-6.79133398
-5.82507678,16.40925218,-6.05979527
-5.19654152,16.14887897,-6.14415154
0.30301222,14.92084155,-6.76179069
-0.46604491,15.20710064,-6.66258596
-4.49930268,16.16169218,-6.22338517
-3.83673943,16.09798943,-6.29873376
-1.18990658,15.44393117,-6.58285959
-3.19022935,15.96671949,-6.37235106
-1.87896099,15.63290201,-6.51384791
-2.54375176,15.77508466,-6.44794817
0.42944829,31.96565527,1.61688583
-0.52157694,31.96082209,1.71378921
1.38188546,31.87469532,1.47009613
-1.44113976,31.96773175,1.82346613
2.36889266,31.80907093,1.35602066
3.39895014,31.78660131,1.28586583
-2.34201929,31.99126439,1.93156577
4.48017628,31.82383109,1.27000082
-3.24010174,32.03971878,2.04361337
-4.12275832,31.84267385,2.11467443
5.41138275,31.56589754,1.20266324
-5.04417190,31.66141870,2.18736140
6.35978269,31.30833870,1.16085308
-6.02937026,31.47458020,2.26445157
7.32703622,31.02371320,1.14015948
8.31475078,30.68989936,1.13016673
-7.10717400,31.24893533,2.35249227
8.98555007,30.34631455,1.01464353
-7.99062151,31.01387770,2.26844259
-8.95082768,30.70709837,2.18082000
9.68187343,29.96226436,0.88985739
10.42791727,29.53897304,0.76674389
-9.99839541,30.27766240,2.12256670
-11.13550243,29.69688005,2.14526151
11.25912837,29.08518476,0.66775358
11.29759137,28.21860140,0.47611841
-11.53694451,28.91697580,1.99920489
-11.92160697,28.04795476,1.94607704
11.40467926,27.31455553,0.29567764
-12.31755436,27.11593242,1.91090345
11.60639004,26.38017990,0.12611934
-12.76136743,26.14410587,1.78610871
11.89236943,25.38910209,-0.06840938
-13.27880013,24.82646702,1.63471469
12.16459694,23.94591729,-0.06377636
-13.92271362,23.44515769,1.25808498
12.44552588,22.24784728,-0.28507662
-14.67461447,21.92459088,0.93600871
12.74836172,20.44261237,-0.49924872
13.13758523,18.74216571,-0.50184057
-15.56362403,20.31581781,0.88775146
12.43542264,17.57290559,-0.60041668
-15.34019787,19.20808992,0.76125877
11.87466641,16.51875050,-0.58646387
-15.15069232,18.18152459,0.75293031
11.49371530,15.50565720,-0.48677975
-14.98014327,17.16690160,0.85469640
11.31963944,14.48481877,-0.36350989
-14.85981459,16.07910430,1.04240463
-13.90276240,15.91989585,1.08835595
10.52641809,14.25973353,-0.24844079
9.86916802,14.02509125,-0.15192478
-13.07364095,15.75697856,1.17044715
-12.35122981,15.58478842,1.25867013
9.31474751,13.77860710,-0.07651260
8.84047225,13.51552634,-0.02248958
-11.70617357,15.39393931,1.33829835
-10.71086988,15.40098383,1.39403084
8.08266435,13.35779372,0.02342203
-9.79533949,15.33553078,1.43449764
7.41334534,13.15698202,0.05484401
6.79723100,12.91158282,0.08127063
-8.92643998,15.16825903,1.44512790
-8.09108833,14.88615356,1.41322661
6.20609116,12.61651016,0.10361647
-4.42337408,14.73412518,1.17984064
-3.46100354,14.66900169,1.06728889
2.03034224,13.35504315,0.56718983
3.01280826,13.05093652,0.47197916
3.81151059,12.95641799,0.37455270
-5.27622424,14.90810543,1.25977832
1.07075268,13.64561030,0.65004174
-2.54674209,14.54365522,0.96481868
-1.65753019,14.37772606,0.86945684
0.13681953,13.92195145,0.71933157
-0.77135341,14.18250677,0.78417081
4.60651986,12.85464274,0.27940691
-6.17011903,15.00602595,1.33243460
-7.10784472,15.00504764,1.38376518
5.40013735,12.74269085,0.18749821
-0.53630650,31.26353539,-7.37525612
-1.55667093,31.30224392,-7.30836695
-2.58100049,30.97614573,-7.11253773
-3.62619798,30.84023366,-6.95519965
0.48081997,31.32884878,-7.45944308
1.52316849,31.45542326,-7.57752573
-4.69462415,30.90656660,-6.82127851
2.62330774,31.59114029,-7.75781011
-5.79220770,31.17323535,-6.70805423
3.74921720,31.19558798,-7.63246026
-6.83824106,31.14194242,-6.46542595
4.98576114,30.71394956,-7.57755059
-7.93658496,31.28342179,-6.24902410
6.37948332,30.11004716,-7.65173415
-9.13155555,31.54001073,-6.05078129
-10.48211377,31.78871334,-5.87538914
7.98595169,29.39661686,-7.90133863
-11.08540057,31.64700331,-5.80767462
8.72169536,28.89001511,-8.03032406
-11.72945665,31.45836152,-5.75544063
9.51161093,28.40330734,-8.20879349
-12.42179059,31.22055786,-5.72708326
10.35639747,27.95535843,-8.44293723
11.25503575,27.56305853,-8.75061861
-13.17370388,30.93607325,-5.74301619
-13.36106784,30.17883013,-5.69832183
11.56622363,26.89502758,-8.67073893
-13.54792812,29.39856740,-5.71165293
11.85892691,26.25642666,-8.65782604
-13.73397922,28.59178508,-5.77556987
12.13151754,25.63900914,-8.72058452
-13.92441397,27.74564629,-5.88108590
12.38566458,25.03321653,-8.85328819
-13.94342090,26.47681363,-5.96513174
12.49489332,24.17271117,-8.92141279
-13.96902467,25.05956588,-6.10403442
12.58288764,23.28658155,-9.03027058
-14.07096475,23.52405217,-6.31116756
12.65114999,22.33718915,-9.12262511
-14.37167724,22.05807938,-6.49483190
12.70929566,21.31030810,-9.24280416
12.32579873,20.46296204,-9.16630900
-14.27027463,21.10630151,-6.53147139
-14.30438714,20.24198654,-6.52704226
11.95155932,19.60860539,-9.19788352
-14.43240167,19.39441049,-6.57078839
11.57731179,18.74434683,-9.36241269
-14.60285167,18.50220288,-6.72909318
11.17568041,17.83826502,-9.65101364
10.21286458,17.36877877,-9.38692140
-13.84398466,18.23279651,-6.69927760
-13.17612026,17.96882029,-6.70524049
9.29911058,16.90854583,-9.18798103
-12.57482463,17.70112591,-6.74139077
8.44032011,16.46052299,-9.03444026
-12.02294251,17.42244023,-6.80078065
7.63920973,16.02402205,-8.91405161
-10.93204613,17.36641013,-6.74442525
6.32652159,15.78249249,-8.55857631
5.14936238,15.58770135,-8.31573474
-9.95054514,17.27766761,-6.75468232
-9.07295111,17.13554942,-6.83549966
4.10262979,15.38894347,-8.15260868
3.16420088,15.15614342,-8.04915996
-8.28397714,16.92326965,-6.94168428
2.27461003,15.15661673,-7.93420169
-7.51596458,16.86594002,-7.02418681
1.44536052,15.11977662,-7.85465549
-6.82154934,16.73422155,-7.11114633
-6.18325908,16.52759318,-7.19165448
0.66662694,15.04280210,-7.80026494
-5.58293370,16.24173802,-7.26197807
-0.07127345,14.92145591,-7.76581629
-0.86643252,15.23460924,-7.65515429
-4.90864611,16.24701947,-7.29949719
-1.61084912,15.49014626,-7.57116860
-4.26255145,16.17746026,-7.34246806
-3.62619715,16.03926868,-7.39219290
-2.31327267,15.69040066,-7.50565915
-2.98263436,15.83587794,-7.45068481
