1.40611642,13.55484700,-0.13567614
0.12658205,13.48778178,-0.09855458
1.38373670,13.50928138,-0.00745975
0.10389972,13.44611391,0.02975185
-1.15029527,13.44313336,-0.03260419
-1.17433050,13.40439626,0.10181331
-2.43877345,13.42914675,0.08192295
-2.46548624,13.38612701,0.21927789
-3.79944065,13.40331644,0.22861709
-3.83286110,13.35049209,0.36581027
-5.92658526,32.62326880,2.53280094
-4.57681349,32.70813253,2.55615248
-5.93466869,32.60091538,2.67220220
-4.58496089,32.68399628,2.69490362
-3.28639825,32.83411542,2.61397533
-3.29527184,32.80920970,2.74795456
-2.02984106,32.97711722,2.70668359
-2.03938872,32.95136688,2.83498900
-0.78984546,33.11831762,2.82072935
-0.79960776,33.09255563,2.94581945
-5.11437904,13.47447105,0.39656673
-5.15643631,13.40897678,0.53220697
-6.61811872,13.47146532,0.54933261
-6.66431401,13.39514930,0.68193462
-8.26493663,13.41404832,0.64321904
-8.30506818,13.33090665,0.76957055
-9.96697640,13.34662827,0.63012705
-9.99599213,13.25689415,0.75643501
-11.46398892,31.22604174,2.26001327
-10.04930613,31.56998681,2.42022967
-11.47699892,31.19690936,2.38751992
-10.06292783,31.54560678,2.55314594
-8.63048500,31.90014394,2.50004068
-8.64273095,31.87890374,2.63522552
-7.24595630,32.24257734,2.52178490
-7.25589721,32.22124420,2.66041037
-11.57060639,13.75656988,0.63148349
-11.58967959,13.65601103,0.76238711
-13.05331991,14.13198376,0.53518045
-13.06700503,14.02162954,0.67323624
-14.41123335,14.47693497,0.35718192
-14.42312075,14.35753665,0.50039808
-15.68188659,14.79087825,0.11623289
-15.69318774,14.66797751,0.26310096
-16.49429803,15.16588444,-0.04038681
-16.50490569,15.04688726,0.11013028
-17.26646790,15.51627410,-0.18824594
-17.27769419,15.40292089,-0.03559780
-17.99061491,15.83366012,-0.30958158
-18.00563414,15.72710727,-0.15707156
-18.67210057,16.12721727,-0.39994667
-18.69306492,16.02564443,-0.24674150
-15.77808147,29.45819988,1.55680160
-14.65518852,29.93837978,1.69466807
-15.79275620,29.40058849,1.68673689
-14.66601374,29.88843965,1.82223208
-13.57175349,30.39747817,1.86674798
-13.58157967,30.35433759,1.99445121
-12.51066451,30.82418675,2.06278736
-12.52205469,30.78836381,2.18990555
-19.00109408,17.12542643,-0.27982059
-19.03000775,17.03142490,-0.12936675
-19.27514683,18.12060162,-0.12422886
-19.31209728,18.03018303,0.02666131
-19.49842107,19.14828101,0.04402092
-19.54535777,19.06086337,0.19099787
-19.68340177,20.22638540,0.19863816
-19.74136063,20.13885720,0.34567853
-19.24369002,21.65447627,0.40568361
-19.30283302,21.57205192,0.54898847
-18.74498529,23.08162605,0.58686070
-18.80528892,23.00322047,0.72950582
-18.22163799,24.47972193,0.74851718
-18.28079769,24.40853120,0.88712377
-17.69918305,25.82703926,0.88687916
-17.75526199,25.76264079,1.02594967
-17.21346393,26.79892481,1.08189755
-17.25956949,26.73590899,1.21827371
-16.72772181,27.72639289,1.25514860
-16.76265437,27.66465858,1.38890505
-16.25633614,28.61346309,1.41282409
-16.27980479,28.55350740,1.54408158
1.42545386,13.59974214,-0.26498897
0.14601766,13.52757405,-0.22790332
-1.13083335,13.47863617,-0.16246658
-2.41761512,13.46904619,-0.05123013
-3.77270172,13.45319850,0.09265348
-5.91983551,32.64620664,2.39393483
-4.56997879,32.73326737,2.42105950
-3.27838664,32.86014392,2.48279096
-2.02064775,33.00398933,2.57759300
-0.78008487,33.14557878,2.69568953
-5.07989895,13.53967517,0.26027349
-6.57875502,13.54736684,0.41712639
-8.22686414,13.49475350,0.51087223
-9.93768814,13.43374098,0.49734137
-11.45221300,31.25360604,2.13129066
-10.03922380,31.59644950,2.28786945
-8.62043190,31.92233523,2.36295046
-7.23807941,32.26512812,2.38247633
-11.55035298,13.85226084,0.49571303
-13.03577044,14.23916914,0.39606145
-14.39670443,14.58949928,0.21151513
-15.66850338,14.90596378,-0.03383467
-16.47722600,15.28006664,-0.19016658
-17.24642115,15.62339340,-0.33934807
-17.97205137,15.93403357,-0.46285859
-18.65027753,16.22117241,-0.55251669
-15.76728078,29.51552270,1.42633551
-14.64902952,29.98768786,1.56812421
-13.56350290,30.43858224,1.74029722
-12.50468389,30.86120513,1.93569467
-18.96356722,17.21743891,-0.42681859
-19.22689086,18.21172797,-0.27143295
-19.44313343,19.23646917,-0.10526518
-19.62255626,20.31190677,0.05190189
-19.17741408,21.73556448,0.26024761
-18.68221902,23.15601478,0.44484351
-18.16229457,24.54869881,0.60675678
-17.64276924,25.88835531,0.74713773
-17.16869375,26.85872377,0.94605077
-16.69598979,27.78477879,1.12301140
-16.22868634,28.66790932,1.28195521
2.65678712,13.51948043,-0.02488232
2.67880144,13.56529592,-0.15491666
3.90504786,13.50068563,-0.02559491
3.92652063,13.54646723,-0.16167786
5.10406292,13.46507884,-0.00206930
5.12428706,13.51455543,-0.14162374
6.24064201,13.43764406,0.06435982
6.25984938,13.49423383,-0.07916363
4.20332204,32.85214395,2.99677766
2.93873211,32.93281299,3.04234973
4.21315016,32.88584684,2.87031321
2.94813246,32.96199311,2.91663757
1.68687718,33.01395691,3.05289268
1.69621769,33.04067990,2.92921958
0.44279982,33.06811050,3.01935735
0.45253825,33.09446110,2.89468794
7.17659347,13.56064679,0.15108521
7.19351778,13.62474941,0.00713288
8.08243672,13.69355237,0.23704560
8.09685635,13.76283359,0.09750122
8.96792880,13.82948412,0.31780512
8.98091209,13.90328137,0.17769898
9.84329396,13.95349026,0.38091514
9.85505116,14.03033117,0.24282512
9.10177472,31.30068746,2.81763704
7.90332225,31.64809041,2.80945988
9.11538809,31.34907412,2.68117907
7.91511554,31.69332458,2.67481168
6.68003494,32.01564727,2.83156923
6.69083060,32.05740630,2.69957315
5.44026745,32.41389787,2.90106392
5.45069405,32.45263352,2.76986491
10.63318990,14.39431533,0.49611282
10.64361494,14.47403038,0.35892684
11.42144206,14.79837930,0.58384903
11.43025694,14.88049288,0.45044384
12.20629080,15.17530796,0.65431006
12.21386705,15.26159683,0.52175103
12.99068647,15.52931456,0.71067986
12.99781931,15.61624741,0.58011504
13.49668526,15.91587875,0.76095383
13.50551862,15.99851385,0.63036985
13.99855106,16.30034251,0.81113103
14.00950925,16.37886573,0.67735201
14.49607152,16.67918111,0.85479198
14.50811620,16.75178258,0.72171611
14.99356443,17.05480081,0.89905795
15.00676172,17.12247503,0.76330549
12.71653548,29.62813538,2.58139697
11.79383654,30.08458139,2.63197395
12.74639098,29.69453258,2.44527380
11.81896515,30.14642621,2.49755388
10.89566990,30.51525704,2.69998710
10.91622346,30.57309039,2.56579578
10.00130879,30.91509634,2.76537358
10.01809850,30.96868124,2.62914269
15.18865473,18.05561233,1.01612771
15.20100374,18.11913028,0.87870538
15.37471174,19.04746963,1.14204525
15.38694691,19.10710492,1.00030459
15.56009711,20.03437339,1.28071474
15.56932621,20.09083438,1.13790985
15.75522128,21.01898546,1.44112221
15.76184567,21.07410629,1.29241887
15.43746653,22.24415904,1.62046844
15.44619646,22.29513007,1.47357717
15.11518721,23.46738710,1.81583659
15.12574251,23.51577976,1.66817719
14.78970433,24.69651900,1.98563285
14.80221322,24.74324674,1.83673290
14.44489653,25.93265028,2.09688260
14.45904875,25.97929380,1.95108762
14.03985855,26.86771365,2.24102464
14.05709616,26.91818358,2.09441257
13.60947754,27.79903375,2.34963692
13.63019442,27.85388893,2.20735344
13.16903898,28.72490270,2.45610977
13.19448667,28.78493908,2.31834849
2.69776179,13.60910009,-0.28828763
3.94427092,13.58928578,-0.29925148
5.14060771,13.56151329,-0.28057278
6.27535610,13.54747363,-0.22109782
4.22412314,32.92200914,2.74538976
2.95844490,32.99485993,2.79148575
1.70600912,33.06966043,2.80713294
0.46252888,33.12208891,2.77087102
7.20745555,13.68822784,-0.13610869
8.10923646,13.83217499,-0.04436005
8.99191459,13.97343811,0.03888383
9.86568788,14.10405855,0.10518757
9.13145981,31.39995034,2.54883709
7.93027989,31.74542589,2.54154914
6.70405379,32.10436416,2.56776182
5.46297266,32.49570815,2.64099513
10.65359269,14.54971158,0.22301056
11.43865267,14.96193436,0.31589459
12.22362213,15.34431565,0.38811834
13.00844019,15.70025860,0.44687476
13.51537931,16.07994291,0.50001848
14.02113165,16.45340890,0.54640758
14.52516221,16.82188945,0.58855425
15.02727677,17.18841015,0.62552869
12.78356304,29.76605653,2.31572490
11.85104804,30.21367248,2.36698814
10.94165323,30.63435519,2.43428209
10.04026570,31.02762194,2.49837809
15.21499504,18.18294931,0.74129523
15.39678485,19.16843665,0.86227878
15.58052044,20.14902643,0.99405799
15.77476592,21.13001084,1.14449939
15.45721954,22.34722644,1.32584763
15.14158096,23.56619776,1.51977821
14.82046482,24.79273287,1.68954814
14.47925234,26.02916181,1.80462260
14.08000181,26.97157630,1.95080855
13.65774774,27.91230427,2.06676336
13.22155910,28.84554912,2.18159893
0.63537003,16.26957321,-7.62810087
-0.59795404,16.12220125,-7.74673961
0.63517580,16.29559958,-7.46164930
-0.60202986,16.15204206,-7.57720390
-1.80385301,15.90320591,-7.85735096
-1.81083041,15.93579729,-7.68610260
-2.97017442,15.64275385,-7.96180713
-2.97928729,15.67392833,-7.79002605
-4.09081141,15.37223738,-8.07000527
-4.10063848,15.39990557,-7.89806466
1.88225932,16.42841852,-7.32999283
1.87878408,16.40636268,-7.49183057
3.11567020,16.47638663,-7.20175956
3.11003219,16.45691129,-7.35924825
4.32554644,16.44273966,-7.08927430
4.31964621,16.42497270,-7.24341925
5.51556839,16.35419627,-7.00730301
5.51129890,16.33670583,-7.16054430
-0.27665161,36.06759834,-3.45306995
-1.72131669,35.67630891,-3.61682611
-0.27712385,36.07345025,-3.31325354
-1.72146869,35.67571815,-3.47917104
-3.22972845,35.27835997,-3.80940888
-3.22832595,35.27149518,-3.67273880
-4.83644012,34.90016339,-4.00283151
-4.83372583,34.88970422,-3.86637707
-6.57772977,34.56871458,-4.17218210
-6.57374821,34.55589215,-4.03342582
1.15243241,35.93825627,-3.21589923
1.15162759,35.93571529,-3.35610403
2.56437341,35.76830843,-3.15389383
2.56190120,35.76869253,-3.29501728
3.98660892,35.58253034,-3.12339527
3.98156613,35.58285230,-3.26596888
5.45370883,35.41747927,-3.12861169
5.44554223,35.41465185,-3.27315751
-5.05678732,15.37857898,-8.15019898
-5.06465403,15.39837594,-7.97935513
-6.00486445,15.42364072,-8.25182656
-6.00958739,15.43415807,-8.08176023
-6.95480596,15.52529567,-8.37063973
-6.95541045,15.52492129,-8.20094116
-7.93115972,15.68652610,-8.50306798
-7.92586455,15.67740440,-8.33156480
6.59229625,16.51940360,-6.93421487
6.59193376,16.50194033,-7.08832952
7.66766541,16.70587980,-6.91421737
7.67234372,16.68909795,-7.07113383
8.74617923,16.93023546,-6.92917783
8.75656906,16.91653061,-7.08868296
9.82618144,17.20111896,-6.94446482
9.84253687,17.19132155,-7.10401386
-8.38024412,33.89355339,-4.31127350
-8.37314851,33.87538903,-4.17097828
-10.25776016,33.25127539,-4.42604786
-10.24722700,33.22973502,-4.28293928
-12.08978329,32.61782399,-4.55487821
-12.07723247,32.59659622,-4.40853284
-13.76504452,31.99576962,-4.74064951
-13.75351126,31.97619047,-4.58881327
7.00579973,34.84110017,-3.13965396
6.99469582,34.83671694,-3.28591079
8.62142880,34.30896885,-3.18266925
8.60476735,34.30027736,-3.33247801
10.26065733,33.77805872,-3.30565165
10.23462998,33.76294557,-3.46229623
11.89713572,33.22492604,-3.48993945
11.85886659,33.20636375,-3.65609562
-8.97538973,16.05123880,-8.61948409
-8.96135331,16.03524096,-8.44505735
-10.13762609,16.45488015,-8.71439352
-10.11342517,16.43586952,-8.53565477
-11.44285667,16.89364593,-8.75940218
-11.41007275,16.87463286,-8.57665852
-12.89772072,17.36869974,-8.73150037
-12.85830031,17.35125591,-8.54742643
10.90173057,17.67344217,-6.90043970
10.92301845,17.66786488,-7.05688727
11.96830778,18.17776235,-6.80164853
11.99176140,18.17508330,-6.95066597
13.02217767,18.69665143,-6.65468246
13.04405527,18.69635212,-6.79571404
14.06548798,19.21427008,-6.48732353
14.08113068,19.21538491,-6.62176581
-16.10597187,30.35270759,-5.42431169
-15.56771264,30.76548788,-5.21713084
-16.10486518,30.33818160,-5.26011123
-15.56472386,30.75064869,-5.05603265
-14.99898398,31.17576770,-5.03450819
-14.99339707,31.16002344,-4.87679478
-14.39840889,31.58543705,-4.87601427
-14.38965430,31.56787367,-4.72117187
14.56550016,31.47869514,-4.07127960
13.91825845,31.91327862,-3.87639783
14.49384409,31.46069734,-4.24436693
13.85491734,31.89482132,-4.05072206
13.25455094,32.35301297,-3.72371683
13.19985227,32.33391869,-3.89645714
12.57926398,32.79141030,-3.59909801
12.53290098,32.77234579,-3.76904629
-13.80486293,17.84594638,-8.62573493
-13.76541360,17.82556449,-8.44394992
-14.73454491,18.31671851,-8.52526759
-14.69457771,18.29379232,-8.34552590
-15.64470426,18.76501135,-8.45435111
-15.60412647,18.74003788,-8.27653448
-16.49449941,19.18692702,-8.42646236
-16.45294646,19.15978939,-8.24994866
14.62270236,19.66087380,-6.35987585
14.63088852,19.66541877,-6.49194953
15.18225658,20.09611114,-6.24463300
15.18102864,20.10313508,-6.37618112
15.74517473,20.51846053,-6.15169845
15.73418550,20.52778863,-6.28364778
16.31076213,20.92891519,-6.08809535
16.28875974,20.93948469,-6.22184934
-16.91990797,20.09322111,-8.20452471
-16.87743183,20.06439453,-8.02840901
-17.26113397,21.01034476,-7.98834108
-17.21854730,20.98062368,-7.81243405
-17.51257292,21.93340058,-7.77791159
-17.47081912,21.90226431,-7.60149660
-17.68337280,22.85356667,-7.57282673
-17.64218694,22.82129801,-7.39526738
16.45685462,21.67446405,-5.91557800
16.43030037,21.68799940,-6.05181434
16.59329149,22.43674372,-5.74785952
16.56252860,22.45248936,-5.88819250
16.72238681,23.21844203,-5.59165801
16.68674537,23.23524568,-5.73785566
16.84266353,24.02247969,-5.45499078
16.80187724,24.03896694,-5.60800931
-17.56427040,24.06965760,-7.22544434
-17.52729408,24.03593158,-7.04957574
-17.40753437,25.24576085,-6.88160450
-17.37424697,25.21238731,-6.70774338
-17.23230204,26.37764742,-6.54812804
-17.20136089,26.34470045,-6.37529381
-17.04728895,27.46379828,-6.23549270
-17.01897993,27.43278319,-6.06386578
16.65753530,25.10568000,-5.26747432
16.61092608,25.12161840,-5.42615791
16.44605088,26.21229740,-5.11370260
16.39526890,26.22522029,-5.27561688
16.20189108,27.32243618,-4.96523519
16.14794038,27.33142641,-5.12974110
15.92100047,28.42112149,-4.79425568
15.86461188,28.42536516,-4.96083837
-16.82639772,28.21853946,-5.99866889
-16.80337866,28.19077682,-5.82905510
-16.59578580,28.95076350,-5.78304206
-16.57956007,28.92695172,-5.61541696
-16.35490415,29.66093907,-5.59108365
-16.34637806,29.64187561,-5.42537047
15.60227764,29.19141494,-4.61829672
15.54289475,29.19127087,-4.78547139
15.26789039,29.95483446,-4.42930513
15.20410152,29.94983998,-4.59847495
14.92127076,30.71570052,-4.24239269
14.85298795,30.70454229,-4.41309395
5.46172395,35.42163935,-2.98523834
7.01677726,34.84593280,-2.99518873
8.63792250,34.31860431,-3.03444945
10.28695813,33.79520688,-3.15024277
11.93726089,33.24731554,-3.32466450
5.52002017,16.36566885,-6.85712217
6.59293688,16.53153749,-6.78273029
7.66328799,16.71802404,-6.75962198
8.73610156,16.93977471,-6.77097003
9.80986947,17.20760373,-6.78450064
14.64062307,31.50239621,-3.89813185
13.98469214,31.93715623,-3.70264689
13.31178193,32.37722265,-3.55139224
12.62775553,32.81570416,-3.43008169
14.04873479,19.20994073,-6.35242999
14.61324101,19.65303113,-6.22796797
15.18228058,20.08552821,-6.11465865
15.75605146,20.50676937,-6.02112651
16.33407235,20.91639233,-5.95602405
16.48377321,21.65937845,-5.78115903
16.62522800,22.41974747,-5.60930384
16.75911466,23.20079865,-5.44762917
16.88485018,24.00576889,-5.30471114
-16.41450465,19.13144645,-8.07334868
-16.83645981,20.03486646,-7.85229250
-17.17677016,20.94949853,-7.63642223
-17.42969754,21.87025939,-7.42625044
-17.60189175,22.78878004,-7.21957817
16.70497779,25.09050991,-5.11123645
16.49805285,26.20009834,-4.95260860
16.25778255,27.31527968,-4.80187303
15.97958458,28.41869474,-4.62819923
-17.49122554,24.00225048,-6.87536373
-17.34120845,25.17833909,-6.53481814
-17.17110163,26.31190931,-6.20450487
-16.99115306,27.40202333,-5.89425482
15.66419530,29.19456128,-4.45108989
15.33428049,29.96373906,-4.26037388
14.99244163,30.73154351,-4.07099017
-16.78077372,28.16395561,-5.66094440
-16.56335835,28.90387568,-5.44908063
-16.33807413,29.62354830,-5.26096653
-16.10401483,30.32507737,-5.09668902
-0.27874408,36.08122696,-3.17434431
1.15239563,35.94182509,-3.07671584
2.56643150,35.76836050,-3.01409000
3.99131809,35.58374956,-2.98230553
0.63516284,16.31456570,-7.29669675
1.88602052,16.44341333,-7.16973224
3.12150956,16.48902080,-7.04646010
4.33160654,16.45377806,-6.93781189
-0.60578365,16.17579237,-7.40812423
-1.81771458,15.96288445,-7.51481033
-2.98843151,15.70078686,-7.61776263
-4.11104041,15.42393764,-7.72484276
-1.72327272,35.67665025,-3.34237322
-3.22886298,35.26545922,-3.53716016
-4.83320950,34.88054651,-3.73002095
-6.57191770,34.54369304,-3.89557047
-8.36751461,33.85814483,-4.03144471
-10.23752155,33.20882815,-4.14106258
-12.06390595,32.57610358,-4.26343097
-13.74120522,31.95794600,-4.43819614
-5.07402466,15.41632341,-7.80674645
-6.01670410,15.44383072,-7.91015126
-6.95953612,15.52519066,-8.02922012
-7.92551364,15.66951242,-8.15770753
10.88031219,17.67610969,-6.74368116
11.94422742,18.17769577,-6.65102961
12.99933805,18.69412498,-6.51278248
-8.95325484,16.02057831,-8.26843032
-10.09607707,16.41838851,-8.35446472
-11.38357150,16.85673318,-8.39093599
-12.82590734,17.33395133,-8.36134747
-13.73117763,17.80542855,-8.26034955
-14.65910865,18.27081983,-8.16423314
-15.56612146,18.71443067,-8.09757557
-15.56145522,30.73704757,-4.89629198
-14.98706591,31.14530027,-4.71981176
-14.38032429,31.55174530,-4.56756424
0.64556877,34.06925804,1.26504059
-0.66971530,34.11439576,1.17542400
0.54818023,33.55176050,1.99586237
-0.72474730,33.58407749,1.90804606
-1.98569638,33.89490802,1.02495782
-1.99715846,33.40793706,1.76861378
1.95603797,34.00466221,1.30914900
1.82025061,33.49634150,2.03619673
-3.32521835,33.66986244,0.88309847
-3.29047368,33.22841800,1.64591330
3.27610276,33.93337067,1.29881172
3.10281711,33.42722239,2.01854329
-4.70123875,33.45640207,0.76630225
-4.61906907,33.06350264,1.55494411
4.61600641,33.87938421,1.26004862
4.40257691,33.36871535,1.96840961
-6.13050038,33.27732611,0.68895535
-6.00373370,32.93745833,1.50388937
-7.51305879,32.77224641,0.64128623
-7.34985310,32.50462889,1.48186608
5.93682049,33.42026633,1.15818500
5.67908182,32.93143145,1.85706838
7.27092699,33.00347235,1.09273723
6.96082183,32.52941087,1.78038157
-8.95042621,32.32984688,0.61903826
-8.75646617,32.12241644,1.46906921
-10.41855752,31.92973196,0.57162105
-10.19828976,31.76889122,1.41253378
8.60670938,32.62298920,1.07828863
8.23199815,32.15747748,1.75511241
-11.87978354,31.53383103,0.45858325
-11.63523685,31.40640093,1.27848230
9.93764767,32.25821265,1.09636136
9.48329715,31.79576812,1.76485338
-12.82663190,31.14310657,0.31413124
-12.63555164,31.01861123,1.10947243
10.83228268,31.89072069,1.05513091
10.37489711,31.42202725,1.71796194
-13.76951271,30.73499985,0.15801487
-13.63688988,30.60660246,0.93352833
11.73878703,31.50875019,1.00236974
11.26665641,31.02904932,1.65762946
-14.71541312,30.31143194,0.00018883
-14.65284435,30.17265227,0.76925873
12.67333259,31.10974045,0.94434634
12.17354990,30.61127635,1.59358080
-15.66459648,29.87467776,-0.15478107
-15.68625112,29.72264763,0.62076731
13.64874062,30.69496074,0.89345963
13.11025431,30.17042352,1.54023951
14.06612927,29.74976540,0.71437940
13.53381726,29.23690098,1.38427672
-16.02636025,29.05541239,-0.31215989
-16.09835012,28.89482758,0.47106419
-16.38584258,28.20791677,-0.48692189
-16.51217732,28.03482408,0.30574003
14.47994551,28.79919708,0.54866727
13.95585728,28.29503360,1.24794140
0.74975682,34.60681126,0.57624995
-0.61143357,34.67490295,0.49092556
-1.97429567,34.40991961,0.33468584
-3.36314233,34.13634362,0.17730926
2.10063747,34.52091612,0.62120787
3.45782539,34.43269238,0.62377511
-4.79096606,33.87095837,0.04104509
-6.27170356,33.63721876,-0.05802189
4.83746173,34.37011143,0.60400033
-7.70022236,33.05762485,-0.13295245
6.20673930,33.88467083,0.52215829
-16.74264883,27.32668086,-0.68239783
-16.92796105,27.13551705,0.12178743
14.88265998,27.84913745,0.38232559
14.36644754,27.35078528,1.11418144
7.60448031,33.45898800,0.47618134
-9.17703666,32.54827969,-0.17376440
-10.67668175,32.09115305,-0.22608482
9.02583146,33.08728486,0.47594828
-12.16452515,31.65305830,-0.32980283
10.46921856,32.74584090,0.50367357
15.26986773,26.90421806,0.19598676
14.75844457,26.40984085,0.95799851
-17.09557563,26.40905438,-0.90039588
-17.34333220,26.19428854,-0.08374088
-13.05835536,31.25581298,-0.45752767
11.38458080,32.39798411,0.46929909
-13.94337900,30.84820077,-0.60087029
12.32499498,32.04021189,0.42517766
15.53859506,25.62591765,-0.00269291
15.06173950,25.15875674,0.81457620
-17.45221774,25.15235417,-1.09870679
-17.78802567,24.90180996,-0.24955943
-17.81956802,23.85057349,-1.31681612
-18.24497098,23.55628337,-0.43287824
15.79827596,24.37603888,-0.23108141
15.34947472,23.92759779,0.63011668
-14.82199004,30.43003293,-0.75304726
13.30377975,31.66935197,0.37790677
16.05513861,23.15153731,-0.46563755
15.63286790,22.71278598,0.42951841
-18.18571316,22.52092477,-1.55096207
-18.69446288,22.17975943,-0.63466291
-15.69209113,30.00140770,-0.91393348
14.33397369,31.28986544,0.33296963
-18.53069203,21.18388948,-1.79961253
-19.10952498,20.79697311,-0.85506342
16.30571818,21.94633830,-0.67478003
15.91409275,21.50668395,0.24678033
-16.00815593,29.18687648,-1.08206129
14.74901164,30.33554658,0.13276010
16.02501081,20.98948592,-0.81402523
15.69547512,20.54429320,0.11427889
-18.34854186,20.16215560,-1.96335878
-18.94609658,19.75023299,-1.01587363
-18.13515661,19.17444872,-2.11945018
-18.74843927,18.74980447,-1.17903631
15.76894997,20.04876905,-0.92094022
15.49323250,19.58765186,0.00232574
-16.31914755,28.34820870,-1.26720556
15.15611336,29.37751987,-0.06381350
0.85764907,35.08279443,-0.09258019
-0.54261699,35.18180704,-0.17210436
-1.94582857,34.87564312,-0.33441513
2.24107837,34.96634097,-0.04498422
-3.37926029,34.55626028,-0.50435812
-17.88717819,18.20671277,-2.25505250
-18.51005982,17.77730366,-1.32715293
15.53279151,19.11328592,-1.00301158
15.30037834,18.62898087,-0.09741196
3.62808272,34.85346324,-0.02903916
-4.85761701,34.24438882,-0.65775133
-16.62505954,27.48165141,-1.47475829
15.55162782,28.42089469,-0.26802146
5.04238192,34.77778788,-0.03003681
-6.39450971,33.96289864,-0.77542193
-7.88193414,33.32147458,-0.87360219
6.46299534,34.27659698,-0.08699527
15.31096080,18.17379186,-1.07343191
15.10915502,17.66121016,-0.19360677
-17.61014693,17.24154071,-2.36304648
-18.23261437,16.80562344,-1.44582307
-9.41207581,32.75334122,-0.93535313
7.93325599,33.85733727,-0.11346848
9.45398400,33.51055149,-0.10385201
-10.95483625,32.24354562,-0.99803651
15.93262132,27.46827912,-0.49110146
-16.92505508,26.58542168,-1.70533953
14.76445605,17.80064139,-1.07438315
14.60022402,17.29531932,-0.21732743
-16.97633044,16.91506087,-2.26642559
-17.58730488,16.50833046,-1.35525405
-12.47566533,31.76520954,-1.10176193
11.02946499,33.20801701,-0.07211606
14.23087874,17.42497582,-1.08897388
14.09250811,16.92635496,-0.24928041
-16.31440687,16.57374974,-2.15716567
-16.90131040,16.19066759,-1.23582973
-13.31851732,31.36246315,-1.22078680
11.96702617,32.87988535,-0.10285769
-15.62532237,16.21168212,-2.03809129
-16.17419930,15.84478975,-1.09686730
13.70447226,17.04330155,-1.11765073
13.58514872,16.55268451,-0.29196137
-17.20458363,25.35648134,-1.93589788
16.17527620,26.16030311,-0.74993655
13.18270790,16.65404303,-1.16139616
13.07779919,16.17095811,-0.34357990
-14.90697888,15.82594875,-1.91607346
-15.40784857,15.46774130,-0.94748123
12.93709945,32.54185777,-0.14020738
-14.14787763,30.95509046,-1.35668833
12.33756770,16.27030213,-1.22961775
12.27140535,15.80640403,-0.40993827
-13.70604268,15.47892077,-1.69630988
-14.15364723,15.13718829,-0.69591611
16.41298068,24.88439884,-1.02560498
-17.48811716,24.09001021,-2.18776067
-12.41388890,15.09370225,-1.51109577
-12.79941613,14.76597955,-0.49450630
11.49593199,15.85248805,-1.32453085
11.46582653,15.41045965,-0.49514355
13.94990737,32.19216349,-0.18132360
-14.96289294,30.54072010,-1.50688324
-11.00122462,14.66046115,-1.38386887
-11.30877792,14.34646143,-0.37300632
10.65835487,15.39793878,-1.44397631
10.66221234,14.98021990,-0.60283176
-17.76684204,22.79927223,-2.45554955
16.65314519,23.64355169,-1.29916166
-9.47412881,14.18356647,-1.33929456
-9.68252001,13.88246574,-0.35069963
9.82205641,14.90442757,-1.58716642
9.85781333,14.51140533,-0.73366993
15.01386825,31.83628991,-0.22906082
-15.76011088,30.11777752,-1.67221720
16.88673703,22.43441670,-1.54385964
-18.02774555,21.49892998,-2.73369571
-4.97057988,13.91550046,-1.50448218
-3.71436249,13.73659444,-1.63020414
-4.92992529,13.75053212,-0.60974667
-3.66045228,13.59555936,-0.76861186
6.11160970,13.89323192,-1.99547000
7.06535659,14.14665931,-1.90721925
6.24132299,13.72093669,-1.10810611
7.17594316,13.92024081,-1.02034549
-2.39674517,13.71277333,-1.72604390
-2.33627319,13.57368275,-0.89127302
4.97893075,13.83872400,-2.03227546
5.11633804,13.69801569,-1.15471047
-6.36345671,14.03422333,-1.38422536
-6.37367221,13.83647578,-0.45214629
7.99686892,14.40730482,-1.80212054
8.08403714,14.12490527,-0.92105185
8.91332647,14.66281081,-1.69242452
8.97490593,14.32486074,-0.82188509
-7.88270723,14.10910580,-1.31026624
-7.98106258,13.86453621,-0.34430015
3.80784494,13.82079710,-2.02178619
3.94006542,13.70078487,-1.15487476
-1.12528627,13.70359334,-1.80642403
-1.06197306,13.56485811,-0.98439838
2.60205527,13.81318445,-1.98006347
2.71824216,13.70322427,-1.12622618
0.12860686,13.73725596,-1.87000168
0.20397053,13.60854644,-1.04490060
1.37170852,13.78867863,-1.92860042
1.46705430,13.67837922,-1.08850847
15.42189303,30.87750334,-0.44523419
-17.81466078,20.49660423,-2.90383880
16.53057578,21.47881133,-1.72692470
-16.03823834,29.30985013,-1.85019100
-17.56928586,19.51529147,-3.05870383
16.20278432,20.54976654,-1.86742345
15.81940084,29.91785180,-0.67025901
-16.31104694,28.48220891,-2.04593884
-17.29153929,18.54794596,-3.18946099
15.90216214,19.63569637,-1.96606071
0.96331952,35.44085324,-0.77310976
-0.45901597,35.56228042,-0.85349228
-1.88579774,35.21927372,-1.02270214
2.36632302,35.30235448,-0.71997482
-3.34913444,34.86227453,-1.20432924
-16.57821165,27.63155970,-2.26334059
16.20189195,28.95904030,-0.90805526
-4.87039728,34.51653432,-1.37145956
3.77386833,35.17163350,-0.69121633
-16.98978899,17.58463435,-3.29527845
15.62783365,18.72716990,-2.03276310
5.21642414,35.08634179,-0.67640922
-6.46697921,34.20483483,-1.50182881
6.68788709,34.58015479,-0.71031782
-8.03139414,33.52929714,-1.61673684
-16.83992356,26.75705538,-2.50433359
8.22913852,34.16974269,-0.72181914
16.56849908,28.00142733,-1.16076758
-9.63582250,32.92105005,-1.69521659
15.01053405,18.34382632,-2.02525695
-16.34722257,17.22622597,-3.20144002
9.84294682,33.83991912,-0.71516915
-11.23964068,32.37061439,-1.76966496
-15.68991335,16.85703752,-3.10804777
14.42642088,17.95863359,-2.02229511
-15.01873059,16.47378460,-3.01573864
13.86364589,17.56874031,-2.02965632
11.53478349,33.55417597,-0.69768106
-12.80318826,31.85806436,-1.87822191
16.79464105,26.67618427,-1.45419987
-17.06612738,25.55293771,-2.76288465
13.31541593,17.17222613,-2.05408767
-14.33119037,16.07380261,-2.92935847
-13.59770213,31.45314127,-1.99309408
12.46781045,33.22361153,-0.73466038
12.41945794,16.76730856,-2.10309134
-13.17818664,15.70449445,-2.75918270
17.01481677,25.38210021,-1.74951766
-17.29126634,24.31632205,-3.04371572
-11.96167753,15.30815667,-2.61192596
11.53397688,16.33040305,-2.18895118
13.42882620,32.87793767,-0.77795999
-14.37336312,31.04622010,-2.12567658
10.65575126,15.85853333,-2.30550861
-10.66639302,14.88036575,-2.49354424
-17.50722054,23.05598050,-3.33819453
17.24149809,24.13182337,-2.03704244
9.78075863,15.35130095,-2.44560626
-9.29610328,14.42841111,-2.42189217
-15.12748812,30.63464095,-2.27738456
14.42089199,32.51694758,-0.83450999
-7.86085762,14.33422300,-2.35303852
8.84146084,15.07181392,-2.55698136
-6.45351585,14.25362436,-2.36439084
7.89373508,14.78016699,-2.67018785
-5.12043010,14.14459326,-2.42061021
6.93191262,14.48300512,-2.77614461
-3.88144540,13.98088555,-2.49931171
5.95043208,14.19206469,-2.86513176
4.79799034,14.11566286,-2.89947259
-2.57263157,13.98094672,-2.56904787
-1.30632741,13.97719962,-2.64336072
3.61527403,14.07592519,-2.88926527
17.46513634,22.92832068,-2.30491376
-17.70177220,21.78297803,-3.64091159
2.40587940,14.05199310,-2.84709322
-0.05920645,13.99451185,-2.71649735
1.17768127,14.02401025,-2.78918660
15.44211958,32.14418305,-0.92036079
-15.85620242,30.21523750,-2.44937378
17.05787368,21.98102060,-2.52948192
-17.46801759,20.79902393,-3.82006935
15.83223399,31.19594906,-1.14971115
-16.10686520,29.42043162,-2.63441735
-17.19382342,19.82970636,-3.98465634
16.67863915,21.06888528,-2.71879056
-16.35234746,28.60864131,-2.83826890
16.20922446,30.25023758,-1.39838170
16.32669198,20.17943798,-2.86661427
-16.88132731,18.87211863,-4.12726790
-16.59328724,27.77784234,-3.06372676
16.57067274,29.30794921,-1.65918863
-0.37315775,35.81492982,-1.57565408
-1.80843276,35.43896935,-1.75087426
1.05628510,35.68531547,-1.48838135
16.00253462,19.30209406,-2.97001046
-16.54363930,17.91981055,-4.24291767
-3.28720279,35.05189263,-1.94144135
2.46762684,35.53459658,-1.42717973
3.88692091,35.39011759,-1.38890092
-4.83905573,34.68314220,-2.12029725
-6.48993278,34.35493249,-2.26298758
5.34859133,35.29158030,-1.36843684
-16.82978222,26.92693772,-3.31091804
16.91592851,28.36719778,-1.92178421
-15.87343925,17.54145190,-4.16125637
15.30402622,18.90135657,-2.99073493
-8.13928217,33.66846858,-2.38681275
6.86224942,34.77683811,-1.38471259
14.65862478,18.50076488,-2.99705829
-15.19892406,17.15289581,-4.08333526
-9.83744804,33.04024197,-2.47628467
8.45636376,34.35481309,-1.39437643
-14.52014112,16.75346126,-4.01348674
14.05059063,18.09957666,-3.00243572
17.14589357,27.06417017,-2.20446592
10.12375039,33.99526100,-1.41460431
-17.02472944,25.74851395,-3.59341122
-11.52094930,32.46155176,-2.56234052
13.46846957,17.69465676,-3.01322820
-13.83911011,16.34184174,-3.95155009
11.85976975,33.65215629,-1.44523724
-13.13492056,31.91902975,-2.68104915
-12.70173370,15.95585995,-3.82662986
12.51550354,17.27151077,-3.03767739
17.35853195,25.78270569,-2.47511704
-17.21611613,24.53914245,-3.89628467
-11.53679529,15.55908541,-3.71944712
11.58503972,16.82499313,-3.09914422
12.73428749,33.28253376,-1.50412657
-13.88204673,31.51384896,-2.79609054
-10.34009880,15.15643590,-3.61589517
10.66768835,16.35296433,-3.19282714
17.56954294,24.54564245,-2.74524848
-17.39412378,23.30429561,-4.21091288
13.62235960,32.89482984,-1.57444428
-14.60406826,31.10774194,-2.93125658
-9.10837210,14.75532783,-3.52741324
9.75657442,15.85703545,-3.31215042
-7.82180515,14.66414260,-3.43030902
8.79313604,15.57452298,-3.41248260
-6.53917315,14.58972369,-3.38267081
7.82043640,15.28666911,-3.51521173
6.83285588,14.99673378,-3.61544161
-5.29168814,14.49732594,-3.37704993
-4.09724772,14.36001097,-3.40920026
5.82488701,14.71106355,-3.70411203
-2.81016312,14.39753901,-3.45601891
4.64952018,14.64499854,-3.74390560
-17.54463920,22.05233479,-4.53173803
17.77118469,23.36590828,-3.01954807
-1.54889369,14.42143601,-3.52083893
3.44242720,14.59558184,-3.74619346
-15.29806029,30.69736823,-3.08867066
14.51920220,32.48986791,-1.67169278
-0.29613539,14.45266705,-3.59426726
2.20759949,14.54690959,-3.71820178
0.95650624,14.49059114,-3.66731827
15.41655688,32.07322279,-1.82054116
-15.96085963,30.27955937,-3.26943054
17.37716542,22.44610526,-3.25051121
-17.30418221,21.08776271,-4.72430843
15.79285497,31.17284289,-2.04796393
-16.19616133,29.50788213,-3.45475152
17.00120266,21.56450957,-3.46253350
-17.01077720,20.13367935,-4.90389903
16.15696027,30.27929092,-2.29844924
-16.42636191,28.72037795,-3.66095445
-16.66700863,19.19109821,-5.06742887
16.64469058,20.71000392,-3.64783656
-16.65230565,27.91557291,-3.88903172
16.50864640,29.39198711,-2.55458845
-16.28660466,18.25631375,-5.20788158
16.30888746,19.87185389,-3.79801909
1.12339328,35.83908510,-2.25313120
-0.30537780,35.97152435,-2.34851296
-1.74266689,35.57375717,-2.52384817
15.56810872,19.44794116,-3.85750076
-15.57064538,17.86655490,-5.14683728
-3.23175648,35.16841414,-2.71982040
2.53586548,35.67896156,-2.18822565
-16.87414996,27.09204012,-4.13803075
16.84592949,28.50563863,-2.79861348
3.95876631,35.51684766,-2.14881779
-4.80888706,34.78766506,-2.90688461
14.88543255,19.02625306,-3.90163960
-14.85184168,17.46500792,-5.09356721
-6.50748688,34.45263052,-3.06104194
5.42722534,35.39013376,-2.13665846
-8.23834115,33.76635914,-3.19058143
6.96718345,34.85071996,-2.14628178
14.24529410,18.60638739,-3.93444295
-14.13585150,17.05289331,-5.04896340
17.10231493,27.26917188,-3.03824405
-17.05600408,25.94238880,-4.43690695
8.58472981,34.38391053,-2.16734666
-10.03164937,33.12660397,-3.28918916
-13.42840579,16.63234258,-5.01430581
13.63660886,18.18731360,-3.96239976
-12.26362967,16.23335341,-4.93204851
12.63081633,17.73848967,-3.98589944
10.25634350,33.94704880,-2.23174767
-11.79605532,32.52204475,-3.38996072
17.32475446,26.03697316,-3.25947820
-17.23228263,24.76025022,-4.75469040
-11.11295020,15.84125238,-4.86053181
11.65702374,17.28218065,-4.03090892
11.96424279,33.49619558,-2.33191832
-13.45242738,31.94424721,-3.52942840
-9.97880653,15.46825235,-4.77481218
10.70166240,16.81686393,-4.10065150
-17.39162530,23.54841572,-5.08343676
17.52569727,24.83732401,-3.49358014
9.75518725,16.34469270,-4.19000572
-8.85223201,15.11757957,-4.67909849
12.74770435,33.08379983,-2.41679231
-14.14786821,31.53854915,-3.64961913
-7.69411667,15.03064271,-4.56917468
8.77050012,16.08013717,-4.26371927
7.77716528,15.82344103,-4.34332700
-6.53857774,14.96368348,-4.48369569
6.76988809,15.57457826,-4.42803683
-5.39580889,14.89499610,-4.43027261
13.53069666,32.65645159,-2.51813788
-14.81287235,31.13188926,-3.79211896
5.74297556,15.33592524,-4.51360047
-4.27068448,14.80462841,-4.42195313
-17.51630037,22.31310879,-5.41613707
17.70405769,23.69288888,-3.75713651
-3.01843760,14.91447575,-4.44042964
4.55523607,15.32509731,-4.56160054
-1.76275822,15.01691009,-4.48026377
3.33141896,15.31159736,-4.58631139
2.07167458,15.27050573,-4.58721244
-0.49388445,15.11408677,-4.52488535
0.78892369,15.19173217,-4.56823725
-15.44513860,30.72151386,-3.95858221
14.30569061,32.21683895,-2.65386162
17.38527918,22.81401895,-3.96477165
-17.28554924,21.36547227,-5.61730940
-16.04310700,30.30505297,-4.15008621
15.06349010,31.77277825,-2.84650469
-16.98651573,20.42463201,-5.81264650
17.07104481,21.97325575,-4.17199518
15.42920149,30.94115648,-3.05360703
-16.27538986,29.56789450,-4.32826268
-16.61895921,19.49441156,-5.99931235
16.76226754,21.16049085,-4.36771797
-16.50059183,28.81394665,-4.52864095
15.78379430,30.11687883,-3.28069033
16.46052756,20.36668598,-4.54336605
-16.19381753,18.57459848,-6.17354289
-16.71998041,28.04162489,-4.75184213
16.12690732,29.29692511,-3.50891500
-15.41507874,18.17253043,-6.14687169
15.73837063,19.93143175,-4.61911672
16.45592625,28.47487845,-3.71967362
-16.93417129,27.24977456,-4.99591459
-14.61964544,17.75323799,-6.13715521
15.05995987,19.49580907,-4.69475343
-13.82298659,17.32073761,-6.14186018
14.41695348,19.06018360,-4.76563344
16.73249046,27.31631468,-3.91780747
-17.11340508,26.13157129,-5.30328991
-13.04268093,16.88129838,-6.15661741
13.80180190,18.62461740,-4.83059672
12.75975518,18.14193201,-4.88969589
-11.79047965,16.45134248,-6.13157418
-17.28486975,24.97587815,-5.62948334
16.96767824,26.14951384,-4.09411440
-10.61231127,16.04563624,-6.09561416
11.74801999,17.66452065,-4.94690308
10.75394527,17.19558293,-5.00615704
-9.51349451,15.68095760,-6.02243667
17.16860649,24.99892318,-4.28608499
-17.43665376,23.78396183,-5.96565986
9.76871494,16.74060737,-5.06722038
-8.47199841,15.35920543,-5.92223275
8.75926513,16.49417054,-5.10569014
-7.42803941,15.27375517,-5.80424341
-6.39154200,15.22600928,-5.69696780
7.74388440,16.27178392,-5.15315969
6.71828044,16.06853534,-5.21653238
-5.35492715,15.20148990,-5.61219397
17.33952331,23.88956640,-4.51953371
-17.54898402,22.56146646,-6.30550999
-4.30910550,15.18267118,-5.56701151
5.67643685,15.88247217,-5.29780257
4.48456241,15.93248134,-5.35728984
-3.10528246,15.39012152,-5.53840404
-1.86988684,15.58779048,-5.52066246
3.25574630,15.96288374,-5.41064227
1.98672096,15.94292897,-5.45288010
-0.60190180,15.75255539,-5.50224911
0.69125727,15.85855560,-5.48519956
17.12290348,23.05372834,-4.69572658
-17.34344695,21.62841905,-6.51044674
-17.05774840,20.69764767,-6.71579536
16.90129500,22.25062939,-4.88392773
-16.68829092,19.77605206,-6.92134762
16.67578043,21.47397043,-5.07332992
16.44633567,20.71691117,-5.25530121
-16.24215270,18.86619588,-7.12595344
15.79234623,20.29133191,-5.32803879
-15.40988122,18.45249782,-7.13308558
-14.53601294,18.01430302,-7.17215599
15.15862085,19.85853606,-5.41784558
-13.64866887,17.55746407,-7.23491193
14.54375178,19.41980064,-5.51664716
13.94508056,18.97562617,-5.61726862
-12.78225761,17.09404831,-7.30646913
-11.42175639,16.62697435,-7.32899380
12.88846938,18.46686686,-5.72893876
-10.19650281,16.19863772,-7.30907504
11.84842978,17.96520871,-5.82191584
10.81648098,17.48036450,-5.88951159
-9.10073580,15.82102975,-7.23873053
9.78827034,17.02453581,-5.93174146
-8.10098961,15.49856040,-7.13545164
8.74754554,16.77763265,-5.93606459
-7.13086860,15.40045367,-7.01045749
-6.17426953,15.36022621,-6.89156717
7.70457316,16.56787477,-5.94881200
6.65743205,16.38686969,-5.98865902
-5.21283270,15.36514674,-6.78818401
-4.22922485,15.39486242,-6.71269562
5.60040410,16.22647197,-6.06509166
4.40919967,16.31052814,-6.13672863
-3.07539658,15.66783694,-6.63107005
-1.87357465,15.92224997,-6.55337943
3.18664216,16.35878794,-6.22079177
-0.62883956,16.12352260,-6.47367717
1.92825437,16.34048951,-6.30836145
0.64660057,16.24494731,-6.39600615
-0.75216159,33.35169713,2.29555699
-2.00685188,33.19482829,2.16519756
0.50365784,33.32311928,2.37787679
-3.28070997,33.03495510,2.05619100
1.75964035,33.26863467,2.41651012
3.02571362,33.19681879,2.39822544
-4.58920810,32.89085707,1.97998715
4.30718987,33.13179576,2.34805417
-5.95508568,32.78627242,1.94213155
-7.28597921,32.38226510,1.92740533
5.56381647,32.70136976,2.23776171
-8.67950698,32.02254147,1.91207134
6.82387370,32.30586692,2.15989350
-10.10939079,31.68527356,1.84676025
8.07029060,31.94056717,2.13277806
9.29308627,31.58607529,2.14115956
-11.53446899,31.33450070,1.70168540
10.19089410,31.21279538,2.09224024
-12.56103631,30.94556875,1.51890845
-13.59133545,30.52931650,1.33275274
11.08468781,30.81907676,2.02980256
11.98958947,30.39886441,1.96346098
-14.64237955,30.08806611,1.16374355
-15.71856037,29.62843083,1.01862713
12.92009188,29.95288250,1.91092587
13.34994361,29.02605429,1.76633798
-16.15587285,28.79260997,0.87174609
-16.59720313,27.92266104,0.71077135
13.77802810,28.08864104,1.64279968
-17.04237630,27.01151651,0.53079936
14.19423518,27.14680043,1.51985061
-17.48866667,26.05643583,0.32971276
14.58971222,26.20594625,1.37138699
-17.97450383,24.74170739,0.17873541
14.91178082,24.96387764,1.24622678
-18.46828287,23.37218335,0.00845493
15.21604913,23.73683891,1.07246262
-18.94638865,21.97201862,-0.18210650
15.51532328,22.52176548,0.87818943
15.81488520,21.31139532,0.69839704
-19.38106222,20.56668896,-0.39454725
15.61306547,20.34120378,0.55903904
-19.21518167,19.50547888,-0.55290924
15.42462722,19.37405055,0.43687689
-19.01302205,18.49484628,-0.71960206
15.24103739,18.40257241,0.32659505
-18.76726939,17.51377524,-0.87233624
15.05478104,17.42170058,0.21950908
-18.47659829,16.53275073,-0.99640781
-17.81777337,16.24351377,-0.90733535
14.55238821,17.05671385,0.18857719
14.04893740,16.68901401,0.15079044
-17.11266730,15.93170776,-0.78574739
-16.36328954,15.58856954,-0.64031508
13.54433315,16.31641375,0.10569113
13.03886866,15.93671734,0.05302925
-15.57244765,15.21287586,-0.48485560
-14.30243612,14.88858052,-0.23120967
12.24530807,15.57795947,-0.00910860
-12.93677782,14.52672628,-0.03498786
11.45221352,15.19025213,-0.08795791
10.66001033,14.77010273,-0.18749044
-11.43874354,14.12124411,0.07831403
-9.80491294,13.67736863,0.08948834
9.86612012,14.31403881,-0.31246148
-3.69243299,13.53095091,-0.33795256
-2.35758974,13.52303758,-0.47334234
5.14658418,13.63656173,-0.71696041
6.27409292,13.64187678,-0.66297394
7.20474853,13.81181009,-0.57686545
-4.97597491,13.65720114,-0.17177192
3.96111289,13.65036236,-0.72557159
-1.07980253,13.52074513,-0.57470929
0.19095194,13.56698732,-0.63695688
2.72604448,13.65904619,-0.70613301
1.46277037,13.63949361,-0.67568159
8.10676524,13.98573984,-0.48046908
-6.44682723,13.70904959,-0.00837216
-8.08369157,13.69842438,0.09760344
8.99054340,14.15599799,-0.38935012
1.14264647,35.89336538,-2.65785591
-0.28621196,36.02855880,-2.75516984
-1.72557231,35.62570951,-2.92765279
-3.22117049,35.21606237,-3.12372368
2.55518503,35.72694963,-2.59331854
3.97870722,35.55372218,-2.55718552
-4.81083967,34.83239071,-3.31400221
5.44814061,35.40949628,-2.55206655
-6.53046005,34.49618938,-3.47362106
6.99672722,34.85306270,-2.56095661
-8.29690244,33.81087086,-3.60609598
8.61790497,34.35696845,-2.59013473
-10.13229100,33.16631993,-3.70977181
10.27995350,33.87557164,-2.67957387
-11.93130780,32.54789485,-3.82023824
-13.60101160,31.95001026,-3.97536520
11.95922425,33.37071354,-2.81745551
-14.26866498,31.54395018,-4.09976846
12.69427941,32.94429075,-2.91383538
-14.90423523,31.13704898,-4.24718385
13.42462431,32.50643691,-3.02753960
-15.50645354,30.72723992,-4.41881144
14.14387844,32.06169132,-3.17464366
14.84523685,31.61864451,-3.37304077
-16.07479030,30.31243664,-4.61516014
-16.30792179,29.59391199,-4.78706869
15.20524371,30.82048677,-3.56401411
-16.53283299,28.85791624,-4.98182031
15.55468633,30.02801803,-3.77297287
-16.75098700,28.10226843,-5.20017813
15.89217249,29.23705573,-3.98249093
-16.96283510,27.32599453,-5.43948058
16.21528478,28.44152919,-4.17562736
-17.14244358,26.22285195,-5.74886295
16.49478924,27.31438418,-4.35939781
-17.31314975,25.07903390,-6.07759779
16.73369571,26.17627751,-4.52046359
-17.46359320,23.89558505,-6.41606942
16.93750661,25.04828758,-4.69390738
-17.57397384,22.67816053,-6.75836632
17.11186545,23.95289309,-4.90753620
16.94337114,23.13434292,-5.06713318
-17.38470956,21.75232609,-6.96414514
-17.11336447,20.82662505,-7.17239317
16.76766551,22.34444023,-5.24279481
-16.75465781,19.90869684,-7.38428544
16.58548361,21.57851570,-5.42478324
-16.31423151,19.00251958,-7.59913488
16.39635398,20.83153982,-5.60484627
15.78127509,20.41491792,-5.67478691
-15.46869713,18.58583752,-7.61740091
-14.57067777,18.14264426,-7.67405597
15.17727054,19.98813688,-5.76782095
-13.65476207,17.67871150,-7.75809851
14.58467801,19.55236676,-5.87557248
-12.76159890,17.20854534,-7.84893484
14.00196913,19.10817953,-5.98979614
-11.35766697,16.73242437,-7.87951648
12.94712997,18.59391623,-6.12676733
11.89782764,18.08306220,-6.24207844
-10.10458538,16.29725760,-7.85416124
-8.99163554,15.91020091,-7.77797643
10.84884053,17.58959146,-6.32021750
9.79901108,17.12844416,-6.35883818
-7.98575717,15.57614909,-7.67175722
8.74161808,16.87349864,-6.35132029
-7.02578161,15.45937207,-7.54476110
7.68374272,16.66103314,-6.34976878
-6.08381106,15.40528429,-7.42429417
-5.13866622,15.40221230,-7.31816854
6.62506462,16.48075300,-6.37995043
-4.17068946,15.42962443,-7.23573523
5.56008343,16.32090706,-6.45481807
4.37003431,16.40980401,-6.53146729
-3.03511208,15.71059603,-7.13629917
3.15317194,16.45373333,-6.62884499
-1.84972804,15.97311629,-7.04100372
-0.62114314,16.18228829,-6.94347829
1.90537028,16.42367073,-6.73576679
0.63799561,16.31273830,-6.84535544
