0.23011007,12.74825969,1.44089521
-1.70125891,12.73672052,1.35045505
0.23707487,12.72297082,1.53878657
-1.69481194,12.71192685,1.45098774
-3.60880437,12.71177841,1.28576815
-3.60254920,12.68576529,1.39072697
-5.45724561,12.70873883,1.27567239
-5.45093574,12.68024030,1.38634971
-7.24617573,12.76068339,1.31364189
-7.23952371,12.72993090,1.43031684
-8.53564325,37.60733031,-0.59598845
-6.68940877,37.29793955,-0.55714701
-8.53577686,37.62109016,-0.48907439
-6.68879525,37.31393286,-0.44913737
-4.73676134,37.05153599,-0.43784330
-4.73427439,37.06859589,-0.32924663
-2.68065207,36.82108943,-0.27305083
-2.67498176,36.83808800,-0.16400228
-0.56647170,36.63931117,-0.11355936
-0.55751397,36.65604427,-0.00413742
-8.77226973,12.98908911,1.35365953
-8.76620316,12.95740125,1.47459180
-10.29788451,13.26114361,1.37809972
-10.29217672,13.23115357,1.50254198
-11.82649962,13.54448910,1.36091163
-11.82067471,13.51850672,1.48702039
-13.33256828,13.79425568,1.29270111
-13.32596210,13.77322020,1.41897955
-15.04962206,36.04019401,-0.16675316
-13.41700602,36.58927490,-0.28201222
-15.03949217,36.02899478,-0.05967772
-13.41239642,36.58552299,-0.17503138
-11.79698780,37.02204695,-0.40936891
-11.79528576,37.02521549,-0.30263991
-10.18042397,37.35090592,-0.52299735
-10.18003260,37.35990319,-0.41637672
-14.67277061,14.31199896,1.18225860
-14.66446524,14.29606553,1.30831120
-15.94882462,14.78455174,1.00408958
-15.93748040,14.77252349,1.12913251
-17.14849816,15.23769811,0.78594770
-17.13307261,15.22776358,0.90909205
-18.27929074,15.68988641,0.55614010
-18.25930899,15.68051107,0.67807562
-18.99747551,16.16346823,0.38866770
-18.97302702,16.15717621,0.51128782
-19.69015919,16.64354698,0.23045008
-19.66241504,16.63991890,0.35539205
-20.35619867,17.12862439,0.08978205
-20.32631384,17.12719296,0.21825106
-21.00156145,17.61661619,-0.02503862
-20.96976270,17.61664846,0.10760176
-19.57861856,33.05226954,0.03715588
-18.55327659,33.86650739,-0.01120347
-19.54548226,33.01469920,0.14375292
-18.52434846,33.83346102,0.09525934
-17.44675677,34.64469963,-0.05982587
-17.42345523,34.61772187,0.04678221
-16.27217720,35.37329353,-0.11238922
-16.25561708,35.35381756,-0.00540210
-21.36643785,18.76949776,-0.13601023
-21.33889327,18.76736578,-0.00211162
-21.73004002,19.93440397,-0.19473556
-21.70610201,19.93029095,-0.06063488
-22.08822443,21.10752934,-0.19733090
-22.06723178,21.10137939,-0.06442578
-22.43520324,22.28471073,-0.14764341
-22.41621419,22.27651827,-0.01686239
-22.21972388,23.70317302,-0.16624287
-22.20168468,23.69460539,-0.03887738
-21.96744599,25.14944273,-0.17641190
-21.95025186,25.13998790,-0.05254051
-21.67219385,26.62483097,-0.18435926
-21.65564700,26.61369099,-0.06390583
-21.33041414,28.12914762,-0.19352908
-21.31402086,28.11574080,-0.07628438
-20.92258617,29.33490693,-0.13352035
-20.90194693,29.31553090,-0.01919513
-20.49303687,30.55941080,-0.07455365
-20.46835701,30.53398695,0.03701890
-20.04495824,31.80014167,-0.01676498
-20.01604564,31.76838475,0.09225417
0.22291353,12.77332810,1.34373309
-1.70784424,12.76131028,1.25080294
-3.61500987,12.73781762,1.18195373
-5.46351104,12.73747656,1.16624651
-7.25297409,12.79185200,1.19799494
-8.53525330,37.59397784,-0.70192623
-6.68947534,37.28278013,-0.66398418
-4.73900079,37.03521063,-0.54528080
-2.68617270,36.80521291,-0.38101373
-0.57557357,36.62359165,-0.22203661
-8.77865778,13.02133079,1.23317831
-10.30389915,13.29165082,1.25377785
-11.83232380,13.57076966,1.23476982
-13.33896996,13.81507987,1.16633632
-15.05899013,36.05168792,-0.27295944
-13.42135456,36.59322187,-0.38813500
-11.79853067,37.01927872,-0.51518759
-10.18065901,37.34261705,-0.62866038
-14.68067400,14.32752742,1.05619219
-15.95916919,14.79628590,0.87913863
-17.16282801,15.24714342,0.66295246
-18.29818348,15.69838928,0.43452682
-19.02043825,16.16899343,0.26642402
-19.71631048,16.64649798,0.10578870
-20.38468037,17.12955048,-0.03867655
-21.03206214,17.61568374,-0.15760224
-19.61097856,33.09059727,-0.06892681
-18.58143365,33.90012524,-0.11702278
-17.46898682,34.67205082,-0.16578237
-16.28797508,35.39316212,-0.21852205
-21.39259098,18.77094368,-0.26971374
-21.75239448,19.93815823,-0.32840709
-22.10802413,21.11350193,-0.32999434
-22.45319998,22.29291795,-0.27825121
-22.23656606,23.71204814,-0.29353105
-21.98334014,25.15940209,-0.30025955
-21.68743795,26.63636353,-0.30489120
-21.34551200,28.14326292,-0.31072553
-20.94184024,29.35481361,-0.24757522
-20.51663332,30.58547420,-0.18580575
-20.07298775,31.83224246,-0.12537629
2.15357609,12.64747322,1.60795346
2.14610011,12.67249012,1.51032040
4.01901182,12.52603207,1.64817653
4.01081770,12.55114386,1.54866016
5.81095379,12.40182582,1.68906399
5.80172112,12.42673311,1.58586349
7.54661553,12.31778532,1.78973324
7.53605617,12.34175838,1.68261265
7.40103281,35.78026025,0.15278454
5.45994770,35.87349194,0.17954258
7.37974597,35.76030306,0.04393072
5.44311723,35.85459153,0.06944650
3.53131411,36.06613647,0.17033764
3.51748800,36.04822515,0.06015408
1.53970860,36.32660192,0.11896083
1.52807850,36.30980059,0.00885510
9.01193193,12.45051660,1.90761150
8.99875896,12.47417323,1.79848572
10.47232125,12.70594167,2.02308339
10.45678641,12.72965264,1.91258008
11.89310566,13.04839579,2.09863491
11.87596684,13.07344136,1.98652072
13.23682949,13.41339023,2.11440828
13.21804402,13.44132195,2.00015673
14.36849577,33.80660842,0.21168961
12.75267364,34.27736329,0.16688923
14.33794348,33.79973349,0.10448923
12.72281086,34.26577077,0.06070393
11.05988152,34.75903535,0.16439528
11.03157605,34.74319745,0.05808516
9.26514877,35.25065769,0.17049059
9.23950121,35.23195165,0.06285284
14.39376882,14.09153733,2.09379827
14.37265514,14.12249671,1.97776330
15.49659913,14.73044457,2.01206319
15.47316543,14.76505140,1.89529835
16.56143840,15.32839309,1.87402194
16.53543964,15.36738522,1.75773268
17.62297330,15.89276634,1.70167137
17.59412982,15.93677054,1.58605980
18.33780563,16.41494771,1.58309299
18.30914140,16.45884876,1.46746253
19.08200826,16.93018593,1.46606242
19.05343282,16.97363241,1.34996362
19.85657786,17.44201369,1.35796649
19.82798533,17.48473260,1.24074919
20.65693468,17.95281703,1.26570880
20.62777393,17.99418846,1.14630651
19.09880209,31.92115580,0.51055696
17.89371616,32.36751845,0.43355433
19.06944500,31.94129246,0.40017958
17.86521672,32.38154117,0.32431508
16.71574932,32.82392764,0.34519619
16.68734221,32.83114450,0.23628191
15.54596554,33.30085810,0.26607370
15.51668487,33.30120397,0.15778321
21.11018335,19.05787898,1.25060527
21.07437197,19.09557976,1.13243359
21.57341393,20.18346492,1.25023999
21.53068240,20.21676609,1.13216234
22.03749562,21.32957928,1.25990285
21.98760012,21.35793676,1.14155286
22.49140763,22.49443841,1.26873015
22.43433381,22.51746663,1.15025065
22.15043285,23.80931152,1.24549528
22.09499050,23.82626483,1.12851418
21.77621421,25.12603592,1.17194600
21.72128752,25.13822668,1.05558853
21.37150479,26.44714760,1.04472535
21.31634433,26.45602146,0.92929145
20.94297508,27.77647558,0.87308409
20.88745447,27.78290365,0.75916846
20.48825499,28.80074835,0.79621178
20.43893303,28.81019907,0.68338843
20.02569048,29.83253536,0.70706838
19.98274884,29.84521456,0.59538296
19.56101107,30.87230459,0.61092946
19.52483132,30.88868326,0.50010088
2.13839086,12.69719037,1.41345639
4.00247707,12.57597217,1.45021413
5.79252469,12.45120015,1.48413849
7.52553044,12.36539774,1.57702109
7.35892519,35.74232792,-0.06425018
5.42653944,35.83751070,-0.03966796
3.50361054,36.03194347,-0.04895264
1.51619592,36.29423075,-0.10013047
8.98563832,12.49754929,1.69046091
10.44128245,12.75283658,1.80276905
11.85871862,13.09791049,1.87464992
13.19904013,13.46853470,1.88576779
14.30742391,33.79488355,-0.00167847
12.69311244,34.25609160,-0.04454528
11.00349259,34.72945574,-0.04747178
9.21421963,35.21542984,-0.04412373
14.35140419,14.15302170,1.86143710
15.44944317,14.79952704,1.77825128
16.50935010,15.40665679,1.64123922
17.56537018,15.98119015,1.47056699
18.28039848,16.50329916,1.35224803
19.02481581,17.01794294,1.23439758
19.79931961,17.52851965,1.12408995
20.59827190,18.03674077,1.02756582
19.03978208,31.96296125,0.29000241
17.83687002,32.39720964,0.21540360
16.65891862,32.84022875,0.12786675
15.48754259,33.30346158,0.05040467
21.03822855,19.13456084,1.01491289
21.48750158,20.25136569,1.01489666
21.93728416,21.38777157,1.02380491
22.37682181,22.54214843,1.03212929
22.03889528,23.84495041,1.01171587
21.66567723,25.15204748,0.93938959
21.26050279,26.46622059,0.81399864
20.83141832,27.79106466,0.64545371
20.38921374,28.82119470,0.57088773
19.93950932,29.85943054,0.48392176
19.48840442,30.90649040,0.38941913
0.04117214,14.27192369,-8.15277192
-1.51527511,14.27025510,-8.13589299
0.03321969,14.34294059,-8.00782059
-1.52191002,14.33887759,-7.98890464
-3.04211319,14.22971531,-8.10049838
-3.04708603,14.29508439,-7.95015596
-4.53819557,14.18053154,-8.08796196
-4.54181702,14.23892350,-7.93154881
-6.01294156,14.13329622,-8.11911045
-6.01703988,14.18148186,-7.95584576
1.59586560,14.35092337,-7.98393582
1.60488410,14.27729155,-8.12794664
3.14564624,14.29543224,-7.90302301
3.15613072,14.22043512,-8.04842683
4.64713606,14.21922359,-7.79949162
4.65889458,14.14709040,-7.94898473
6.08799179,14.15094434,-7.72198276
6.09956156,14.08473130,-7.87888753
-0.89483671,39.43992450,-10.69925476
-2.94547867,39.68410211,-10.65921477
-0.89987443,39.47104221,-10.59103994
-2.94670351,39.69669054,-10.55018472
-4.97446150,40.07479193,-10.58491910
-4.97198926,40.06958768,-10.47475781
-6.99959512,40.47617356,-10.45765504
-6.99448736,40.46658130,-10.34800117
-8.99239171,40.87956259,-10.32153200
-8.98136320,40.87181836,-10.21232152
1.19308929,38.92807909,-10.53906211
1.20195171,38.90604396,-10.65053112
3.29437732,38.54164999,-10.50065412
3.30776144,38.52771394,-10.61523941
5.37621983,38.26658412,-10.48371732
5.39289661,38.25096544,-10.59797018
7.41950318,38.12410608,-10.51683338
7.44102203,38.10483258,-10.62945934
-7.36274490,14.33498603,-8.23729677
-7.36897026,14.37378998,-8.07067055
-8.66993152,14.56431432,-8.43834151
-8.68026266,14.58938217,-8.27319026
-9.92199114,14.81410910,-8.70588330
-9.93835429,14.82215606,-8.54374577
-11.14281877,15.04896665,-9.00221001
-11.16284401,15.04421754,-8.84485785
7.36211304,14.32997800,-7.75884949
7.37316668,14.27095375,-7.92262020
8.60655047,14.55164928,-7.89008532
8.61573430,14.50454831,-8.05979237
9.83279017,14.83532093,-8.10413441
9.83887843,14.80483328,-8.27743070
11.05194114,15.17933252,-8.35036521
11.05730856,15.16112258,-8.52183460
-10.83353308,40.60590881,-10.16864964
-10.81065744,40.58669604,-10.05734137
-12.61366087,40.14289700,-10.10435385
-12.57842603,40.12893999,-9.98986067
-14.35835945,39.48539535,-10.11108318
-14.32099655,39.48526515,-9.99339583
-16.10332527,38.60970107,-10.13380183
-16.05800261,38.62887169,-10.01609023
9.32548395,37.59655208,-10.45429618
9.35639744,37.59074045,-10.56961185
11.14074692,37.10769835,-10.36774208
11.18301308,37.10578180,-10.48399329
12.87459619,36.63671322,-10.26159483
12.92102338,36.63594220,-10.37738605
14.53936226,36.15702568,-10.18735421
14.59957738,36.15678211,-10.30168609
-12.35065735,15.44999563,-9.33220684
-12.36885451,15.44252454,-9.18212683
-13.50405426,15.89806965,-9.66682563
-13.51869706,15.89106127,-9.52247879
-14.62519010,16.39284449,-9.98877956
-14.63652730,16.38252100,-9.84885347
-15.72386108,16.92677540,-10.23653606
-15.73449584,16.91084468,-10.10088969
12.24214871,15.75147443,-8.62318587
12.25235539,15.73664324,-8.78675692
13.36955721,16.41810521,-8.84551616
13.38631924,16.40473501,-9.00120634
14.45652507,17.15065212,-9.00141765
14.47856337,17.14139049,-9.14987738
15.50204805,17.93017457,-9.09477372
15.52600876,17.92691324,-9.23807241
-19.37694380,34.80528437,-10.25010639
-18.58317470,35.80468538,-10.18251197
-19.43069038,34.77208131,-10.13691228
-18.60891753,35.78387404,-10.06492061
-17.79453760,36.76536086,-10.14851291
-17.78864380,36.75700377,-10.02949343
-16.97093671,37.69927153,-10.13648491
-16.93835654,37.71044960,-10.01764620
17.76541545,33.62821345,-10.09001730
16.98747002,34.30921389,-10.08488739
17.76598153,33.67449716,-10.21164754
17.00359842,34.34583942,-10.20526086
16.20355444,34.94531344,-10.09739894
16.23954930,34.97309670,-10.21722025
15.38885451,35.55924111,-10.12905584
15.44239414,35.57099160,-10.24702994
-16.30476366,17.46156767,-10.33799038
-16.31725169,17.43966934,-10.20539271
-16.91452503,17.97826869,-10.38997465
-16.93326754,17.94820578,-10.26037381
-17.51786737,18.48833079,-10.40548712
-17.54222440,18.44860313,-10.27969549
-18.18829538,18.99441406,-10.39301402
-18.21252538,18.94516814,-10.26958310
16.03559973,18.57666271,-9.15061812
16.05812708,18.57946034,-9.29193217
16.59256327,19.20819730,-9.19017133
16.61063062,19.21724525,-9.33056437
17.14141139,19.81712935,-9.22687066
17.15554957,19.83427319,-9.36601935
17.74283019,20.41870111,-9.26254199
17.75994993,20.44436428,-9.40099404
-18.53010601,20.03132517,-10.30975976
-18.53840870,19.98691184,-10.18686571
-18.90827149,21.07302843,-10.21495096
-18.90916656,21.03224204,-10.09001534
-19.24808267,22.16194662,-10.12539249
-19.24875515,22.12035518,-9.99864664
-19.61450538,23.27314062,-10.03968760
-19.61487889,23.22725427,-9.91265151
17.99570761,21.40668633,-9.30625281
18.02988268,21.43403636,-9.44363331
18.28522869,22.38090299,-9.36262659
18.32799672,22.40849828,-9.50126321
18.53750755,23.35612785,-9.43797955
18.58313407,23.38695249,-9.57644701
18.79755193,24.32903936,-9.51948274
18.84493637,24.36567897,-9.65720715
-19.70918757,24.59973139,-9.94721126
-19.70708531,24.53875421,-9.82101008
-19.79176284,26.03270469,-9.89228289
-19.79161061,25.94469980,-9.76579049
-19.86935753,27.38945971,-9.90310771
-19.87302759,27.29261167,-9.77570390
-19.92704946,28.91999298,-9.96415134
-19.93650561,28.78016206,-9.83706791
18.78587410,25.41758176,-9.57860704
18.83356747,25.47046762,-9.71681166
18.75066914,26.57186326,-9.64062974
18.79454955,26.65203700,-9.78051842
18.71307179,27.67487622,-9.71046289
18.75360079,27.76467124,-9.84985612
18.64829270,28.87540224,-9.78526738
18.67977006,29.00410426,-9.92333347
-19.78853208,30.38415021,-10.02878392
-19.80430625,30.24771739,-9.90386982
-19.64202228,31.84842959,-10.11120412
-19.66810265,31.74845823,-9.99068909
-19.50148490,33.29972983,-10.19375726
-19.54277877,33.23364678,-10.07737272
18.41932838,30.05056745,-9.84106318
18.44530311,30.17751981,-9.97595506
18.19183024,31.23533602,-9.91276148
18.21214779,31.33533836,-10.04401000
17.97540580,32.41539562,-9.99946217
17.98572666,32.48848181,-10.12685736
7.40177922,38.13619123,-10.41270883
9.29165903,37.59243973,-10.34506035
11.09730940,37.10409270,-10.25777750
12.82205277,36.63044653,-10.15496197
14.47680029,36.15300887,-10.07698220
6.07133986,14.23850719,-7.58952344
7.33891677,14.41095302,-7.62061249
8.58213870,14.61901480,-7.74394600
9.81358356,14.88427659,-7.94424150
11.03030922,15.22102654,-8.18977620
17.76853596,33.57381310,-9.97890321
16.97766559,34.26115270,-9.97313622
16.16299084,34.91737542,-9.98632013
15.32844531,35.54642015,-10.01912257
15.46414239,17.94571769,-8.96533763
16.00603014,18.57699672,-9.01570072
16.55303216,19.20088729,-9.05635871
17.11079762,19.80906719,-9.09419219
17.68347999,20.39438084,-9.13648180
17.94604213,21.38852940,-9.17974455
18.21293158,22.36962675,-9.23445838
18.48063977,23.34040348,-9.30420557
18.74506291,24.30383155,-9.38949545
-18.18647809,18.91337476,-10.16368895
-18.52380859,19.96023667,-10.08043373
-18.87288609,21.02096914,-9.98121198
-19.23314658,22.09941254,-9.88132790
-19.60359937,23.19822787,-9.79664094
18.73408838,25.38579245,-9.44715561
18.70889271,26.48138215,-9.51017889
18.67239182,27.59200749,-9.58030536
18.62887531,28.71802259,-9.65879330
-19.69721557,24.50471035,-9.70218801
-19.78669627,25.84139356,-9.65108861
-19.87116539,27.20598213,-9.65855273
-19.95155752,28.59591471,-9.72142106
18.40801954,29.90793923,-9.72019697
18.18969499,31.11522371,-9.79549837
17.97621427,32.33807289,-9.88278676
-19.82890459,30.09268830,-9.79349602
-19.70625123,31.61460147,-9.88296161
-19.58867161,33.15934893,-9.96984909
-19.48065660,34.72436522,-10.03382783
-0.90420040,39.50138284,-10.48985788
1.18433631,38.94348950,-10.43198863
3.28214472,38.54155779,-10.39553894
5.36322311,38.26925245,-10.38186279
0.02451963,14.43452185,-7.88341211
1.58461814,14.44487285,-7.86091093
3.13166420,14.39226836,-7.77943127
4.63056437,14.31353485,-7.67150360
-1.52803900,14.42873130,-7.86368613
-3.05043696,14.38429311,-7.82434107
-4.54282091,14.32231654,-7.79733190
-6.01832675,14.25513436,-7.81693432
-2.94628486,39.70371838,-10.44862469
-4.96827543,40.05063058,-10.37157945
-6.99070205,40.44538959,-10.24859819
-8.97313307,40.85876489,-10.11201513
-10.78417884,40.55807468,-9.95459989
-12.54185583,40.10783578,-9.88257141
-14.27559161,39.47722642,-9.88514950
-16.00730716,38.64225781,-9.90414601
-7.36342111,14.43850176,-7.92965902
-8.67535767,14.64015514,-8.12814332
-9.94204921,14.85292992,-8.39323558
-11.16700640,15.06925934,-8.69705598
12.20833722,15.78811550,-8.47033031
13.33947456,16.44394515,-8.69834714
14.42240015,17.17334676,-8.85820684
-12.36310144,15.46582542,-9.04346079
-13.52011587,15.90234115,-9.38622100
-14.63501369,16.39191963,-9.71316458
-15.72702201,16.91483864,-9.98206350
-16.32032167,17.42517304,-10.08478087
-16.92558978,17.92963932,-10.14266065
-17.54688157,18.42562313,-10.16576516
-18.63501933,35.74495068,-9.95641424
-17.77278079,36.74792465,-9.91861261
-16.89467577,37.71792298,-9.90747059
1.37652106,36.99399650,-1.69383214
-0.73283280,37.26221507,-1.82220156
1.44324482,36.72316573,-0.92044324
-0.66380712,36.98208476,-1.03464320
-2.78509039,37.23156729,-1.19796708
-2.84223214,37.48474430,-1.96066084
-4.84768046,37.53646894,-1.35835503
-4.89881659,37.76843943,-2.09257511
3.41487171,36.78661913,-1.63628609
3.46008636,36.52941092,-0.87756569
5.37118134,36.42347974,-1.63697559
5.39785149,36.17583792,-0.85770809
-6.78753370,37.63479250,-1.44631320
-6.84507241,37.85826945,-2.18014652
7.30597539,36.15672903,-1.65901307
7.32837338,35.91951834,-0.86287423
-8.63342136,37.79717241,-1.45533987
-8.70980023,38.01464698,-2.18834345
9.17191288,35.65967551,-1.62083048
9.20258349,35.44458210,-0.84100916
-10.32778564,37.62335967,-1.37245877
-10.43397815,37.83042222,-2.08931119
-11.99640597,37.37469499,-1.25175162
-12.13513700,37.57590878,-1.95674862
10.97314402,35.20926358,-1.58989782
11.01154356,35.01364389,-0.83575281
12.65295588,34.68875279,-1.54959690
12.69597229,34.51358503,-0.81688179
-13.64954861,36.92893665,-1.12157789
-13.82059945,37.12039720,-1.82174839
-15.32692742,36.36911313,-1.00073503
-15.53202153,36.55108416,-1.69559845
14.27207940,34.19271787,-1.48497813
14.31305253,34.03323344,-0.76511091
-16.60215253,35.79944507,-0.92174313
-16.80897923,35.98199566,-1.62048492
15.46227054,33.78991955,-1.43007452
15.52683484,33.63470020,-0.70571829
16.63957741,33.40808023,-1.36066139
16.73061074,33.26072501,-0.62287193
-17.82438597,35.15809475,-0.84198097
-18.03873195,35.34249449,-1.54965099
17.67651443,32.78284417,-1.28451322
17.80221505,32.64554439,-0.53328244
-18.88396683,34.21229726,-0.81579295
-19.08991814,34.38755551,-1.53857472
-19.86987388,33.23545660,-0.79933969
-20.07319889,33.40104558,-1.54032546
18.71813212,32.16315963,-1.22441602
18.88782872,32.03853813,-0.45949393
19.24774965,31.14336423,-1.12547153
19.43482811,31.03020613,-0.37929017
-20.40612606,31.97225926,-0.86753247
-20.58375429,32.10521147,-1.59922733
-20.92520339,30.72467291,-0.93793425
-21.08112484,30.82810429,-1.65861967
19.77951970,30.13213098,-1.03544943
19.98457312,30.03056231,-0.30686755
20.11817318,29.05840386,-0.96617007
20.36316205,28.96169432,-0.21100822
-21.29063386,29.45651508,-1.00717356
-21.41515812,29.53499933,-1.75979939
-21.63479165,28.20808367,-1.07861898
-21.73157354,28.26104713,-1.86207790
20.44888106,27.99646198,-0.91144277
20.73369590,27.90308759,-0.12803917
-21.93745577,26.70706517,-1.10781662
-22.00863365,26.75902298,-1.89527340
20.78779370,26.71837014,-0.76972158
21.10380884,26.59999739,0.01940739
-22.20012120,25.23545446,-1.13770479
-22.25611203,25.28479216,-1.92666193
21.10656784,25.45844090,-0.66335366
21.45098055,25.31309760,0.12724265
-22.38613617,23.77136812,-1.15154281
-22.43638371,23.81649870,-1.95020156
21.35530636,24.19279241,-0.59289002
21.72711342,24.01401522,0.20438118
21.57506693,22.94310831,-0.56969419
21.97056571,22.72812404,0.23097140
-22.54317212,22.33363912,-1.15209520
-22.59646162,22.37062209,-1.96079010
21.40229320,21.82325084,-0.59203332
21.78694505,21.57515401,0.20646826
-22.37802508,21.07579340,-1.19826984
-22.43110367,21.09994511,-2.00199513
-4.92748316,38.01902936,-2.84255944
-2.87587547,37.75086965,-2.73034005
3.37561872,37.06321468,-2.43147010
1.32379617,37.27642074,-2.48572515
5.34798143,36.68734028,-2.43230928
-6.88076185,38.09261916,-2.90612040
-0.77970426,37.54845706,-2.60856774
7.28652644,36.40641295,-2.45238759
-8.76621198,38.23196094,-2.89512753
21.22102974,20.71630825,-0.62965599
21.59199781,20.43842416,0.16938871
-22.20775492,19.82630004,-1.20439659
-22.26482113,19.83577270,-2.00993217
9.14318107,35.89636854,-2.41178415
-10.52454561,38.03727585,-2.79045386
10.93344464,35.43290325,-2.36905365
-12.26026283,37.77860566,-2.65709606
12.60558782,34.89286890,-2.30808262
-13.97214262,37.31289005,-2.51944556
-21.66055042,18.71068549,-1.14442120
-21.70529147,18.69929479,-1.94002795
20.60703705,19.67503818,-0.58265703
20.93849663,19.38557733,0.20365608
-15.70492384,36.73222822,-2.39179401
14.22238310,34.38008750,-2.23030082
-21.11817762,17.60151979,-1.01364790
-21.15722379,17.56579030,-1.81449152
19.99994662,18.63549114,-0.53085252
20.29298471,18.34155087,0.25232379
15.38669476,33.96990993,-2.17539007
-16.97028504,36.16144537,-2.32080115
-20.49446051,17.02134931,-0.87495053
-20.51624924,16.96612284,-1.67794019
19.29563962,18.03214225,-0.43540669
19.55981130,17.75203060,0.34662845
16.53659214,33.57656367,-2.11507872
-18.19428078,35.52139825,-2.26020525
-19.85699242,16.44830460,-0.71250390
-19.86771883,16.37427787,-1.52238417
18.61048023,17.41950189,-0.33894758
18.84795060,17.15775744,0.44754117
-19.22843370,34.55667266,-2.26261744
17.54062397,32.93748509,-2.04923718
-19.12932171,16.04165910,-0.54365228
-19.12709184,15.95853863,-1.36539811
17.87523914,16.92447352,-0.22819431
18.09160710,16.68426823,0.56970490
-18.36801212,15.64491617,-0.37549044
-18.35678108,15.55818701,-1.21053595
17.16224157,16.41526235,-0.12236581
17.36163534,16.20019612,0.68865089
5.57865796,12.53466166,0.20246948
7.27566765,12.49278903,0.24882076
5.69231891,12.53616726,0.86318286
7.40707912,12.47797348,0.93242566
8.71836771,12.54339760,0.31424180
8.85713916,12.51703506,1.01093141
-7.24031354,12.95533217,0.48724071
-8.76746889,13.10942575,0.46676975
-7.21217832,13.01776599,-0.25795680
-8.74270065,13.19007138,-0.30300713
-5.45723185,12.85286932,0.49625588
-5.43714147,12.88422529,-0.20543630
-17.22192569,15.13954001,-0.15591447
-17.18515059,15.06124991,-0.99413997
16.14308135,15.69712276,0.02976208
16.33608222,15.52753733,0.84248945
-3.62059354,12.80172497,0.54554833
-3.61728987,12.79735420,-0.12754496
3.82300954,12.60354007,0.19060931
3.91929828,12.62717494,0.84453472
1.99666771,12.67529760,0.15868266
2.07315112,12.70819637,0.81405527
-1.73151181,12.77523220,0.63686764
-1.75382601,12.75125896,-0.02392698
0.12763374,12.71397507,0.08424374
0.17857984,12.74821787,0.74210221
-10.29268121,13.28791045,0.43946548
-10.26653415,13.36630478,-0.34787275
10.14970488,12.70773915,0.37614970
10.30080238,12.67674033,1.08938055
-16.01638603,14.64867558,0.04248735
-15.96409041,14.59188460,-0.79477604
15.11828677,14.94878593,0.15985377
15.30750723,14.82374827,0.96683782
18.54286647,32.30262796,-1.99983427
-20.20730819,33.56384868,-2.28221700
11.53179180,13.12159652,0.38246895
11.70038234,13.08412138,1.13297517
-11.81504354,13.59371935,0.40177542
-11.77669539,13.64755386,-0.41353274
14.00829471,14.27853776,0.26276542
14.19541444,14.19215389,1.06533151
-14.69703120,14.27161715,0.21174304
-14.63992067,14.24903826,-0.62991892
12.84051277,13.59078035,0.32806162
13.02431840,13.53155312,1.11413353
-13.31720556,13.85386459,0.32380463
-13.26211942,13.87210096,-0.51275582
19.05098768,31.27485980,-1.91156195
-20.70041424,32.24403109,-2.35649971
-21.18558377,30.94471699,-2.43261678
19.55901403,30.25591022,-1.83449618
19.86792773,29.17358920,-1.76897418
-21.48525772,29.62326430,-2.53737097
-21.77275290,28.31956027,-2.64237743
20.16977681,28.10294619,-1.71897957
-22.02976073,26.81585610,-2.67847888
20.47833521,26.84874980,-1.58834191
-22.26794322,25.33588505,-2.71152622
20.77091819,25.61152317,-1.48923917
20.99807544,24.37080610,-1.42580990
-22.44577866,23.85919468,-2.73996748
-22.61171426,22.40036546,-2.75771039
21.20334021,23.14455336,-1.40482471
-22.44654248,21.11475699,-2.78931023
21.04781585,22.04232178,-1.42025917
20.88627862,20.94846938,-1.45282979
-22.28347529,19.83386650,-2.79836514
-4.94362421,38.39081866,-3.95668099
-2.89561958,38.13611051,-3.87478659
5.31819634,37.06141892,-3.64594505
3.33201624,37.45003696,-3.64117014
-6.91098504,38.44557435,-3.98807157
1.27233934,37.66988346,-3.68108065
-0.81683241,37.95145339,-3.78203895
7.25837309,36.76765652,-3.66827483
-8.82911265,38.56146318,-3.95426809
-21.70997511,18.67781801,-2.72408029
20.30727455,19.91189121,-1.39721166
-10.63613029,38.34844141,-3.83182054
9.10272456,36.24607265,-3.62040902
10.87766767,35.76969037,-3.56114162
-12.41715033,38.07968344,-3.68974166
12.53575439,35.20710021,-3.48248134
-14.15535004,37.59581665,-3.55576492
19.73603319,18.87134168,-1.34367554
-21.15415895,17.51953570,-2.61405259
-15.90051021,36.99354635,-3.43904470
14.14288141,34.67086131,-3.39596727
19.05571864,18.25905235,-1.25483689
-20.49131550,16.90054682,-2.49339593
-17.13303795,36.41672475,-3.38822770
15.26492423,34.24835247,-3.34702059
-19.82607419,16.28825904,-2.35942801
18.39367002,17.63357487,-1.16839055
-18.33397533,35.77397633,-3.35787302
16.37247999,33.83651333,-3.30291715
-19.06689362,15.86258480,-2.21632805
17.67752828,17.12232882,-1.06374349
16.97920704,16.59395596,-0.96436481
-18.28461126,15.45630355,-2.07385391
17.33079238,33.17415557,-3.24841145
-19.33795454,34.79681256,-3.38560847
-17.08761588,14.96280169,-1.86766326
15.95871121,15.84241974,-0.81946022
-15.85622324,14.51030562,-1.66746725
14.93034614,15.06121400,-0.68825638
5.46527275,12.53166632,-0.45987822
7.14597153,12.51521773,-0.42869228
-5.40314348,12.89462151,-0.86716551
-7.16733535,13.04949350,-0.94667117
-8.69810693,13.23471464,-1.02316693
8.58037832,12.58635346,-0.38976368
3.72655941,12.57145574,-0.47510474
-3.60312113,12.77977534,-0.78067596
9.99653996,12.75905066,-0.36264775
-10.21619136,13.40686691,-1.10291749
13.82175780,14.36200661,-0.56246090
-14.53716684,14.19894870,-1.47913760
-1.76852241,12.71734108,-0.68440918
1.92129336,12.63077178,-0.51442673
11.36213873,13.17532148,-0.38575683
-11.70945886,13.66432402,-1.19859413
0.08083786,12.66880318,-0.58771000
12.65834026,13.65704833,-0.46434871
-13.17176101,13.85805921,-1.32567363
18.28252020,32.51408434,-3.21247612
-20.31105925,33.79860009,-3.43826214
-20.78139505,32.44720465,-3.53007047
18.76585055,31.47176790,-3.13618781
-21.25057229,31.11590941,-3.62659402
19.24651742,30.43813763,-3.07509958
19.51813805,29.33974082,-3.01562910
-21.50153807,29.75072662,-3.73266067
-21.74640128,28.39974493,-3.83936771
19.78359395,28.25163640,-2.97329317
-21.97127483,26.89389874,-3.88226856
20.05068016,27.02678532,-2.86657059
20.30740983,25.81517408,-2.78588632
-22.18898812,25.40550216,-3.92282000
20.50987790,24.59824329,-2.72715545
-22.35391617,23.91619818,-3.95495159
20.69947526,23.39173692,-2.69993191
-22.51472125,22.43858481,-3.98135917
-22.34639851,21.13600154,-4.01991191
20.56614828,22.30586274,-2.70798712
-22.18294836,19.83515079,-4.05019230
20.42893317,21.22414609,-2.73218710
-21.59963708,18.65676620,-3.98840318
19.89674763,20.19007001,-2.66567751
19.37409663,19.14737285,-2.60775179
-21.04086813,17.47069594,-3.91207384
18.72547146,18.52574378,-2.53349322
-20.35302705,16.83325481,-3.82391321
18.09431021,17.88764616,-2.46310133
-19.66803455,16.20083257,-3.72593431
17.40363667,17.36142677,-2.35863876
-18.88841479,15.76710596,-3.58967720
16.72551725,16.81677110,-2.25684149
-18.09550662,15.35426006,-3.44719283
15.69957018,16.03877179,-2.10936066
-16.86765342,14.86336608,-3.23040711
14.66203405,15.23774167,-1.96477404
-15.62638732,14.42614304,-3.00293678
-14.31640305,14.14472720,-2.77160125
13.54728476,14.52809704,-1.81617792
-5.32376718,12.90169999,-1.82748352
-7.06353924,13.07231907,-1.92141992
5.30087519,12.55846075,-1.50459896
6.95570558,12.59323188,-1.48208286
-8.58740332,13.27146215,-2.03737387
8.37684482,12.71127975,-1.47407474
-10.09001918,13.44102842,-2.17734354
9.77037388,12.91114811,-1.49189355
3.58989888,12.54915305,-1.53554035
-3.55996049,12.76238869,-1.75828240
11.10768875,13.33476701,-1.56462352
-11.55075834,13.67604541,-2.35132317
12.38256996,13.82435979,-1.68528592
-12.97170884,13.84068212,-2.55667318
-1.77257834,12.68808724,-1.69842013
1.82041223,12.58996796,-1.58395585
0.02611943,12.62754663,-1.63942418
5.29403017,37.38388677,-4.90025531
3.30133428,37.78514438,-4.89596339
-6.94121710,38.80108622,-5.12228150
-4.95938493,38.75379271,-5.12217845
-2.90847772,38.49777654,-5.06750346
1.23982040,38.01588679,-4.92202705
-0.83883965,38.31593189,-5.00129307
-8.88411832,38.90221548,-5.06151215
7.23530941,37.08017166,-4.91979270
-10.72740093,38.67586084,-4.91945193
9.07520616,36.55762291,-4.87072698
10.84230000,36.07946144,-4.80679677
-12.54080465,38.39426318,-4.76864991
12.49049791,35.50169992,-4.71455436
-14.29025784,37.88273131,-4.63672527
-16.03306335,37.24692067,-4.53754107
14.08837567,34.94673691,-4.62197175
-17.22310740,36.65623541,-4.51194646
15.16953315,34.51311673,-4.57614865
-18.39104004,36.00271291,-4.51449738
16.23711566,34.08363366,-4.54052194
-19.36094540,35.01260442,-4.57658960
17.15215208,33.40061560,-4.49727155
-20.31794909,34.00553163,-4.66706949
18.05917943,32.71688487,-4.47426562
18.52283704,31.65744513,-4.40222512
-20.76511223,32.62424835,-4.77203908
-21.21324608,31.25934464,-4.88085357
18.98244311,30.60585298,-4.34841574
19.21976160,29.48945830,-4.29596039
-21.41144497,29.85274521,-4.98724107
19.45187566,28.38197805,-4.26123179
-21.60569244,28.45692409,-5.09071142
-21.78575449,26.95595207,-5.13315494
19.67949453,27.18301117,-4.17420417
19.89989243,25.99405772,-4.10865849
-21.96336467,25.46799264,-5.17521420
-22.09067565,23.97909326,-5.21375087
20.07065017,24.80003200,-4.05911932
-22.21659931,22.49932616,-5.25249587
20.23299464,23.61358092,-4.03128749
-22.03703722,21.19814153,-5.30539883
20.11324224,22.54616523,-4.03409397
-21.86186710,19.89978225,-5.36105751
19.98986093,21.48113950,-4.05083152
-21.28324200,18.72101094,-5.32919096
19.49637154,20.45482014,-3.97521085
19.01229177,19.41861790,-3.91047481
-20.72947731,17.53638849,-5.29619790
-20.03361886,16.90279368,-5.24033740
18.39231181,18.79402524,-3.83781383
17.78756617,18.15319834,-3.76786218
-19.34424314,16.27405638,-5.17165542
17.11558991,17.62816188,-3.66865504
-18.56431488,15.84460413,-5.05401894
-17.77990984,15.43061444,-4.91841193
16.45283144,17.08647606,-3.56786470
-16.54875791,14.93552907,-4.67854566
15.41993537,16.31092283,-3.40572734
-15.31336569,14.49275042,-4.41054665
14.37356419,15.52111398,-3.23634105
-14.01985450,14.20723299,-4.11399229
13.25662776,14.82439641,-3.05012945
12.09459261,14.13794754,-2.87847518
-12.69645679,13.90904711,-3.82487121
6.76797703,12.80884143,-2.58936730
8.16931958,12.97782935,-2.59151076
-6.90884271,13.14292724,-2.96593828
-8.41314790,13.34701513,-3.11492011
5.14675159,12.72940297,-2.62925894
-5.20675245,12.97936256,-2.87363694
9.53585529,13.21357558,-2.63480669
-9.88958605,13.51732305,-3.31298967
10.84315430,13.64647823,-2.73337305
-11.31448589,13.74567570,-3.55267241
3.47102451,12.68231373,-2.69257586
-3.48915480,12.84406735,-2.83276850
-1.75389447,12.78646018,-2.81770242
1.74125598,12.71012834,-2.76028156
-0.00645489,12.73820502,-2.80241241
3.28140687,38.05936113,-6.17341714
1.21527744,38.30534269,-6.19097212
-4.98931749,39.10649235,-6.32900693
-2.93194212,38.82924641,-6.29958853
-6.98084790,39.16308710,-6.29803147
5.27990520,37.64389947,-6.17230235
-0.86275474,38.63312432,-6.25419329
-8.93416207,39.26570381,-6.21225726
7.22670612,37.33287870,-6.18498295
-10.79268992,39.03106789,-6.05084857
9.07425246,36.81436034,-6.13027504
-12.61841653,38.72947722,-5.89186849
10.84660008,36.33981683,-6.06262511
12.49393708,35.75340353,-5.97220045
-14.36635907,38.17856784,-5.77389979
-16.10004571,37.49549727,-5.70417831
14.08835542,35.18560934,-5.88834727
-17.24471341,36.88216463,-5.70763951
15.13211451,34.74513690,-5.85435802
-18.37420416,36.20958197,-5.74336325
16.16238247,34.30358252,-5.83222737
17.03539585,33.60269723,-5.79225958
-19.30251307,35.20137382,-5.83075384
17.89958475,32.89724092,-5.77194495
-20.22445522,34.17524583,-5.94808106
-20.64260873,32.76643414,-6.06475693
18.34182924,31.82022608,-5.70734152
-21.05999542,31.36890617,-6.17675791
18.77987187,30.74957396,-5.66167927
18.98389928,29.61303622,-5.60561334
-21.20227909,29.92623064,-6.25519658
-21.34013212,28.49282156,-6.32344117
19.18325589,28.48486450,-5.56674557
19.37124918,27.31164627,-5.49157865
-21.46421154,27.00870254,-6.34239309
19.55239102,26.14778944,-5.43465374
-21.58482938,25.53741963,-6.36799657
19.68450264,24.98200926,-5.39075534
-21.65416581,24.07038359,-6.40135718
19.80805875,23.82406775,-5.36252599
-21.72069230,22.61496745,-6.44692021
19.68874499,22.78460071,-5.36372014
-21.51864723,21.34242218,-6.51417146
19.56442634,21.74812527,-5.37613399
-21.31783117,20.07979679,-6.59726111
19.09764415,20.74021237,-5.29271152
-20.74635061,18.93332324,-6.60731482
-20.19584013,17.79207517,-6.62332699
18.63942741,19.72232056,-5.22016012
-19.50124876,17.18913860,-6.60860830
18.04086758,19.10322124,-5.15283821
-18.81823203,16.59144394,-6.57226419
17.45597219,18.47027050,-5.08582415
16.80245216,17.95449425,-4.98345126
-18.06013941,16.17947772,-6.46891340
16.15610153,17.42701604,-4.87393591
-17.30757667,15.77294345,-6.33573349
15.11961128,16.67463308,-4.68255924
-16.11083636,15.26429268,-6.07286454
14.06834775,15.91798821,-4.47095284
-14.90970602,14.78742726,-5.76820863
-13.64570370,14.45739021,-5.43552203
12.94907158,15.25760739,-4.24561118
-12.34584026,14.13109894,-5.10819130
11.78789303,14.60890146,-4.03659369
-6.69774392,13.34843770,-4.19187486
-8.16984282,13.53720982,-4.33944297
6.57953886,13.25801251,-3.76167585
7.95006169,13.45270695,-3.73589952
-5.04847768,13.22707829,-4.12299760
5.00603320,13.16671031,-3.85945246
-11.00102239,13.94051639,-4.80907976
10.55987390,14.13098847,-3.87396246
9.28356603,13.70608406,-3.77063102
-9.61224007,13.70561201,-4.55123500
-3.38828386,13.13468721,-4.10842683
3.37707274,13.10809049,-3.97948470
-1.70964829,13.12943883,-4.11058854
1.69108416,13.12559934,-4.07022121
-0.01177526,13.12549766,-4.10870095
-2.96360056,39.12880346,-7.52567654
-0.89380917,38.90356585,-7.50149761
1.19121084,38.54831042,-7.44997579
-5.02286682,39.44918275,-7.52360667
3.26940860,38.29055768,-7.43305826
-7.01528286,39.53380188,-7.45130619
5.28041898,37.86366921,-7.41311195
7.24137406,37.54786855,-7.41052512
-8.96452258,39.65568905,-7.34317861
9.10729761,37.04250619,-7.36017008
-10.81928011,39.42557584,-7.18808589
-12.63743480,39.10445209,-7.04996775
10.89403050,36.58074552,-7.30121808
12.54606690,35.99128516,-7.21912903
-14.36849631,38.50327849,-6.96481328
14.13923606,35.41550687,-7.15378399
-16.08587099,37.75922169,-6.93030402
15.14498186,34.96793862,-7.13290481
-17.18738170,37.11479042,-6.94831439
16.13468743,34.51304162,-7.12584509
-18.28140052,36.41497076,-6.99930957
-19.16638766,35.38170561,-7.10760236
16.95906374,33.79196385,-7.10120958
-20.04590011,34.32794156,-7.25273665
17.77047741,33.06054242,-7.09392610
18.18527577,31.96041654,-7.04054491
-20.42793055,32.88747416,-7.36284151
-20.80538445,31.45592247,-7.45233169
18.59596097,30.86539894,-7.00473014
18.76711269,29.70731924,-6.93858365
-20.88835767,29.98188057,-7.46204426
-20.96596239,28.51887636,-7.46011237
18.93386247,28.55875073,-6.88839284
19.08034787,27.41388575,-6.83427307
-21.02233278,27.06358337,-7.44531654
19.21881379,26.28085534,-6.79612303
-21.07295814,25.62408065,-7.45496988
19.31057188,25.15073507,-6.75270768
-21.07672613,24.19627734,-7.48151009
-21.07546241,22.78662947,-7.53928117
19.39051387,24.03172917,-6.72001462
19.26483173,23.03184900,-6.72182225
-20.84586951,21.56315783,-7.63702164
-20.61504696,20.36035690,-7.76157399
19.13156565,22.03589526,-6.73195450
18.68658021,21.05401559,-6.64284203
-20.05356301,19.26696144,-7.82037632
18.24931250,20.05988521,-6.56693414
-19.51144302,18.19053525,-7.87899768
-18.82793924,17.62540439,-7.90106199
17.67158098,19.44331847,-6.52079604
17.10764499,18.81158903,-6.47498372
-18.16209804,17.06329494,-7.89261927
16.47998514,18.29176091,-6.37773487
-17.44234091,16.66596599,-7.79694006
15.85783508,17.76408126,-6.26768769
-16.73509870,16.26588316,-7.66464934
14.82583455,17.01772474,-6.07358115
-15.58639422,15.74777378,-7.39467818
-14.43073592,15.24484377,-7.06747332
13.77292273,16.28678148,-5.83890324
12.65216984,15.66625203,-5.56539492
-13.21123152,14.87180916,-6.70159279
11.48801866,15.07111679,-5.30065529
-11.94729095,14.51243338,-6.33858449
10.27560615,14.63454343,-5.11418298
-10.64424862,14.28579174,-6.02985897
9.02577011,14.24903619,-5.00520728
-9.29523901,14.03816841,-5.77508442
-4.86839782,13.64716597,-5.44521228
-6.45597533,13.71181183,-5.47521675
6.39170922,13.82758765,-5.04318283
7.72588868,14.01339839,-4.98488422
-7.89041902,13.87325436,-5.58530385
4.87376227,13.74997798,-5.18504628
-3.27129895,13.60925681,-5.45790640
3.29691064,13.69877788,-5.33866097
-1.65000338,13.66130644,-5.47268883
1.65670624,13.71987361,-5.43959983
-0.00120384,13.69999886,-5.47484285
1.17429729,38.73465348,-8.47260012
-0.91952907,39.11327226,-8.52773789
-2.98783520,39.36935036,-8.52595617
3.26830524,38.47032592,-8.44382874
-5.04411097,39.73721476,-8.48755760
5.29562454,38.03776784,-8.41203844
-7.03259363,39.85895898,-8.38158564
7.27441988,37.72206640,-8.40542987
-8.97203408,40.01160379,-8.25900198
9.16030839,37.23083938,-8.35234379
-10.81395186,39.79158994,-8.10963760
-12.61523889,39.45768909,-7.99927752
10.96199306,36.78360297,-8.29094798
12.61796013,36.19576853,-8.19593401
-14.32416136,38.81131104,-7.94387080
-16.02849336,38.00879239,-7.92728653
14.20835576,35.61497720,-8.12776783
-17.10275073,37.33352747,-7.94420503
15.18266102,35.16143283,-8.11338140
-18.17542704,36.60445286,-7.99180479
16.13736470,34.69256248,-8.11699265
16.92011150,33.94851088,-8.09447376
-19.02760925,35.53957403,-8.08866274
-19.87187239,34.45434211,-8.22553217
17.68584785,33.18870659,-8.08737243
-20.22245491,32.98236448,-8.29334649
18.07779095,32.06326886,-8.02685773
18.46729189,30.94336160,-7.98096169
-20.56908963,31.52237071,-8.33102251
-20.60959788,30.02628984,-8.27629712
18.61661544,29.76688210,-7.90065022
18.76254701,28.60249026,-7.83482143
-20.64629346,28.54437080,-8.21807728
18.88768196,27.47447973,-7.76619326
-20.66574848,27.11085163,-8.16305195
19.00420265,26.36040817,-7.71178136
-20.67947704,25.69620641,-8.14823847
19.07328902,25.25333284,-7.65702085
-20.64561053,24.29811575,-8.17182601
-20.60646091,22.92335658,-8.23714761
19.12826856,24.15925634,-7.61057288
-20.37116207,21.73341934,-8.34812420
19.00497744,23.18091104,-7.59502483
18.87288793,22.20476800,-7.58706266
-20.13510711,20.56913101,-8.48457133
-18.41550840,17.89790770,-8.62424772
-19.07924762,18.45437288,-8.59823320
-19.59706958,19.50290932,-8.54652059
18.02762131,20.24551732,-7.38167439
18.44638134,21.23305533,-7.47660503
17.46637164,19.62115049,-7.34290461
16.91934211,18.97905008,-7.30586972
-17.77192124,17.34068159,-8.61763408
-16.40389630,16.53170576,-8.38635871
-17.08061809,16.93888687,-8.52110789
-15.28256858,16.00123816,-8.11683706
14.67836132,17.14257607,-6.93489281
15.70417745,17.90717895,-7.10793326
16.30928981,18.44669901,-7.21410420
-14.15118743,15.48835308,-7.78103833
13.62622652,16.40561884,-6.70998832
12.50293397,15.79646555,-6.42466123
-12.95527176,15.10589450,-7.40176530
11.33309660,15.23322588,-6.13007299
-11.71255085,14.74252080,-7.02263371
10.12595862,14.82719806,-5.91661373
-10.43719918,14.50510849,-6.70276254
-9.11597379,14.25659935,-6.43753710
8.88876709,14.47361090,-5.78261131
-7.73706810,14.09547177,-6.24138786
7.60683506,14.25855587,-5.73685674
-6.32702599,13.94698264,-6.13479383
6.29252474,14.08672681,-5.77658985
-4.77216750,13.91047901,-6.12938092
4.80208177,14.02965664,-5.92134688
3.25173032,13.99650552,-6.07765356
-3.20761478,13.89637998,-6.16580678
0.00482296,14.01966032,-6.20725573
1.63680515,14.03440386,-6.17621602
-1.61673319,13.96986137,-6.19577495
-5.05047596,40.09173934,-9.51124966
-2.99709985,39.66471407,-9.57147260
5.33226904,38.25150726,-9.47043726
3.28739086,38.69055623,-9.50845836
1.17633317,38.96211142,-9.53687382
-7.03701877,40.25713888,-9.37443306
-0.92816410,39.36975741,-9.58996337
-15.98108698,38.33677605,-8.97952089
-14.28831018,39.20538999,-8.97373517
14.31892275,35.87544575,-9.15232600
12.72479152,36.45441864,-9.23062864
15.26672520,35.41493415,-9.12877158
-17.02605447,37.61789214,-8.98632812
7.33112023,37.93766490,-9.46475935
-8.97276375,40.44419954,-9.23081918
11.05995209,37.03440496,-9.34218397
-12.59746957,39.89628088,-8.99374273
9.23962742,37.46204161,-9.41018707
-10.80801603,40.23792365,-9.07900765
16.19337844,34.93114017,-9.12693478
-18.07063776,36.84573627,-9.01712020
-18.87687018,35.73754116,-9.08891029
16.93923905,34.16120155,-9.10368100
17.66546876,33.37118912,-9.09679071
-19.67142167,34.61328209,-9.19556256
-19.98336918,33.10273092,-9.20204606
18.03100207,32.21005893,-9.02210676
-20.29688355,31.60970587,-9.17841731
18.39760042,31.05630978,-8.95977312
18.52008133,29.85226380,-8.86006758
-20.29774000,30.08950081,-9.06813665
18.64142293,28.66321650,-8.77215030
-20.29715504,28.58774387,-8.96658715
-20.27982366,27.17656316,-8.89347745
18.74049964,27.54414977,-8.69328049
18.90528391,24.26743942,-8.49684535
18.87602694,25.34693911,-8.55806123
-19.90263216,21.91297311,-9.05811294
-20.11582272,23.08038757,-8.97286631
-20.18899860,24.41996667,-8.89890676
18.79266409,23.29577010,-8.42627521
-20.25710206,25.78729343,-8.87130457
18.83141018,26.44063699,-8.62586465
17.83512015,20.38345040,-8.21581463
18.24906662,21.36370356,-8.28034095
-18.64468858,18.71579941,-9.32555532
-19.15768010,19.73506856,-9.25004082
17.29339768,19.74436279,-8.16236141
-18.01701916,18.15091597,-9.33209184
-16.07832393,16.76295087,-9.11697196
-16.73621287,17.17610559,-9.23191038
14.55218619,17.19795667,-7.82522228
15.57255689,17.99019526,-7.98051977
-14.98487769,16.21023904,-8.83815840
16.16715245,18.54201934,-8.05216661
18.67135888,22.32478951,-8.36331847
-19.69112711,20.77087152,-9.16104853
-17.40923583,17.58200283,-9.30733692
16.76619354,19.08575544,-8.11133815
-13.87697480,15.68320277,-8.48894147
13.49989169,16.44354038,-7.60896283
9.98598854,14.91864139,-6.78688110
11.18940472,15.29568960,-7.03676816
-11.47209335,14.94510753,-7.73500446
-12.69759743,15.30053706,-8.11370011
-10.22745410,14.70392960,-7.40167168
12.36932931,15.83478165,-7.33840300
6.19084386,14.27359444,-6.55845843
7.49017361,14.41711989,-6.53840635
-4.67567840,14.15559201,-6.82524915
-6.19499141,14.17713115,-6.83236021
4.72757913,14.23978640,-6.67156045
-7.58229878,14.30843544,-6.92919413
8.76008839,14.59946211,-6.60724806
-8.93752096,14.45750443,-7.11922992
-3.14426623,14.14789461,-6.86183714
3.20432605,14.22319538,-6.80312522
-1.58190721,14.23522598,-6.91998351
1.61545835,14.28654753,-6.91292603
0.01142373,14.28963208,-6.95679026
-0.62080979,36.79663578,-0.63440376
1.47772687,36.44385712,-0.51030738
-2.73032408,36.95454758,-0.78942686
-4.78139415,37.16274756,-0.94694618
3.47581238,36.15654180,-0.45684870
5.40706850,35.93894082,-0.44671918
-6.73432160,37.39490124,-1.05682417
7.34163032,35.82096956,-0.46717464
-8.58673914,37.69310528,-1.08419535
-10.24332528,37.43814413,-1.00459777
9.19397694,35.28009239,-0.44070332
-11.87487936,37.11106282,-0.88707060
10.98171339,34.78346160,-0.43493180
12.67339835,34.30358740,-0.42443708
-13.51722673,36.68251335,-0.75750199
-15.18062564,36.13939264,-0.63909141
14.29332071,33.83949853,-0.37746333
15.46166780,33.34643812,-0.32319278
-16.41240484,35.47760199,-0.58239129
16.62012646,32.88059340,-0.24504403
-17.59787205,34.75322967,-0.52830782
-18.71436917,33.97687954,-0.48052384
17.78263003,32.43399792,-0.15747213
-19.74628434,33.16042450,-0.43504860
18.96580748,31.99375264,-0.08473751
19.40190745,30.93352956,0.01411803
-20.19697586,31.88697027,-0.49766296
19.84051726,29.88292112,0.10720119
-20.62980374,30.62560958,-0.56425108
-21.04467783,29.38111609,-0.63259914
20.27770374,28.84135565,0.19198118
20.70767945,27.80924515,0.26385872
-21.43819425,28.15657611,-0.70289074
21.11705326,26.49613076,0.42521649
-21.76571639,26.65086139,-0.71056199
-22.04972452,25.17590805,-0.71931509
21.50317019,25.19672201,0.54542491
-22.29369270,23.73106173,-0.72516256
21.85706001,23.90884761,0.61465240
22.17427139,22.62932604,0.63134675
-22.50371289,22.31434189,-0.72157900
21.74695062,21.49411543,0.62826340
-22.15323948,21.12948246,-0.77512340
21.30981997,20.37525363,0.62451240
-21.79633937,19.94871174,-0.77253650
20.87317208,19.27336532,0.62775546
-21.43826624,18.77553136,-0.71051766
-21.08203376,17.61366088,-0.59369166
20.44532470,18.18802102,0.63977515
-20.43356179,17.11989990,-0.46276925
19.66122554,17.67151548,0.74085788
-19.76528896,16.63089627,-0.30664754
18.89975106,17.15092544,0.85188526
18.16737471,16.62494348,0.96755749
-19.06845146,16.14963189,-0.13814615
-18.34287478,15.67722087,0.03188329
17.46309800,16.09040436,1.08198774
16.41240968,15.49411538,1.24893528
-17.18983314,15.22890857,0.25630204
15.35664770,14.86667487,1.38343189
-15.97045423,14.78654907,0.46508404
14.26196757,14.20201521,1.46901786
-14.68034843,14.33166043,0.63681378
-7.24683423,12.87346699,0.83785311
-8.77197135,13.09992363,0.84940863
7.46612187,12.42214172,1.24975604
8.91849826,12.54441832,1.34836397
-5.46079819,12.79386359,0.82623575
5.74282141,12.49338359,1.16914544
-3.61810979,12.76729047,0.85951584
3.96172485,12.60032988,1.14434130
2.10661956,12.70304641,1.11151292
-1.71963442,12.76771144,0.94060054
0.20125442,12.76210307,1.04040474
10.36598557,12.78916934,1.44712643
-10.29639549,13.35854557,0.84980801
-13.33066641,13.83641998,0.74443157
13.11232024,13.50293794,1.50065858
11.77755845,13.12947302,1.50488529
-11.82373339,13.61719435,0.81860834
7.40707547,14.45333695,-7.07684817
8.65672742,14.66667841,-7.18054193
9.89151340,14.93474024,-7.36911523
-8.79784525,14.60754848,-7.61068398
-10.08059797,14.81412381,-7.88577001
-7.46914794,14.40919343,-7.41111952
-11.31941014,15.01818661,-8.20616538
11.10766505,15.26799960,-7.61710805
6.13076778,14.27621431,-7.06546588
-6.10758801,14.23055965,-7.30433427
-12.52113655,15.41752581,-8.57488163
12.27671807,15.83979665,-7.91620512
-4.60952752,14.28120264,-7.29821178
4.67613022,14.32189106,-7.16746493
13.39851536,16.49362032,-8.16979306
-13.68098551,15.85197315,-8.93727720
3.16173836,14.37814992,-7.29060456
-3.09701587,14.33525708,-7.33634305
14.47427305,17.21653790,-8.35563706
-14.79846078,16.33514243,-9.27580994
1.59675769,14.41298838,-7.38208441
-1.55530679,14.37806522,-7.38452399
15.51189691,17.97984711,-8.48380025
-15.89643591,16.84827467,-9.54962694
-16.50034694,17.35218952,-9.65421695
16.05808363,18.60434662,-8.54258709
0.01738055,14.38513220,-7.41135380
-17.11824258,17.84972369,-9.71591527
16.60984058,19.22134814,-8.58992340
-17.75378089,18.33942194,-9.74247817
17.17238068,19.82289255,-8.63305451
-18.40871331,18.82191400,-9.74190747
17.74961392,20.40223178,-8.68011973
18.01465749,21.38920021,-8.72730826
-18.75389751,19.87261143,-9.65781606
-19.11093633,20.93989403,-9.55775985
18.28311569,22.36434869,-8.78572503
-19.47919633,22.02763672,-9.45855447
18.55133742,23.33021320,-8.85893201
-19.85713295,23.13796548,-9.37728877
18.81515012,24.28915552,-8.94748066
-19.93192381,24.45902883,-9.29067254
18.78631449,25.36526527,-9.00477698
18.74241038,26.45577263,-9.06776266
-20.00170001,25.80969760,-9.24911263
18.68619554,27.56233018,-9.13871455
-20.06584383,27.18712658,-9.26646730
18.62205342,28.68431079,-9.21958164
-20.12514393,28.58827596,-9.33840786
-19.98575314,30.07544969,-9.41048971
18.38785485,29.85592843,-9.28025019
18.15498253,31.04390709,-9.35576625
-19.84508377,31.58502533,-9.49466811
14.38946924,35.99979384,-9.60843944
12.75111829,36.48901876,-9.67773641
15.24650224,35.39915984,-9.55845540
-16.89546919,37.58316512,-9.44751608
-15.98330610,38.47966432,-9.43970597
-14.24957777,39.28224826,-9.42599031
-17.80280209,36.64028599,-9.46699177
16.08541419,34.77862163,-9.53415694
16.90425737,34.13345471,-9.52825790
-18.69680899,35.66238354,-9.51895031
-19.70705341,33.11540039,-9.57009063
17.92527184,32.24593246,-9.44337681
17.69961491,33.45932360,-9.53911840
-19.57574208,34.66408125,-9.61662290
-12.52095537,39.89329297,-9.43123834
11.03954508,36.97704400,-9.77491795
9.24447812,37.47675806,-9.86017121
-10.77201872,40.33472685,-9.50660481
-8.97297648,40.63537944,-9.66192783
7.36409441,38.02736779,-9.93017524
5.33349848,38.18052661,-9.90845728
3.25872055,38.46597914,-9.92955590
-7.00115629,40.25748082,-9.79818453
-4.98189640,39.90478502,-9.92204214
-2.95988208,39.59801839,-9.99729642
1.16583825,38.87364334,-9.97135719
-0.91947290,39.42547454,-10.03395128
