1.06309922,14.02032672,1.08517013
0.26078509,14.04663904,1.15706488
1.04907747,13.89467933,1.31455456
0.24361631,13.92590494,1.37584479
-0.56890933,14.10156898,1.21357302
-0.58739391,13.98493735,1.42200927
-1.41868776,14.17443716,1.25134772
-1.43770214,14.06025521,1.45077406
-2.28361539,14.24490123,1.27108255
-2.30322086,14.13209249,1.46345917
-4.16843326,31.17731978,1.83483080
-3.44730978,31.13978923,1.83331282
-4.19904598,31.20680814,2.05336863
-3.46983971,31.17339244,2.04116592
-2.75633940,31.10373438,1.84029069
-2.77117768,31.14217459,2.03949019
-2.07511322,31.08297710,1.85801001
-2.08243103,31.12657680,2.05057063
-1.38324017,31.09240802,1.88695639
-1.38295006,31.14090174,2.07456877
-3.03168431,14.43679471,1.25846710
-3.05338248,14.32300971,1.45021476
-3.77973120,14.58160964,1.23402526
-3.80406020,14.46803198,1.42559234
-4.52777958,14.65441349,1.20329884
-4.55571872,14.54403700,1.39490539
-5.28453816,14.63973120,1.17313388
-5.31754143,14.53709101,1.36396073
-6.94346421,29.96174642,1.85821494
-6.14344389,30.27949809,1.83534920
-7.01683424,29.97713874,2.13864319
-6.20363875,30.29400853,2.11008122
-5.43074073,30.58967326,1.82228197
-5.47965579,30.60710060,2.08106500
-4.77891462,30.88859536,1.82345855
-4.81810902,30.91130768,2.06198760
-5.97127419,14.98510843,1.18449202
-6.01012097,14.88962333,1.37922370
-6.67690210,15.25692646,1.19859563
-6.72323312,15.17149072,1.39484927
-7.42844600,15.47240920,1.21262619
-7.48448468,15.39914083,1.40739105
-8.26667927,15.65830160,1.21048310
-8.33423872,15.59811565,1.40080024
-8.84374454,15.95797511,1.20268067
-8.91610952,15.90973780,1.39197941
-9.49118408,16.25520123,1.17808025
-9.56786206,16.21897821,1.36465967
-10.23323161,16.55907630,1.12923383
-10.31263058,16.53433764,1.31126510
-11.09922302,16.87861561,1.04821231
-11.17864876,16.86481217,1.22436138
-9.90094014,28.53647076,1.69926780
-9.01832021,28.89239564,1.70873719
-10.00584236,28.54482463,1.94954011
-9.11734455,28.90226509,1.97675558
-8.24171278,29.25195163,1.73842776
-8.33218658,29.26247704,2.01794258
-7.55540927,29.60916337,1.79014118
-7.63706235,29.62130675,2.07438328
-11.28037672,17.86430879,1.07818150
-11.37398542,17.85285559,1.25828660
-11.54280519,18.84045893,1.09112650
-11.65039901,18.83177500,1.27470256
-11.90039432,19.81104214,1.09036431
-12.02177938,19.80558123,1.27602696
-12.36323606,20.78178760,1.07786192
-12.49882153,20.78023030,1.26353765
-11.66912008,21.96241106,1.17105851
-11.80399465,21.95697932,1.38190055
-11.18211105,23.14685299,1.21767719
-11.31210091,23.13507693,1.44766732
-10.82285221,24.29513599,1.25245233
-10.95119171,24.28121740,1.49386112
-10.53668207,25.38469833,1.26606578
-10.66777463,25.37436733,1.51823328
-10.30746431,26.19847015,1.42189047
-10.43204927,26.19047229,1.67582078
-10.12300432,26.98732820,1.54142264
-10.24158455,26.98388881,1.79650341
-9.98727458,27.76413076,1.63118103
-10.09935967,27.76633407,1.88525033
1.07954928,14.15259181,0.83731655
0.28177088,14.17420238,0.91951765
-0.54564380,14.22489527,0.98726070
-1.39450638,14.29426050,1.03540398
-2.25904509,14.36228260,1.06394948
-4.14277384,31.15258762,1.60198753
-3.42872407,31.10936236,1.61319040
-2.74448706,31.06759783,1.63068538
-2.06988260,31.04120423,1.65702272
-1.38483051,31.04507989,1.69248954
-3.00530788,14.55412219,1.05272508
-3.75143918,14.69758806,1.02952368
-4.49687049,14.76592979,1.00031465
-5.24987068,14.74177376,0.97186876
-6.87488758,29.95758705,1.55902721
-6.08952296,30.27512515,1.54172180
-5.38836490,30.58064221,1.54563831
-4.74570260,30.87231903,1.56859189
-5.93165414,15.07920414,0.97909526
-6.63070918,15.34028482,0.99135410
-7.37380634,15.54280841,1.00664824
-8.20166675,15.71439987,1.00941124
-8.77422343,16.00189787,1.00332028
-9.41784776,16.28699042,0.98193714
-10.15737256,16.57936566,0.93803944
-11.02333279,16.88803107,0.86390321
-9.79389858,28.53364994,1.43528934
-8.91826066,28.89119544,1.42613791
-8.15191233,29.25247081,1.44242980
-7.47699516,29.60881403,1.48815520
-11.18981273,17.87195475,0.88783507
-11.43776482,18.84591251,0.89532773
-11.78077235,19.81375739,0.89029255
-12.22872200,20.78107235,0.87589087
-11.53373533,21.96633207,0.93974045
-11.04971144,23.15742211,0.96711435
-10.68999724,24.30819734,0.99177606
-10.40006647,25.39530566,0.99637145
-10.17785270,26.20801245,1.15128511
-9.99999555,26.99369549,1.27012319
-9.87165733,27.76592356,1.36173888
1.83020105,13.84129984,1.26982854
1.83898033,13.96862369,1.03332649
2.59028660,13.82090763,1.23647695
2.59219911,13.94853156,0.99481275
3.33548298,13.83600302,1.22747909
3.32917628,13.96151668,0.98346776
4.07421878,13.89247667,1.25353340
4.05878578,14.01210509,1.01163657
1.92213843,31.24726435,2.06514765
1.01149602,31.10046045,2.07218653
1.89154504,31.19712128,1.86589594
0.98769278,31.04745784,1.87699767
0.16250083,31.04110605,2.07172473
0.14620552,30.98784588,1.88059601
-0.63064321,31.06002935,2.07063885
-0.63890789,31.00857580,1.88194643
4.67958365,14.14406730,1.28320847
4.65467553,14.25785292,1.04232849
5.29880395,14.42990728,1.33295995
5.26391548,14.53582021,1.09642319
5.95339808,14.74277424,1.39540894
5.90790422,14.84088303,1.16662336
6.67132646,15.06630385,1.45889208
6.61435711,15.15912157,1.24016026
5.67543125,30.91843572,2.08237791
4.68284387,30.98553080,2.05230591
5.61935676,30.89101990,1.88291532
4.63367073,30.95425454,1.84395728
3.73781124,31.04519328,2.04355418
3.69543436,31.00823773,1.83195399
2.82001010,31.12384511,2.05092803
2.78361630,31.08014829,1.84284398
7.25609921,15.80384069,1.55896976
7.18781527,15.89572294,1.34375418
7.92048850,16.48539869,1.63651970
7.84212643,16.57998876,1.42635674
8.68937041,17.08687298,1.70150963
8.60248229,17.18676477,1.49919472
9.59352286,17.58177898,1.77109490
9.49967410,17.68743706,1.58014174
10.16953284,18.04022175,1.82420174
10.07699719,18.14377676,1.63846556
10.82198176,18.43772241,1.88482589
10.73091246,18.53594587,1.70498191
11.56661138,18.78275326,1.95122394
11.47613800,18.87054889,1.77707910
12.44162150,19.09683119,2.00774687
12.35088023,19.17043263,1.83835886
9.15333305,30.03014982,1.95100909
8.14052686,30.27531041,1.99525590
9.09208366,30.01785901,1.78487828
8.07909060,30.25993139,1.81839859
7.25009707,30.51414198,2.02691125
7.18953230,30.49570140,1.84122527
6.43722953,30.72872955,2.05388644
6.37838099,30.70638565,1.86043637
12.43448049,20.16593119,2.08280539
12.33345161,20.23298731,1.90930680
12.57107932,21.18619617,2.14974111
12.45901807,21.24467320,1.97555930
12.86291725,22.16568422,2.19940769
12.73936634,22.21398244,2.02968679
13.31240281,23.12401107,2.21363805
13.17809541,23.16052698,2.05361689
12.30712576,24.28809699,2.16615580
12.18582691,24.31685292,1.99196724
11.52276031,25.35682625,2.07118613
11.41430729,25.37427030,1.88669668
10.91593465,26.34114823,1.95366109
10.81780981,26.34628391,1.76394718
10.44466921,27.26473179,1.82788959
10.35325597,27.25835344,1.63830182
10.04293349,27.95937907,1.85909353
9.96072971,27.95012981,1.67385776
9.70256905,28.64501511,1.89027998
9.62802096,28.63374008,1.71083674
9.40941249,29.33166985,1.92089792
9.34175282,29.31944500,1.74789263
1.84891385,14.10193083,0.77923706
2.59427020,14.08140062,0.73653779
3.32256834,14.09102999,0.72400049
4.04299583,14.13532188,0.75456839
1.86089793,31.14888110,1.66401594
0.96378689,30.99566635,1.67895386
0.12957403,30.93552791,1.68580237
-0.64792489,30.95821838,1.68819581
4.62951210,14.37411229,0.78663394
5.22903511,14.64287701,0.84581993
5.86271010,14.93872132,0.92411566
6.55796091,15.25053874,1.00846205
5.56343755,30.86633340,1.68015493
4.58454287,30.92570760,1.63231131
3.65300407,30.97380006,1.61734896
2.74715126,31.03865028,1.63224322
7.12001228,15.98602407,1.11506528
7.76413447,16.67340514,1.20253654
8.51675521,17.28627462,1.28344982
9.40889387,17.79314736,1.37746827
9.98859583,18.24803337,1.44233046
10.64535230,18.63522828,1.51584759
11.39216687,18.95967632,1.59435062
12.26697291,19.24495076,1.66077002
9.03276431,30.00765565,1.61651788
8.01892220,30.24665906,1.63881498
7.12946364,30.47948284,1.65242052
6.31991859,30.68646359,1.66387574
12.23977094,20.30051071,1.72628678
12.35443274,21.30273750,1.79132111
12.62337090,22.26157201,1.84979766
13.05084877,23.19648773,1.88463652
12.07160434,24.34419296,1.80778538
11.31217093,25.38959506,1.69229019
10.72472426,26.34877740,1.56490210
10.26584916,27.25057009,1.44103641
9.88173901,27.94021697,1.48247762
9.55606088,28.62265828,1.52638582
9.27626695,29.30816257,1.57121138
1.20607620,17.19555597,-8.94966122
0.48720253,17.16075807,-8.91772225
1.17428339,17.23189402,-8.64679011
0.46267028,17.19310624,-8.63074906
-0.22230047,17.11698148,-8.89948140
-0.23891666,17.14799148,-8.62710567
-0.93069115,17.06870251,-8.91494468
-0.93857506,17.09783188,-8.65348816
-1.64045354,17.00420519,-8.95614745
-1.63951291,17.03104608,-8.70282418
1.89253636,17.33893234,-8.66542761
1.93177976,17.29499211,-8.98653869
2.63768867,17.45729287,-8.69225240
2.68482515,17.40320218,-9.03040286
3.41265453,17.59080005,-8.72783007
3.46659681,17.52867135,-9.07552792
4.21161555,17.72082004,-8.76645006
4.27025812,17.65414149,-9.11554526
-1.77787255,32.81838287,-9.02812332
-2.71244126,32.65648394,-8.95150951
-1.79665121,32.75064773,-8.80828962
-2.72820971,32.58243490,-8.73403455
-3.55533218,32.61138618,-8.91431935
-3.56367497,32.53263874,-8.70476437
-4.32815815,32.62779927,-8.90228149
-4.32833425,32.55510817,-8.70703939
-5.07301824,32.71583022,-8.93083246
-5.06370287,32.65004131,-8.75107732
-0.74913512,32.58295788,-8.81927320
-0.72875139,32.66028777,-9.04915115
0.36247509,32.56468621,-8.85388820
0.38446109,32.64948406,-9.08538613
1.52393887,32.68681119,-8.91172002
1.55060632,32.76798334,-9.13227021
2.74970401,32.96372808,-8.99758006
2.78843029,33.03859214,-9.20511691
-2.30398290,17.13469340,-8.99072130
-2.29654798,17.15847233,-8.74104751
-2.96853520,17.25141034,-9.04443672
-2.95569514,17.26909561,-8.80282800
-3.64324688,17.34723695,-9.11432615
-3.62685968,17.35631096,-8.88037121
-4.35260493,17.38744371,-9.18210887
-4.33198709,17.39158787,-8.95266623
4.89997224,18.06986415,-8.77790865
4.96183757,17.99966146,-9.12645364
5.58654155,18.40422470,-8.80043458
5.64862755,18.33547668,-9.13741564
6.27336448,18.71173204,-8.84541518
6.33304545,18.64923740,-9.16292959
6.98102800,18.98178276,-8.88192689
7.04266456,18.92293611,-9.17989430
-5.65055326,32.38460483,-8.89385361
-5.62777398,32.31864512,-8.72006871
-6.21712080,32.08117105,-8.90018280
-6.18087306,32.02180072,-8.73120633
-6.81781283,31.80670693,-8.93876811
-6.76955304,31.75479432,-8.77375952
-7.51760446,31.55070885,-9.01993736
-7.44834191,31.50395984,-8.85652292
3.96457898,32.84988776,-8.99881276
4.01952637,32.92599476,-9.20747374
5.21749675,32.76148014,-8.99012332
5.29132308,32.82729643,-9.19926486
6.49711620,32.63176107,-8.92500333
6.58356902,32.68232028,-9.13298843
7.81460587,32.44040058,-8.84972158
7.92341489,32.48618114,-9.06099184
-5.10266751,17.53220872,-9.20784476
-5.07516971,17.54056534,-8.97606797
-5.90007167,17.66318462,-9.21589161
-5.86369258,17.67856632,-8.97687719
-6.78296646,17.77279953,-9.19926886
-6.73820042,17.78945649,-8.95183570
-7.76331354,17.88686795,-9.15782733
-7.71370513,17.89832830,-8.90541228
7.66059077,19.39364925,-8.89532318
7.73432316,19.32571205,-9.18078521
8.35082729,19.80175852,-8.91251426
8.44353863,19.72105475,-9.19394946
9.10716838,20.18714280,-8.94518470
9.22336887,20.09785856,-9.22475291
9.98022834,20.56491264,-8.98306578
10.12069802,20.47517197,-9.25605326
-9.17341611,29.97294316,-9.39995647
-8.59637188,30.38728230,-9.24658100
-9.10330001,29.91487208,-9.21546693
-8.51767218,30.32855537,-9.06585733
-8.16875146,30.77898815,-9.14426135
-8.08557467,30.72026249,-8.96876124
-7.81885896,31.16221791,-9.07104940
-7.73950700,31.11091046,-8.90105028
10.85270045,31.14330863,-8.94641319
9.98517896,31.45456751,-8.83640340
10.92548243,31.21625396,-9.17689105
10.07428140,31.52317245,-9.07372568
9.21967516,31.77021925,-8.78851913
9.32383929,31.83322147,-9.02332195
8.50447012,32.09957866,-8.79766974
8.61639160,32.15156480,-9.02192393
-8.25303292,18.19611691,-9.17795315
-8.20452246,18.20565929,-8.92510699
-8.80044092,18.48544462,-9.21850998
-8.75774981,18.48905705,-8.97017057
-9.36268144,18.78133673,-9.28907089
-9.32634763,18.77725271,-9.05391062
-10.03472419,19.06712718,-9.38285691
-9.99637508,19.05478737,-9.16713887
10.40293831,20.98710371,-8.99633500
10.55171737,20.89998066,-9.26715631
10.92532799,21.38218527,-9.01269098
11.07385276,21.30144838,-9.27525842
11.50528530,21.74702695,-9.04167675
11.64719821,21.67717917,-9.29078462
12.22391811,22.06445960,-9.08201045
12.36543298,22.00827961,-9.31447639
-10.03661190,19.96595529,-9.43098749
-9.96720673,19.97532288,-9.20215802
-10.10637624,20.80895672,-9.49748883
-10.01644690,20.83091191,-9.26295929
-10.14442896,21.64503478,-9.58431209
-10.04569996,21.66919293,-9.34983621
-10.23885290,22.45635995,-9.66493855
-10.13303248,22.47349349,-9.43256659
12.18488917,22.87742017,-9.03412011
12.35380247,22.81130532,-9.27629726
12.27577523,23.60903964,-9.00515481
12.45667668,23.54190473,-9.25462952
12.36887258,24.30445079,-8.99481104
12.54756015,24.24825003,-9.24495443
12.52673033,24.96144631,-8.98753705
12.69995626,24.92418415,-9.23312192
-9.94720614,23.41380643,-9.68197236
-9.84196228,23.41683410,-9.44453857
-9.68735145,24.40120455,-9.67379125
-9.58789131,24.37788913,-9.43314655
-9.52986582,25.30633085,-9.65993206
-9.42940842,25.26643946,-9.42023233
-9.41346384,26.30853475,-9.61762341
-9.31464119,26.22674877,-9.38664034
12.27313808,25.75197853,-8.89483606
12.43659058,25.73411013,-9.14763478
12.05791860,26.53823784,-8.81077511
12.20764266,26.55151933,-9.06941546
11.91978820,27.25556266,-8.77394958
12.06201023,27.29194990,-9.03486673
11.79061526,28.02968849,-8.75938752
11.91709699,28.11119053,-9.01719161
-9.17531883,27.23540316,-9.52171731
-9.07422341,27.14385644,-9.29712585
-9.05441501,28.14301220,-9.45806397
-8.95436051,28.06132505,-9.24259421
-9.05775789,29.03821027,-9.42776908
-8.96966568,28.96717046,-9.22624628
11.47127806,28.78354883,-8.72755930
11.58867990,28.87713765,-8.98735842
11.20844983,29.54401493,-8.75286748
11.31634977,29.63343266,-9.01088452
11.00746119,30.31898136,-8.83503050
11.09894032,30.40205474,-9.08421364
2.71876397,32.89982439,-8.80436513
3.91370729,32.78185797,-8.80236710
5.14882877,32.70921776,-8.79248991
6.41228021,32.59484472,-8.73341105
7.70771747,32.40979043,-8.64257724
4.14246054,17.79535928,-8.42911411
4.82119225,18.14535937,-8.43939262
5.50452999,18.47529724,-8.46918056
6.19256866,18.77414204,-8.51530177
6.89443961,19.04833048,-8.56824071
10.79076451,31.07813745,-8.72809206
9.90780843,31.39429733,-8.60761737
9.11693027,31.72437522,-8.56266695
8.39214485,32.06507735,-8.58304608
9.83015517,20.66418402,-8.71066864
10.25330750,21.07790285,-8.71445970
10.75393363,21.47407921,-8.73838352
11.34203937,21.83584972,-8.78373600
12.02318945,22.14296086,-8.85212465
11.99916847,22.96329997,-8.79320709
12.05357448,23.70938060,-8.75251443
12.17634489,24.38850123,-8.73502448
12.35368612,25.01899335,-8.74116933
-9.89967965,19.06411924,-8.96334957
-9.87844438,19.99516676,-8.98291640
-9.88784200,20.87488189,-9.03365377
-9.93565991,21.70555410,-9.11263689
-10.02563413,22.50002104,-9.20504258
12.11014369,25.79678779,-8.63739584
11.92473435,26.52852165,-8.55897496
11.78778947,27.23582226,-8.51653737
11.69373549,27.94228445,-8.51725315
-9.73733143,23.43757599,-9.20972024
-9.50738070,24.34380894,-9.20394279
-9.34249286,25.23441579,-9.18987645
-9.25200736,26.12004322,-9.17627583
11.38547007,28.69381700,-8.48736490
11.13437917,29.45659440,-8.51553757
10.93740482,30.24761101,-8.59869940
-9.01033373,27.04553879,-9.09665052
-8.89040225,27.96578348,-9.04921738
-8.90302291,28.89656505,-9.03592093
-9.04355010,29.85268267,-9.04610224
-1.81630143,32.69428991,-8.59541815
-0.77059235,32.51105861,-8.59008141
0.34212446,32.48396835,-8.63474929
1.50291349,32.61382924,-8.71149380
1.14099391,17.28170568,-8.36110528
1.85040505,17.39556596,-8.36202722
2.58548636,17.52384990,-8.37111129
3.35026361,17.66286489,-8.39121990
0.43766098,17.23963144,-8.36103954
-0.25548767,17.19494678,-8.37372894
-0.94634136,17.14172157,-8.40367114
-1.63872913,17.07178653,-8.46217322
-2.74436173,32.51698074,-8.52403176
-3.57180834,32.45606012,-8.50213181
-4.32921891,32.48643169,-8.52504922
-5.05711617,32.59068005,-8.58227032
-5.60548045,32.25599967,-8.55435984
-6.14746134,31.96645894,-8.56806630
-6.72261391,31.70553889,-8.61794950
-7.38300200,31.45940975,-8.69821020
-2.28543876,17.19592859,-8.50607298
-2.93724494,17.29953113,-8.57005841
-3.60498871,17.37425178,-8.64539731
-4.30227301,17.41208926,-8.71922911
7.55863251,19.47059874,-8.59958148
8.24284658,19.88280533,-8.62179173
8.97663029,20.28359076,-8.64896438
-5.03278717,17.56904386,-8.74968389
-5.81977457,17.70033320,-8.74255294
-6.68324425,17.81530017,-8.70649425
-7.65152901,17.92195121,-8.68290552
-8.15378925,18.21168054,-8.68991986
-8.69092428,18.49974572,-8.73667524
-9.27006233,18.78419484,-8.82962055
-8.44972205,30.26476399,-8.89649051
-8.00773572,30.66576932,-8.80178073
-7.66379302,31.06243669,-8.73963226
-0.90398697,31.34130686,-0.50544716
-1.65263292,31.46482869,-0.54602053
-0.77084369,31.03961794,0.39740349
-1.49636319,31.11743156,0.36647133
-2.18983861,31.20705170,0.30703264
-2.36158773,31.58291323,-0.57286780
-2.87862837,31.33673418,0.25192315
-3.06591167,31.74670226,-0.59636856
-0.11352481,31.32673049,-0.46144930
-0.00063569,31.05168104,0.42280466
0.73177230,31.31779523,-0.47551841
0.83192110,31.03883647,0.40633880
-3.53456150,31.35552504,0.17106914
-3.74428027,31.81496545,-0.67291098
1.63415091,31.45801493,-0.48307554
1.71980823,31.14606676,0.38235944
-4.21575722,31.38105078,0.09208750
-4.44949391,31.89857287,-0.75024372
2.55318519,31.47858400,-0.47871573
2.61444357,31.13419938,0.34564329
-4.83659065,31.21157137,-0.00620167
-5.08801299,31.77285235,-0.82845082
-5.49246803,31.02757531,-0.09649124
-5.75871418,31.63415038,-0.90731815
3.50375834,31.56042404,-0.44140435
3.53270304,31.17030404,0.34420185
4.46526258,31.56897793,-0.38775772
4.45701650,31.14234351,0.37428450
-6.15555227,30.76456373,-0.18529827
-6.42705477,31.40707039,-1.00141901
-6.86551177,30.45325614,-0.24654292
-7.12726879,31.11274469,-1.09297381
5.47795433,31.51749925,-0.30863417
5.42808812,31.07302957,0.44629703
-7.44174359,30.14665373,-0.29258196
-7.66996543,30.80266641,-1.18122623
6.29081975,31.38468208,-0.26850209
6.22278787,30.94371078,0.49434995
7.16939899,31.18909502,-0.23568734
7.08718953,30.77108727,0.54412625
-8.07624259,29.79629643,-0.30683008
-8.25339721,30.42218177,-1.26281254
7.99124175,30.78959800,-0.25823667
7.89738340,30.40011687,0.52923509
-8.62122028,29.26725785,-0.35629570
-8.73783815,29.82885627,-1.37357207
-9.26921270,28.71839117,-0.36374247
-9.32536872,29.19286099,-1.45980737
8.90521236,30.38036837,-0.27256024
8.80904078,30.02496416,0.52394398
9.31073564,29.69132122,-0.32698216
9.19175547,29.36323479,0.43855342
-9.42707161,27.95274498,-0.45987779
-9.46408581,28.33684729,-1.54820940
-9.66190421,27.17246751,-0.55013532
-9.69493619,27.46904735,-1.62145021
9.76557551,29.00915248,-0.37304891
9.62630952,28.71015954,0.36217600
10.06725987,28.29025026,-0.45488785
9.91231792,28.00190676,0.29742994
-9.79717608,26.33685642,-0.62785683
-9.82841563,26.57318149,-1.72482497
-10.00034417,25.47359079,-0.72786442
-10.04560975,25.65024461,-1.83187976
10.42167661,27.56783925,-0.53409191
10.25193207,27.29232772,0.23840150
-10.24116611,24.35676227,-0.77665622
-10.29387991,24.47966106,-1.86990581
10.78989511,26.64554037,-0.55532911
10.63020329,26.39007465,0.25001877
-10.55890798,23.17008762,-0.85392786
-10.62814794,23.23903760,-1.93137551
11.24009495,25.69405389,-0.57245009
11.11475195,25.45898973,0.28757573
-10.92341364,21.92773735,-0.87840345
-10.99696807,21.93739314,-1.98304160
11.72517857,24.67965845,-0.58544969
11.66801659,24.45940694,0.37282259
12.34108505,23.59324703,-0.57898936
12.40091366,23.37780894,0.49534240
-11.46809156,20.70350722,-0.82753112
-11.49468012,20.64832037,-1.98681999
12.42892519,22.62963637,-0.69335988
12.47925420,22.40832522,0.42421955
-11.47283433,19.65482567,-0.81198080
-11.50597348,19.54966199,-2.00649674
-3.26941994,32.16239628,-1.33638621
-2.54499848,31.97188044,-1.32311320
-0.22734576,31.65281455,-1.22904099
-1.04167691,31.68168209,-1.27248189
0.63997583,31.63544913,-1.22181621
-3.96330927,32.24997496,-1.39219915
-1.81471830,31.83288804,-1.30687473
1.56623320,31.78999348,-1.19870212
-4.68256200,32.35797148,-1.45061444
12.62645032,21.61540312,-0.78504932
12.68785103,21.38768331,0.37146347
-11.57973601,18.59410433,-0.76432220
-11.58393159,18.43631518,-1.99552450
2.51571880,31.84191413,-1.16664490
-5.33957900,32.26750542,-1.51396813
3.50821442,31.97509226,-1.10351640
-6.02617688,32.16582293,-1.58222855
4.51996576,32.02618082,-1.02933305
-6.69963474,31.95996739,-1.66617995
-10.95537147,17.69750112,-0.70002820
-10.98591274,17.48289221,-1.96543399
12.11999718,20.79036062,-0.90756599
12.12199816,20.57705965,0.27218190
-7.39721556,31.67370158,-1.75913624
5.59156648,32.00293541,-0.94547483
-10.47218198,16.80937871,-0.62958195
-10.49482117,16.53503017,-1.91844630
11.75742661,19.93492305,-0.96894195
11.75165912,19.73211777,0.23186114
6.43263824,31.86650193,-0.91541388
-7.91627358,31.35409898,-1.85476573
-9.72632161,16.43216950,-0.60199925
-9.76209396,16.11781239,-1.89915662
11.03364085,19.57437034,-1.03252864
11.02425665,19.39696347,0.15586142
7.33444466,31.65104249,-0.90188286
-8.46908062,30.95027564,-1.95400086
-9.09145860,16.06823710,-0.57331556
-9.12011525,15.71694203,-1.86762795
10.37708634,19.14909169,-1.08129812
10.38619085,18.99257480,0.08440000
-8.91369776,30.30801972,-2.08313808
8.16749490,31.22321911,-0.93468265
-8.41343036,15.89511031,-0.54895910
-8.42695334,15.52271934,-1.83604689
9.60119690,18.82068353,-1.14271339
9.63282635,18.68125341,-0.00747763
-7.81830011,15.73636575,-0.52368256
-7.80604869,15.35762110,-1.79401620
8.91484698,18.40744018,-1.19468979
8.96623311,18.28190580,-0.08502372
3.26010458,14.70752455,-1.81284195
3.91709009,14.74126231,-1.78870762
3.26146748,14.64607727,-0.79475129
3.93295134,14.69235833,-0.75598540
4.48846838,14.81815928,-1.75472368
4.51076749,14.77721349,-0.73373140
-2.01433106,14.96918415,-0.30563145
-2.74241489,15.04311786,-0.30347714
-1.80800634,15.11495336,-1.44487090
-2.52357362,15.17649933,-1.40962480
-1.17752723,14.87855022,-0.38346520
-1.00690637,15.02268970,-1.51670619
-7.04778019,15.56772415,-0.49905909
-6.97991481,15.23103580,-1.71317111
8.05914968,17.73523742,-1.25752703
8.13291369,17.63932769,-0.18424313
-0.36553702,14.78147530,-0.47584958
-0.23232181,14.91156147,-1.59235610
2.59945311,14.69294413,-1.80699801
2.58184174,14.62239386,-0.78637349
1.92634354,14.70491226,-1.77855742
1.88715627,14.61308452,-0.74074651
0.41794601,14.69243921,-0.57420290
0.51549738,14.81559262,-1.66660216
1.23510712,14.73455527,-1.73354238
1.16919390,14.62586045,-0.67094647
-3.47931920,15.04979503,-0.31409002
-3.25774998,15.15116439,-1.38946220
5.07760070,14.91584211,-1.69669720
5.10570248,14.88236080,-0.67724342
-6.34857782,15.37048535,-0.46972269
-6.23026585,15.11153012,-1.62631216
7.39333000,16.94904355,-1.32580295
7.46375466,16.89044314,-0.26757549
9.08515227,30.78666945,-0.95938488
-9.46526803,29.61005201,-2.20244865
5.64136524,15.22964183,-1.62710778
5.67485352,15.20451256,-0.58553855
-4.21187845,15.14139435,-0.34696055
-3.99615494,15.18650176,-1.42698244
6.77473596,16.26110591,-1.42741852
6.82968229,16.22940300,-0.36598232
-5.63923634,15.28439065,-0.43163372
-5.47697030,15.13236952,-1.55346208
6.24473225,15.57939269,-1.54269332
6.28882436,15.55763894,-0.47972421
-4.94971154,15.10427898,-0.39228609
-4.75272623,15.04967343,-1.49198973
9.51079680,30.08093557,-1.00933599
-9.59578247,28.69589365,-2.31414887
-9.83114432,27.76777322,-2.41391844
9.98815520,29.38130406,-1.05157289
10.29691049,28.63907854,-1.11773140
-9.95971132,26.81189801,-2.51563007
-10.17435503,25.83041826,-2.61234819
10.65598624,27.89234907,-1.18398492
-10.43083547,24.62582506,-2.65335330
11.03526720,26.96675271,-1.20019421
-10.77351066,23.34666439,-2.71717549
11.48660716,26.00904095,-1.22196403
11.95931449,24.98799161,-1.25698274
-11.15496484,22.00249795,-2.80015119
-11.64901245,20.66087370,-2.88133276
12.53553121,23.89245982,-1.29153108
-11.68181801,19.51497990,-2.95017556
12.62674370,22.89884358,-1.42188679
12.81310793,21.84717265,-1.54179371
-11.75132348,18.34230669,-2.99667403
-3.52221306,32.62573787,-2.33824569
-2.77834501,32.42047629,-2.32152474
0.52898574,32.02729757,-2.19964037
-0.37183664,32.05376077,-2.22728219
-4.22551447,32.71477129,-2.38765630
-1.21967212,32.09516634,-2.27139240
-2.02298506,32.26989808,-2.30334224
1.49352653,32.19969265,-2.14908465
-4.94666471,32.82475799,-2.44318425
-11.18976749,17.33313601,-2.98188691
12.32716523,20.94702921,-1.68391441
-5.60495157,32.74083925,-2.49727261
2.49087030,32.29165855,-2.08126482
3.54822847,32.49408950,-1.98722456
-6.28483952,32.64168160,-2.56096160
4.63476064,32.60353138,-1.90050766
-6.93860091,32.42225718,-2.64602416
11.96519637,20.01883108,-1.77362318
-10.70095415,16.31806135,-2.95399824
-7.60843862,32.11123967,-2.74336113
5.79152435,32.60718694,-1.82929467
11.23026210,19.60335316,-1.84018342
-9.98228695,15.86789222,-2.92621239
-8.08243406,31.76491446,-2.83902019
6.66585278,32.44984927,-1.82550662
-9.33308755,15.42674005,-2.89076749
10.55461752,19.14278718,-1.88733000
-8.58893823,31.33286589,-2.93824831
7.59526887,32.20403515,-1.84229157
-8.62114263,15.20258795,-2.84091051
9.75240298,18.80544514,-1.92725827
9.04396335,18.39418417,-1.96314896
-7.97036698,15.00716584,-2.78336994
8.43630021,31.74365352,-1.88459044
-8.98408585,30.65029908,-3.05244770
-7.07819778,14.86124294,-2.68134545
8.14872252,17.72884888,-2.01974266
-6.26309628,14.76202413,-2.57317483
7.45585768,16.94496390,-2.09591659
3.27292073,14.70804237,-2.49979693
3.92282752,14.74386088,-2.48806054
-0.89513841,14.99759558,-2.28954944
-1.68122638,15.07667182,-2.24941311
-2.39503337,15.12919390,-2.23704036
4.49282270,14.83192458,-2.46594843
2.62409083,14.68616023,-2.49148493
-0.13871030,14.88978164,-2.33697033
5.08353943,14.93665948,-2.42727128
-3.13505447,15.07746713,-2.24349098
6.81610715,16.26474398,-2.18743367
-5.45204456,14.85650343,-2.46120622
0.58932992,14.80612498,-2.38793664
1.96437813,14.70245806,-2.46894052
5.65400262,15.24953474,-2.36485239
-3.89302093,15.06578130,-2.28904658
1.28983910,14.73158964,-2.43662817
6.26613576,15.59627106,-2.29050041
-4.68086977,14.85474651,-2.37079370
9.35393038,31.27941856,-1.92056981
-9.49302526,29.91156020,-3.16561481
-9.61797382,28.95572302,-3.26313770
9.79544443,30.55542536,-1.96419072
-9.86038839,27.98818712,-3.35289028
10.29240036,29.83663981,-2.00285041
10.59786447,29.06962169,-2.05153835
-9.98012417,26.99425891,-3.42548769
-10.18322518,25.97572518,-3.49046294
10.95231620,28.29691240,-2.10326348
-10.43874127,24.77826658,-3.51668571
11.33413419,27.38695437,-2.11757880
11.77969465,26.44231394,-2.14352179
-10.77407795,23.49776757,-3.57178521
12.23315438,25.43189500,-2.18685185
-11.15633887,22.13923895,-3.67933035
12.76439527,24.34448095,-2.24750894
-11.65635684,20.75624778,-3.86836401
-11.74068950,19.57110689,-4.03506939
12.85762548,23.33190904,-2.37420250
-11.83521037,18.34746250,-4.19981487
13.02763365,22.24983071,-2.50742144
-11.33260367,17.29240364,-4.21976643
12.56639259,21.25370631,-2.62603806
12.21331414,20.22399239,-2.71990784
-10.86647334,16.22153713,-4.23456407
11.48076540,19.72346298,-2.76864835
-10.17203505,15.75154330,-4.19092511
10.80183536,19.20720558,-2.80672351
-9.52551084,15.28127310,-4.15038865
9.98471799,18.85384615,-2.81798298
-8.80222315,15.03116647,-4.06855929
9.26055840,18.45148184,-2.83544726
-8.12855750,14.80055355,-3.99126283
8.31219252,17.82403948,-2.88323814
-7.17068014,14.61434386,-3.87236946
7.57030049,17.08199342,-2.96468556
-6.29056722,14.50147330,-3.75290292
-5.42503342,14.63167978,-3.61257307
6.88888602,16.43870809,-3.05629388
-0.80000943,15.00120393,-3.20952268
-1.57063134,15.05800862,-3.20944429
3.28650833,14.79317652,-3.33319944
3.93211790,14.85045725,-3.33042243
-2.28317140,15.09957564,-3.23212647
4.50334841,14.97433771,-3.31323682
-3.02701060,15.02358964,-3.28413118
5.09785524,15.11311113,-3.28527043
2.64620396,14.74878099,-3.32499406
-0.06051230,14.90405640,-3.22733507
5.67766696,15.44347503,-3.22742094
-3.79822557,14.96619663,-3.36662091
6.30324472,15.80101007,-3.16321883
-4.60821014,14.70116960,-3.49619115
0.64917745,14.84364936,-3.25060234
1.99520486,14.76240859,-3.30329163
1.33330120,14.78467088,-3.27970656
0.48774919,32.30416694,-3.03790414
-0.44918842,32.34262762,-3.07553169
-4.39622293,32.98987849,-3.27845896
-3.69415476,32.92452211,-3.22022227
-2.93898026,32.72647662,-3.18826092
-1.33185421,32.39332375,-3.12173182
-2.16329948,32.58145172,-3.15844453
-5.10576358,33.07190812,-3.34602623
1.49290575,32.48407740,-2.97732917
-5.74942619,32.95819145,-3.41113745
2.53609925,32.60770634,-2.89767955
3.65381415,32.87048493,-2.79606913
-6.40585045,32.82374071,-3.48610045
4.80493958,33.02059809,-2.70796492
-7.02424075,32.55390667,-3.57196497
-7.65668233,32.19107171,-3.66216115
6.03190042,33.02180615,-2.65126576
-8.08999274,31.81529928,-3.73912158
6.92603674,32.83302630,-2.65998794
-8.56109110,31.36482097,-3.81469883
7.87322806,32.55910552,-2.68754411
-8.92458948,30.67264280,-3.89518283
8.71622453,32.07905462,-2.73361376
-9.40720410,29.93600743,-3.97996296
9.63136226,31.59748052,-2.78186078
10.07848465,30.86113817,-2.81927835
-9.53169507,28.97738547,-4.04166832
-9.77999494,28.01374173,-4.10522502
10.58383754,30.12817937,-2.85892282
10.87371440,29.34766137,-2.90265967
-9.88691301,27.02507920,-4.15095518
11.21183991,28.56061890,-2.95376591
-10.07552190,26.01613600,-4.19480793
-10.31369370,24.87628820,-4.20987452
11.57459775,27.67801357,-2.97664807
11.99485096,26.76037625,-3.01504688
-10.62278565,23.65439616,-4.25371842
-10.97985769,22.34896528,-4.36282566
12.41420778,25.78191006,-3.07200394
-11.47081163,20.99444750,-4.60504014
12.89568499,24.72981921,-3.15319433
-11.61627437,19.82410711,-4.84646202
12.98329968,23.74330497,-3.26014240
-11.77565164,18.61337305,-5.11470235
13.13145443,22.68431738,-3.38226559
-11.34721827,17.55893727,-5.17393365
12.67908927,21.66616860,-3.43852433
12.32873752,20.59624140,-3.50433726
-10.93417960,16.48755486,-5.23225083
-10.25996664,16.00930487,-5.17172897
11.60468167,20.03718062,-3.51714743
10.93932415,19.48068605,-3.53952364
-9.62370762,15.52832886,-5.12345486
10.13560646,19.11339002,-3.53977166
-8.89464921,15.26250087,-5.02584582
-8.21036132,15.01039242,-4.94392232
9.42184183,18.72388224,-3.55588429
-7.20503590,14.79614839,-4.81701356
8.44537810,18.14843303,-3.59984174
-6.28468712,14.66120202,-4.70127879
7.66733628,17.47208512,-3.67989315
-5.39008604,14.76891735,-4.54613368
6.95121899,16.87427318,-3.76208650
6.33498931,16.26647300,-3.86572043
-4.55564058,14.84137289,-4.41330228
3.93648476,15.16375466,-4.06260021
4.51261463,15.33887712,-4.03775225
-1.54541774,15.17956161,-4.03488598
-2.25056133,15.21423840,-4.08128454
3.28812847,15.07075057,-4.06804620
-0.78884112,15.14654900,-4.00836413
5.11276502,15.52923142,-4.00571640
-2.98500698,15.13755131,-4.16438107
5.70013056,15.88852238,-3.93507376
-3.74860605,15.07820942,-4.26379226
2.64591754,14.99288846,-4.06652940
-0.05821726,15.06672718,-4.00835527
0.64542540,15.03577954,-4.01444578
1.99066104,14.99323378,-4.04812350
1.32730428,15.00070444,-4.03280928
-0.42985584,32.56220496,-3.84011756
-1.35752290,32.61351226,-3.88649654
-3.79753429,33.11092385,-4.02207786
-3.02753342,32.93370734,-3.97236418
-4.50022603,33.13555097,-4.09329388
0.55127573,32.51850944,-3.80178571
-2.22538734,32.80609652,-3.92968211
-5.19756549,33.16968525,-4.17747620
1.60234378,32.70864410,-3.74692207
-5.82328819,33.00522088,-4.25273292
2.69217497,32.86059881,-3.67008600
-6.45315899,32.81629119,-4.33712274
3.86691021,33.17022248,-3.57922584
5.07395616,33.33293409,-3.50909453
-7.03562246,32.48347285,-4.42727972
-7.63380339,32.06596866,-4.51163239
6.35679504,33.29047440,-3.46973966
-8.03404390,31.66808196,-4.57318015
7.25942693,33.06202144,-3.48253374
-8.47985496,31.21303657,-4.62902989
8.21358465,32.75822013,-3.51377678
9.04703628,32.25893596,-3.55674461
-8.82299563,30.53197266,-4.67344706
9.94933572,31.75737404,-3.61861711
-9.28908018,29.82249425,-4.72812874
-9.41433861,28.88170768,-4.75931919
10.40069099,31.01390645,-3.65552795
-9.66626318,27.94500224,-4.80520672
10.91223724,30.27085748,-3.70599731
11.18132803,29.48502920,-3.74434376
-9.75719215,26.98225682,-4.83019098
-9.92935922,26.00684618,-4.86391386
11.49576315,28.69207798,-3.79787586
11.82695385,27.84356266,-3.83531435
-10.14824784,24.95074616,-4.88123395
12.20663768,26.96121071,-3.89328759
-10.42884005,23.82215647,-4.92340004
12.57468465,26.02673408,-3.96973582
-10.74866601,22.61332060,-5.02023279
12.99132404,25.02690273,-4.07203993
-11.19654789,21.34076972,-5.24455881
13.05848132,24.09961420,-4.16810362
-11.36855942,20.22975799,-5.49588128
13.17236789,23.10594705,-4.28164822
-11.56511774,19.08311484,-5.80401428
12.71168867,22.13538575,-4.27188357
-11.21662864,18.06024676,-5.89529996
-10.87457158,17.02186013,-5.99416218
12.35344356,21.08930639,-4.29701050
-10.23385588,16.54618606,-5.93289316
11.64213796,20.50704961,-4.27154323
-9.62413533,16.06994809,-5.89322605
11.00243270,19.92932018,-4.27793979
10.23188441,19.54570216,-4.26505370
-8.90448392,15.79828161,-5.79730234
9.54883595,19.16514008,-4.27965479
-8.22434212,15.54127822,-5.72595758
8.57303203,18.63790475,-4.32045156
-7.19081957,15.32137438,-5.61580383
7.77548937,18.03741272,-4.39008116
-6.25080645,15.17526859,-5.52210287
-5.34676479,15.23789398,-5.38365245
7.03195849,17.50411720,-4.45585114
-4.51422384,15.26996491,-5.25717644
6.38492062,16.94767387,-4.54435578
-1.58181130,15.48649578,-4.81726824
-2.27396673,15.51797960,-4.88466297
3.93893035,15.71525732,-4.75404335
4.52621898,15.94423921,-4.71935785
-0.83940848,15.47802579,-4.77062151
3.28084741,15.58019283,-4.76907751
-3.72901405,15.42907942,-5.10336760
5.73751756,16.56529757,-4.60792048
5.13775509,16.18645535,-4.68276656
-2.98880359,15.45926976,-4.99277055
-0.11287230,15.42364424,-4.75820325
2.62809320,15.46297255,-4.77974293
0.59350322,15.42646853,-4.74478734
1.95845167,15.43820061,-4.76134344
1.28332595,15.42072024,-4.75034397
-3.04724593,32.91679299,-4.74941723
-2.21065369,32.82798870,-4.69327827
-1.29433856,32.65543477,-4.64282684
-3.83471326,33.05236922,-4.81957705
-0.30687292,32.62791569,-4.60099571
-4.53603702,33.02365347,-4.90366799
0.72849881,32.60128247,-4.56924846
1.83054771,32.81250586,-4.53711186
-5.21521555,33.00229473,-5.00468501
2.96715622,32.99914400,-4.49036512
-5.81601642,32.79254143,-5.09411019
-6.41283161,32.56228963,-5.19175040
4.18645586,33.33555128,-4.44269943
5.42378084,33.46740153,-4.40531721
-6.95649399,32.19094968,-5.28476705
6.72786393,33.34488063,-4.37115019
-7.52519646,31.75489527,-5.36306075
7.60931340,33.07242171,-4.37164068
-7.90169255,31.36744264,-5.40979885
8.53713972,32.73476913,-4.39697034
-8.33414101,30.94184715,-5.45085928
-8.66718944,30.30237271,-5.47349886
9.33846207,32.21576648,-4.44236004
-9.12382943,29.64750281,-5.51700554
10.20326436,31.68683395,-4.53134486
10.65551998,30.94513897,-4.57269459
-9.25000563,28.74309365,-5.52877302
-9.50031992,27.84999787,-5.57148176
11.16454977,30.19834976,-4.64291218
11.41444515,29.42931758,-4.67301971
-9.57007592,26.92571130,-5.57916135
-9.72001446,25.99894992,-5.60549829
11.70013511,28.65129958,-4.72965139
11.99359874,27.85540078,-4.79491400
-9.91054150,25.04238756,-5.62970573
12.31883651,27.02922010,-4.88720557
-10.15681883,24.03096703,-5.66629528
12.61591591,26.16480078,-4.98435323
-10.43288071,22.94718946,-5.72346272
-10.81023756,21.79298250,-5.87167267
12.94166286,25.24638180,-5.10592983
12.96939584,24.41680677,-5.20555097
-10.96814252,20.77085563,-6.07428911
-11.16334789,19.71464722,-6.36862658
13.02946678,23.53337689,-5.32040464
12.58871966,22.67337615,-5.25571812
-10.88218245,18.74208701,-6.46417769
12.23675590,21.70949117,-5.24026906
-10.61072699,17.75209319,-6.58507827
-10.00807797,17.29682637,-6.51574815
11.55477669,21.13951170,-5.18813655
10.95229551,20.55848269,-5.18691827
-9.43457307,16.84452586,-6.47910016
10.23947856,20.14262573,-5.16082035
-8.74481547,16.58020500,-6.38156034
9.61211608,19.75071118,-5.17440355
-8.09152449,16.33264815,-6.32154150
8.67985608,19.24508065,-5.22536528
-7.06623614,16.13379934,-6.24606497
-6.14009075,15.98371879,-6.19969226
7.89788234,18.70609814,-5.29408814
7.14750662,18.22869069,-5.33254999
-5.25819483,15.97299132,-6.12082117
6.47645307,17.72510355,-5.38257967
-4.45254281,15.92309819,-6.04342816
5.81623786,17.35585531,-5.42586598
-3.70526173,15.96802240,-5.94380168
5.19751201,16.97242769,-5.48559435
-2.99902180,15.93667179,-5.86175262
-0.91321604,15.90664633,-5.63570438
-1.63831916,15.90455835,-5.69404351
3.95535561,16.40676851,-5.55442542
4.56513964,16.68640294,-5.51758177
-2.31142516,15.94833506,-5.76364906
3.27627283,16.21976075,-5.57447627
-0.19225127,15.87493790,-5.61177770
2.60353330,16.05195079,-5.59411358
0.51795940,15.90900178,-5.58065934
1.91192640,15.98815246,-5.57832610
1.21936109,15.93603552,-5.57219076
-1.17491533,32.49974606,-5.35099623
-2.14271186,32.63446380,-5.41148967
-3.01577219,32.67955125,-5.46795626
-0.12553090,32.51040123,-5.31566839
-3.81875617,32.77514959,-5.54719804
0.96381244,32.50663249,-5.30599228
-4.51415408,32.70490959,-5.64442790
2.11052030,32.72394335,-5.31754987
-5.17107006,32.64764355,-5.76154100
3.27111462,32.91251875,-5.30545989
-5.74374945,32.42227724,-5.85099246
-6.30894192,32.18620157,-5.94819607
4.48918689,33.21399341,-5.29906848
5.69952176,33.27939613,-5.27204057
-6.82234562,31.82213381,-6.03005650
-7.37537561,31.41551836,-6.09587320
6.96550519,33.10060567,-5.21376014
-7.74125440,31.06612577,-6.13568349
7.79824596,32.81193229,-5.19594875
-8.17130109,30.69271473,-6.17533893
8.67389469,32.46159500,-5.21403338
9.42834910,31.94201065,-5.25203406
-8.50541059,30.11299816,-6.18795945
-8.96027597,29.52175137,-6.23602133
10.24375621,31.40486296,-5.35362853
-9.08852581,28.65821066,-6.24099692
10.68248602,30.67977971,-5.38456971
11.17159394,29.94629478,-5.45718801
-9.33487708,27.80643981,-6.29133357
-9.38720424,26.91319977,-6.29188585
11.39895174,29.21081413,-5.47239008
11.65280129,28.46832398,-5.52380646
-9.51883800,26.02399647,-6.31645202
11.90470396,27.73274575,-5.58575543
-9.69271499,25.13599420,-6.32797640
12.17511408,26.97073232,-5.67842937
-9.91985514,24.20446832,-6.33184114
12.41303044,26.18031546,-5.77926318
-10.17027154,23.20823376,-6.33149840
-10.50468927,22.13834696,-6.40098254
12.67144452,25.34229736,-5.90434290
-10.65065880,21.17185141,-6.54896263
12.67737113,24.59567836,-6.00376574
12.71682612,23.79648863,-6.12057840
-10.84114803,20.16372242,-6.81594416
-9.79702357,17.80268624,-6.88102344
-10.37486145,18.24473381,-6.97088836
-10.60030598,19.21611034,-6.87072426
11.99965796,22.15324911,-5.92951746
12.31871269,23.03733447,-6.00084464
11.35222106,21.62305556,-5.83747070
10.78620953,21.05856309,-5.81105526
-9.24826794,17.36513995,-6.83248819
-7.95031422,16.87473840,-6.65048391
-8.58063405,17.11144867,-6.71732753
-6.94310423,16.70110238,-6.58776431
8.67337889,19.69939005,-5.81004056
9.55031361,20.21297904,-5.75772754
10.12627227,20.62405442,-5.75818945
-6.03750768,16.55607824,-6.56602473
7.92830903,19.17407344,-5.87769720
7.19637650,18.71162283,-5.89924993
-5.18075502,16.51473387,-6.51574667
6.52509681,18.22853526,-5.92296740
-4.40072365,16.42612507,-6.46195346
5.86333820,17.86432594,-5.94643746
-3.68087283,16.41330606,-6.39075701
-2.99752955,16.34261685,-6.32914137
5.23440174,17.48131291,-5.98578958
-2.32780268,16.31110531,-6.24543685
4.58721681,17.16979553,-6.00288478
-1.66776733,16.24139794,-6.18328051
3.95994176,16.85913077,-6.02914145
-0.95598649,16.23853320,-6.13918480
3.26384975,16.64883596,-6.05512100
2.57555848,16.45796639,-6.08398713
-0.24294441,16.21451196,-6.12253205
1.16941329,16.29978686,-6.07671036
1.87065089,16.37015527,-6.07607413
0.46481100,16.25753418,-6.09015613
-3.75930642,32.38791424,-6.63152636
-2.94073907,32.32729841,-6.54859983
1.28637611,32.32247130,-6.51583201
0.13679837,32.31495765,-6.47424032
-0.98929810,32.25556298,-6.46527920
-4.44527465,32.29685283,-6.73380523
-2.02280910,32.34036854,-6.51850522
-7.21549758,31.14914951,-7.18758249
-6.66422420,31.49178372,-7.11312142
7.16606545,32.53658032,-6.46786120
5.97650286,32.74631163,-6.59153233
7.93231142,32.26881900,-6.41872677
-7.57996822,30.86102470,-7.23574014
2.47153638,32.50648241,-6.61360910
-5.08001365,32.24440408,-6.87204575
4.82585105,32.79277582,-6.65453119
-6.17035450,31.81946240,-7.03738452
3.63861274,32.61778226,-6.63215379
-5.62757656,32.02686572,-6.94399215
8.75204669,31.95569986,-6.43903070
-8.01642834,30.56451042,-7.29971733
-8.34360035,30.04674316,-7.32538675
9.45690950,31.47372961,-6.47656114
10.23807643,30.98536517,-6.61815221
-8.79218429,29.52811684,-7.42180937
-8.89844927,28.68283037,-7.40716206
10.62536017,30.27676278,-6.58858548
-9.12776340,27.85371196,-7.47140961
11.07057553,29.57004586,-6.63385698
11.23392591,28.86218216,-6.58406268
-9.15190800,26.96264640,-7.45318758
11.43241031,28.16484357,-6.59696376
-9.26576687,26.08526373,-7.48327971
-9.42662120,25.24054111,-7.51160326
11.62853127,27.49845313,-6.64418569
12.25869822,25.34281514,-6.98152294
12.03603888,26.10207647,-6.84102891
-10.32811891,21.54844884,-7.44381747
-10.17810669,22.46842018,-7.44636477
-9.87841556,23.44995545,-7.47561324
12.29871045,24.66079233,-7.05117945
-9.64417490,24.36803427,-7.51743329
11.84455304,26.81182520,-6.73490912
11.74068995,22.48298783,-7.03748741
12.02032378,23.25822373,-7.06551062
-10.09524252,18.75774981,-7.61740097
-10.29808196,19.67833892,-7.56263099
11.13983442,22.02928549,-6.88684826
-9.54860801,18.32387437,-7.48254952
-7.77665157,17.46283404,-7.21707238
-8.38463064,17.66948617,-7.27526795
8.66334437,20.19307178,-6.67559240
9.47435939,20.71886698,-6.67745949
-6.80003518,17.29790836,-7.17769976
10.00245081,21.11448472,-6.70252640
12.38361659,23.91371382,-7.14406206
-10.52698755,20.56806676,-7.56898399
-9.03258726,17.89067721,-7.39627407
10.62215726,21.50817003,-6.79952469
-5.92433392,17.14186092,-7.18917946
7.96584318,19.66488516,-6.70273822
5.92250384,18.40841309,-6.62220421
6.58770438,18.76670212,-6.65532054
-4.34048186,16.97149458,-7.12946921
-5.09534613,17.08057732,-7.17447600
-3.64618630,16.91570665,-7.04430867
7.25740191,19.22204186,-6.68270585
3.96443725,17.40223162,-6.62744761
4.61531088,17.71956042,-6.61054443
-0.98939557,16.67975287,-6.76317675
-1.68576919,16.69180567,-6.81459099
3.24499710,17.16745473,-6.64136057
-2.33123842,16.76785932,-6.87526522
5.28094362,18.02839992,-6.61224784
-2.98386861,16.81528793,-6.96173248
-0.28793654,16.65460698,-6.73811018
2.53823179,16.95014493,-6.66706382
0.40974013,16.71785753,-6.71641718
1.81872396,16.85736731,-6.68339670
1.11076101,16.78467404,-6.71191419
-1.43107307,31.03152992,0.98383456
-0.70140386,30.91739752,0.99122871
-2.10540065,31.03834480,0.91771017
-2.76947350,31.08013016,0.85559372
0.06739177,30.87687236,0.99458938
0.89263691,30.93307864,0.98592710
-3.44315238,31.14029283,0.79703157
1.78120572,31.09798870,0.96617455
-4.14623491,31.20459968,0.74005978
-4.73725148,30.95484792,0.63943909
2.65956501,31.00725780,0.91407392
-5.36233335,30.69301551,0.55111099
3.55704573,30.96311594,0.89161013
4.47861055,30.92761919,0.91731063
-6.03423003,30.40888315,0.49094899
-6.77072865,30.09282251,0.47767366
5.44768385,30.86759043,0.98989081
6.19150950,30.68208928,0.99506604
-7.31941612,29.74238484,0.41350776
6.99029458,30.46494168,1.00848440
-7.92863748,29.36591186,0.39133446
-8.62611591,28.96804367,0.41285597
7.87156017,30.22040175,1.02358424
-9.44483177,28.56564690,0.47156336
8.87869370,29.97107993,1.03784590
9.11871107,29.27019976,0.96628134
-9.49974163,27.79916966,0.38635193
9.39622731,28.58484165,0.89695293
-9.61387485,27.02529766,0.29581119
-9.78688103,26.23456680,0.18846561
9.71956935,27.90424481,0.83120970
10.10046028,27.21849400,0.77181949
-10.01422302,25.41242918,0.04972263
10.52066366,26.33139802,0.85469145
-10.28808681,24.32141102,0.03749996
-10.62884923,23.15885955,0.00159191
11.06074454,25.40489381,0.96783835
-11.08847875,21.94804026,-0.00473488
11.76181418,24.40533400,1.10397518
12.66927243,23.30166209,1.23278074
-11.76892371,20.75249917,0.03173050
12.25974305,22.40851699,1.15284144
-11.35409032,19.79414843,0.06543829
12.01194896,21.49376178,1.08016288
-11.04832343,18.83490322,0.10699663
11.91497989,20.53457171,1.02792182
-10.84036583,17.86893970,0.14652378
-10.71387481,16.89146121,0.17085284
11.95433921,19.51360484,0.99431114
-9.87484027,16.60090034,0.21678495
11.10855256,19.25692667,0.90775295
-9.16329486,16.32842257,0.24306036
10.37645943,18.94225683,0.80924761
9.72569497,18.54864713,0.71784302
-8.54670583,16.06454027,0.25687535
-7.99874707,15.79882395,0.26391592
9.15031798,18.07784467,0.64013771
8.26392093,17.53901229,0.51853947
-7.19201545,15.67279759,0.25780217
7.53275982,16.89597322,0.42325643
-6.46566481,15.51567987,0.25104084
6.92045534,16.18917590,0.32798998
-5.77908563,15.29403559,0.25417079
-2.14080809,14.70671224,0.35719244
-2.87939604,14.88910931,0.34687049
3.98332349,14.46856340,-0.06112121
4.54773332,14.67679835,-0.03334131
-1.28407174,14.62715319,0.29831295
3.29254848,14.42302221,-0.09827257
-0.44796676,14.54480916,0.22090260
2.59332168,14.40379859,-0.08613365
1.87681296,14.40932996,-0.03863649
0.36086049,14.47986023,0.12847224
1.13529599,14.44099025,0.02939469
5.12387971,14.90894546,0.02823563
-3.61995773,15.01699070,0.32554443
-5.10668260,14.98660597,0.26565776
6.39453583,15.45124998,0.21713059
5.73101884,15.16760189,0.11591947
-4.36024444,15.05729197,0.29683073
4.67839280,18.02512255,-7.32136263
5.34211073,18.37689521,-7.34381595
6.01726457,18.70033394,-7.39963848
-2.95451406,17.13669345,-7.69660908
-3.61636045,17.20981592,-7.79535326
-2.30966017,17.03353235,-7.61035926
-4.31045792,17.24198419,-7.88823229
6.71262370,18.99929278,-7.47981316
4.02383392,17.65960056,-7.32900304
-1.66994129,16.90989395,-7.54839571
-5.04083896,17.40842356,-7.91551912
7.36103709,19.46983540,-7.53283744
-0.98237903,16.95948656,-7.47104348
3.26164855,17.49096241,-7.31405325
8.03118906,19.93098764,-7.56820640
-5.83245841,17.53959151,-7.89746427
2.52198837,17.32768367,-7.32131231
-0.29279496,16.99610550,-7.42312318
8.74709075,20.38482723,-7.58794684
-6.70635827,17.64729644,-7.85473505
1.80372360,17.18462182,-7.34679869
0.40065815,17.02842379,-7.39600160
9.57675245,20.82756052,-7.64684534
-7.68886026,17.75031390,-7.85103915
-8.20393928,18.05040826,-7.86210011
9.99326111,21.27614802,-7.64395614
1.10326264,17.06283281,-7.38675301
-8.75063300,18.35548920,-7.92186646
10.49261689,21.70720611,-7.69004458
-9.33468245,18.66331717,-8.03970650
11.08589391,22.09547434,-7.78923754
-9.96478452,18.96796495,-8.21501037
11.77931601,22.40664316,-7.93678323
11.77673939,23.23656522,-7.85397190
-9.93894335,19.93704578,-8.14145893
-9.93937751,20.85514602,-8.13150808
11.85727598,23.97426503,-7.80881419
-9.97673677,21.72030276,-8.19649538
12.00497751,24.62802733,-7.80071977
-10.05560745,22.53971740,-8.31040302
12.20108213,25.21918054,-7.82738114
-9.74868199,23.49135108,-8.33243212
11.95125883,25.97903735,-7.67633682
11.75018958,26.68386442,-7.56195868
-9.50161169,24.39479068,-8.34505159
11.58729234,27.35631915,-7.49563419
-9.31394792,25.26850908,-8.33684169
11.45900378,28.01898229,-7.48678312
-9.18975978,26.12691331,-8.32324002
-8.92771292,27.00066542,-8.22798987
11.12534476,28.72865271,-7.41977128
10.84517067,29.44134303,-7.43363890
-8.77179697,27.87154657,-8.18512385
7.40160188,32.36259515,-7.60156829
6.16699074,32.53148028,-7.75063748
8.06781381,32.01970892,-7.49084794
-7.50340410,30.84479767,-7.98416800
-7.23212425,31.22970818,-7.95688048
-6.61920824,31.48185274,-7.85866546
-7.83393382,30.45617686,-8.03185385
8.77933562,31.66048414,-7.44430581
9.56575706,31.29756823,-7.50961968
-8.25678440,30.06415740,-8.11829458
-8.73636825,28.75815163,-8.20707044
10.62161382,30.17670884,-7.53204374
10.45623102,30.95170241,-7.71083510
-8.82426387,29.67082791,-8.27930680
-6.07965142,31.73549306,-7.77828387
4.95882100,32.57121414,-7.81544483
3.77349053,32.55496680,-7.80415610
-5.56633810,32.00211861,-7.72570671
-5.04366323,32.29631218,-7.71323676
2.61420140,32.59576709,-7.78787581
1.40839176,32.29287196,-7.59432496
0.23674886,32.15898881,-7.46524854
-4.35953306,32.20878708,-7.57071340
-3.63889789,32.17977533,-7.47152435
-2.83892731,32.22546432,-7.43584811
-0.88526549,32.19063328,-7.42446694
-1.92343238,32.37267840,-7.47942006
