0.01865076,11.77205941,-1.03481823
-1.70493915,11.89025463,-1.11201642
0.00262789,11.66519022,-0.96860348
-1.72152747,11.78574372,-1.04693206
-3.40729509,12.13060669,-1.18848585
-3.42429899,12.02817392,-1.12292765
-5.06606643,12.42341233,-1.24501115
-5.08320530,12.32525917,-1.17693914
-6.64943799,12.71673378,-1.26889171
-6.66587332,12.62587463,-1.19648348
-6.91466258,36.78467915,0.39377637
-5.22906791,36.84431359,0.64305897
-6.93632620,36.75684534,0.51513486
-5.24564955,36.81665930,0.76863383
-3.45875007,36.95391738,0.90006517
-3.47003557,36.92593276,1.03044985
-1.58254094,37.05038161,1.14116912
-1.58982130,37.02274335,1.27579602
0.37274007,37.09965158,1.35476566
0.36770517,37.07387143,1.49156662
-7.92426672,13.08351327,-1.26020838
-7.94115567,13.00024999,-1.18353791
-9.12985027,13.42510324,-1.26573187
-9.14856379,13.34803521,-1.18487453
-10.28562895,13.74057511,-1.30970100
-10.30810247,13.66714435,-1.22563699
-11.40828900,14.02631240,-1.40854478
-11.43583001,13.95405961,-1.32220101
-12.91717699,35.32439625,-0.51282000
-11.48871921,35.65504676,-0.27437392
-12.95557803,35.29838188,-0.38844153
-11.52093407,35.62659320,-0.14703038
-10.00837854,35.96098495,-0.04632630
-10.03585281,35.93180338,0.07973908
-8.48308994,36.31469872,0.17110833
-8.50740570,36.28596589,0.29432637
-12.42103082,14.60847164,-1.52624288
-12.45329247,14.53807523,-1.43715695
-13.43717445,15.16368418,-1.70992365
-13.47260115,15.09588035,-1.61874224
-14.47661250,15.67823412,-1.95035848
-14.51370176,15.61342447,-1.85704618
-15.55686016,16.15429558,-2.23362360
-15.59549292,16.09039254,-2.13847671
-16.29459790,16.61597412,-2.44031996
-16.33203859,16.55430082,-2.34366403
-17.04991055,17.09134352,-2.64115611
-17.08896014,17.02876443,-2.54446864
-17.81028345,17.59696247,-2.82238819
-17.85395227,17.53153594,-2.72700253
-18.56552379,18.12879607,-2.98102341
-18.61638982,18.06103646,-2.88731315
-17.04232997,33.18900318,-1.54427171
-16.00348182,33.79310892,-1.26297390
-17.09736268,33.16278597,-1.46054932
-16.05362963,33.76682625,-1.16974028
-14.98190411,34.36111496,-0.99927619
-15.02814086,34.33455369,-0.89430733
-13.95975190,34.87418550,-0.75224641
-14.00234640,34.84756592,-0.63595365
-18.85707432,19.24210348,-3.04066136
-18.91678765,19.18051307,-2.94651982
-19.12287597,20.37444269,-3.09947132
-19.19019988,20.32198031,-3.00395201
-19.38910409,21.52129486,-3.16019763
-19.46367715,21.47750049,-3.06409913
-19.67322905,22.69365854,-3.21319053
-19.75605312,22.65709606,-3.11786703
-19.32299643,24.06458272,-3.13587995
-19.40121316,24.03312501,-3.04034746
-19.06032367,25.44692942,-3.01001008
-19.13765918,25.41992458,-2.91539159
-18.82425213,26.86521792,-2.84903888
-18.90184861,26.84240357,-2.75613845
-18.56475932,28.35905810,-2.65425869
-18.64069787,28.33971165,-2.56457150
-18.24990038,29.55868685,-2.40037011
-18.31854896,29.53746404,-2.31292696
-17.88032114,30.77914300,-2.13238659
-17.94235468,30.75606016,-2.04753989
-17.47421292,31.99554167,-1.84391842
-17.53171794,31.97074249,-1.76061660
0.03533774,11.88090980,-1.10058127
-1.68698949,11.99624102,-1.17652030
-3.38845468,12.23400464,-1.25325173
-5.04681342,12.52171611,-1.31200902
-6.63079935,12.80762347,-1.33982326
-6.88642103,36.81244474,0.27804249
-5.20497326,36.87098393,0.52383779
-3.43964561,36.97975889,0.77620047
-1.56820625,37.07513416,1.01286567
0.38327064,37.12258902,1.22376859
-7.90528491,13.16720681,-1.33539063
-9.10948585,13.50268724,-1.34482947
-10.26218003,13.81441826,-1.39196206
-11.38047953,14.09847958,-1.49316500
-12.87494108,35.35017297,-0.63229568
-11.45168066,35.68355537,-0.39662344
-9.97533892,35.99060964,-0.16702024
-8.45261118,36.34417315,0.05332270
-12.38939749,14.67848452,-1.61368925
-13.40295820,15.23071612,-1.79973065
-14.44130144,15.74239287,-2.04273572
-15.52041228,16.21764339,-2.32776152
-16.25898314,16.67786545,-2.53539842
-17.01272716,17.15511444,-2.73571829
-17.76819819,17.66416951,-2.91539644
-18.51592572,18.19774636,-3.07256236
-16.98739024,33.21565986,-1.62677418
-15.95268992,33.81939010,-1.35414957
-14.93389508,34.38722802,-1.10121882
-13.91445725,34.90040990,-0.86453504
-18.79946283,19.30382759,-3.13355216
-19.05860437,20.42677102,-3.19442904
-19.31815128,21.56517604,-3.25616888
-19.59460161,22.73092322,-3.30870157
-19.24869409,24.09753106,-3.23133789
-18.98612141,25.47601262,-3.10426357
-18.74930703,26.89079882,-2.94130187
-18.49127333,28.38147035,-2.74327813
-18.18312031,29.58236506,-2.48693029
-17.81954138,30.80409083,-2.21653340
-17.41748424,32.02119117,-1.92623319
1.70778721,11.62653178,-0.89687156
1.72153761,11.73392499,-0.96564516
3.34163689,11.71098067,-0.81893723
3.35089074,11.81883235,-0.89104675
4.85845739,11.87689045,-0.72665104
4.86199714,11.98418916,-0.80193969
6.27437319,12.07416104,-0.60662103
6.27249756,12.17949294,-0.68483540
8.07682510,35.98545150,1.92603755
6.13692436,36.22228179,1.86082335
8.08592052,36.00874979,1.80679776
6.14374357,36.24172988,1.73639507
4.24535686,36.52953846,1.78066821
4.25064820,36.54854593,1.64897027
2.33028307,36.83039833,1.65871585
2.33500560,36.85227393,1.52209681
7.43618248,12.42067532,-0.46945600
7.42888249,12.52508899,-0.54954001
8.59294198,12.72424238,-0.32860642
8.58046055,12.82625926,-0.41101717
9.78030565,12.95319442,-0.19215275
9.76221673,13.05106263,-0.27791465
11.01100244,13.09643784,-0.07603947
10.98729489,13.18878921,-0.16582448
15.57550532,34.09073111,1.91274673
13.80459446,34.51851867,1.93378486
15.59371287,34.13274026,1.78008333
13.81883928,34.55531716,1.79904880
11.91720772,34.93262665,1.95360309
11.92961284,34.96470403,1.82310809
9.97864290,35.39108559,1.94750172
9.99006619,35.41888428,1.82444908
12.08987305,13.58991333,0.05638094
12.05999408,13.67707857,-0.03805570
13.18241416,14.00449393,0.12514468
13.14729028,14.08722520,0.02706925
14.27957101,14.37841380,0.13418228
14.24158328,14.45876860,0.03546593
15.39154077,14.74452967,0.10560851
15.35282331,14.82533494,0.00987118
16.10676917,15.18790558,0.10859930
16.07135389,15.26644718,0.01420785
16.86491299,15.65342171,0.11098364
16.83302806,15.73071797,0.01760501
17.68669212,16.15495608,0.11234138
17.65860442,16.23185054,0.01913461
18.60105958,16.70857340,0.11088718
18.57657544,16.78613527,0.01648504
19.82966089,32.23606695,1.67048752
18.92066359,32.66926511,1.69852114
19.83824832,32.29884228,1.54866842
18.93356768,32.72875130,1.57656833
17.91818579,33.13454874,1.75611170
17.93504893,33.18933845,1.63211951
16.80235940,33.61435929,1.83120862
16.82133568,33.66325282,1.70306677
18.95236504,18.13728576,0.25002383
18.92154743,18.21831638,0.14807750
19.37513349,19.60967763,0.34132018
19.33540735,19.68506305,0.23378548
19.86266122,21.08328736,0.44479449
19.81012237,21.14896452,0.33669028
20.45111039,22.56307549,0.63287127
20.38294660,22.62167132,0.52561897
20.17989201,24.16514150,0.83749703
20.11468098,24.21996695,0.72566375
20.10927011,25.70916086,1.03929638
20.05066889,25.76501813,0.92109477
20.15440121,27.21359758,1.20213310
20.10852116,27.27119409,1.07766755
20.23768176,28.63668607,1.29725083
20.20518999,28.69197021,1.16948268
20.17972510,29.59160416,1.39267065
20.16098036,29.64938401,1.26357571
20.09814652,30.48721452,1.46381689
20.08994524,30.54615757,1.33589345
19.98530722,31.35789954,1.54566667
19.98572358,31.41832389,1.42048954
1.73517681,11.84331091,-1.03422701
3.35948596,11.92817840,-0.96303166
4.86492408,12.09227302,-0.87693491
6.27056749,12.28518940,-0.76233275
8.09533599,36.03457887,1.69102337
6.15208448,36.26297731,1.61609058
4.25835284,36.56792774,1.52189547
2.34343507,36.87262367,1.39070781
7.42224152,12.62977599,-0.62905747
8.56933665,12.92824850,-0.49282266
9.74617560,13.14889688,-0.36291802
10.96574175,13.28151089,-0.25492291
15.60491617,34.17548629,1.65244066
13.82791980,34.59327854,1.66889398
11.93871584,34.99878477,1.69647607
10.00002693,35.44931206,1.70482992
12.03306602,13.76521185,-0.13171446
13.11599701,14.17211130,-0.06990024
14.20850528,14.54246464,-0.06180107
15.31942149,14.90978531,-0.08447072
16.04116892,15.34914342,-0.07897004
16.80639625,15.81228372,-0.07485382
17.63599898,16.31353346,-0.07351039
18.55760462,16.86830581,-0.07776362
19.84140724,32.36053871,1.43220163
18.93954634,32.78786057,1.45988775
17.94401950,33.24417263,1.51294451
16.83259540,33.71237521,1.58006616
18.89738072,18.30268014,0.04580621
19.30287206,19.76214253,0.12668861
19.76540408,21.21588996,0.22995383
20.32200532,22.68141671,0.41968344
20.05655518,24.27551769,0.61561751
19.99821165,25.82047386,0.80515374
20.06703163,27.32685424,0.95605400
20.17478268,28.74394897,1.04582665
20.14214231,29.70360785,1.13951724
20.07960171,30.60211275,1.21358013
19.98209369,31.47675778,1.30092631
1.32831129,16.74457110,-8.28911814
0.01899359,16.66610354,-8.25188398
1.30645599,16.79212911,-8.17172786
0.00106629,16.71490255,-8.13513323
-1.30468097,16.56855946,-8.23217650
-1.31783911,16.61873278,-8.11669676
-2.62987786,16.47226559,-8.24355375
-2.63823578,16.51977811,-8.12874152
-3.94622715,16.38906131,-8.27809634
-3.95131837,16.42969121,-8.16367879
2.59071957,16.92038653,-8.20046242
2.61611785,16.87263697,-8.31789072
3.84776358,17.02724125,-8.21670020
3.87757075,16.97967796,-8.33367922
5.08080790,17.12027783,-8.22182148
5.11562604,17.07764357,-8.33706292
6.29320144,17.20344526,-8.21858393
6.33262119,17.17004044,-8.33200417
2.67783225,40.62542877,-8.46939200
0.98522058,40.44820670,-8.57548132
2.66793704,40.62501500,-8.36252317
0.98014875,40.43618306,-8.46771836
-0.70342853,40.32319513,-8.70756979
-0.70333231,40.30091437,-8.59972214
-2.41159677,40.19468835,-8.86403180
-2.40559062,40.17402961,-8.75916247
-4.16220604,40.07619843,-9.04485059
-4.14695669,40.06025658,-8.94385325
4.36659281,40.38235765,-8.24367478
4.38302803,40.39313095,-8.35042450
6.10230530,40.17400999,-8.11272136
6.12552538,40.19224598,-8.21947832
7.86257876,39.97986368,-7.99091400
7.89142128,39.99613616,-8.09623176
9.65008955,39.81800909,-7.90294808
9.68667991,39.83185460,-8.00708789
-5.13078416,16.56209699,-8.33001528
-5.13454546,16.59469429,-8.21509458
-6.29415430,16.78482001,-8.42169619
-6.29886930,16.80200840,-8.30701876
-7.43434784,17.05697874,-8.56806164
-7.44247905,17.05375893,-8.45185845
-8.57535445,17.33582307,-8.77410608
-8.58459080,17.31764370,-8.65512267
7.38973370,17.53440415,-8.20341286
7.43162593,17.51154651,-8.31741950
8.47541362,17.87481419,-8.20547454
8.51805398,17.86627250,-8.32141737
9.55542556,18.21089894,-8.23540367
9.59746897,18.21827403,-8.35531444
10.64255076,18.50700181,-8.28044638
10.68557969,18.52330416,-8.40264558
-5.94082516,39.41691742,-9.15029430
-5.91605174,39.39633839,-9.05170818
-7.70356748,38.74495467,-9.23858152
-7.66601203,38.73250602,-9.14010986
-9.42048006,38.09676938,-9.32646575
-9.37854344,38.09375546,-9.22708338
-11.13770788,37.48268247,-9.49742063
-11.08053005,37.48588613,-9.39444406
11.35763196,39.23554226,-7.77343479
11.40588294,39.25550261,-7.87606888
13.02711514,38.63871521,-7.63532079
13.08829718,38.65461070,-7.73666072
14.64635532,38.00661197,-7.52553932
14.71274175,38.01623031,-7.62689353
16.24157470,37.32575566,-7.49717489
16.32242455,37.32820528,-7.59897968
-9.71024218,17.76575787,-9.06610027
-9.71387546,17.74847636,-8.94483279
-10.82748603,18.17705795,-9.40526947
-10.82345889,18.16742227,-9.28443473
-11.95753963,18.55167003,-9.75810959
-11.94665988,18.54423369,-9.63894658
-13.09646004,18.94237827,-10.10480044
-13.07936463,18.92925212,-9.98574524
11.73517596,18.94735083,-8.33862248
11.78292213,18.96333422,-8.45826513
12.81467282,19.41783524,-8.37922744
12.86873346,19.43636769,-8.49353626
13.91198216,19.94500054,-8.38529237
13.97249532,19.97404173,-8.49325522
15.04168357,20.57296834,-8.35358338
15.10900836,20.61732183,-8.45714109
-14.86432535,35.04607636,-10.28683002
-13.83063005,35.73240218,-10.06818623
-14.86801875,35.00025929,-10.19561755
-13.81440575,35.69860136,-9.97222667
-12.90925142,36.34821242,-9.85931620
-12.87254743,36.32530311,-9.75812055
-12.02425456,36.91882507,-9.66103655
-11.97185904,36.91208006,-9.55611512
19.57442153,34.82746271,-7.60042803
18.73361126,35.45029208,-7.55964670
19.58944782,34.86341718,-7.70622489
18.76719387,35.48041812,-7.66430672
17.91082604,36.07292356,-7.53024070
17.96672596,36.09576087,-7.63445124
17.08134402,36.70041748,-7.50622818
17.15582921,36.71034520,-7.60985542
-13.68526047,19.38852725,-10.32360143
-13.66231978,19.36667022,-10.19991434
-14.32964063,19.86207523,-10.55585339
-14.30118864,19.82560010,-10.42594723
-14.99578441,20.38227706,-10.79085715
-14.96141831,20.32921585,-10.65741050
-15.77207019,20.95355157,-11.02826803
-15.72622338,20.88481271,-10.89321678
15.68391721,21.20093640,-8.33059254
15.75687361,21.25621046,-8.43407298
16.39422323,21.85084684,-8.30929342
16.47261546,21.91520932,-8.41410897
17.13453500,22.51634211,-8.30217488
17.22172831,22.58667038,-8.40782122
17.96422241,23.20186768,-8.30775602
18.06695057,23.27421863,-8.41320930
-16.16589472,22.05417654,-11.17464578
-16.09677654,21.98471432,-11.04225724
-16.62375052,23.20997578,-11.24345443
-16.55030291,23.14292325,-11.11904708
-17.01191261,24.41121171,-11.24707721
-16.94782532,24.34627555,-11.13131830
-17.36415407,25.58555454,-11.22809292
-17.30816771,25.52177814,-11.11782037
18.45576620,24.34088378,-8.29877107
18.57834588,24.40396827,-8.40436515
18.96020881,25.44876421,-8.29135769
19.08723039,25.49914579,-8.39503716
19.38478332,26.50592396,-8.26783310
19.50738072,26.54749453,-8.36767555
19.78577588,27.48430786,-8.20960336
19.90374011,27.52206157,-8.30537454
-17.30761229,26.86279414,-11.15670514
-17.25608125,26.79077699,-11.05000054
-17.18002896,28.14526078,-11.08299890
-17.13561209,28.05566459,-10.97943045
-17.04419776,29.28612840,-11.01053316
-17.00368687,29.19375849,-10.90971423
-16.83596815,30.51519791,-10.90306619
-16.80983694,30.39066669,-10.81038942
19.89948464,28.47362890,-8.11279631
20.01245421,28.52022100,-8.20730405
20.00929266,29.44440802,-7.99572891
20.11467407,29.50850783,-8.09024470
20.12199898,30.32417184,-7.89254043
20.21763398,30.39147162,-7.98935353
20.21617230,31.24977454,-7.79370340
20.29648085,31.34235711,-7.89012821
-16.37348376,31.65928531,-10.74824478
-16.35913872,31.53785835,-10.66003564
-15.85447733,32.79282670,-10.58658669
-15.84721790,32.69880910,-10.49815184
-15.33161256,33.90643150,-10.43255985
-15.33154860,33.83705177,-10.34254036
20.10351018,32.13197963,-7.70995706
20.16643241,32.22023618,-7.80864055
19.95893176,33.01668063,-7.64933063
20.00415437,33.08406761,-7.75182912
19.78414215,33.90277614,-7.61576487
19.81150485,33.95285430,-7.72120926
9.61902111,39.80469347,-7.80799690
11.30900988,39.21349125,-7.67906819
12.96720612,38.62322271,-7.54139422
14.57733985,37.99657545,-7.43435023
16.16073338,37.32309195,-7.40070250
6.25467696,17.26727186,-8.11682548
7.34292947,17.58766996,-8.10302221
8.42555823,17.91092718,-8.10457190
9.50695829,18.22510064,-8.12675577
10.59006925,18.51705104,-8.16900185
19.56610815,34.78700246,-7.50639061
18.70930094,35.41276873,-7.46488638
17.85295012,36.05305751,-7.43547300
17.00270427,36.69360989,-7.41109943
14.97035489,20.54929813,-8.26134780
15.61379408,21.15230944,-8.23379107
16.30389640,21.79108729,-8.21089022
17.04355032,22.45557982,-8.20176376
17.82745573,23.13018219,-8.21091591
18.32854803,24.28526478,-8.20049074
18.81146462,25.41179336,-8.19440284
19.25646759,26.47477163,-8.17031892
19.66909607,27.45290437,-8.11863688
-15.63403121,20.83385427,-10.76957188
-16.01199790,21.93640743,-10.92387055
-16.44268434,23.10693763,-11.00390752
-16.86885403,24.30305442,-11.02075593
-17.24275642,25.47490849,-11.01491206
19.78909546,28.44141931,-8.02148623
19.90946493,29.36829878,-7.91112828
20.03070893,30.25919186,-7.80391268
20.14769210,31.13292642,-7.71214508
-17.19683501,26.74323009,-10.94780179
-17.09540269,27.95281916,-10.88538592
-16.96321615,29.11065298,-10.81596561
-16.80846114,30.23361537,-10.73309879
20.05698259,32.03000066,-7.62656543
19.93423485,32.93309145,-7.56243229
19.77099826,33.84959602,-7.52183323
-16.37005091,31.40567522,-10.58796795
-15.87402928,32.58269158,-10.42760787
-15.34915770,33.76524519,-10.26274014
-14.88188490,34.94838067,-10.11573527
2.65825707,40.62905613,-8.26264480
4.35025168,40.37074087,-8.14208158
6.08111323,40.15015343,-8.01643335
7.83892216,39.95993245,-7.89873629
1.28788066,16.86717291,-8.06525995
2.56760152,16.99660251,-8.09358263
3.81955691,17.10536465,-8.11011667
5.04644154,17.19373398,-8.11624751
-0.01240300,16.79066093,-8.03074682
-1.32543618,16.69726183,-8.01543485
-2.64086234,16.59595543,-8.02631093
-3.95092119,16.49856208,-8.06318916
0.97500821,40.42435033,-8.36818566
-0.70554680,40.27111345,-8.50016181
-2.40493837,40.14688557,-8.66517305
-4.13819614,40.04284509,-8.85176423
-5.89188757,39.37301483,-8.96013518
-7.63107392,38.72018804,-9.04815975
-9.33385948,38.09188590,-9.13626914
-11.02525944,37.49206054,-9.29789241
-5.12532802,16.65596297,-8.11641561
-6.28800439,16.84720383,-8.20721101
-7.43790085,17.07463106,-8.34642327
-8.57696830,17.32945591,-8.54659327
11.67179451,18.95823028,-8.23018499
12.75450627,19.41615458,-8.27378289
13.84651817,19.93425171,-8.28291958
-9.69276780,17.76047239,-8.83545656
-10.80637891,18.17467662,-9.17249327
-11.92205656,18.55573814,-9.52561021
-13.04612349,18.93630190,-9.88311372
-13.63580865,19.35537501,-10.09108862
-14.25247094,19.80441864,-10.30877705
-14.91389839,20.29660566,-10.53799319
-13.81130374,35.65700675,-9.88710790
-12.83576817,36.30746825,-9.66429676
-11.91775251,36.90933276,-9.45899568
2.73298823,37.84923490,-0.15003558
0.84831877,38.00181697,-0.31644403
2.52449702,37.51267375,0.58024041
0.58624996,37.68194177,0.42128750
-1.33279121,37.71084120,0.23709512
-1.02946267,38.00667947,-0.47767585
-3.18459477,37.69748696,0.03286578
-2.86143677,37.99239067,-0.65983865
4.61265897,37.67266068,0.02964767
4.43898966,37.30313091,0.74398152
6.48177565,37.28095878,0.13878775
6.33145177,36.86041590,0.86923315
-4.94582834,37.43864536,-0.21154002
-4.60796206,37.75574505,-0.91927169
8.38006909,36.95221699,0.21115359
8.27051279,36.49967910,0.95608904
-6.63647109,37.23379096,-0.45463231
-6.29941557,37.56801775,-1.17773574
10.23196151,36.41362913,0.21690743
10.19370192,35.97039869,0.95625141
-8.23345181,36.82079576,-0.69009929
-7.91677852,37.15128073,-1.40883419
-9.78467103,36.49815437,-0.91922048
-9.49372353,36.80082249,-1.63108782
12.08067280,35.96536079,0.21398917
12.12843404,35.55618061,0.93244164
13.84513409,35.48455990,0.20767209
13.97442001,35.11446266,0.90252811
-11.25841281,36.12552316,-1.15883953
-10.98895174,36.37968295,-1.87057526
-12.67473762,35.71860831,-1.38742048
-12.43087221,35.92187092,-2.10146922
15.53961628,35.01078501,0.23638628
15.72372892,34.67151169,0.91160287
-13.72909893,35.30461701,-1.56267368
-13.48543601,35.48160819,-2.27996285
16.73185178,34.60573063,0.23508979
16.96013012,34.27679061,0.90358080
17.84908736,34.19213666,0.22548079
18.08837983,33.87110111,0.89049639
-14.76924308,34.83548126,-1.72985526
-14.52913407,34.99400243,-2.44834391
18.73292562,33.56305927,0.13106221
18.95569610,33.25500468,0.79214224
-15.72578411,34.08733219,-1.96865285
-15.48717963,34.23829006,-2.68211331
-16.68975063,33.30522869,-2.23954933
-16.45409683,33.46292340,-2.94968585
19.58051752,32.95307063,0.05198120
19.75859880,32.66773254,0.71959552
19.88555490,32.04567196,-0.06119375
20.01499666,31.80428922,0.59051792
-17.22572402,32.17138940,-2.55617347
-17.00751765,32.34686563,-3.22810011
-17.72834828,31.02878208,-2.87237610
-17.52439593,31.22466572,-3.50842670
20.16526523,31.15756808,-0.13668978
20.24929778,30.96326514,0.50283852
20.22319193,30.20249084,-0.23694010
20.28834479,30.03743424,0.42971399
-18.04086062,29.81386947,-3.13890061
-17.82024455,30.03925496,-3.77962038
-18.29061814,28.60950674,-3.39172871
-18.05525235,28.85491039,-4.04376568
20.23305141,29.20856039,-0.34695677
20.27984744,29.05619518,0.34352305
-18.49750135,27.15084442,-3.60720547
-18.25198262,27.42079199,-4.25110462
20.12105497,27.90147102,-0.43224534
20.13748663,27.69774972,0.24488659
-18.70064356,25.75168154,-3.78898411
-18.45276088,26.02083582,-4.43495026
20.01664384,26.50805969,-0.55702659
20.01398581,26.23309128,0.10050297
-18.90091727,24.35793421,-3.91272903
-18.64762789,24.62410411,-4.57690591
19.95960540,25.02578328,-0.72097498
19.95740040,24.67500501,-0.07514374
20.05883324,23.51818198,-0.90910556
20.09589609,23.09178279,-0.26323745
-19.16639840,22.98571811,-3.98096684
-18.90120759,23.25412091,-4.67333788
19.89552771,22.13617022,-1.12200377
19.92174666,21.64069155,-0.46466718
-19.12504466,21.80474004,-3.96527739
-18.86878965,22.07862133,-4.68346852
-2.55131131,38.23613199,-1.42379511
-0.74511644,38.25025011,-1.23920754
4.78754658,38.01587737,-0.73652359
2.93990379,38.14832415,-0.90731606
6.61668665,37.66973614,-0.63460531
-4.29127634,38.01858411,-1.67624252
1.09504419,38.27024821,-1.07400312
8.46053931,37.36518793,-0.55758715
-5.98955047,37.84638918,-1.92400945
19.78815166,20.78332023,-1.29719928
19.83401141,20.20717105,-0.61166484
-19.09755317,20.68028475,-3.92311863
-18.84039833,20.96167718,-4.65934149
10.24520401,36.83253899,-0.53160741
-7.61889487,37.43689021,-2.14793533
12.02481624,36.36460910,-0.50638790
-9.21484135,37.07188521,-2.35952746
13.72800834,35.84489157,-0.49165764
-10.73726259,36.61469119,-2.58644712
-18.62825453,19.66611454,-3.79481361
-18.37576606,19.96822234,-4.50896775
19.16555114,19.51731043,-1.36060140
19.12116208,18.87261350,-0.66526812
-12.21698742,36.12114615,-2.81702236
15.37792560,35.33317915,-0.46084574
-18.14224042,18.64199403,-3.66110074
-17.89749157,18.98288845,-4.33624877
18.51612305,18.26906490,-1.38380550
18.43454917,17.53835892,-0.70789830
16.53690417,34.90904806,-0.46837087
-13.28437244,35.66796014,-3.00387933
-17.49410421,18.03682756,-3.50575298
-17.27349245,18.40041023,-4.14296034
17.68853817,17.60258535,-1.36857197
17.58805175,16.86415229,-0.70906959
17.65019020,34.47961238,-0.48570588
-14.34529630,35.17691867,-3.18832022
-16.82794131,17.43746247,-3.33557104
-16.64021049,17.80829540,-3.94281229
16.90537448,16.96556575,-1.36812354
16.81913442,16.24177886,-0.72265650
-15.31411623,34.42468334,-3.42796695
18.56051839,33.83528880,-0.58457273
-16.07312015,16.98659387,-3.13816403
-15.91656570,17.34855636,-3.73539682
16.06986896,16.54274911,-1.36639180
15.99715816,15.84285108,-0.71758085
-15.31614969,16.56240172,-2.93152192
-15.18164142,16.90629925,-3.53075543
15.28213235,16.14300277,-1.36966636
15.22208049,15.46884783,-0.71658178
4.82108467,13.20463749,-1.94997518
6.20204603,13.40652000,-1.83541842
4.84447844,12.68282178,-1.37079769
6.22467357,12.89919786,-1.25778272
7.37432517,13.61536436,-1.72593832
7.38147524,13.11306223,-1.16119301
-6.42413299,13.32799777,-1.77914380
-7.70251581,13.57225746,-1.81533674
-6.14391978,13.75163632,-2.29547592
-7.43910961,13.96764826,-2.33006092
-4.84813927,13.05380966,-1.73970874
-4.58410879,13.50832514,-2.25142126
-14.25087899,16.01712981,-2.64434349
-14.11184403,16.33198435,-3.23926142
14.17959420,15.63888382,-1.36415438
14.14422944,15.00987611,-0.71795205
-3.21184586,12.76147105,-1.67936785
-2.98319702,13.24654168,-2.19478402
3.37690919,13.02681678,-2.02953169
3.37700357,12.48927543,-1.45112910
1.85281007,12.91739486,-2.07636582
1.80020282,12.35691458,-1.50979930
-1.54173792,12.49415574,-1.61356194
-1.36135552,13.02245136,-2.14026926
0.26301426,12.89751029,-2.10820584
0.14354434,12.33897313,-1.56105114
-8.91039195,13.79994874,-1.85988490
-8.67065748,14.16779936,-2.37540233
8.54293230,13.79013346,-1.61794689
8.53769103,13.28708193,-1.06072076
-13.22445747,15.45855312,-2.39095003
-13.06488498,15.76178120,-2.97281862
13.10758979,15.13454718,-1.36313060
13.08721223,14.54994239,-0.73333145
19.45385690,33.20718613,-0.67208516
-16.29784317,33.66421033,-3.69568576
9.70118751,14.10335043,-1.51586357
9.68886584,13.58778088,-0.94083054
-10.05548762,14.14462080,-1.92074816
-9.83084431,14.49427541,-2.45541142
11.98674361,14.75995497,-1.38366662
11.97039342,14.20345380,-0.76510299
-12.18796476,14.97756600,-2.18310250
-12.00285842,15.29156048,-2.75503394
10.88288693,14.33479915,-1.45162256
10.87424756,13.79368138,-0.85207955
-11.15984354,14.46929157,-2.03661637
-10.94988895,14.80333637,-2.59207241
19.79866141,32.27638205,-0.79823325
-16.86047258,32.56206590,-3.95834563
-17.39294291,31.45512028,-4.22595314
20.11449309,31.35843823,-0.89031832
20.18382198,30.37305295,-0.99874135
-17.69127668,30.27700792,-4.47899696
-17.93242370,29.08995202,-4.73119828
20.20054692,29.36269528,-1.11236663
-18.12882197,27.67823373,-4.92794926
20.10249645,28.10181512,-1.18613091
-18.32958754,26.28349055,-5.10791745
20.00194116,26.78069397,-1.29273191
19.92338390,25.38465442,-1.44206472
-18.51653668,24.88959592,-5.25625107
-18.75348555,23.52284404,-5.37062166
19.96208219,23.96117353,-1.62481565
-18.71513155,22.34440937,-5.40193244
19.77338357,22.64663135,-1.83839632
19.62839631,21.35425041,-2.03293894
-18.68484190,21.21463102,-5.40541627
-2.21093512,38.66990576,-2.53028332
-0.42329137,38.68405373,-2.34039463
6.82273350,38.24752389,-1.75074675
5.02672959,38.54715350,-1.84350716
-3.94843643,38.46934052,-2.77104510
3.20352507,38.63551666,-1.99996584
1.38790149,38.72969398,-2.16408511
8.62419321,37.97109150,-1.67096454
-5.65546705,38.30969982,-3.00349264
-18.21597591,20.20561884,-5.26614095
19.08747699,20.12543489,-2.11419569
-7.30007049,37.89721182,-3.21127011
10.35906715,37.44131614,-1.61864911
12.08430531,36.94223116,-1.56794748
-8.91657400,37.50515815,-3.40832781
13.73047360,36.36220758,-1.54878162
-10.46731350,36.99897360,-3.62793371
18.53334844,18.93527961,-2.14010353
-17.73594092,19.21444977,-5.10080921
-11.99631613,36.45974064,-3.86379046
15.33331948,35.78462977,-1.53614326
17.79790938,18.29090916,-2.11094179
-17.10982294,18.64633294,-4.89428595
-13.07972795,35.99368809,-4.06427584
16.44145105,35.32387936,-1.56418149
-16.48638817,18.07288086,-4.67126555
17.05110859,17.66851925,-2.09129409
-14.16681187,35.50314422,-4.27370279
17.52908101,34.86381843,-1.60079343
-15.78005989,17.63070858,-4.42734805
16.21781131,17.23345708,-2.07685092
15.41177084,16.81545260,-2.07210682
-15.06593724,17.19588825,-4.19200183
18.44091976,34.19563664,-1.69903268
-15.15183288,34.75282891,-4.52434218
-13.99775729,16.62002529,-3.87560466
14.26313520,16.28054474,-2.06134462
-12.93497973,16.04360874,-3.60243072
13.16034521,15.74346659,-2.04947039
4.80809398,13.71415108,-2.54905244
6.19319138,13.90140912,-2.43621569
-4.32019349,13.92316450,-2.79666366
-5.85813780,14.12641435,-2.84566183
-7.16279319,14.31908480,-2.89038029
7.38260714,14.11378147,-2.32855299
3.37932351,13.55290523,-2.62910235
-2.75933478,13.70635242,-2.74587774
8.56608081,14.30025837,-2.22786777
-8.41815772,14.49468897,-2.95033463
12.02751935,15.32771599,-2.04828836
-11.84594460,15.57090779,-3.37204582
-1.19078626,13.54029348,-2.70460874
1.89703909,13.46901063,-2.67023181
9.73360637,14.61956138,-2.13701689
-9.60914131,14.79725531,-3.04194748
0.36907545,13.45074906,-2.69009898
10.91279265,14.87438262,-2.08776486
-10.76060502,15.08765297,-3.18906998
19.35687470,33.54830975,-1.78767507
-16.15951004,33.99941849,-4.79606189
-16.73017810,32.88942344,-5.05220271
19.73485625,32.60284635,-1.92174389
-17.28199115,31.77399439,-5.31108035
20.07971464,31.66323117,-2.03186039
20.14564732,30.65356908,-2.15150268
-17.57835950,30.58185299,-5.54177997
-17.82492139,29.37775072,-5.76964529
20.15728532,29.62848027,-2.27107831
-18.02975358,27.99979909,-5.94717698
20.06773805,28.42519273,-2.35094142
19.96282489,27.18850847,-2.44832332
-18.23453521,26.62692947,-6.11219865
19.85089628,25.89568577,-2.57064995
-18.41068061,25.25001656,-6.24930907
19.82361277,24.57462439,-2.71970719
-18.61636270,23.89657324,-6.36432035
-18.54555655,22.72198377,-6.41322441
19.60120570,23.35120510,-2.90872142
-18.48831163,21.58304791,-6.43879088
19.41744765,22.13498281,-3.09801377
-17.99850821,20.55094590,-6.31151281
18.86823397,20.95346330,-3.21238474
18.33201155,19.80272032,-3.28494792
-17.50888275,19.53491207,-6.16717479
17.66947493,19.16241362,-3.28421203
-16.86715440,18.96234342,-5.98116269
17.00193576,18.54642418,-3.26737847
-16.24101080,18.38523379,-5.78302149
16.24097656,18.09508972,-3.22106657
-15.53996149,17.94807993,-5.53554339
15.47695385,17.66167429,-3.17881220
-14.84284704,17.51884301,-5.28234788
14.32276104,17.10734162,-3.13018689
-13.77598764,16.96149327,-4.91571718
13.19565074,16.55304846,-3.09333216
-12.70572629,16.40785784,-4.59322537
-11.58926993,15.96047839,-4.32752562
12.04201848,16.11197770,-3.07915500
-3.98446225,14.51957952,-3.62261315
-5.47795639,14.66501173,-3.67500280
4.81406435,14.46527211,-3.47207491
6.18339034,14.63133870,-3.37456966
-6.77874759,14.82387901,-3.73638208
7.37565599,14.84163998,-3.28145281
-8.05304488,14.96353761,-3.82309472
8.56190546,15.03685796,-3.19929616
3.41391854,14.32066006,-3.54727915
-2.48358419,14.36485223,-3.59030546
9.73085731,15.36176921,-3.13245669
-9.27561462,15.23506683,-3.94400184
10.90678970,15.64643173,-3.10144118
-10.46309407,15.50131699,-4.11820512
-0.98308622,14.27293941,-3.57476191
1.97559176,14.25533196,-3.57957391
0.50705859,14.22766122,-3.58318510
7.02770139,38.78534171,-2.85190315
5.24939327,39.06523106,-2.93685912
-3.68804995,38.94182990,-3.84208620
-1.94987357,39.14110151,-3.60987308
-0.16728745,39.15487434,-3.41748045
3.43693921,39.13101504,-3.07926147
1.63313983,39.21494663,-3.23645636
-5.40272756,38.77992043,-4.06449126
8.80666088,38.51840569,-2.77287553
-7.06226434,38.35852114,-4.26402412
10.51876184,37.98734891,-2.70721443
12.21601523,37.46262768,-2.64147536
-8.69707539,37.94099852,-4.45462993
13.82739292,36.82651914,-2.60952323
-10.27012484,37.38577170,-4.66445354
-11.83674141,36.79782138,-4.89861933
15.40190569,36.18565469,-2.59782042
-12.92200948,36.31196239,-5.10154592
16.46525137,35.69047855,-2.62992847
-14.01823399,35.80901283,-5.32153735
17.52202943,35.20097911,-2.67169734
-15.00164599,35.04789392,-5.58032680
18.41586892,34.51596762,-2.76845067
-16.01069701,34.28319577,-5.85663452
19.32698198,33.85800874,-2.86091106
19.71991284,32.91184726,-2.99245776
-16.58329791,33.15688882,-6.10500516
-17.14417805,32.02573029,-6.35201345
20.07446000,31.96751531,-3.10999785
20.12340126,30.95191443,-3.23968168
-17.43282419,30.82132700,-6.56345214
20.12318824,29.92394804,-3.36824745
-17.68182762,29.60552607,-6.76768951
-17.89609440,28.26704541,-6.92197702
20.04438348,28.77450889,-3.45733767
19.95447936,27.60209560,-3.55395737
-18.10502491,26.92506763,-7.06618760
-18.26763155,25.57462905,-7.18958082
19.84706862,26.38449872,-3.66272584
-18.43011686,24.24028836,-7.29850050
19.80569125,25.13667446,-3.78318834
-18.31327807,23.07450595,-7.35757760
19.57870877,23.98210902,-3.93968023
-18.21184699,21.93554216,-7.39691481
19.38488817,22.82483949,-4.10490067
-17.70853633,20.89149576,-7.28255130
18.81386183,21.68334665,-4.21763961
18.25473680,20.56223868,-4.31508424
-17.22454200,19.86469729,-7.14742104
-16.57845985,19.28972401,-6.96721947
17.57894156,19.91809088,-4.34418198
16.91217652,19.29161657,-4.35593229
-15.95378470,18.71082547,-6.77741514
16.16534399,18.82564092,-4.33065613
-15.25272327,18.27993038,-6.54297841
-14.56371691,17.85193910,-6.30299793
15.42371521,18.37731207,-4.29565931
-13.48999411,17.29493535,-5.93300956
14.27798603,17.80023974,-4.23245886
-12.41183988,16.75582368,-5.58628589
13.15346604,17.23796865,-4.17210513
-11.28095068,16.33912237,-5.27274741
12.00184392,16.78727253,-4.12953516
10.86262282,16.32666467,-4.12456668
-10.13481510,15.91993235,-5.01901485
6.18028317,15.31871401,-4.31665001
7.36305909,15.52377820,-4.24933050
-5.16420713,15.19177695,-4.51055478
-6.44556658,15.32810573,-4.57699013
4.83737569,15.17380737,-4.38977088
-3.71444752,15.09391043,-4.46798592
8.53991873,15.72046553,-4.19292861
-7.71126789,15.44576231,-4.67990979
9.69925726,16.03545984,-4.14439814
-8.93705081,15.68470071,-4.81997040
3.46856965,15.04228747,-4.45326923
-2.26086763,14.98908435,-4.45830946
-0.80653066,14.95862598,-4.46412794
2.06634657,14.99023811,-4.48141517
0.63904155,14.95335965,-4.48351803
5.46325865,39.53762394,-4.04201563
3.65834326,39.59546154,-4.16957424
-1.71417224,39.59636025,-4.68548639
0.06636689,39.60973746,-4.49286954
-3.45395962,39.39138301,-4.91097965
7.22718838,39.25880647,-3.96243129
1.86121861,39.67935389,-4.31470864
-5.17677272,39.22018009,-5.12825093
8.98887678,38.98668039,-3.88639974
-6.85703312,38.78352801,-5.31548271
10.68820376,38.44630805,-3.80732693
-8.51649200,38.34016337,-5.49401790
12.37115867,37.89803164,-3.72579383
13.96417086,37.21972975,-3.68431615
-10.11164116,37.74188649,-5.69494774
-11.70635052,37.10802210,-5.92765347
15.52425957,36.52960474,-3.67538991
-12.77936694,36.60062691,-6.13392955
16.55109025,36.01057919,-3.71451799
-13.86600489,36.07845440,-6.36559430
17.58130848,35.50133134,-3.76484523
18.45554103,34.80565971,-3.85339983
-14.83176426,35.29886976,-6.62485372
19.35582788,34.14178850,-3.94217006
-15.82544338,34.51315332,-6.90072995
-16.39838841,33.37418746,-7.14624687
19.75657819,33.20121423,-4.06701011
-16.96677818,32.23123212,-7.38588896
20.11313591,32.26041933,-4.18713029
20.13566204,31.24504824,-4.31240983
-17.24978515,31.02078272,-7.57430040
-17.50041406,29.79956341,-7.75232291
20.11294765,30.22031587,-4.44043744
20.03033397,29.12985672,-4.53981898
-17.71966821,28.50524953,-7.88499767
19.94244105,28.02497144,-4.64525081
-17.93127716,27.19930945,-8.00913063
19.83184366,26.88154361,-4.75767690
-18.08263691,25.87858540,-8.11761566
19.77132920,25.70213485,-4.87146403
-18.20557537,24.56271958,-8.21603648
19.53933706,24.60351696,-5.00967080
-18.04229353,23.40342554,-8.27894429
19.33034857,23.48805708,-5.15659074
-17.88473826,22.26209822,-8.32693186
18.74770481,22.36477182,-5.25344511
-17.35231148,21.20551320,-8.22501364
-16.86964392,20.17111803,-8.10020761
18.17110918,21.25170370,-5.36217552
-16.22345124,19.59890724,-7.92919823
17.48191426,20.60096263,-5.41412577
-15.60536211,19.02727341,-7.74877570
16.81026108,19.96899784,-5.45243641
16.06961911,19.49516220,-5.44394827
-14.90826712,18.60932562,-7.52112535
15.33999988,19.03999047,-5.42182606
-14.22729477,18.19157256,-7.28597017
14.19255074,18.44816551,-5.36401648
-13.14618312,17.64454084,-6.90487083
13.06822901,17.87055838,-5.30531999
-12.07055272,17.11664205,-6.53418048
-10.93896038,16.72030134,-6.19928219
11.92357338,17.40280080,-5.26768811
-9.78691037,16.33290295,-5.92632860
10.79076887,16.93576883,-5.26415425
-4.86769780,15.67512273,-5.41357909
-6.12820365,15.79461716,-5.47694267
6.18642215,15.91552830,-5.36960671
7.35396501,16.11592189,-5.33763676
-3.45766844,15.61781346,-5.38468996
4.87260174,15.79315346,-5.40762512
-8.59392518,16.11631154,-5.72179722
9.65123139,16.62918702,-5.27990887
8.51267237,16.31548942,-5.31351854
-7.37792987,15.90030309,-5.58013592
-2.04658566,15.55550288,-5.39192120
3.53338965,15.67664499,-5.44579853
-0.63507403,15.57090032,-5.40536689
2.16220125,15.63616848,-5.44787757
0.77020667,15.59246367,-5.43223895
0.30719943,40.01859802,-5.59893303
2.09169233,40.09472735,-5.43028129
3.87873873,40.00199703,-5.29881824
-1.46458633,40.00315140,-5.78987489
5.67356748,39.93837234,-5.18226816
-3.20156364,39.78303160,-6.00677243
7.42151058,39.64406907,-5.09655703
9.16699229,39.35460544,-5.01862571
-4.93029401,39.59140027,-6.22220945
10.86016593,38.80806216,-4.93611838
-6.63537879,39.13609339,-6.40415386
-8.32392391,38.66780444,-6.57352517
12.53504569,38.24700648,-4.84901904
14.11574631,37.54124144,-4.79942222
-9.94197492,38.03212114,-6.75851147
15.66629162,36.81645835,-4.79377149
-11.55572169,37.36069950,-6.98653208
16.65957340,36.28240097,-4.83392689
-12.60167576,36.83538998,-7.19433345
17.66246854,35.75920319,-4.88665579
-13.65808052,36.29408998,-7.43878815
-14.58192039,35.49630855,-7.70497028
18.51316250,35.05935081,-4.96658796
-15.54083346,34.68303038,-7.98497349
19.38878250,34.39194082,-5.05161068
19.78965263,33.46413328,-5.15943292
-16.11540260,33.53062811,-8.22014222
-16.70133245,32.37876560,-8.44450990
20.13893059,32.53972611,-5.27316658
20.13626677,31.54092013,-5.37826633
-16.99161428,31.17687515,-8.59810595
-17.24938457,29.96657148,-8.74038130
20.08861256,30.53467603,-5.49453430
19.99436686,29.51550729,-5.61041867
-17.46754683,28.73013634,-8.85711649
19.89641144,28.48755295,-5.73697080
-17.67534328,27.46725349,-8.96714878
19.77053676,27.41613043,-5.85630331
-17.81390660,26.17178568,-9.05359943
-17.89695526,24.86310197,-9.13191848
19.67634834,26.29487353,-5.96896542
19.43140478,25.23433637,-6.09431065
-17.68795580,23.69622413,-9.18957694
-17.46626641,22.54248884,-9.23324760
19.19369353,24.14185515,-6.21929422
18.59688989,23.01393859,-6.28212288
-16.90614750,21.47172415,-9.13703750
17.98823783,21.89881775,-6.37705613
-16.42712834,20.43271346,-9.02620023
-15.78334699,19.86684145,-8.87192959
17.27939872,21.23779882,-6.44248234
16.59733012,20.59883051,-6.50333583
-15.17263756,19.31257174,-8.70466144
15.87058365,20.11467302,-6.51016155
-14.48489419,18.91985544,-8.47737032
15.16565510,19.65520648,-6.50533284
-13.81522674,18.52612937,-8.24459274
14.03819005,19.07013804,-6.47376361
-12.71948155,18.00757511,-7.87178457
-11.63614757,17.49397864,-7.50048703
12.92740873,18.51117793,-6.42503985
11.79220413,18.04986776,-6.37581276
-10.51011132,17.10255527,-7.14799557
10.66617976,17.58604179,-6.35603077
-9.36970591,16.72819055,-6.85580369
9.55289629,17.26360874,-6.36613962
-8.19720388,16.51289235,-6.65589791
8.44480191,16.93926030,-6.39381986
-7.00415219,16.30672653,-6.52173622
-3.18395404,16.07267738,-6.35978629
-4.54663569,16.09951237,-6.37611295
6.18310502,16.50532974,-6.42484817
7.31915543,16.71997263,-6.40674014
-5.77924119,16.20509933,-6.42858547
4.91374613,16.37768842,-6.43992367
-1.82024332,16.04194476,-6.37962697
3.61440044,16.25064446,-6.46009025
-0.45032862,16.09380692,-6.39705915
2.27788568,16.20158037,-6.44727650
0.91881446,16.14083277,-6.42393149
4.06338547,40.21127762,-6.27099057
2.30190373,40.32139683,-6.39901080
0.54179329,40.24095801,-6.54240190
5.83849395,40.12874399,-6.15188586
-1.20590658,40.21524095,-6.71643846
7.57046558,39.81427083,-6.06088407
-2.92599747,39.97105284,-6.92550958
9.30377121,39.50794182,-5.98493663
-4.64875312,39.74744015,-7.14249123
10.99467345,38.96784324,-5.88942726
-6.38208634,39.27410830,-7.31164793
-8.10288859,38.79060280,-7.46207293
12.66308724,38.41435863,-5.78718233
14.22979607,37.70879731,-5.71475252
-9.74572533,38.14333249,-7.61510425
-11.37223399,37.46233960,-7.82179176
15.76657976,36.97271341,-5.69867744
-12.38867566,36.93694271,-8.02210291
16.73026713,36.43706440,-5.73617058
-13.41083451,36.39110750,-8.26464982
17.70385182,35.90822963,-5.78742232
18.52720433,35.21100883,-5.84693417
-14.29886061,35.59032378,-8.51145413
-15.24064960,34.76118967,-8.76803737
19.36432371,34.54228719,-5.91520452
-15.84007860,33.60488155,-8.97609371
19.75690904,33.63792739,-5.99166012
20.09058833,32.74381456,-6.08308427
-16.46746891,32.45110808,-9.17784129
-16.77910891,31.26333832,-9.31028163
20.07450976,31.78429246,-6.16535616
20.01200841,30.81670169,-6.26626892
-17.04912968,30.06909527,-9.42979930
19.90984868,29.86050310,-6.37026722
-17.26945646,28.87644652,-9.52120867
19.80312249,28.89447725,-6.48816451
-17.47297530,27.64551240,-9.60520904
19.66608349,27.88148269,-6.60301799
-17.59983723,26.36646915,-9.67125696
-17.65607760,25.05541449,-9.72915288
19.54845214,26.80207713,-6.70454213
-17.42384910,23.86900938,-9.76983349
19.29850424,25.75033534,-6.80372235
19.04837225,24.64205302,-6.89149099
-17.16080111,22.69230571,-9.79108495
-15.47958909,19.99265466,-9.37426317
-16.10722181,20.55639322,-9.52729675
-16.57812908,21.59791344,-9.66399518
17.85764635,22.30039293,-6.94852348
18.46355097,23.45849120,-6.90025147
17.14702939,21.61003752,-7.00200020
16.46246631,20.94781245,-7.05838708
-14.88755471,19.45029645,-9.21165210
-13.55936161,18.70200763,-8.75282478
-14.21585913,19.07517922,-8.98652223
-12.45881970,18.21394651,-8.38293899
13.92677985,19.38787086,-7.04373870
15.04451018,19.97330071,-7.06087586
15.73971422,20.44438621,-7.06416388
-11.37161073,17.71572430,-8.01860611
12.83456396,18.84261370,-7.00002830
11.71859238,18.39429958,-6.94364763
-10.24645556,17.32036295,-7.66949295
10.60413264,17.94243459,-6.90831656
-9.11073914,16.94253617,-7.37432095
9.50508666,17.61646202,-6.90515460
-7.95374797,16.71624628,-7.17344921
-6.77987897,16.50526805,-7.03789292
8.41111298,17.28714126,-6.92095032
-5.57588687,16.39785281,-6.94192342
7.30059653,17.05410034,-6.92254935
-4.36411456,16.29376851,-6.88626011
6.18178242,16.82601480,-6.92945961
-3.02511797,16.28177105,-6.87523136
4.94017135,16.69280697,-6.94227563
3.66928292,16.55617010,-6.95972739
-1.68178051,16.27042330,-6.89506677
1.02174800,16.41644372,-6.92417956
2.35878054,16.49461643,-6.94443187
-0.32921285,16.34669229,-6.90467815
-0.88770980,40.32221203,-7.67903600
0.81242410,40.36017286,-7.52823338
7.71538191,39.88906980,-7.06936801
5.99616902,40.21966020,-7.17484764
4.24593079,40.31946956,-7.29348089
-2.57989518,40.04344518,-7.86067809
2.52436875,40.44726407,-7.41221868
-11.11356672,37.44084791,-8.60611864
-9.47367325,38.09999081,-8.42691061
15.90134593,37.11249086,-6.62716081
14.37333114,37.83971525,-6.65314723
16.84152505,36.58462050,-6.65091077
-12.10760657,36.94331604,-8.78794349
9.44647666,39.57938808,-6.98431927
-4.29420408,39.77532959,-8.05975823
12.81647728,38.52650378,-6.74724925
-7.80634984,38.74608597,-8.31673998
11.14617558,39.05748261,-6.86984769
-6.05410369,39.25767557,-8.20175055
17.79153727,36.05302258,-6.68784804
-13.11139284,36.42284699,-9.01444807
-13.98156612,35.65025622,-9.23968564
18.58721970,35.35381473,-6.72669427
19.38579287,34.67542157,-6.77522048
-14.93356642,34.82970822,-9.47413050
-15.57504416,33.67836186,-9.66087429
19.76278198,33.78350682,-6.81680461
-16.26181365,32.52451613,-9.85344047
20.08386419,32.90996391,-6.87954773
20.05928176,31.98846768,-6.93767241
-16.59621323,31.34638214,-9.97921723
19.99011319,31.05722191,-7.01879933
-16.87614422,30.16421173,-10.08824828
-17.09042133,29.01610477,-10.17113471
19.88587521,30.16054694,-7.11384837
19.49879964,27.26988844,-7.42823508
19.63441396,28.29480837,-7.33368076
-17.21439422,24.06498636,-10.35745431
-17.43513837,25.27524343,-10.34682855
-17.39483194,26.57676654,-10.29716482
19.24291364,26.23297863,-7.47983073
-17.28187075,27.82603002,-10.24281840
19.77687040,29.25060955,-7.22418910
17.74847256,22.74830035,-7.52867218
18.36729024,23.92890892,-7.50559202
-15.80012670,20.67867208,-10.05094022
-16.31154313,21.73212777,-10.20964165
17.04176547,22.00509867,-7.54432821
-15.18097813,20.10225149,-9.86485160
-13.29850671,18.85125379,-9.25487757
-13.94587694,19.19936680,-9.46964647
13.84830939,19.66571356,-7.59961976
14.95873850,20.27458699,-7.60730701
-12.20264407,18.39960616,-8.88453113
15.64635860,20.76417169,-7.59237681
18.97493872,25.11183933,-7.50936513
-16.94044857,22.85509356,-10.34126966
-14.60845850,19.56051208,-9.67930995
16.36430559,21.29310880,-7.57434372
-11.11684187,17.92681918,-8.51431186
12.76812315,19.12251061,-7.55447832
9.48344691,17.93523948,-7.41845574
10.56606370,18.26463212,-7.44460328
-8.85677534,17.15001357,-7.88181846
-9.99035033,17.53474186,-8.17075561
-7.71801730,16.90151572,-7.67603282
11.66670760,18.69460277,-7.49515049
6.19578170,17.11849043,-7.43199544
7.30248300,17.35483331,-7.42048258
-2.85775566,16.46269066,-7.36753179
-4.17539054,16.46237918,-7.39189273
4.97660844,16.97201017,-7.43681976
-5.37485361,16.56180027,-7.44392965
8.40273828,17.59565868,-7.41476460
-6.56546040,16.67520653,-7.53304490
-1.53306676,16.46853022,-7.37137228
3.73115842,16.81981249,-7.44244788
-0.19287804,16.57326832,-7.38814197
2.44967711,16.75464355,-7.43383536
1.14048259,16.66825358,-7.42038698
0.46807503,37.41922456,0.79558200
2.41764575,37.14251366,0.95614711
-1.47037466,37.35015029,0.59604664
-3.33378218,37.23539201,0.37389074
4.33237703,36.81763147,1.10177346
6.23496428,36.50026148,1.22083205
-5.09701587,37.10841428,0.13322914
8.18841832,36.26331203,1.31299268
-6.78135558,37.03134773,-0.10437835
-8.35362468,36.55180783,-0.33706016
10.09734946,35.66967435,1.31214509
-9.88094164,36.17968745,-0.56692121
12.03013292,35.20791986,1.28379409
13.91266829,34.79252934,1.25138702
-11.35723106,35.84675599,-0.80163346
-12.77745535,35.48160657,-1.03063050
15.68922227,34.36885860,1.24836268
16.88571097,33.90013770,1.18887036
-13.80103837,35.00522365,-1.24249125
17.96521800,33.42533820,1.13231619
-14.80773755,34.46713495,-1.45112370
-15.81354487,33.87655693,-1.67527281
18.93578984,32.95966489,1.08530384
-16.83180372,33.25304717,-1.92613258
19.82365598,32.51908135,1.05798412
19.95969232,31.62453289,0.92561015
-17.26564626,32.06554688,-2.22492845
20.05707855,30.74156895,0.83442329
-17.66559641,30.85774636,-2.51891837
-18.01898323,29.64474090,-2.79512277
20.11633728,29.83880604,0.75728328
20.13918604,28.87772244,0.66567946
-18.31472647,28.45197800,-3.05743810
20.00300611,27.48337400,0.57445601
-18.55425438,26.97820078,-3.26222784
-18.78111288,25.57531131,-3.43045433
19.89907214,25.98976379,0.43314064
-19.03336822,24.20813630,-3.56098762
19.93054428,24.45461025,0.25678836
20.16810079,22.88365780,0.06940658
-19.35645553,22.85600671,-3.63868004
19.65175149,21.44539503,-0.12137987
-19.09164866,21.71060107,-3.58291131
19.20939955,20.03119499,-0.22783699
-18.83894069,20.59858016,-3.51244237
18.80839026,18.60963511,-0.29562890
-18.58601162,19.50707771,-3.43781485
-18.31336394,18.42765247,-3.36367443
18.46207401,17.18483759,-0.38869428
-17.59984049,17.88477296,-3.20800207
17.55023800,16.61471529,-0.38144547
-16.87269692,17.35769529,-3.03341717
16.72528192,16.09809592,-0.38360316
15.96380732,15.62192012,-0.39119684
-16.13724599,16.86121115,-2.83958743
-15.40689776,16.38943945,-2.63356435
15.24613070,15.17170336,-0.40164812
14.13385766,14.79633625,-0.38631492
-14.32648167,15.90923199,-2.34346460
13.04098260,14.42123943,-0.39367589
-13.28615632,15.40345306,-2.09217841
11.96226042,14.01489009,-0.44630136
-12.27363323,14.86000644,-1.89764245
-6.53515059,13.07056958,-1.56089100
-7.80997433,13.40601564,-1.57235579
6.24588354,12.59192488,-1.01075728
7.38970088,12.92530180,-0.88788767
-4.95466002,12.78811375,-1.52614344
4.85651495,12.38302702,-1.12350131
-3.30621848,12.49329996,-1.46589490
3.37152222,12.19934715,-1.20559098
1.76946930,12.09114525,-1.26981508
-1.61843350,12.23892887,-1.39396162
0.08831123,12.10349396,-1.32906733
8.52919587,13.21122097,-0.76321075
-9.01287331,13.72030683,-1.59651418
-11.26900422,14.28845305,-1.76808736
10.90296430,13.53565655,-0.55641625
9.69577040,13.41774340,-0.64755812
-10.15999811,14.01596881,-1.65647556
7.31058732,17.50609021,-7.75210232
8.39594119,17.81464483,-7.74785257
9.47985872,18.11947404,-7.76127304
-6.40903947,16.81161743,-7.86242256
-7.56562250,17.01596642,-8.00290484
-5.24038482,16.63530149,-7.77152332
-8.71039268,17.24456997,-8.20352285
10.56483617,18.40841859,-7.79539193
6.21926769,17.20299161,-7.76758434
-4.06127077,16.48416388,-7.71922716
-9.82264882,17.68038864,-8.49217382
11.64450848,18.86819828,-7.85419408
-2.74552836,16.55915482,-7.68664932
5.00608097,17.11930081,-7.76639025
12.72725404,19.32903038,-7.90989503
-10.93042742,18.11129628,-8.83264394
3.77042303,17.02416187,-7.76137477
-1.42327471,16.63861580,-7.67915426
13.82060275,19.83076273,-7.93812613
-12.04157549,18.51043268,-9.19464861
2.50656009,16.91062915,-7.75001369
-0.10012079,16.71437266,-7.69567579
14.94189590,20.41699677,-7.93114878
-13.16010654,18.89608015,-9.55749627
-13.74561131,19.31468014,-9.75985063
15.58474491,20.99987956,-7.90555021
1.21373787,16.77684126,-7.73115292
-14.35029040,19.75346194,-9.96407586
16.26664843,21.62246294,-7.87947311
-14.98864178,20.22575704,-10.17303031
16.98872287,22.27897827,-7.86366488
-15.68171109,20.73957064,-10.38542288
17.74468460,22.95892677,-7.86666725
18.22168205,24.13195708,-7.84765795
-16.03830891,21.82904792,-10.52969348
-16.48077570,22.99217198,-10.62627289
18.69111459,25.29102622,-7.84409041
-16.93572347,24.19010956,-10.66663591
19.13646584,26.38866138,-7.82627621
-17.33476367,25.37298519,-10.67794155
19.55555342,27.39439293,-7.77964246
-17.28075204,26.65829096,-10.61779232
19.67622313,28.39328855,-7.68181944
19.79929386,29.32730376,-7.56989158
-17.16077132,27.88634171,-10.55744123
19.92459645,30.22540480,-7.46049582
-17.00619638,29.05989816,-10.48922432
20.04575824,31.10776036,-7.36676926
-16.82809158,30.19322314,-10.40845849
-16.38336198,31.35762577,-10.26613703
19.96365373,32.00084258,-7.27711188
19.84357087,32.89791523,-7.20865664
-15.88216049,32.52525921,-10.10815807
16.00976070,37.19542738,-7.01232297
14.44048099,37.86387460,-7.04182236
16.85954337,36.57610843,-7.02883924
-11.93440280,36.84552582,-9.10848706
-11.03581476,37.43326996,-8.94174234
-9.35666230,38.02418878,-8.77106486
-12.84859423,36.23343743,-9.31942886
17.71807561,35.95017264,-7.05887153
18.58449332,35.32788776,-7.09353631
-13.81261201,35.57637805,-9.55001871
-15.35009074,33.69764654,-9.94194012
19.67436488,33.80341427,-7.16244112
19.45306684,34.72175992,-7.13887408
-14.86535887,34.86692993,-9.78755686
-7.66009390,38.61720535,-8.67094310
12.84256528,38.48609814,-7.14222234
11.19858409,39.07035594,-7.27187260
-5.93232757,39.22387029,-8.57225367
-4.19007103,39.85111375,-8.44902295
9.52373683,39.65315861,-7.39262513
7.75945068,39.82627498,-7.48325914
6.01215947,40.02337174,-7.59709023
-2.46894900,39.97798788,-8.25338474
-0.77210341,40.11968784,-8.08026260
0.91125517,40.28533320,-7.94282922
4.28738398,40.24364230,-7.71776670
2.59778332,40.49724835,-7.83436477
