-0.38052694,15.32549783,1.11978862
-1.77946425,15.16844529,1.27895256
-0.40410525,15.31826261,1.28903219
-1.80906142,15.15787670,1.44876961
-3.14726391,15.04503522,1.43670154
-3.18229994,15.03262519,1.60704593
-4.47813451,14.94989498,1.57320814
-4.51872415,14.93624650,1.74568947
-5.77338715,14.88280398,1.70951585
-5.81954899,14.87009851,1.88660497
-4.00845797,31.89158697,2.43424685
-2.93759231,32.01089280,2.37697831
-4.04002080,31.94751039,2.58970534
-2.96403910,32.06572316,2.53124360
-1.89130793,32.15672580,2.33880774
-1.91272386,32.20998395,2.49151002
-0.85336946,32.33034802,2.31615152
-0.87007731,32.38259929,2.46752554
0.19634762,32.52947735,2.30439757
0.18420428,32.58233085,2.45443045
-6.79201311,14.97303254,1.82695560
-6.84384157,14.95912716,2.00736431
-7.76301209,15.11055420,1.98020433
-7.82111193,15.09645162,2.16317839
-8.71798393,15.26560834,2.16529647
-8.78381199,15.25244121,2.34864394
-9.68983115,15.40946494,2.35464145
-9.76456109,15.39824656,2.53595695
-8.52946089,30.58014908,2.78315869
-7.32522273,30.83185257,2.64911427
-8.58604972,30.63396961,2.94274840
-7.37429862,30.88483113,2.80921086
-6.16039585,31.13053179,2.54510902
-6.20271603,31.18342290,2.70437933
-5.05728520,31.48617459,2.47555639
-5.09340053,31.53960217,2.63268617
-10.48662005,15.77409604,2.53513501
-10.56674827,15.76436890,2.71215461
-11.34869140,16.13926201,2.71046562
-11.43475475,16.13200293,2.88310196
-12.26874268,16.57044878,2.87716823
-12.36459807,16.56643096,3.04525924
-13.24142145,17.13078069,3.01083119
-13.35010115,17.13073881,3.17340957
-13.85042823,17.72098125,3.07456674
-13.96246016,17.72608951,3.23314279
-14.51851286,18.36403185,3.11838821
-14.63384740,18.37493206,3.27262190
-15.23434920,19.03354775,3.14214247
-15.35272926,19.05066590,3.29269895
-15.95267458,19.71052864,3.14412684
-16.07358971,19.73303470,3.29186661
-12.29809783,29.55934288,3.09017704
-11.35504344,29.81329058,2.99181300
-12.37557072,29.60918643,3.24503604
-11.42500827,29.86251553,3.14718805
-10.40301386,30.05179899,2.90570148
-10.46798668,30.10128244,3.06179287
-9.45420309,30.30141931,2.83838850
-9.51440350,30.35227532,2.99629650
-15.97290512,20.78980927,3.16126910
-16.09558347,20.81445843,3.30603260
-16.03065081,21.85002093,3.15841341
-16.15311979,21.87656484,3.30075490
-16.13772438,22.86156837,3.16534969
-16.26236941,22.89065710,3.30670695
-16.30055632,23.81311943,3.19515891
-16.42947872,23.84647952,3.33707254
-15.66021733,24.68161404,3.20014962
-15.77717080,24.71838349,3.34498057
-15.09963223,25.51532505,3.17799185
-15.20741689,25.55530452,3.32583758
-14.58306379,26.31935425,3.13244235
-14.68579310,26.36368814,3.28268647
-14.06506493,27.09205556,3.06011398
-14.16433309,27.14189603,3.21219880
-13.59812593,27.69177712,3.07606282
-13.69302268,27.74209500,3.22974541
-13.13145367,28.28859785,3.07964501
-13.22131602,28.33867074,3.23433497
-12.69257758,28.90833945,3.08267368
-12.77608384,28.95774313,3.23741020
-0.35391401,15.36037502,0.95823686
-1.74676175,15.23017277,1.12637031
-3.11184877,15.10974997,1.28476877
-4.44101430,15.00594926,1.41721167
-5.73840090,14.92463305,1.54774119
-3.97701615,31.83948277,2.26311382
-2.91384092,31.96061902,2.21061323
-1.87199870,32.11092648,2.17450824
-0.83603264,32.28706424,2.15278032
0.20841318,32.48591171,2.14182211
-6.73621614,15.02882928,1.65879047
-7.70670973,15.14910445,1.80164627
-8.65913888,15.28407336,1.97787226
-9.60889455,15.44393080,2.17305647
-8.47509278,30.52690685,2.61266100
-7.27409388,30.77795956,2.48620892
-6.12002115,31.08007858,2.38212768
-5.02281815,31.43559349,2.30709852
-10.42050063,15.77698550,2.35801688
-11.26542386,16.16030048,2.53657948
-12.16229291,16.62027152,2.69929462
-13.12412922,17.18625997,2.83724648
-13.73259349,17.75273840,2.91422159
-14.36734575,18.37493562,2.97115906
-15.02124799,19.03992906,3.00273669
-15.68637247,19.72712574,3.00550342
-12.17498775,29.46144094,2.92187752
-11.25610468,29.72865051,2.82352052
-10.32954852,29.98863088,2.73957679
-9.39919266,30.25039410,2.66984586
-15.77342337,20.78594379,3.01776899
-15.87536506,21.83245681,3.01978172
-15.98996901,22.83703046,3.02901356
-16.11789606,23.78617819,3.05737949
-15.50575252,24.64084995,3.05039916
-14.93913466,25.46356354,3.02342137
-14.40927742,26.25054647,2.97266299
-13.90469122,27.00862868,2.89816387
-13.45618478,27.61390647,2.91620535
-13.01855675,28.22351940,2.92319664
-12.59163184,28.84006637,2.92353944
1.00510199,15.48164354,1.17202987
1.02245097,15.48364369,1.00267758
2.39720967,15.68478664,1.10905655
2.40826763,15.68225978,0.93976428
3.75383965,15.92762772,1.10827925
3.75878518,15.92054852,0.93866792
5.06786805,16.20877463,1.14310772
5.06749531,16.19679274,0.97231812
4.55999025,32.98851172,2.15422065
3.43965678,32.86313294,2.26010720
4.55335592,32.93480488,2.00737135
3.43734274,32.80945981,2.11254937
2.33745347,32.74813859,2.33967334
2.33990523,32.69526876,2.19143646
1.25447903,32.65335860,2.40052149
1.26183168,32.60112046,2.25149517
6.12864066,16.59768439,1.16881499
6.12352292,16.58325697,0.99836865
7.13695266,17.05610124,1.17696518
7.12813146,17.03915852,1.00693328
8.12005255,17.56476957,1.13196106
8.10873585,17.54545348,0.96389060
9.10592718,18.08110843,1.02151733
9.09394792,18.05950108,0.85765409
8.86879012,32.29620294,1.51350136
7.77792427,32.45461693,1.63181176
8.84929628,32.25428416,1.37039850
7.76150294,32.41158204,1.48808278
6.68990038,32.61701009,1.79758254
6.67672982,32.57161953,1.65298124
5.61712003,32.79373579,1.98111664
5.60741331,32.74502277,1.83531388
9.94410771,18.79521353,0.91507548
9.93313988,18.77356792,0.75704593
10.82190654,19.47297456,0.79455127
10.81201138,19.45150885,0.64361725
11.72172427,20.14675390,0.68238202
11.70962075,20.12579312,0.53978998
12.62640482,20.85951471,0.56983615
12.60991950,20.83882738,0.43570846
13.17948248,21.48612101,0.49024424
13.16356663,21.46404070,0.36090797
13.75367574,22.12350718,0.40028325
13.73826602,22.10002993,0.27471003
14.34425273,22.75227950,0.30746483
14.33000234,22.72772178,0.18483565
14.92803836,23.36166689,0.21539526
14.91525166,23.33677158,0.09413346
12.32642879,31.56321472,1.23413564
11.43871816,31.71606153,1.27854921
12.30067991,31.52986835,1.09591626
11.41420607,31.68107450,1.13951040
10.56068635,31.87962202,1.32558708
10.53821184,31.84323859,1.18565677
9.70036335,32.07173043,1.40094586
9.67967223,32.03341869,1.25985938
14.98309607,24.22188482,0.18100865
14.96677228,24.19798759,0.06082056
15.07321898,25.05353200,0.15998180
15.05370119,25.02982611,0.04107110
15.21305578,25.85485717,0.17549746
15.18905960,25.83094758,0.05698989
15.41188455,26.63466507,0.22411850
15.38238955,26.60964977,0.10563309
14.92745399,27.31020825,0.38865232
14.90023837,27.28587185,0.26901646
14.52102524,28.00102267,0.55195420
14.49475815,27.97721315,0.43089262
14.16410789,28.71197282,0.70253860
14.13577172,28.68702674,0.57970919
13.81312242,29.42595449,0.81840219
13.78169481,29.39726710,0.69236839
13.43300453,29.95426750,0.96592422
13.40211539,29.92458720,0.83709788
13.04434381,30.47183860,1.07611084
13.01444817,30.44104126,0.94448580
12.67052845,31.00312124,1.16116047
12.64250853,30.97138410,1.02615891
1.04616208,15.53818207,0.85140665
2.42758396,15.73354147,0.79133367
3.77309953,15.95859739,0.78820863
5.08086082,16.21749290,0.81754819
4.54607266,32.88515934,1.84630523
3.43678649,32.76031361,1.95270704
2.34378429,32.64974665,2.03182300
1.26809076,32.55728211,2.09138982
6.11898632,16.61197631,0.84159422
7.12213558,17.04695385,0.83887853
8.10296195,17.52940311,0.78791478
9.07588436,18.05908979,0.69334374
8.82970806,32.21276152,1.21868328
7.73918731,32.36584370,1.34273472
6.66175694,32.52729967,1.50424137
5.59748477,32.69949738,1.67935561
9.92937648,18.74175709,0.59635866
10.80107087,19.43982433,0.49051518
11.69254486,20.14494575,0.38801481
12.59177643,20.86597503,0.29146010
13.14160867,21.47143366,0.23018199
13.68780725,22.09004856,0.15948274
14.23330256,22.71385004,0.07875461
14.78305870,23.33138671,-0.01178275
12.22385197,31.44636997,0.95262905
11.35803601,31.60990165,0.99158398
10.50464524,31.79349663,1.03698032
9.66212527,31.99572992,1.10853499
14.88574534,24.18292561,-0.05266085
15.00271936,25.00922799,-0.07100611
15.13989866,25.80768944,-0.05366652
15.29989771,26.58452033,-0.00003742
14.83806981,27.25532965,0.15112441
14.41814139,27.93802241,0.31206675
14.03673228,28.63098101,0.45931833
13.68434291,29.32810905,0.56729295
13.31757549,29.86130726,0.70977633
12.95494971,30.39143782,0.81357067
12.59135779,30.91879914,0.88941950
-0.79234822,31.92037559,1.29618678
0.24759057,32.12002087,1.28630331
-0.79166148,31.70716200,0.66428793
0.25151029,31.90823669,0.65183643
1.29923583,32.19685091,1.24256911
1.30340199,31.98838403,0.61139992
-1.82639784,31.73990293,1.31656160
-1.83180154,31.52469968,0.68736502
2.36640493,32.29138920,1.18903426
2.36919403,32.08478054,0.56203620
-2.86733796,31.58340948,1.35224464
-2.88029439,31.36573166,0.72588043
3.45104929,32.40180623,1.11458737
3.45151330,32.19583771,0.49257447
-3.92938683,31.45439497,1.40531442
-3.94999583,31.23388977,0.78159911
4.55268946,32.52529473,1.01210548
4.55070367,32.31985944,0.39652583
-4.97528449,31.05395697,1.45133225
-5.00192434,30.83333224,0.83169034
5.60210129,32.35464936,0.85781877
5.60137589,32.15546080,0.25760355
-6.06765563,30.70118939,1.52961989
-6.09617637,30.48019331,0.91366402
6.66674867,32.19589167,0.69686380
6.66893903,32.00350887,0.11236100
-7.21167350,30.40086795,1.64214914
-7.23675227,30.17867089,1.03110451
7.74635051,32.04593393,0.55087764
7.75315375,31.86039860,-0.01911863
-8.39741428,30.14883780,1.78306961
-8.41477606,29.92344014,1.17993222
8.83986456,31.90105347,0.44456429
8.85264820,31.72149329,-0.11294299
-9.31396871,29.87894908,1.86394578
-9.32581247,29.65346646,1.27562846
9.67684473,31.69783781,0.35909506
9.69609741,31.52590362,-0.18334470
-10.23358468,29.61937682,1.95799531
-10.23842400,29.39159445,1.38471058
10.52421050,31.50713065,0.31034730
10.55051799,31.34164646,-0.21969444
-11.14731596,29.35813933,2.06411205
-11.14475755,29.12686930,1.50446916
11.38279968,31.33326918,0.28580796
11.41643534,31.17338266,-0.23383110
-12.04975335,29.08593262,2.18169893
-12.03910118,28.85065383,1.63349242
12.25395142,31.17876722,0.26420478
12.29530366,31.02410597,-0.24666010
-12.46715225,28.48188336,2.21024716
-12.45216430,28.25053488,1.68312012
12.63367716,30.67409531,0.23096041
12.68329121,30.52574718,-0.26025696
-12.89258767,27.88034905,2.23651735
-12.87239945,27.65230125,1.72990744
13.00709327,30.16506406,0.18167941
13.06322038,30.02173489,-0.29201190
-13.32749398,27.28359421,2.25583997
-13.30181226,27.05867957,1.76962086
13.37766442,29.64890166,0.10065110
13.43948816,29.50991825,-0.35590701
-13.77367515,26.68965738,2.26377898
-13.74244831,26.46780813,1.79744793
13.75194954,29.12670443,-0.02008259
13.81933681,28.99165781,-0.45834019
-14.25667118,25.93762337,2.34855059
-14.20770438,25.71480343,1.89238672
14.11065388,28.43332991,-0.11361917
14.18324894,28.29703136,-0.53824005
-14.76732045,25.15990321,2.41071359
-14.70282206,24.94079241,1.96296409
14.49877754,27.74129892,-0.24608824
14.57703741,27.60291470,-0.65724127
-15.31378794,24.34756895,2.45075284
-15.23483129,24.13619917,2.01078379
14.92688338,27.05731604,-0.39306793
15.01103276,26.91536357,-0.79159831
-15.90450555,23.50167373,2.46907300
-15.81096049,23.29688019,2.03588123
15.39858097,26.38375364,-0.53081112
15.48984179,26.23740751,-0.91777505
-15.78637461,22.56456864,2.45733238
-15.69659214,22.37015633,2.03536349
15.24425140,25.60531187,-0.55853825
15.33697097,25.45568580,-0.92589417
-15.68197456,21.57011471,2.46118381
-15.59724466,21.38625521,2.04666204
15.11256509,24.80468660,-0.55186878
15.20717006,24.65287224,-0.90308170
-15.59135517,20.53734888,2.46508634
-15.51310737,20.36608337,2.05333298
15.00072518,23.97696219,-0.51687184
15.09792004,23.82321742,-0.85785166
-15.51723742,19.49748945,2.45307420
-15.44724521,19.34229018,2.04035588
14.90397720,23.12323873,-0.46651640
15.00467622,22.96729464,-0.80222518
-14.87563122,18.82805985,2.44997302
-14.82166186,18.68828992,2.03786571
14.35607365,22.50183785,-0.37465319
14.45718994,22.34333096,-0.70987413
-14.24470490,18.18211017,2.41778535
-14.20681031,18.05743875,2.00668636
13.81268337,21.87326399,-0.29760864
13.91549286,21.71084958,-0.63598781
-13.63100611,17.57894896,2.36035668
-13.60833559,17.46893271,1.95061204
13.26744734,21.25047606,-0.23598668
13.37190871,21.08438806,-0.58106468
-13.04046500,17.03046107,2.28275596
-13.03101673,16.93351141,1.87486493
12.71798851,20.64095585,-0.18790524
12.82421615,20.47024103,-0.54148518
-12.10054781,16.48254383,2.14445358
-12.10641777,16.39578167,1.73982242
11.81724064,19.91244283,-0.11379974
11.92512807,19.73430362,-0.48304220
-1.71595110,14.95220209,0.53387645
-0.30801257,15.06961660,0.36245033
-1.69804170,14.73291059,0.08978438
-0.27575544,14.84150408,-0.08380504
-11.22058507,16.03150255,1.97989282
-11.23721559,15.94655108,1.57669760
1.10808077,15.23656077,0.25064335
1.15513854,15.00085321,-0.19795381
10.92376803,19.19882059,-0.03540343
11.03244751,19.01295801,-0.42221104
-3.09465314,14.84706372,0.69987787
-3.09094519,14.63870756,0.26323466
-10.38981802,15.64759693,1.79838514
-10.41411608,15.55708970,1.39449544
2.50278974,15.42835020,0.18970859
2.56332874,15.18925283,-0.25967315
10.04893072,18.49260533,0.04804072
10.15681078,18.30016236,-0.35666544
-4.43504142,14.76228445,0.84067992
-4.44498329,14.56843998,0.41408745
-9.59067341,15.30571711,1.61021240
-9.62057103,15.20382783,1.20469662
3.85922290,15.65617764,0.18593930
3.93242631,15.41793174,-0.26546376
9.19137807,17.80299889,0.12650069
9.29753040,17.60439153,-0.29473375
-5.73943108,14.70300681,0.97592704
-5.76089053,14.52645499,0.55711681
-8.65324091,15.13189092,1.41286171
-8.68638088,15.01586520,1.00645257
5.17568561,15.92193908,0.21623382
5.26014427,15.68747340,-0.23621359
8.21177781,17.26736044,0.20546065
8.31285794,17.06305033,-0.23005415
-6.73982196,14.83312584,1.09103396
-6.76830207,14.67839325,0.67900398
-7.70835888,14.97732854,1.23551902
-7.74090665,14.84330057,0.82736110
6.21791881,16.32836489,0.24491372
6.30842001,16.10435269,-0.20486412
7.22531139,16.77536669,0.24709118
7.32113676,16.56202667,-0.19809102
-0.82184668,31.49964236,-0.15876628
0.23181392,31.70296593,-0.17899145
1.29035093,31.78551594,-0.21771709
-1.87667786,31.31455030,-0.12741240
2.35952677,31.88324671,-0.26179530
-2.94225431,31.15340428,-0.08089889
3.44296612,31.99532599,-0.32174937
-4.02934067,31.02007471,-0.01779942
4.54239703,32.12112580,-0.40317798
-5.09381828,30.61585779,0.04170508
5.59690088,31.95745330,-0.51412098
-6.19542472,30.25909281,0.13067493
6.67014161,31.80859557,-0.63247001
-7.33665734,29.95220339,0.25418205
7.76241475,31.67073099,-0.74130877
-8.51001455,29.68871388,0.40927681
8.87264428,31.53905082,-0.81894106
-9.41630234,29.41330835,0.51876419
9.72736308,31.35174849,-0.87365875
-10.32403423,29.14603554,0.64095053
10.59477832,31.17570590,-0.89927148
-11.22635743,28.87662201,0.77235497
11.47505160,31.01469431,-0.90577119
-12.11768955,28.59657241,0.91131455
12.36915183,30.87216493,-0.91237666
-12.52064251,27.99210766,0.98929994
12.76759044,30.37031935,-0.90418516
-12.92999819,27.38969563,1.06513788
13.15631286,29.86420579,-0.91388418
-13.34832569,26.79264742,1.13314537
13.54053314,29.35195953,-0.95435824
-13.77800364,26.19985988,1.18839339
13.92797243,28.83408266,-1.03046783
-14.22051971,25.44062503,1.29885918
14.29947054,28.13327771,-1.08996659
-14.69513549,24.66728631,1.38249030
14.70089546,27.43254841,-1.18777896
-15.20881869,23.86912894,1.43922046
15.14338032,26.73748975,-1.30268824
-15.76773530,23.03865002,1.47078087
15.63143654,26.05138916,-1.41203833
-15.65350184,22.12827447,1.48310269
15.47652644,25.26277853,-1.39628457
-15.55737894,21.16155162,1.50173944
15.34674831,24.45541742,-1.35646624
-15.47945788,20.16089738,1.51061073
15.23919960,23.62247741,-1.30119016
-15.42311431,19.15931251,1.49469642
15.14966117,22.76222928,-1.24183521
-14.81580556,18.52668983,1.49395222
14.60120316,22.13512995,-1.14995679
-14.21997592,17.91638353,1.46586722
14.06054767,21.49840848,-1.08128959
-13.63996855,17.34598064,1.41377068
13.52028880,20.86554500,-1.03442127
-13.07898979,16.82317184,1.34274125
12.97746066,20.24253605,-1.00431843
-12.17173381,16.29246893,1.21599059
12.08325852,19.49458071,-0.96352932
-1.67855314,14.42967508,-0.49745383
-0.23454744,14.52749137,-0.67398815
-11.31267844,15.83958364,1.05798583
1.21790747,14.67862820,-0.78930163
11.19362024,18.76216238,-0.92363653
-3.09375891,14.34986762,-0.31244643
-10.49509781,15.43761334,0.87765955
2.64684969,14.86387035,-0.85033259
10.31826983,18.04043442,-0.88028509
-4.47066542,14.29836554,-0.14445591
-9.70356470,15.06398916,0.68660041
4.03734384,15.09185999,-0.85850869
9.45768326,17.33463934,-0.84096759
-5.80795227,14.27884348,0.01367872
-8.76597545,14.85393137,0.48746749
5.38523618,15.36439251,-0.83142170
8.46622750,16.78337605,-0.79775569
-6.82933426,14.46142032,0.14847959
-7.81295164,14.65508910,0.30469783
6.44471722,15.79583597,-0.79664415
7.46668573,16.26869393,-0.78185633
-0.89223415,31.33088408,-1.22769460
0.18204165,31.53976509,-1.26329911
1.25685241,31.62344911,-1.30246823
-1.97282127,31.14150212,-1.17966892
2.33705086,31.72162015,-1.33941931
-3.06730172,30.97803284,-1.11698644
3.42737619,31.83382046,-1.38230036
-4.18377539,30.84489962,-1.03937042
4.53154558,31.96051509,-1.43610540
-5.26793988,30.43080161,-0.96227471
5.59333553,31.78660127,-1.50198712
-6.38381313,30.06504262,-0.86135954
6.67537159,31.63176235,-1.57791736
-7.53273401,29.74767780,-0.73104313
7.77924697,31.49322646,-1.65332430
-8.71034061,29.47234590,-0.57327618
8.90505592,31.36697090,-1.71195375
-9.61721945,29.18735869,-0.45316891
9.77614885,31.18673814,-1.75132954
-10.52807756,28.91253281,-0.32205017
10.66328091,31.02054752,-1.76871563
-11.43733019,28.63892134,-0.18367004
11.56666340,30.87112787,-1.77158528
-12.34066587,28.35886917,-0.04011429
12.48698338,30.74136781,-1.77541653
-12.73019491,27.73699309,0.06781344
12.90071346,30.22287819,-1.74189671
-13.12297740,27.11707402,0.18087198
13.30376219,29.70392949,-1.72359201
-13.52222526,26.50276811,0.29008322
13.70044120,29.18276493,-1.73104159
-13.93369105,25.89750660,0.38514452
14.09869694,28.65860907,-1.76949336
-14.34941468,25.12113109,0.52060297
14.48175065,27.94396860,-1.79881070
-14.80004058,24.34158312,0.62318853
14.89413442,27.22948047,-1.86426355
-15.29224416,23.54510493,0.69295695
15.34861552,26.52044334,-1.94854698
-15.83274294,22.72066105,0.73124358
15.84996231,25.81989095,-2.03250482
-15.70937681,21.83368954,0.75739962
15.68742976,25.01823074,-1.99299866
-15.61126985,20.89444317,0.78283904
15.55414741,24.20181146,-1.93940935
-15.53772261,19.92222258,0.79253963
15.44642810,23.36197104,-1.87862553
-15.49106678,18.95029750,0.77093552
15.36041261,22.49351281,-1.82134257
-14.90152722,18.34672645,0.77393817
14.80747919,21.86291506,-1.73386776
-14.32496544,17.76172571,0.75172157
14.26619767,21.22078588,-1.67339924
-13.76507490,17.20796391,0.70780776
13.73033819,20.57750471,-1.63543580
-13.22330655,16.69172570,0.64537758
13.19677333,19.93887956,-1.61479996
-12.33310965,16.15972790,0.53457437
12.31247608,19.17117968,-1.59054132
-1.65522838,14.01299771,-1.27586362
-0.18073114,14.09646264,-1.45740952
-11.48066391,15.69319027,0.38827416
1.30153060,14.23772325,-1.57150798
11.42911314,18.42279807,-1.57179105
-3.10256628,13.95185375,-1.07178944
-10.66219771,15.26755049,0.21463156
2.76061781,14.42023817,-1.62752695
10.55500307,17.68855441,-1.55226456
-4.51400673,13.92358862,-0.87526782
-9.86403141,14.86176804,0.02524759
4.18363025,14.64710124,-1.63352479
9.69256666,16.96622817,-1.54093189
-5.88585057,13.93155386,-0.69072905
-8.90998683,14.62052558,-0.17326253
5.56462250,14.91924804,-1.60563959
8.69080522,16.40026962,-1.52693184
-6.93176368,14.15392126,-0.53272159
-7.93730640,14.38599198,-0.36171350
6.64274270,15.37030538,-1.56435106
7.67919606,15.86548505,-1.53487649
-0.99743511,31.24696011,-2.61939828
0.10829652,31.46765867,-2.67862076
1.21084276,31.55336842,-2.71860111
-2.11433898,31.04921731,-2.54402145
2.31237037,31.65339675,-2.74366134
-3.24825841,30.88190970,-2.45457399
3.41875970,31.76705979,-2.75910533
-4.40481922,30.74988883,-2.35335377
4.53565639,31.89443943,-2.77265760
-5.51539817,30.31770340,-2.24772858
5.60921544,31.69335760,-2.77682204
-6.65516077,29.93768725,-2.12954895
6.70313897,31.51666917,-2.79511430
-7.82513512,29.60835988,-1.99273952
7.82133134,31.36333258,-2.82626291
-9.02383039,29.32357362,-1.83616119
8.96654223,31.23207823,-2.86186984
-9.94451432,29.02731184,-1.70829291
9.85786499,31.05032419,-2.88397565
-10.87502523,28.74625993,-1.57226558
10.77020005,30.88982387,-2.89354039
-11.81256903,28.47392616,-1.43095500
11.70439581,30.75208076,-2.89293137
-12.75492547,28.20419325,-1.28684908
12.66136902,30.63904941,-2.89219799
-13.13167264,27.54626792,-1.15116660
13.09594194,30.09660617,-2.82574146
-13.50809581,26.89410884,-0.99981807
13.52026238,29.55558587,-2.76776775
-13.88753361,26.24850031,-0.84277987
13.93697498,29.01458941,-2.72750771
-14.27626364,25.61255353,-0.69265288
14.35236637,28.47370838,-2.71149113
-14.66196930,24.79247713,-0.51601661
14.75505206,27.73517969,-2.69483491
-15.08697033,23.98749364,-0.38220846
15.18480021,26.99846795,-2.71244417
-15.55813622,23.18011695,-0.29206240
15.65659246,26.26642246,-2.75160821
-16.08211086,22.35493810,-0.24563498
16.17737164,25.54121861,-2.80273774
-15.93165035,21.48647497,-0.20226543
16.00160247,24.71579688,-2.74107775
-15.81915689,20.58009334,-0.16927766
15.86068687,23.88129797,-2.68408397
-15.74324587,19.64724561,-0.15990895
15.75033746,23.02690149,-2.63218969
-15.70339087,18.71146274,-0.18980942
15.66782759,22.14203490,-2.59322028
-15.12473706,18.14160321,-0.17840657
15.10297087,21.50730778,-2.51836741
-14.56134723,17.58074824,-0.18943738
14.55751909,20.85643487,-2.46960000
-14.01592024,17.03809239,-0.22038070
14.02583167,20.19713128,-2.44154560
-13.48972786,16.51860014,-0.26960972
13.50412444,19.53478940,-2.42906595
-12.61224042,15.97113062,-0.35488697
12.63227451,18.73978226,-2.41352281
-1.62029625,13.46537103,-2.30998645
-0.10961557,13.52734682,-2.50504823
-11.76131234,15.47446060,-0.48011408
1.40812193,13.65466874,-2.61520270
11.75940211,17.96685355,-2.40633067
-3.10666683,13.42791876,-2.06903285
-10.93126140,15.00981666,-0.63863584
2.90580904,13.83252608,-2.65504430
10.88633574,17.21227839,-2.41010275
-4.56242983,13.42506983,-1.82373469
-10.11170361,14.55819715,-0.82010098
4.37207920,14.05725318,-2.64492629
10.01895690,16.46512917,-2.43144041
-5.98274471,13.45982747,-1.59561178
-9.12143084,14.27866106,-1.01316987
5.80007856,14.32408028,-2.60426474
8.99873948,15.88091619,-2.45261837
-7.06707563,13.72674257,-1.40132753
-8.11054606,14.00212718,-1.20844605
6.90702309,14.79771835,-2.54371143
7.96700496,15.32005085,-2.49137622
-1.13227176,31.30631747,-4.43641372
0.01187000,31.55243958,-4.52964601
1.15121698,31.65007793,-4.56692756
-2.29103794,31.08755449,-4.31615780
2.28435021,31.75971364,-4.56712177
-3.46945812,30.90503129,-4.17958281
3.41790617,31.87990137,-4.53730358
-4.67227728,30.76555072,-4.03570351
4.55865945,32.00958875,-4.49295914
-5.81787923,30.31216076,-3.88252887
5.65450505,31.76753864,-4.42081796
-6.99410492,29.91903827,-3.73707741
6.76880903,31.54840396,-4.37144017
-8.20222377,29.58406516,-3.59313898
7.90777082,31.35521631,-4.35213228
-9.44421335,29.30113054,-3.44467629
9.07729496,31.19230606,-4.35945863
-10.39849527,28.99897918,-3.31550478
9.99080714,30.98435000,-4.35748947
-11.37255131,28.71858355,-3.18041617
10.92970675,30.80798183,-4.35247070
-12.36596536,28.45578642,-3.03934426
11.89617661,30.66454844,-4.34115338
-13.37806651,28.20716758,-2.89150045
12.89214372,30.55628404,-4.32459172
-13.74849591,27.48733986,-2.74298404
13.35525613,29.98465619,-4.21691814
-14.11450977,26.78522041,-2.56107511
13.80959433,29.41690890,-4.10482650
-14.47917368,26.09648334,-2.35435672
14.25496178,28.85103252,-3.99836171
-14.84933242,25.41950185,-2.14027945
14.69643304,28.28721625,-3.90707539
-15.21129631,24.54157166,-1.91256864
15.13174259,27.51794082,-3.82205718
-15.61051985,23.68204279,-1.72758489
15.58933660,26.75231687,-3.76836242
-16.05998564,22.83403041,-1.60118821
16.08632412,25.98914071,-3.75011933
-16.56952151,21.98830769,-1.53849423
16.63518125,25.22760694,-3.76943933
-16.37212519,21.11673492,-1.47514748
16.44270231,24.36035517,-3.68682794
-16.22519783,20.22753133,-1.43226821
16.29373549,23.48840260,-3.63456187
-16.12870535,19.32435199,-1.42253906
16.18264405,22.60090537,-3.61649183
-16.08332971,18.41314896,-1.45717601
16.10815921,21.68185435,-3.62937619
-15.50089917,17.87314181,-1.43154812
15.51887229,21.04150993,-3.57789575
-14.93732126,17.33338527,-1.42531419
14.95947767,20.37892104,-3.54777729
-14.39214052,16.79701311,-1.43713933
14.42565875,19.69888797,-3.53173696
-13.86582384,16.26776652,-1.46570614
13.91145655,19.00871437,-3.52218154
-12.97937161,15.69603073,-1.51019134
13.04415696,18.18505930,-3.49669732
-1.55703863,12.79945135,-3.68443772
-0.01810859,12.83791424,-3.92755514
-12.11140198,15.15528639,-1.59639768
1.52814284,12.95163763,-4.03920659
12.17530417,17.38254958,-3.48656411
-3.07645633,12.78941279,-3.35884460
-11.25403592,14.63613460,-1.72238826
3.05942283,13.12541723,-4.04038523
11.29781400,16.60062357,-3.50804212
-4.57524295,12.81178113,-3.02541207
-10.39693211,14.12585801,-1.88260197
4.56651080,13.35174452,-3.98321231
10.41600310,15.82466117,-3.56695191
-6.05114257,12.86805941,-2.72938761
-9.35102101,13.80472086,-2.06005332
6.04538644,13.61643285,-3.90377303
9.36219385,15.22525725,-3.62745091
-7.18644661,13.17204948,-2.48267782
-8.28378827,13.48691761,-2.26050995
7.19300658,14.10851226,-3.79752099
8.29404161,14.64639740,-3.70526090
-1.23638883,31.40966658,-5.78285523
-0.06585767,31.67883607,-5.90658126
1.09875484,31.79360820,-5.93776297
-2.42302502,31.17013571,-5.62516340
2.25372796,31.91799869,-5.91279665
-3.63029919,30.96993186,-5.44944792
3.40551564,32.04921880,-5.84211977
-4.86308248,30.81882682,-5.26949894
4.56180155,32.18473515,-5.74937608
-6.03484738,30.35794769,-5.06990944
5.67273484,31.92644132,-5.61376703
-7.23875747,29.96327320,-4.89479745
6.80282417,31.68227032,-5.51757370
-8.47692488,29.63265420,-4.73764328
7.95831098,31.45751050,-5.46743446
-9.75296240,29.35976922,-4.58923722
9.14516291,31.26028171,-5.45621908
-10.73474365,29.06187447,-4.45948453
10.07417642,31.01777771,-5.43872512
-11.74238228,28.78861439,-4.32956153
11.02983475,30.81032952,-5.42456301
-12.77578563,28.53642474,-4.19547727
12.01448333,30.64129970,-5.40605847
-13.83305820,28.30196775,-4.05125629
13.03018977,30.51347215,-5.37904029
-14.20621675,27.53223970,-3.91771482
13.51925621,29.91823979,-5.25076827
-14.57171717,26.78253666,-3.73896482
14.00108515,29.33243684,-5.10519825
-14.93268804,26.05629576,-3.51423938
14.47381240,28.75129855,-4.95267214
-15.29567611,25.35163988,-3.25909473
14.93931216,28.17325144,-4.80621794
-15.65008465,24.44338870,-2.99216792
15.40301354,27.38692068,-4.67234403
-16.03655266,23.55155862,-2.76277135
15.88327495,26.60287869,-4.56908361
-16.47111460,22.67275227,-2.59918494
16.39859027,25.81859371,-4.51110426
-16.96674699,21.80227615,-2.51066127
16.96538896,25.03036296,-4.51290880
-16.73633888,20.90996840,-2.43834498
16.76312419,24.12854564,-4.41359290
-16.56124078,20.01584593,-2.39155240
16.61201083,23.22091690,-4.36586704
-16.44182505,19.11409518,-2.38045817
16.50688026,22.29616578,-4.37504229
-16.37945809,18.19967401,-2.41492587
16.44428760,21.34010913,-4.43007187
-15.78452429,17.66369143,-2.38690603
15.83440327,20.69503019,-4.39962072
-15.21154706,17.12981898,-2.37069412
15.25699343,20.02805254,-4.38776700
-14.65723290,16.59786788,-2.36757754
14.71039545,19.34133808,-4.38152640
-14.11976229,16.06654437,-2.37779180
14.19035341,18.64033609,-4.37085193
-13.21306261,15.48456470,-2.38663315
13.31126782,17.80746335,-4.33210918
-1.49659177,12.36894647,-4.72475492
0.04528271,12.39751830,-5.02856759
-12.32021478,14.91916960,-2.43386276
1.59438640,12.51038940,-5.15502811
12.43112605,16.99343788,-4.31245615
-3.02327185,12.37602774,-4.30962992
-11.43214159,14.36822824,-2.52273697
3.13015806,12.69038668,-5.12205338
11.53831672,16.20009203,-4.33434703
-4.53802154,12.41593077,-3.89048697
-10.53957339,13.82462653,-2.65389101
4.64495010,12.92938801,-5.00525147
10.63584051,15.41333372,-4.40844135
-6.04241659,12.48526445,-3.53608104
-9.45284739,13.47900077,-2.81076198
6.13944777,13.20836117,-4.87286512
9.54919123,14.81815616,-4.48464132
-7.21079078,12.80497451,-3.25034937
-8.34553939,13.13871724,-3.00942412
7.31167725,13.71021679,-4.71466622
8.44566874,14.24668267,-4.58667921
-1.31794325,31.48437712,-6.83399804
-0.12649189,31.76753316,-7.00051873
1.05797966,31.89713304,-7.03773568
-2.52524954,31.23163113,-6.63472169
2.22963973,32.03611929,-6.99847178
-3.75276777,31.02023462,-6.42175023
3.39399333,32.18101730,-6.89331941
-5.00568521,30.86087281,-6.20948095
4.55914672,32.32695915,-6.75208411
-6.19571669,30.40088172,-5.96377555
5.67396314,32.07013484,-6.53021514
-7.41878307,30.00990845,-5.75593367
6.80909321,31.81812274,-6.37118410
-8.67710722,29.68612354,-5.57855720
7.97167002,31.57613525,-6.28257783
-9.97533871,29.42363020,-5.42024503
9.16741916,31.35463838,-6.25238187
-10.97406885,29.13291076,-5.28124517
10.10605857,31.08528392,-6.22350448
-12.00062299,28.86762516,-5.14841168
11.07181295,30.85016800,-6.20397671
-13.05488991,28.62394007,-5.01664132
12.06640098,30.65405391,-6.18240719
-14.13321545,28.39699659,-4.87686776
13.09160485,30.50019970,-6.15214800
-14.51078476,27.59989960,-4.75622074
13.60279487,29.88420341,-6.01780260
-14.87900708,26.81644084,-4.59420401
14.10879822,29.28208124,-5.85773810
-15.24101340,26.05693036,-4.37534309
14.60603147,28.68883723,-5.67866642
-15.60272242,25.32541721,-4.10544610
15.09484477,28.10134924,-5.49487003
-15.95632468,24.39685843,-3.81779633
15.58329048,27.30570916,-5.32937280
-16.33774994,23.48836737,-3.55064698
16.08143077,26.51027204,-5.19531049
-16.76208822,22.59139164,-3.35016382
16.60900457,25.71164903,-5.11416866
-17.24405421,21.70460029,-3.23100516
17.18319313,24.90566839,-5.10607819
-16.99287232,20.79729979,-3.14995973
16.97528858,23.97972438,-4.98913006
-16.79949555,19.89270028,-3.10107147
16.82384103,23.04462050,-4.94081715
-16.66223267,18.98396344,-3.09026633
16.72474409,22.09046727,-4.96452415
-16.58212464,18.06220551,-3.12417119
16.67206934,21.10418301,-5.04463493
-15.97643905,17.52227386,-3.10221300
16.05101541,20.45307729,-5.02380709
-15.39409239,16.98518834,-3.08564033
15.45901952,19.78525129,-5.02521148
-14.83044627,16.45112455,-3.07626827
14.89655993,19.10111146,-5.02904213
-14.28181888,15.91906973,-3.07473597
14.36193955,18.40230499,-5.02179140
-13.35603491,15.33760813,-3.05769913
13.46217831,17.57439578,-4.97643194
-1.45208572,12.10794266,-5.50742136
0.08362158,12.13461257,-5.85544105
-12.43953685,14.76469553,-3.07172989
1.62553391,12.25302036,-5.99845397
12.56379952,16.76215301,-4.94554053
-2.97513267,12.12525150,-5.02321561
-11.52512896,14.20007155,-3.12629840
3.15339831,12.44319002,-5.94700452
11.65217392,15.96911407,-4.95763088
-4.49177173,12.17796226,-4.53315977
-10.60432381,13.64037583,-3.22883240
4.66094522,12.69671487,-5.78103586
10.72762765,15.18548828,-5.02814162
-6.00752284,12.25808168,-4.12796398
-9.48945423,13.28074338,-3.36545019
6.15202028,12.99393958,-5.58902059
9.61483075,14.60163893,-5.10299374
-7.19563733,12.58532785,-3.81271304
-8.35493788,12.92820068,-3.55966616
7.33339853,13.50427417,-5.37838553
8.48654525,14.03953424,-5.21847634
-1.38045046,31.52509067,-7.67714519
-0.17160725,31.81482182,-7.88337487
1.02885379,31.95474603,-7.94003865
-2.60421378,31.26634217,-7.44070705
2.21448543,32.10560791,-7.90672994
-3.84671368,31.04958506,-7.19452294
3.38946019,32.26359190,-7.78753067
-5.11354095,30.88560930,-6.95357480
4.56120425,32.42175951,-7.60906347
-6.31618691,30.43059967,-6.66576904
5.67420197,32.17581403,-7.29324081
-7.55206139,30.04535622,-6.42652973
6.80742926,31.92696692,-7.05633707
-8.82378923,29.72837088,-6.22777553
7.96983892,31.67921511,-6.91462897
-10.13557226,29.47434598,-6.05610330
9.16705635,31.44423398,-6.85289587
-11.14384430,29.19028892,-5.90233236
10.10924624,31.15635961,-6.80503508
-12.17982408,28.93168714,-5.75955232
11.07986824,30.90014051,-6.77706014
-13.24304469,28.69394007,-5.62232106
12.07975138,30.68161870,-6.75321074
-14.32884706,28.47088544,-5.48091541
13.10952124,30.50485632,-6.72304611
-14.70954101,27.66262729,-5.35723442
13.63672278,29.87207333,-6.58787870
-15.08088678,26.85968055,-5.20528312
14.16137845,29.25596093,-6.42391356
-15.44498434,26.07678737,-4.99921815
14.67880670,28.65196243,-6.23278524
-15.80730056,25.32290927,-4.73012746
15.18747760,28.05660050,-6.02657421
-16.16266948,24.37571106,-4.44086198
15.69723545,27.25494437,-5.84170740
-16.54221378,23.45483393,-4.15126208
16.21028873,26.45218706,-5.68825934
-16.96038338,22.54783209,-3.91810164
16.74618367,25.64420430,-5.59280794
-17.43122526,21.65078834,-3.76902839
17.32260125,24.82624517,-5.57965119
-17.16816666,20.73386086,-3.67836450
17.11154374,23.88463718,-5.44814459
-16.96201523,19.82114376,-3.62452418
16.95863523,22.93104696,-5.39414743
-16.81170837,18.90535616,-3.61280176
16.86234508,21.95698126,-5.42206219
-16.71702684,17.97798569,-3.64620416
16.81428726,20.95105495,-5.51528188
-16.10370162,17.43380305,-3.63333141
16.18853741,20.29468941,-5.49750901
-15.51406347,16.89209809,-3.62141438
15.58803045,19.62557589,-5.50587930
-14.94315728,16.35406610,-3.61185597
15.01373322,18.94463578,-5.51760250
-14.38627447,15.81954580,-3.60586168
14.46336014,18.25288122,-5.51819096
-13.44714274,15.23803642,-3.57511552
13.54148362,17.43607303,-5.47253288
-1.42414099,11.95273764,-6.09616264
0.10418841,11.98129901,-6.46801004
-12.51167696,14.66608123,-3.56530852
1.63734548,12.10688258,-6.62361863
12.62403727,16.63159114,-5.43251572
-2.94076884,11.97506308,-5.56823944
-11.57561929,14.09852129,-3.59138008
3.15521878,12.30638254,-6.56701080
11.69471080,15.84452142,-5.43146033
-4.45365758,12.03688925,-5.02557790
-10.63269679,13.53280508,-3.66855354
4.65220595,12.57179433,-6.37120916
10.75102925,15.06990586,-5.48950594
-5.97156630,12.12654915,-4.57799996
-9.49849310,13.16501091,-3.78802290
6.13400243,12.88475014,-6.13107780
9.62125195,14.49469867,-5.55923444
-7.17086316,12.45803281,-4.23994248
-8.34585517,12.80600535,-3.97767708
7.31637700,13.40194676,-5.87439198
8.47824196,13.93830625,-5.68536712
-1.42582879,31.54438590,-8.32200489
-0.20405070,31.83607910,-8.55390302
1.00746502,31.98297860,-8.63175545
-2.66227154,31.28384093,-8.06270702
2.20331256,32.14243682,-8.61485350
-3.91642696,31.06496830,-7.79625406
3.38693702,32.31081747,-8.50112491
-5.19371104,30.89899105,-7.53717909
4.56483908,32.48004524,-8.31070920
-6.40652835,30.44946627,-7.22369723
5.67721766,32.24758092,-7.93752771
-7.65133623,30.06966144,-6.95917958
6.80614803,32.00677424,-7.62609707
-8.93178497,29.75843816,-6.74073441
7.96447612,31.76054799,-7.42336280
-10.25185271,29.51028111,-6.55498979
9.15920752,31.51941982,-7.32225230
-11.26490261,29.23151928,-6.38442175
10.10131697,31.21991031,-7.24946278
-12.30510750,28.97787915,-6.22842277
11.07320915,30.94884008,-7.20802302
-13.37127212,28.74392423,-6.08152236
12.07505620,30.71325249,-7.17855804
-14.45825966,28.52271898,-5.93344624
13.10684140,30.51813309,-7.14728680
-14.84198118,27.71271421,-5.79935789
13.64515688,29.87262741,-7.01365499
-15.21537742,26.90027002,-5.64725154
14.18305455,29.24477375,-6.85000948
-15.58184341,26.10262483,-5.44952556
14.71574831,28.63170157,-6.65439981
-15.94556504,25.33231239,-5.18763262
15.24015142,28.02926646,-6.43656949
-16.30258240,24.37028638,-4.90556774
15.76683484,27.22352880,-6.24143837
-16.68128485,23.43824959,-4.60649983
16.29239740,26.41562846,-6.07493323
-17.09525568,22.52395612,-4.35052223
16.83474915,25.60139413,-5.96990022
-17.55836556,21.62072155,-4.17521504
17.41154824,24.77554434,-5.95299486
-17.28883267,20.69735863,-4.07484349
17.19994327,23.82362542,-5.81162091
-17.07397506,19.77907267,-4.01486311
17.04429087,22.85846688,-5.74992080
-16.91385865,18.85803975,-3.99993455
16.94770145,21.87169816,-5.77609386
-16.80766545,17.92687356,-4.03182238
16.90011255,20.85418084,-5.87462474
-16.18953739,17.37971652,-4.02792157
16.27282370,20.19372258,-5.85721390
-15.59444875,16.83446875,-4.02169054
15.66735608,19.52383987,-5.86911268
-15.01802939,16.29283337,-4.01521767
15.08499210,18.84487937,-5.88754026
-14.45510927,15.75565411,-4.00886170
14.52312797,18.15848088,-5.89601784
-13.50749253,15.17233724,-3.97320152
13.58340295,17.35220466,-5.85465645
-1.40857406,11.86135879,-6.53945970
0.11360700,11.89381117,-6.91993208
-12.55911380,14.60140129,-3.94973447
1.63927965,12.02596298,-7.08356580
12.64877298,16.55738034,-5.80927562
-2.91923898,11.88453245,-5.98867300
-11.60633234,14.03554927,-3.95508459
3.14867575,12.23213216,-7.03033448
11.70442071,15.77777543,-5.79627854
-4.42688566,11.95200824,-5.40961727
-10.64599016,13.46948080,-4.01114762
4.63649535,12.50502936,-6.82107254
10.74589981,15.01231377,-5.84089631
-5.94291423,12.04945856,-4.92832375
-9.49821408,13.09734073,-4.11678247
6.10910883,12.82876731,-6.54854713
9.60576447,14.44244138,-5.90648387
-7.14832872,12.38377655,-4.57203369
-8.33314189,12.73447121,-4.30276938
7.28957954,13.35077388,-6.25625660
8.45465923,13.88874898,-6.04270902
-0.81071752,32.11695122,1.78083118
0.23037212,32.31559645,1.77083668
1.28528704,32.38942387,1.72345897
-1.84419651,31.93876746,1.80137169
2.35629638,32.48270467,1.66660515
-2.88386986,31.78522147,1.83681521
3.44488101,32.59310176,1.58928202
-3.94471672,31.66006515,1.88923757
4.55020431,32.71713738,1.48415202
-4.98922917,31.25788205,1.93378699
5.60012797,32.53855862,1.32163267
-6.08317724,30.90381556,2.01016042
6.66396381,32.37271567,1.15180299
-7.23215430,30.60289777,2.11822303
7.74171719,32.21664573,0.99668061
-8.42605066,30.35177354,2.25128183
8.83282053,32.06723980,0.88045015
-9.34697094,30.07905970,2.31904206
9.66663633,31.85671194,0.78165843
-10.27256876,29.81901892,2.39951190
10.51058087,31.65994165,0.72065252
-11.19330661,29.55925167,2.49335320
11.36552202,31.48112171,0.68518060
-12.10441137,29.29014718,2.60056160
12.23299825,31.32198544,0.65454966
-12.52234356,28.67829640,2.61383594
12.60610282,30.80628973,0.60495172
-12.94954535,28.06991932,2.62481507
12.97413662,30.28861232,0.54094779
-13.38671477,27.46710602,2.62910760
13.34022866,29.76571652,0.44706824
-13.83505154,26.86777478,2.62225629
13.71033626,29.23822221,0.31355333
-14.33090034,26.11357340,2.70064989
14.06534453,28.54355601,0.21134576
-14.85272476,25.33121336,2.75648298
14.44957365,27.85166591,0.07010157
-15.41048549,24.51282608,2.78965466
14.87317394,27.16882877,-0.08537208
-16.01326108,23.66190866,2.80176496
15.33920567,26.49712163,-0.23096869
-15.88995390,22.71777684,2.78072212
15.18212128,25.72004149,-0.27370271
-15.78036963,21.71709818,2.77755095
15.04764224,24.92079991,-0.28041593
-15.68370431,20.67599185,2.77844472
14.93325565,24.09401859,-0.25448016
-15.60264537,19.62499498,2.76659804
14.83333658,23.24173585,-0.20927918
-14.94799521,18.94501478,2.76351353
14.28448823,22.62253386,-0.11804416
-14.30391088,18.28784698,2.73130501
13.73978099,21.99662158,-0.03891777
-13.67836456,17.67361799,2.67385981
13.19384806,21.37620719,0.02777078
-13.07760686,17.11501075,2.59626551
12.64381960,20.76932186,0.08334524
-0.33362393,15.23680032,0.70089125
-1.73230662,15.11236582,0.87047255
-12.12520807,16.55704213,2.45751660
1.07270447,15.41022826,0.59172486
11.74341166,20.04549029,0.17010399
-3.10246042,14.99864772,1.03189651
-11.23604533,16.10184104,2.29338707
2.45910911,15.60418240,0.53144983
10.85064840,19.33687243,0.26220813
-4.43537930,14.90297510,1.16719645
-10.39752715,15.71921013,2.11329892
3.80845473,15.83074773,0.52848822
9.97725576,18.63552394,0.35874006
-5.73453641,14.83098121,1.29871798
-9.59194468,15.38344863,1.92673248
5.11908044,16.09272200,0.55851034
9.12174945,17.94989208,0.44834748
-6.73231366,14.94565491,1.41084488
-8.64869052,15.21829838,1.73052032
6.15840734,16.49206123,0.58487183
8.14593935,17.41788174,0.53691429
-7.70071637,15.07563363,1.55399939
7.16294113,16.93168507,0.58421988
-1.45851920,31.55303183,-8.80207628
-0.22807008,31.84560654,-9.04975855
0.99051470,31.99714074,-9.14515567
-2.70399126,31.29219282,-8.52949920
2.19322033,32.16254150,-9.14505137
-3.96679263,31.07297387,-8.25156255
3.38331702,32.33786616,-9.04327374
-5.25186570,30.90620479,-7.98169327
4.56644235,32.51530276,-8.85374606
-6.47315950,30.46191617,-7.65630335
5.68012057,32.29542233,-8.45596092
-7.72502164,30.08638905,-7.37758543
6.80650916,32.06374067,-8.09659184
-9.01155576,29.77913682,-7.14568037
7.95988286,31.82183286,-7.83807745
-10.33689793,29.53495802,-6.94840258
9.15024829,31.57933355,-7.69496342
-11.35240508,29.26007241,-6.76231852
10.09041434,31.27307124,-7.59502152
-12.39390801,29.00968421,-6.59243033
11.06170394,30.99193520,-7.53771611
-13.46027711,28.77807184,-6.43399170
12.06373662,30.74379772,-7.50016482
-14.54581430,28.55788574,-6.27725141
13.09606376,30.53469764,-7.46611749
-14.93202165,27.75025421,-6.13031166
13.64168605,29.87901557,-7.33263505
-15.30756532,26.93385820,-5.97359645
14.18894509,29.24196735,-7.17124440
-15.67598249,26.12785864,-5.77842532
14.73278502,28.62113393,-6.97477671
-16.04103292,25.34590396,-5.52373185
15.26926571,28.01286719,-6.75133977
-16.39917056,24.37293462,-5.25160471
15.80853874,27.20399999,-6.55180891
-16.77750609,23.43185707,-4.95022592
16.34451719,26.39252437,-6.37665122
-17.18868775,22.51153718,-4.68010079
16.89200309,25.57408700,-6.26465652
-17.64630972,21.60400280,-4.48437585
17.46868958,24.74289814,-6.24425808
-17.37341303,20.67643471,-4.37465810
17.25813646,23.78419116,-6.09619190
-17.15258659,19.75385908,-4.30843420
17.10023302,22.81145848,-6.02785364
-16.98526039,18.82937968,-4.28969503
17.00089045,21.81718552,-6.04935909
-16.87009024,17.89570451,-4.31895048
16.95167882,20.79299738,-6.14874842
-16.24890987,17.34675574,-4.32213297
16.32403646,20.12963608,-6.13060452
-15.64980016,16.79900637,-4.32153692
15.71556956,19.45900971,-6.14452105
-15.06914857,16.25465599,-4.31865945
15.12770158,18.78144785,-6.16831703
-14.50171021,15.71526913,-4.31392893
14.55790059,18.09896543,-6.18370697
0.11676251,11.84441290,-7.25385359
-1.40095486,11.80765482,-6.87409285
-13.54871568,15.12947895,-4.27841752
1.63662485,11.98188149,-7.42249249
13.60591802,17.29964054,-6.14915001
-2.90711358,11.82929568,-6.31410751
-12.59182674,14.55863470,-4.24830081
3.13967780,12.19252417,-7.37581933
12.65804267,16.51295388,-6.10291429
-4.40982558,11.89945930,-5.71174225
-11.62752792,13.99456062,-4.24067406
4.62062296,12.46980279,-7.16460763
11.70152119,15.74062981,-6.08070279
-5.92260846,12.00253278,-5.20428906
-10.65363510,13.43067073,-4.28044280
6.08598311,12.79963119,-6.87306778
10.73181144,14.98304351,-6.11370866
-7.13122349,12.33892668,-4.83373679
-9.49600239,13.05647997,-4.37559951
7.26413391,13.32427567,-6.55574123
9.58539068,14.41616925,-6.17714524
-8.32234823,12.69157739,-4.55876039
8.42997600,13.86368529,-6.32219678
