-0.76385844,14.06701069,1.40242336
-1.45466445,13.85694706,1.33043207
-0.71662073,13.89672106,1.58378685
-1.41013653,13.68954353,1.51333280
-2.14818034,13.63281760,1.26257495
-2.10596108,13.46671120,1.44810741
-2.85508626,13.39682197,1.19876065
-2.81525744,13.23068573,1.38722039
-3.58234799,13.15442657,1.14339241
-3.54575373,12.98701972,1.33395186
-1.70216396,32.34262661,2.19704057
-1.05850575,32.43234793,2.21502726
-1.71357273,32.33617298,2.39104861
-1.06618964,32.42596312,2.40304523
-0.43792853,32.53852376,2.23772374
-0.44181715,32.53203151,2.41943927
0.17346188,32.65978652,2.26489337
0.17377472,32.65303239,2.44101075
0.78884146,32.79614993,2.29658315
0.79380895,32.78867254,2.46788480
-4.19333478,13.14561620,1.10570442
-4.16107372,12.97798165,1.30041448
-4.82343934,13.12930497,1.06999602
-4.79616149,12.96186563,1.26856640
-5.47782124,13.10485500,1.03664462
-5.45634490,12.93863991,1.23872605
-6.16493785,13.05435468,1.00367037
-6.15018552,12.89163590,1.20840446
-4.36072148,30.62111220,1.98466333
-3.62943186,31.03868503,2.02005793
-4.41068791,30.62219267,2.21016272
-3.66702033,31.03587272,2.24035613
-2.95759792,31.46789484,2.07250284
-2.98472397,31.46262877,2.28453551
-2.32035615,31.90475897,2.13299877
-2.33874958,31.89835400,2.33530393
-6.65756669,13.48593991,1.06262583
-6.65347706,13.32994199,1.27233727
-7.18062464,13.84768087,1.09826137
-7.18901798,13.70011759,1.31151613
-7.75421051,14.14569538,1.10766019
-7.77784024,14.00593442,1.32351277
-8.38936750,14.39784891,1.09564899
-8.43015992,14.26721314,1.31253103
-8.76914557,14.74136014,1.08947128
-8.81824931,14.62726117,1.30896166
-9.19771662,15.06139679,1.07218576
-9.25531548,14.96422593,1.29440901
-9.68706189,15.36506954,1.05276966
-9.75418093,15.28438385,1.27695404
-10.26976276,15.64925323,1.02054054
-10.34532846,15.58622347,1.24841921
-7.15024210,28.97157542,1.78477213
-6.28959151,29.34725426,1.79611408
-7.24062108,28.97696105,2.01485394
-6.37302494,29.35070250,2.03059662
-5.56369452,29.75801787,1.82868901
-5.63822999,29.76027153,2.06578947
-4.92845022,30.18316355,1.89151851
-4.99138871,30.18465286,2.12574186
-10.17039474,16.76918939,1.05743506
-10.26798014,16.72275692,1.29207783
-10.17285701,17.87460113,1.10268989
-10.28996711,17.84415198,1.34042049
-10.29921383,18.99249654,1.14912371
-10.43147570,18.97418316,1.38918953
-10.55655744,20.13573394,1.22348765
-10.69715307,20.12663485,1.46358497
-9.83006908,21.52991569,1.32626569
-9.96528618,21.53230223,1.56191825
-9.21694254,22.85811519,1.46954516
-9.34402059,22.86876060,1.69326980
-8.69542582,24.13221432,1.58463623
-8.81885827,24.14799885,1.80165810
-8.25509319,25.35773057,1.62003464
-8.37958589,25.37646875,1.83775179
-7.91312156,26.28682057,1.72269768
-8.02795233,26.30258606,1.94011049
-7.61843201,27.19276532,1.76224357
-7.72609125,27.20540548,1.98256747
-7.35867304,28.08101388,1.77333598
-7.45848460,28.09015124,1.99756819
-0.81593292,14.23244587,1.20857578
-1.50433550,14.01999603,1.13377101
-2.19557301,13.79536033,1.06213829
-2.89927070,13.56316657,0.99591825
-3.62337823,13.32305537,0.93702095
-1.68125415,32.34460976,1.98584644
-1.04162776,32.43524892,2.01390379
-0.42513924,32.54041838,2.04561626
0.18173386,32.66036949,2.08055931
0.79204508,32.79688748,2.11921449
-4.22825110,13.32075143,0.89573063
-4.85217989,13.30707376,0.85592039
-5.50138248,13.27663800,0.81836579
-6.18221017,13.22077088,0.78227770
-4.29555726,30.61786658,1.72659405
-3.57827374,31.04064494,1.76834049
-2.91851660,31.47177815,1.83327036
-2.29097639,31.90699461,1.90836269
-6.66371393,13.64335605,0.83719837
-7.17398114,13.99578017,0.86903179
-7.73016081,14.28720040,0.87710426
-8.35223727,14.52391530,0.86263162
-8.72003676,14.85351482,0.85497690
-9.13795819,15.15671924,0.83634379
-9.62083861,15.43866072,0.81013980
-10.18938675,15.70730743,0.78190096
-7.04740137,28.96917265,1.53457093
-6.19237345,29.34799728,1.53372259
-5.47203138,29.75662626,1.55881759
-4.84990331,30.18212499,1.62333671
-10.05736623,16.81545865,0.80965518
-10.03588590,17.90228657,0.83501021
-10.14504685,19.00644458,0.87393547
-10.39551970,20.14051509,0.94892444
-9.67072560,21.52507268,1.05290439
-9.06663789,22.84516716,1.21903229
-8.55343141,24.11530722,1.35009281
-8.11537881,25.34014880,1.38897430
-7.78650472,26.27396987,1.49507276
-7.49382917,27.18038003,1.53117423
-7.24470548,28.07392587,1.53328480
-0.01023489,14.01150037,1.66506193
-0.06110117,14.18229327,1.48361434
0.72699995,14.08777738,1.74539666
0.67221106,14.26025582,1.56284289
1.51605466,14.10854562,1.82327856
1.45688650,14.28623168,1.63817064
2.38213460,14.06662837,1.90372272
2.31725186,14.25340734,1.71250355
3.43108512,32.92195201,2.48830125
2.71137126,32.86428388,2.46570636
3.40396324,32.93517609,2.32141072
2.69171547,32.87435325,2.29952674
2.04306401,32.82276133,2.45564541
2.02942814,32.83082206,2.28830983
1.40852378,32.79745400,2.45692274
1.39974386,32.80474274,2.28798596
3.17083655,14.20167333,1.98374716
3.10130164,14.39336517,1.78472303
4.03218026,14.27815623,2.06740863
3.95709645,14.47610569,1.85874675
4.98730432,14.28561959,2.15411059
4.90537266,14.48786637,1.93390844
6.06574951,14.18846009,2.23526551
5.97475072,14.39456857,2.00522036
6.56699469,31.69556089,2.61390378
5.61834798,32.02315924,2.54984098
6.48485224,31.72923713,2.42294905
5.55316372,32.05115334,2.36905646
4.80432269,32.33397604,2.51042170
4.75468205,32.35648350,2.33726558
4.08367006,32.62915736,2.49052080
4.04667925,32.64672121,2.32182589
6.98124723,14.61159025,2.35592740
6.88411620,14.81301139,2.11768260
8.00635484,14.85776182,2.41808912
7.90041434,15.05359010,2.17680242
9.14555985,14.94224619,2.42278844
9.03109402,15.12608773,2.18459641
10.43737382,14.85629870,2.36704066
10.31624071,15.01912862,2.13582136
11.24980674,15.02336573,2.31537617
11.13358984,15.16000393,2.08570106
12.13633578,15.16806799,2.24943611
12.02890243,15.27583974,2.02223228
13.12548166,15.30579524,2.17559961
13.02930542,15.38706885,1.94882681
14.21186793,15.48472847,2.11268203
14.12695990,15.54795814,1.88338455
10.45996930,30.03499928,2.65761523
9.24352880,30.46892191,2.64320100
10.34330733,30.07570553,2.42850042
9.13250472,30.51282839,2.42205316
8.20914071,30.89462209,2.62409271
8.10589709,30.93799738,2.41250115
7.32814930,31.30455702,2.61298233
7.23465548,31.34403098,2.41175567
14.29247125,16.75286664,2.13947877
14.19692924,16.81119149,1.89308067
14.52661213,17.98169250,2.14555258
14.42325898,18.03833595,1.88450767
14.92690272,19.23500502,2.13618810
14.81672752,19.29381333,1.86393992
15.47665407,20.55761423,2.12433601
15.35754869,20.61771111,1.84696715
14.60649984,22.24411897,2.17363492
14.48992499,22.29772806,1.90106659
13.80970964,23.73256496,2.27667519
13.68666330,23.77059518,2.01732913
13.07221225,25.07302335,2.37223817
12.93515367,25.09669673,2.11541562
12.39057193,26.33840401,2.39321205
12.23494478,26.35313578,2.12593166
11.81392120,27.28256565,2.51613506
11.66545098,27.30084124,2.25629777
11.29566832,28.20906997,2.58326738
11.15482388,28.23371808,2.33191175
10.83883588,29.12398047,2.62378501
10.70864621,29.15603860,2.38310166
-0.11650654,14.34685776,1.29058960
0.61359965,14.42607514,1.36910428
1.39496624,14.45905955,1.44195380
2.25159448,14.43394522,1.50993444
3.38506829,32.94211604,2.15421092
2.68066324,32.87852229,2.13197652
2.02441329,32.83274531,2.11878294
1.39936048,32.80536682,2.11460140
3.03233925,14.58325516,1.57403708
3.88456929,14.67266024,1.63450768
4.82945227,14.68624069,1.69263455
5.89399319,14.59823081,1.74743314
6.40726244,31.75820502,2.23328847
5.49658745,32.07563691,2.19100116
4.71307684,32.37294321,2.16591960
4.01854931,32.65919549,2.15424073
6.80290158,15.00772950,1.85236056
7.81177648,15.25024148,1.90324947
8.94052338,15.30206409,1.91117798
10.21396605,15.17698052,1.87344331
11.03326550,15.29401331,1.82685584
11.93807872,15.37802173,1.76525121
12.94148879,15.46940941,1.69682925
14.05958626,15.60393943,1.63535218
10.21949331,30.11830796,2.18905349
9.01402816,30.55510124,2.19339989
8.00352641,30.97973960,2.19870482
7.14654180,31.38075952,2.21110053
14.11970218,16.87086758,1.61409028
14.33159820,18.10139428,1.57979884
14.71025070,19.36172141,1.55077505
15.24325957,20.68406223,1.53692861
14.37561270,22.35423969,1.60019832
13.55224063,23.80833897,1.73047767
12.77662938,25.11783681,1.82755975
12.05511924,26.36581711,1.82264512
11.48859417,27.31626453,1.96295950
10.98699271,28.25475594,2.05296495
10.56053438,29.18654779,2.12201912
-0.23064962,13.93646160,-11.57223188
-0.94915723,13.78092460,-11.56154356
-0.27354095,14.00305871,-11.30165995
-0.99021557,13.84158281,-11.29066829
-1.66388032,13.59075640,-11.53364667
-1.70357155,13.64354528,-11.26474141
-2.38403693,13.37048180,-11.49271774
-2.42244922,13.41246571,-11.22802073
-3.11747416,13.12617354,-11.44346895
-3.15406920,13.15408592,-11.18482145
0.45882306,14.23158064,-11.29617145
0.50398399,14.15871396,-11.56604947
1.21103336,14.41164149,-11.27851967
1.25903866,14.33322464,-11.54662479
2.00052514,14.53379640,-11.25336256
2.05184063,14.45021980,-11.51954828
2.84652433,14.58909961,-11.22917250
2.90139878,14.50175200,-11.49452678
0.62128441,32.84988130,-12.26749718
-0.55982459,32.55638008,-12.25754304
0.51888009,32.67123096,-12.03395715
-0.66256051,32.39791673,-12.01401573
-1.64277292,32.37960844,-12.26890738
-1.73645321,32.23459441,-12.01630004
-2.65608916,32.30361792,-12.29948253
-2.73310260,32.16420768,-12.04125741
-3.64098015,32.31737846,-12.34871455
-3.69544562,32.17640339,-12.08803895
1.68776659,32.54253308,-12.00366581
1.77946484,32.70228053,-12.23291609
2.88952995,32.51970776,-11.99935885
2.96890309,32.66696046,-12.22678690
4.12779241,32.58760840,-12.01837681
4.19583653,32.72687776,-12.24781337
5.41129833,32.72233908,-12.05896750
5.47209941,32.85730488,-12.29510623
-3.72978584,13.23273992,-11.40148493
-3.76341990,13.24872319,-11.14416550
-4.34744541,13.33269165,-11.36611757
-4.37639979,13.33468859,-11.11072949
-4.97830141,13.43383411,-11.34114166
-5.00045845,13.41995539,-11.08786016
-5.63055261,13.54697285,-11.33151577
-5.64337848,13.51535858,-11.07959646
3.62809347,14.91480358,-11.20593238
3.68686069,14.82177672,-11.47300074
4.46203264,15.17435767,-11.20180985
4.52510465,15.07751633,-11.47264133
5.36211466,15.36749119,-11.21696045
5.42978519,15.27000414,-11.49360713
6.33832175,15.49732620,-11.24879551
6.41073222,15.40378817,-11.53230063
-4.49827411,31.88696241,-12.29705521
-4.51435903,31.78168265,-12.03170099
-5.35818841,31.52926130,-12.25960604
-5.33461721,31.44417725,-11.99274129
-6.30309334,31.21720674,-12.23534570
-6.24031492,31.13914515,-11.97041775
-7.43146870,30.91759810,-12.22076371
-7.33205002,30.83799017,-11.96113479
6.51619079,32.37007596,-12.01821129
6.57524040,32.46778164,-12.26021478
7.68250271,32.01511504,-11.98300582
7.74554198,32.08565469,-12.23160096
8.94842385,31.60421756,-11.94264224
9.02201972,31.65951554,-12.19627821
10.38991934,31.10113256,-11.89916420
10.48038717,31.15629521,-12.15464642
-6.25217047,13.90137968,-11.35810501
-6.25187046,13.85374776,-11.10377300
-6.92015709,14.28987941,-11.40860918
-6.90258546,14.22874689,-11.15062494
-7.66337247,14.72123427,-11.48914825
-7.62375558,14.65194767,-11.22653286
-8.52364158,15.20175526,-11.60807856
-8.45706746,15.13398774,-11.34131872
7.34164535,15.76740073,-11.29591104
7.41869093,15.68410069,-11.58588990
8.42063909,15.99896458,-11.34826652
8.50285521,15.93345476,-11.64250845
9.56691458,16.23844432,-11.40454692
9.65683368,16.19967012,-11.70066518
10.80085104,16.55328057,-11.49073467
10.90548558,16.54534172,-11.78586440
-9.54479826,29.46836415,-12.23741597
-8.90863904,29.85023696,-12.21535127
-9.42340486,29.40011961,-11.99071009
-8.78881007,29.78205345,-11.96558264
-8.35119807,30.21898328,-12.20641293
-8.23574675,30.14923056,-11.95330194
-7.86264815,30.57415943,-12.20859564
-7.75391390,30.50083883,-11.95227665
13.25129744,29.34078418,-11.93897789
12.43071278,29.76968698,-11.89236978
13.34099519,29.40400003,-12.18322254
12.52225788,29.82333998,-12.14130904
11.68215794,30.21534620,-11.87432967
11.77361850,30.26386340,-12.12688229
11.00340336,30.66223660,-11.87871289
11.09443487,30.71121613,-12.13335170
-8.96271316,15.72636206,-11.68439342
-8.88266729,15.66642988,-11.41626634
-9.46942569,16.25137348,-11.77481586
-9.37593943,16.20145659,-11.50756183
-10.06161993,16.77668526,-11.88347229
-9.95561497,16.73743154,-11.62028376
-10.76236990,17.30178570,-12.01449777
-10.64524535,17.27155731,-11.75755667
11.42549728,17.00990867,-11.55839303
11.54075422,17.01642107,-11.85344434
12.12387041,17.49625766,-11.65104552
12.25282039,17.51612532,-11.94218567
12.92803883,18.01572645,-11.76412775
13.07066938,18.04786320,-12.04511894
13.87195600,18.56769328,-11.88388995
14.02499768,18.61071137,-12.14983273
-10.69601620,18.24790874,-12.04802787
-10.57022564,18.22505175,-11.79674314
-10.68506098,19.15967939,-12.09865278
-10.54987413,19.13648597,-11.85450170
-10.73238051,20.05619428,-12.16047032
-10.58704090,20.02629615,-11.92151336
-10.84256598,20.96032438,-12.22583792
-10.68605368,20.91904683,-11.98869038
13.94223286,19.52867789,-11.95115743
14.10670721,19.56975545,-12.20612439
14.11521157,20.48180908,-12.01113215
14.28505525,20.52270120,-12.25328600
14.37043517,21.42347007,-12.05375025
14.54269622,21.46508665,-12.28452555
14.69019355,22.34960891,-12.07621458
14.86417367,22.39238265,-12.29861218
-10.47749945,22.13743016,-12.23479226
-10.32245928,22.08495620,-11.99685849
-10.20751431,23.36810051,-12.23378105
-10.05135364,23.30677006,-11.99027509
-10.03416785,24.64529678,-12.23293814
-9.87464657,24.57849569,-11.98221619
-9.96069747,25.94263679,-12.23873858
-9.79839949,25.87285356,-11.98444077
14.48074346,23.45647073,-12.09447749
14.63928912,23.49606560,-12.31624111
14.34475613,24.51068793,-12.08583431
14.48946247,24.54892166,-12.30967896
14.25697314,25.52291330,-12.05744047
14.39039674,25.56211536,-12.28490482
14.19209278,26.50998706,-12.02380016
14.31665514,26.55340662,-12.25535242
-9.78252622,26.84749311,-12.22460992
-9.62775447,26.78071849,-11.97043427
-9.65500340,27.73917335,-12.21603472
-9.50952460,27.67467503,-11.96420564
-9.57711449,28.61333112,-12.21773199
-9.44262072,28.54855013,-11.96890719
13.96029736,27.19619580,-11.98056438
14.07207058,27.23836904,-12.21565848
13.72800356,27.89079471,-11.94592668
13.82939965,27.93444908,-12.18477061
13.49094875,28.60245574,-11.92959463
13.58495602,28.65256454,-12.17160017
5.36452088,32.65755615,-11.82352353
6.47489652,32.34236811,-11.77187267
7.63965999,32.01290984,-11.72540500
8.89537410,31.61530980,-11.67562366
10.31738978,31.11031336,-11.62723508
2.78514868,14.68832501,-10.96963947
3.56488076,15.02234418,-10.94501281
4.39618079,15.28830276,-10.93686939
5.29291965,15.48447989,-10.94477156
6.26552936,15.61223443,-10.96795847
13.16509314,29.32576691,-11.68374442
12.34654258,29.77006126,-11.62864560
11.60169593,30.22568158,-11.60448700
10.92734999,30.67556294,-11.60597919
10.70561849,16.57830870,-11.18301887
11.32143483,17.01883954,-11.24761119
12.00815007,17.49118491,-11.34224929
12.79888998,17.99857493,-11.46405210
13.73174473,18.53907182,-11.60033560
13.78764486,19.50579616,-11.67717937
13.95400195,20.45952199,-11.75138295
14.20680700,21.40018465,-11.80831133
14.52474937,22.32430213,-11.84223455
-10.53546021,17.22365902,-11.46952064
-10.44839265,18.19323500,-11.51668305
-10.41676487,19.11208190,-11.58833592
-10.44287893,20.00108222,-11.66798151
-10.53014815,20.88666734,-11.74214091
14.33028296,23.43585540,-11.86253462
14.20675237,24.49427363,-11.85223886
14.12857530,25.50928373,-11.82079354
14.07065813,26.49664444,-11.78298051
-10.16733806,22.04457279,-11.75316540
-9.89428179,23.25950756,-11.74062726
-9.71403340,24.52645820,-11.72268287
-9.63495826,25.81766246,-11.71783061
13.85080230,27.18858612,-11.73457851
13.62826264,27.88655127,-11.69533373
13.39918647,28.59663461,-11.67534079
-9.47185715,26.72850405,-11.70224324
-9.36243708,27.62498988,-11.69902763
-9.30591845,28.49991058,-11.70962065
-9.29844309,29.34978234,-11.73817634
0.43535469,32.58823151,-11.78541989
1.61469227,32.47675645,-11.75845353
2.82720496,32.46016436,-11.75931884
4.07494169,32.52767225,-11.78216033
-0.33392920,14.07541964,-11.02681851
0.39918166,14.31244029,-11.02355476
1.15143156,14.49992059,-11.00974098
1.94026539,14.62836918,-10.98943625
-1.05128724,13.90582149,-11.01457429
-1.76512520,13.69717096,-10.99019084
-2.48340311,13.45251121,-10.95811780
-3.21273548,13.17742935,-10.92195931
-0.74016595,32.34325870,-11.74802169
-1.80255946,32.19407939,-11.73978445
-2.78452424,32.12267438,-11.76171300
-3.72911014,32.12039234,-11.81162578
-4.51060338,31.75578299,-11.74846632
-5.29499454,31.42700508,-11.70891539
-6.16650863,31.11410230,-11.69186350
-7.22590531,30.79632399,-11.69270957
-3.81895860,13.25978396,-10.88195073
-4.42695161,13.33103375,-10.85009086
-5.04410476,13.39905894,-10.82852734
-5.67763205,13.47524551,-10.82063486
7.26547817,15.87445137,-11.00435816
8.34095408,16.08848795,-11.04805860
9.48220192,16.29934675,-11.09880502
-6.27341096,13.79528477,-10.84078748
-6.90721279,14.15267858,-10.88150821
-7.60609597,14.56193164,-10.94921255
-8.41098521,15.03819130,-11.05495195
-8.82048515,15.57590690,-11.12262060
-9.29692849,16.12097918,-11.20995488
-9.86006828,16.67200455,-11.32375609
-8.66541738,29.73502082,-11.70913214
-8.11582532,30.10527469,-11.69261554
-7.63979434,30.45885834,-11.68741871
0.99921641,32.92104248,0.70076376
0.39290871,32.77545901,0.58516713
1.07555532,33.50800819,-0.75893196
0.40083807,33.36992655,-0.85087773
1.60334927,32.91187095,0.75548869
1.73993719,33.46700986,-0.71828288
-0.21314197,32.65778061,0.46542466
-0.27425300,33.26642767,-0.94255795
2.21812507,32.93333496,0.80853939
2.40963480,33.46903905,-0.67752255
2.85719542,32.98640685,0.85925061
3.09850663,33.51748386,-0.63742256
-0.83246559,32.56502430,0.34355490
-0.96236911,33.19264864,-1.03227102
3.53852696,33.07122469,0.90744026
3.82607233,33.61196633,-0.59795167
-1.47883389,32.49523440,0.22255121
-1.67601287,33.14460039,-1.11794133
-2.06445785,32.05934690,0.04184747
-2.31309460,32.70991365,-1.24781131
4.13274910,32.78432872,0.91666696
4.45319039,33.31578135,-0.59254480
-2.66190054,31.62513859,-0.12838871
-2.95156773,32.27004912,-1.37431718
4.77068574,32.50208373,0.91840592
5.11506567,33.02891126,-0.60058897
5.47754965,32.21591644,0.90853168
5.83608878,32.73992354,-0.62686114
-3.28339505,31.18508959,-0.27289881
-3.60352225,31.81371186,-1.49041721
6.28778578,31.91415851,0.88289145
6.64995918,32.43217459,-0.67733099
-3.95269771,30.73502096,-0.37314379
-4.29539707,31.33476373,-1.58855405
6.88984624,31.55686323,0.76808989
7.21028176,32.07080793,-0.80370120
-4.43474114,30.29893958,-0.47467509
-4.75710472,30.87982691,-1.68975588
7.57727881,31.17270589,0.63382754
7.84396783,31.67350182,-0.94392115
-4.97448297,29.85705819,-0.52703167
-5.26727335,30.40979689,-1.77049254
8.38491893,30.75540991,0.48531570
8.58317382,31.23865658,-1.09622041
-5.59921247,29.41726265,-0.52631235
-5.85266862,29.93186092,-1.82689936
-6.34887540,28.99677022,-0.47404116
-6.54925056,29.46210912,-1.85754220
9.36628165,30.31206568,0.33806931
9.47960534,30.78042741,-1.25342817
9.54167384,29.33482293,0.09056432
9.63908236,29.76534818,-1.48153138
-6.46681815,28.07898590,-0.39299268
-6.62846267,28.46677503,-1.88929024
-6.66000591,27.17626403,-0.31473383
-6.79118616,27.48844105,-1.90629487
9.84757039,28.36794431,-0.11898734
9.93551137,28.78028619,-1.68699642
10.30506381,27.42172618,-0.28073976
10.38264072,27.84016559,-1.86157330
-6.92019275,26.27063209,-0.30992963
-7.04404093,26.52729674,-1.94469461
-7.23758607,25.34640558,-0.44510083
-7.39104466,25.57808752,-2.04668303
10.92766804,26.50851580,-0.40622108
10.99355370,26.95429049,-1.99827409
1.04171287,34.06582180,-2.28424682
0.28131640,33.91300116,-2.33508540
1.79146299,34.00559579,-2.26708202
2.54588253,34.00340234,-2.24284129
-0.47229320,33.80371911,-2.38461911
3.31865071,34.06317948,-2.20904814
-1.23082420,33.72887962,-2.43345042
4.13037879,34.18297588,-2.16605755
-2.00637497,33.68194063,-2.48149479
-7.60877418,24.11750764,-0.60757605
-7.75995269,24.32437517,-2.13885076
11.75791616,25.33150362,-0.34463088
11.74237793,25.79988306,-1.96308308
4.83994925,33.88774889,-2.13800598
-2.68477643,33.23096369,-2.55211200
12.70278557,24.13763187,-0.35331923
12.66126209,24.62829747,-1.91562453
-8.07197096,22.87262829,-0.88872566
-8.23875093,23.06597947,-2.30044714
5.58429026,33.60276980,-2.11992032
-3.34899503,32.76498819,-2.63083948
-4.01790129,32.27175536,-2.71254636
6.38783160,33.31046440,-2.11885981
13.66918084,22.80655338,-0.43275422
13.64117932,23.28354693,-1.90142570
-8.63646650,21.59518645,-1.14362947
-8.80713557,21.76914535,-2.45422223
7.28275027,32.98379532,-2.14647058
-4.72851057,31.74750374,-2.79075298
14.58951585,21.19623522,-0.50132626
14.56312380,21.58364695,-1.93234371
-9.31370926,20.24884635,-1.24683925
-9.46411949,20.39455419,-2.52652317
7.83987610,32.58966318,-2.25652719
-5.15300189,31.25214846,-2.89523645
-9.15642882,19.15643373,-1.26053703
-9.35842525,19.26848757,-2.54428613
14.12547784,19.87427707,-0.56228419
14.17898716,20.11907841,-2.00638546
8.45867255,32.15579435,-2.38985679
-5.62811639,30.74165758,-2.99037093
-9.15174830,18.10229823,-1.20528789
-9.37723890,18.14102646,-2.50486500
13.79108370,18.58130054,-0.56801486
13.89681814,18.64078989,-2.04280503
9.16837825,31.68647727,-2.54693988
-6.18395102,30.22641312,-3.07215665
-9.30706952,17.08382138,-1.11466498
-9.53991694,17.00889670,-2.41679866
13.61620504,17.32649651,-0.50203720
13.75596969,17.21040086,-2.01942138
-6.85772471,29.72347961,-3.13752076
10.01693542,31.20065091,-2.72156609
-9.60420298,16.05996051,-1.00619291
-9.84010279,15.85548880,-2.29471017
13.59239888,16.07422434,-0.37051805
13.73889381,15.85165911,-1.94010359
10.14117624,30.16398887,-2.95003358
-6.93211257,28.69443718,-3.22722233
-9.11569264,15.85489256,-0.97011191
-9.36461973,15.58689231,-2.25577783
12.47166923,16.04455823,-0.41047456
12.56465076,15.74857415,-1.95386070
11.47520701,16.11733290,-0.45521337
11.49072873,15.82202373,-1.96856051
-8.71470221,15.63960446,-0.93177505
-8.97584331,15.31654332,-2.21641311
-8.38109049,15.40406509,-0.89599469
-8.65456394,15.03232399,-2.17911315
10.58645298,16.21019746,-0.49463385
10.52341358,15.94938906,-1.97956641
9.78535609,16.25437750,-0.52432283
9.65582446,16.03635632,-1.98530696
-8.09968081,15.14086425,-0.86654452
-8.38560761,14.72584938,-2.14672388
-7.10365207,27.68843247,-3.30137170
10.39241333,29.16700300,-3.16287705
8.52402210,16.58743030,-0.55542450
8.29194230,16.45731066,-1.98375638
-7.54916123,14.98724460,-0.84483406
-7.82583989,14.55639158,-2.13014500
7.38678986,16.64672421,-0.52710833
7.12066575,16.54541674,-1.94472318
-7.06840346,14.76802421,-0.83329873
-7.33498519,14.32820146,-2.12046911
6.34288132,16.45141296,-0.48118229
6.09205398,16.34329808,-1.89870629
-6.63332910,14.47891062,-0.83566953
-6.88808466,14.03516082,-2.12244240
-7.36405705,26.70221522,-3.37609780
10.78054222,28.21973899,-3.34462872
5.38766750,16.05354904,-0.46805353
5.17540764,15.92067328,-1.87605553
-6.22332026,14.10924090,-0.85378096
-6.46310069,13.66763485,-2.14078203
1.77780506,15.55760264,-0.16680104
2.54729792,15.78946011,-0.17263865
1.76262501,15.34325214,-1.67570353
2.50346319,15.60111836,-1.67467255
-3.81717929,14.22589366,-0.69678323
-3.12311868,14.45083051,-0.62252229
-3.93580637,13.82816575,-2.09729436
-3.18022178,14.08689145,-2.05153804
-4.38413727,14.22747296,-0.74481427
-4.54109158,13.82682588,-2.11483910
0.95260298,15.49755377,-0.16827364
0.96825650,15.28535719,-1.67726653
-4.97036844,14.21306739,-0.78882046
-5.16275863,13.80310883,-2.12865710
3.39200465,15.96973333,-0.22719923
3.30918361,15.79445844,-1.71087491
0.20437908,15.39338981,-0.21000101
0.24270989,15.16248365,-1.71275278
-2.45547819,14.66885180,-0.53715085
-2.46066598,14.33146987,-1.98953780
4.33187704,16.07057216,-0.33186875
4.19324809,15.90957063,-1.78200766
-5.58167452,14.17722135,-0.82580975
-5.80302940,13.75279815,-2.13744529
-1.80307687,14.88374619,-0.44922795
-1.77227953,14.56674044,-1.91928315
-0.49064181,15.25591505,-0.27910506
-0.43985970,14.99301096,-1.77257954
-1.15271103,15.09522547,-0.36515204
-1.10342461,14.79323885,-1.84876748
11.31526255,27.32548070,-3.48316284
-7.69945067,25.72799689,-3.46969953
1.79201189,34.56333897,-3.86841056
0.96235015,34.62202145,-3.88901075
0.12833511,34.41858283,-3.92861850
11.94147447,26.16746037,-3.46164871
-8.03736243,24.44585723,-3.50913076
-0.68786259,34.26437544,-3.96771032
2.63186997,34.57062776,-3.84083324
-1.49868346,34.14732096,-4.00724559
3.49685369,34.64722604,-3.80380642
-8.46920899,23.15620921,-3.58133848
12.73069063,24.99371743,-3.39377115
4.40870245,34.78722399,-3.75835579
-2.31674747,34.05729659,-4.04753606
5.21764970,34.47459979,-3.71382998
-3.01109000,33.53422303,-4.08896967
-9.00672398,21.83566984,-3.64889608
13.59039603,23.64917870,-3.33395991
-3.67747551,32.98851217,-4.14195119
6.06571793,34.16553889,-3.68094638
-9.67732936,20.45233028,-3.66172250
14.41169612,21.94578894,-3.33584934
6.97634932,33.83232426,-3.67049620
-4.34384765,32.40851837,-4.20552417
14.05904042,20.42986150,-3.39896293
-9.63744008,19.31522767,-3.65989612
7.97705938,33.43243549,-3.69889898
-5.05849305,31.79428551,-4.27590533
-5.44610750,31.25168194,-4.36805483
8.54165580,32.97952075,-3.79841586
13.82993998,18.85848756,-3.44603141
-9.71679542,18.13764741,-3.61157144
9.15873719,32.48887337,-3.91875259
-5.88992402,30.70137157,-4.45749271
13.78027313,17.31038699,-3.44876899
-9.91408680,16.89571508,-3.52056610
9.85480024,31.96948577,-4.05901335
-6.42112342,30.15679858,-4.54092133
-10.21125722,15.58899418,-3.40807877
13.86564299,15.84126693,-3.40586041
-7.07549328,29.63642138,-4.61511093
10.67220858,31.44194590,-4.21365122
12.70640270,15.61648651,-3.40347337
-9.73161020,15.23548387,-3.37219011
11.61338499,15.61804426,-3.40072241
-9.34010773,14.88953775,-3.34091449
-7.15435871,28.63083700,-4.68276916
10.77025564,30.39219466,-4.40187434
-9.01565982,14.53722440,-3.31532074
10.60895686,15.71400696,-3.39545682
9.70117618,15.79474942,-3.38759039
-8.74184493,14.16860754,-3.29763043
-8.15939843,13.97957159,-3.30237617
8.23916792,16.27624231,-3.36389384
10.98095745,29.38173985,-4.58532684
-7.33133842,27.65354194,-4.74052137
7.02108385,16.40291588,-3.31211294
-7.64380758,13.74534052,-3.31782088
-7.16852795,13.45980755,-3.34624740
5.98025836,16.22803700,-3.26188542
5.07094139,15.83147940,-3.23896773
-6.71197937,13.11768651,-3.39154878
-7.58623470,26.69250050,-4.79965635
11.31350581,28.41744745,-4.75152158
-4.76067366,13.39065753,-3.44569264
-4.12571778,13.42028462,-3.45996796
1.04931974,15.06773196,-3.15786520
1.82157079,15.12189111,-3.13827524
2.53640822,15.41287675,-3.11598395
-3.31642662,13.75103137,-3.44824070
3.30147491,15.64044046,-3.12601872
-5.40318577,13.33185535,-3.42912337
4.13674804,15.79039864,-3.16880322
-6.05358608,13.24172387,-3.41094060
-2.53597581,14.04691287,-3.41942722
0.32497041,14.94506999,-3.20122270
-0.37558712,14.76828761,-3.26022096
-1.79005222,14.31231088,-3.37709344
-1.07483494,14.55028508,-3.32699380
-7.89507140,25.73291916,-4.87205064
11.77695111,27.50158868,-4.88692815
-8.17313749,24.44624495,-4.88952970
12.29220562,26.32576756,-4.88993370
-8.54496596,23.14583482,-4.92029184
12.94835707,25.14144946,-4.84054283
1.74630029,35.14858447,-5.51082198
0.80257643,35.21791889,-5.52844590
-0.13090163,34.96241397,-5.54506730
-1.02718196,34.75564457,-5.56737764
2.71012592,35.15177702,-5.49039321
13.66315545,23.81399467,-4.78231724
-9.04391444,21.82272888,-4.93605816
-1.89964317,34.58205962,-5.59683869
3.70854086,35.23007644,-5.46526292
-2.76148189,34.42723548,-5.63521987
4.76277819,35.37012710,-5.43745393
5.70707580,35.02124520,-5.37579455
-3.45559802,33.78721123,-5.65211190
14.34654915,22.18271735,-4.76582403
-9.70748214,20.45082033,-4.90480394
6.68794450,34.65704126,-5.32803373
-4.10619181,33.11794832,-5.68956852
13.98835076,20.71278873,-4.78460560
-9.73184832,19.31891700,-4.87414589
-4.75639319,32.41906386,-5.74597279
7.72011469,34.23417132,-5.30536866
13.74939339,19.16384042,-4.81451010
-9.87074347,18.10637361,-4.81962012
-5.47219170,31.70053396,-5.81787264
8.82298694,33.70555192,-5.32113566
9.37668123,33.17641528,-5.39121692
-5.82859066,31.12486910,-5.89577456
-10.10536000,16.76855324,-4.74345388
13.70383040,17.61575044,-4.83798215
-6.25149110,30.55790244,-5.97315114
9.97071259,32.61513638,-5.48069114
-10.40819522,15.33640364,-4.66268176
13.81740945,16.14221253,-4.84233015
-6.76908351,30.01164068,-6.04751774
10.63147524,32.03403084,-5.59141855
12.73118091,15.79640137,-4.83783510
-9.93245878,14.89135471,-4.62861846
-9.54663429,14.46867931,-4.60520311
11.69727870,15.68299457,-4.83899818
-7.40935168,29.49967972,-6.11876819
11.39713538,31.45125012,-5.72400486
-9.22761183,14.05317726,-4.59263127
10.73172101,15.68924729,-4.84159057
-8.95816135,13.63499441,-4.59158532
9.84639667,15.71247630,-4.84315055
-7.48325567,28.52992649,-6.14272842
11.46572107,30.39644139,-5.87859601
-8.36641890,13.43282212,-4.61429776
8.35263525,16.18400518,-4.82471847
7.10392551,16.34663530,-4.78312654
-7.84065789,13.20720757,-4.65140879
11.63015908,29.37305414,-6.05258106
-7.64622156,27.58461214,-6.17162755
-7.35440623,12.94944115,-4.70139160
6.03992301,16.22539551,-4.74075875
-6.88691711,12.65316133,-4.76463816
5.11136134,15.89066444,-4.71740424
4.17733690,15.86072782,-4.65770871
-6.24597383,12.81024964,-4.79791132
3.34174829,15.71330627,-4.62176296
-5.60591793,12.94144421,-4.82840917
-4.96454601,13.04245504,-4.85639020
2.57454932,15.47649753,-4.61412461
-4.32177627,13.11233828,-4.88132280
1.85276564,15.16393741,-4.63511646
1.07495878,15.10291578,-4.64780097
-3.48575523,13.53330258,-4.87362133
0.33626855,14.96105935,-4.68059183
-2.66647644,13.90365746,-4.85125183
-1.87726283,14.22311654,-4.81850253
-0.38845852,14.75417968,-4.72699278
-1.12267487,14.49399066,-4.78066776
-7.87562247,26.64999312,-6.21409485
11.90316221,28.39201590,-6.22500904
-8.14799618,25.71078385,-6.27955359
12.29706070,27.46149412,-6.37555783
12.71995483,26.27889421,-6.40520821
-8.37661194,24.43287652,-6.30059366
13.27104807,25.10291587,-6.37328855
-8.70285204,23.14281854,-6.31535481
13.87340903,23.82207544,-6.31405471
-9.15887236,21.83950400,-6.27784612
0.59309019,35.54830627,-7.16209695
-0.46236741,35.26661081,-7.14575491
1.68100979,35.45130369,-7.16159771
-9.78550389,20.49980347,-6.17248388
14.44350850,22.31462313,-6.26529313
2.80240542,35.42453616,-7.17246924
-1.44747750,35.01563767,-7.15444395
-2.37672289,34.78021179,-7.18802836
3.96628525,35.47236213,-7.19256169
-3.26527378,34.54417850,-7.24797725
5.18628134,35.56918638,-7.22269825
-9.84734894,19.38746701,-6.09089697
14.08783453,20.96697395,-6.22089706
-3.93970745,33.79851751,-7.27461618
6.28003907,35.19209969,-7.16728811
7.39111743,34.76856022,-7.11399571
-4.55988705,33.02863625,-7.32297224
13.81540523,19.53221519,-6.20934571
-10.02825680,18.16072248,-6.02986874
8.51947408,34.24307107,-7.06372206
-5.19086150,32.25117198,-7.38623384
-10.30309036,16.75009294,-6.00488271
13.70928714,18.06815677,-6.23486844
9.68623862,33.58441524,-7.03001742
-5.92024969,31.48684832,-7.45763685
10.20383812,33.00154294,-7.04678925
-6.25272393,30.92086391,-7.50737924
13.77547233,16.64476525,-6.28259285
-10.63367233,15.21518064,-6.01171800
10.75642743,32.39290667,-7.09026730
-6.65799810,30.37361791,-7.55683296
12.76257509,16.19646806,-6.27584280
-10.16820077,14.65030447,-5.99504067
11.81072849,15.95338850,-6.28228734
-9.79299487,14.12737641,-5.99051324
-7.15617027,29.85142750,-7.60889929
11.36878073,31.76893390,-7.16773220
10.91955699,15.82956724,-6.29416605
-9.48347998,13.63315536,-5.99511858
-9.21981883,13.15831223,-6.00850650
10.09232507,15.74456539,-6.30758179
-7.76515844,29.35981143,-7.66907685
12.07417828,31.14323702,-7.28341932
8.62048147,16.10130622,-6.29080049
-8.60899969,12.92135271,-6.03628472
-8.05915322,12.69420830,-6.07911978
7.36179637,16.23552155,-6.25416351
-7.80827294,28.42308235,-7.65279494
12.13538687,30.12250777,-7.41975650
-7.54342695,12.46114144,-6.13280650
6.27839114,16.13140434,-6.21433569
-7.04103545,12.21298146,-6.19514374
5.32663007,15.84104582,-6.18671568
12.26809398,29.12589217,-7.58641634
-7.92635474,27.50058153,-7.66213948
-6.39135353,12.38864216,-6.22848370
4.37865170,15.81274595,-6.12766786
-5.74024739,12.55253819,-6.25496171
3.52434315,15.67447286,-6.08843546
2.73517102,15.44772466,-6.07122746
-5.08432917,12.69388980,-6.27519990
1.98794920,15.13995604,-6.07685407
-4.42334745,12.80646205,-6.29027630
-3.56777647,13.31674482,-6.26222600
1.18312729,15.09397280,-6.07182502
0.41479243,14.95409557,-6.08539690
-2.72246917,13.76432675,-6.22514469
-0.34275777,14.73412139,-6.11355684
-1.90187451,14.14005944,-6.18675707
-1.11330243,14.44220062,-6.15316715
12.48544945,28.17184488,-7.75733208
-8.10155997,26.58236705,-7.70440251
-8.31781353,25.65780816,-7.78578533
12.79159759,27.27033669,-7.90971011
-8.49392866,24.38672865,-7.84736554
13.05577125,26.11249345,-7.98186581
13.40408214,24.96705897,-7.99410006
-8.78052904,23.10722602,-7.88113639
13.79920396,23.76483075,-7.95486330
-9.20134270,21.83046561,-7.79490668
14.20670286,22.42961773,-7.87555965
-9.78485005,20.55364125,-7.56206204
13.88091103,21.26590891,-7.76979329
-9.85817873,19.50822164,-7.36978748
0.52708008,34.61063293,-8.76936745
-0.58622337,34.37773157,-8.70553526
1.68126944,34.48379339,-8.77746674
2.86932712,34.42130606,-8.83742371
-1.60413892,34.15735530,-8.72259544
-2.54312938,33.93743660,-8.80879717
4.09227927,34.43570454,-8.94271000
-10.04712220,18.35692084,-7.23161476
13.63243009,20.02154204,-7.69867941
-3.42755845,33.71227210,-8.95698066
5.35847527,34.49982632,-9.08180476
6.49659837,34.16758746,-9.00514572
-4.10573631,33.07055500,-9.00347033
-4.75015135,32.41126142,-9.06974918
7.65764257,33.78701043,-8.92172918
-10.34480557,17.02384763,-7.18923553
13.51648181,18.72272631,-7.68751115
8.85332293,33.30868556,-8.81893878
-5.43683076,31.75284616,-9.14030523
-10.71035102,15.55314528,-7.23692894
13.56557430,17.41006679,-7.74327017
-6.26211430,31.11235738,-9.21156532
10.11307130,32.69937397,-8.72806384
10.64620538,32.17080610,-8.70506388
-6.60963000,30.62852424,-9.22803785
12.65304380,16.90423586,-7.73015573
-10.25081138,14.90697747,-7.23911299
11.81046653,16.55301492,-7.74099097
-9.87538752,14.30987783,-7.25720110
-7.02615869,30.15305402,-9.25262686
11.22074351,31.61556629,-8.73571978
11.02315863,16.30479684,-7.76372481
-9.55821132,13.75617001,-7.28353012
-9.27901859,13.24013479,-7.31514666
10.28599330,16.10573382,-7.79087260
-7.52918301,29.68840516,-9.29145539
11.85835519,31.04387116,-8.82723324
-8.61801503,12.95196248,-7.34389516
8.89274522,16.30399325,-7.78172849
7.65652256,16.37090907,-7.75507730
-8.01432311,12.71120173,-7.38355126
12.58435840,30.46966193,-8.97916685
-8.13477971,29.23728992,-9.35389088
6.56399641,16.25314399,-7.71531486
-7.44328836,12.49369662,-7.43003628
-6.88681620,12.28378305,-7.48023958
5.58755090,15.98047696,-7.67310823
12.71772756,29.57271189,-9.08466995
-8.12825212,28.33506126,-9.28376607
-6.22449385,12.43620065,-7.49950093
4.62063133,15.91503874,-7.59982544
-5.56841108,12.58748603,-7.51203698
3.73933240,15.75433420,-7.53826290
2.91846643,15.51632884,-7.49028866
-4.91492637,12.72515645,-7.51849321
-4.26128498,12.83979206,-7.52151512
2.13800978,15.20565160,-7.45772834
1.30001434,15.16288308,-7.41845030
-3.43994522,13.36189656,-7.47965840
0.50455097,15.02694052,-7.39660879
-2.62677397,13.82225025,-7.44096985
-1.82920448,14.20632621,-7.41224989
-0.27168758,14.80722427,-7.38965549
-8.19154703,27.43310837,-9.26616998
12.88700788,28.69576206,-9.22754337
-1.04973410,14.50745084,-7.39801580
13.09513108,27.84712565,-9.38175126
-8.31927802,26.52876628,-9.30544221
13.33630431,27.02574606,-9.52990925
-8.50707696,25.61868494,-9.40099220
-8.64767422,24.35006676,-9.50141910
13.44194210,25.92558013,-9.62805639
-8.90761799,23.08559299,-9.59523931
13.57822633,24.82167460,-9.69173295
13.74658329,23.68894555,-9.70788590
-9.27788339,21.83814658,-9.58470068
-9.76009154,20.60482816,-9.40665673
13.95742422,22.50324576,-9.65987286
-9.77550736,19.61817509,-9.14352002
13.56333857,21.53132050,-9.52436363
13.26173826,20.51297524,-9.37978661
-9.89151409,18.59629619,-8.87278643
13.10932719,19.43160885,-9.27618749
-10.11265672,17.49825731,-8.66543242
13.15279849,18.28059557,-9.26307649
-10.41445547,16.30325728,-8.58125393
-9.92630838,15.69133263,-8.51888838
12.31409935,17.77284296,-9.15808443
11.59343119,17.34112412,-9.11704151
-9.52661459,15.10882427,-8.50230180
-9.18699741,14.55498305,-8.51232361
10.94035163,16.97421149,-9.11633912
10.33074937,16.64920631,-9.13920575
-8.88726668,14.02680000,-8.53957011
9.08692160,16.63664101,-9.13926044
-8.19977702,13.67440185,-8.57260997
-7.57664161,13.38836944,-8.61793324
7.92972455,16.58916132,-9.15193223
6.85913058,16.43045983,-9.16458429
-6.99173125,13.14390597,-8.66834988
5.87375252,16.15513709,-9.17487316
-6.42731749,12.92214870,-8.71960515
4.89261257,16.05008454,-9.14710096
-5.79422105,13.00682641,-8.74793183
3.98577876,15.86094263,-9.11500920
-5.17244517,13.09310244,-8.77119969
3.13529110,15.60071139,-9.07839840
-4.55622793,13.16737333,-8.79237753
2.32534314,15.27314218,-9.04192957
-3.93956954,13.21793836,-8.81568325
-3.18814690,13.66970547,-8.79792338
1.44974832,15.23452921,-8.96767686
-2.43958763,14.06421402,-8.78942621
0.62637318,15.11109351,-8.90586855
-1.69076304,14.38829579,-8.79622690
-0.16385147,14.91041405,-8.85626219
-0.93680282,14.63612607,-8.82202484
0.87983724,32.83301622,1.43453370
0.27933562,32.68436946,1.35331928
1.48096906,32.83493052,1.46011111
2.09596419,32.86066932,1.48911418
-0.31854463,32.55614617,1.26876271
2.73841867,32.91029224,1.52100561
-0.92703427,32.44682177,1.18089843
-1.55996321,32.35623625,1.09155271
3.42565979,32.98373880,1.55556615
4.03411953,32.70014921,1.55991306
-2.14186390,31.90693416,0.93512322
4.69482215,32.41689759,1.56595972
-2.73664259,31.46290782,0.78157677
-3.35997584,31.02294894,0.65266722
5.43453384,32.12576667,1.57277220
6.29026717,31.81648531,1.58020708
-4.04019638,30.58807750,0.57611407
6.95553702,31.44565039,1.51296590
-4.53964628,30.15314489,0.46595193
-5.10986134,29.72399709,0.42218085
7.72212960,31.04962512,1.43988169
8.62681070,30.62543122,1.36247320
-5.78084304,29.30647256,0.44273037
9.72042385,30.18201065,1.28657369
-6.59262009,28.91453280,0.51116832
-6.76200061,28.02327437,0.58299709
9.97140426,29.23184923,1.11268577
10.33159734,28.28830155,0.95235325
-6.99866960,27.13824916,0.64058095
10.80976544,27.34895256,0.80970037
-7.28177704,26.24028968,0.63014918
-7.58772672,25.31341523,0.49827193
11.40754636,26.41463293,0.66889022
12.22953196,25.20643536,0.72506728
-7.98342200,24.08692279,0.38061403
-8.43157342,22.82665397,0.11965424
13.10455705,23.95895214,0.66417892
13.99331124,22.57919843,0.52955159
-8.97439463,21.53091190,-0.15108963
14.87246071,20.95858631,0.44172036
-9.67283194,20.17984103,-0.25056937
-9.46568777,19.08517005,-0.28342347
14.36817308,19.65855520,0.40899914
14.00941988,18.40461296,0.42976093
-9.43236905,18.03409488,-0.24643379
-9.55803921,17.01140020,-0.18624304
13.81478729,17.17944142,0.51292574
-9.81083677,15.96796821,-0.12465372
13.77163651,15.92475361,0.63647492
12.66126259,15.85772506,0.64384553
-9.29250240,15.74836117,-0.09200151
-8.86226153,15.51419445,-0.05805223
11.67200633,15.85869458,0.64947174
-8.49796164,15.25685428,-0.02904556
10.78467442,15.87024864,0.65356021
9.98094176,15.83810098,0.65739293
-8.18348544,14.97075483,-0.00898295
8.72336952,16.07802215,0.63865287
-7.60727006,14.78772303,0.00830409
7.59029851,16.08034262,0.65415336
-7.09780160,14.54218223,0.00923524
-6.63259057,14.23083029,-0.00849247
6.55854867,15.85159628,0.67360771
-6.19308149,13.84336605,-0.04494900
5.62075026,15.44789990,0.64201426
-3.74195403,13.91059422,0.13833849
-4.32207011,13.92418972,0.08517416
2.00515593,15.04578448,0.73198142
1.16279713,15.02674915,0.69417354
2.78016018,15.23944504,0.75959282
-3.03841830,14.12506566,0.21190733
0.39444060,14.96174959,0.63212432
-2.35471350,14.33162564,0.29402334
-1.68169721,14.53516019,0.37875285
-0.32304788,14.86084984,0.55275492
-1.00899157,14.73443905,0.46273974
-4.91961926,13.92268075,0.03506163
3.62629526,15.38543299,0.75520573
-5.54102842,13.89969972,-0.00889843
4.56442523,15.46577801,0.71421839
0.47549150,33.54511879,-10.29686171
-0.64277212,33.36307802,-10.20867284
1.64662650,33.45024037,-10.26547221
-1.66937732,33.18614997,-10.21060936
2.84645074,33.39510615,-10.30237943
4.08066520,33.38831154,-10.39417714
-2.62879916,33.01608742,-10.28690727
-3.55197936,32.85636775,-10.41957989
5.35554667,33.41219326,-10.52125028
-4.26481290,32.39246288,-10.38629134
6.48973301,33.16508208,-10.41071309
7.65513117,32.86465560,-10.30797525
-4.97394104,31.91042902,-10.39202040
8.87839208,32.46898624,-10.20093770
-5.75469409,31.42366161,-10.42583960
10.20725443,31.93282192,-10.11829113
-6.70418199,30.93873361,-10.48491540
10.77639342,31.46099409,-10.09558150
-7.09195021,30.53441392,-10.49657697
-7.54813581,30.12253840,-10.52188701
11.39380935,30.94913230,-10.12612820
-8.08632125,29.70416160,-10.56303122
12.07607245,30.40512605,-10.21437576
12.84302081,29.84296245,-10.36057106
-8.71877013,29.28134982,-10.62357730
13.04588721,29.05167205,-10.39569153
-8.70841139,28.40953226,-10.55106002
13.25894104,28.26231401,-10.47748462
-8.75785810,27.51702267,-10.51921340
13.48205287,27.48481925,-10.58400743
-8.87164294,26.61067255,-10.53368056
-9.05102785,25.69507747,-10.59424766
13.71276305,26.72097836,-10.69573475
-9.15980992,24.41159904,-10.65259816
13.78360522,25.68186304,-10.76563183
-9.38121528,23.14883680,-10.72259685
13.87322448,24.62282240,-10.81757197
14.00056771,23.52759076,-10.83551602
-9.69502798,21.93020767,-10.73991698
-10.09396274,20.75368287,-10.66151521
14.19055073,22.38426020,-10.80519186
-10.02745592,19.82353436,-10.47882012
13.82941691,21.45081469,-10.71645607
13.54317067,20.48933900,-10.60648069
-10.04225912,18.85898153,-10.28198884
-10.13722061,17.83561916,-10.13259190
13.36931363,19.48836741,-10.49876861
-10.30240446,16.74603042,-10.07703321
13.35009973,18.43636922,-10.43011448
12.45460120,17.92045512,-10.25843750
-9.72679104,16.13983955,-9.93718756
-9.25985983,15.56069123,-9.85422876
11.70697334,17.45495031,-10.14054751
11.05557237,17.03635463,-10.07616172
-8.86918867,15.00608863,-9.80707782
10.46373016,16.65199690,-10.05255616
-8.53228288,14.47146704,-9.78177717
9.25534984,16.51627905,-10.01089638
-7.82075428,14.06243998,-9.74002027
8.12143751,16.39586264,-10.00485997
-7.18550099,13.72265510,-9.73100057
7.05613152,16.21394719,-10.00910017
-6.59495478,13.43002534,-9.73970623
-6.02845151,13.16674008,-9.75858999
6.06726323,15.94304680,-10.01956539
5.09032400,15.82112648,-10.01604361
-5.40644757,13.17271488,-9.78236855
-4.79588160,13.18093981,-9.81077643
4.18767473,15.61675775,-10.01770977
3.34553381,15.33689119,-10.02388965
-4.19065404,13.17856885,-9.84490567
-3.58397287,13.15635300,-9.88695034
2.54910948,14.98530582,-10.03699977
1.68350064,14.92285075,-10.01333584
-2.85338418,13.51390181,-9.89879516
0.87195896,14.78290358,-9.99315425
-2.12669666,13.83049368,-9.91285058
-1.39791016,14.09705782,-9.93232731
0.09577045,14.57581789,-9.97447955
-0.66049855,14.30895400,-9.95806678
