0.17245554,14.39319144,1.13142155
-0.35244261,14.32331502,1.11344539
0.14403770,14.28212686,1.28906010
-0.38770161,14.21599214,1.27207930
-0.88704656,14.25148301,1.09053153
-0.92845948,14.15706158,1.25188285
-1.44141612,14.16051702,1.06146634
-1.48699492,14.08460317,1.22522929
-2.02483290,14.06221644,1.02259334
-2.07154928,14.00892009,1.18993075
-1.44364534,27.99531988,2.24810909
-0.74209464,27.92961314,2.26659101
-1.48206301,28.11048934,2.49380579
-0.78513355,28.03469318,2.50359632
-0.05846283,27.91728290,2.30665660
-0.10517160,28.01213305,2.52999121
0.61525334,27.95906418,2.37091554
0.56621271,28.04190152,2.57889460
1.28581468,28.06268175,2.45480103
1.23543985,28.13481244,2.64905752
-2.47878735,14.23766966,0.98568603
-2.52396971,14.19675033,1.15946310
-2.94482550,14.38734539,0.93616765
-2.98773257,14.35790435,1.11636516
-3.43128212,14.51679591,0.88107814
-3.47264837,14.49674486,1.06589274
-3.94939663,14.63143396,0.83366115
-3.99317844,14.61510514,1.01762627
-4.27624778,27.62291164,2.22992016
-3.51638115,27.67513044,2.22175942
-4.31099438,27.73894823,2.44029735
-3.54698121,27.79551762,2.45139922
-2.80133217,27.74727550,2.21780620
-2.83332019,27.86995446,2.46435934
-2.11436367,27.84630223,2.21464368
-2.14983022,27.96626275,2.46931997
-4.35889722,14.96233224,0.80204087
-4.40794418,14.94759639,0.99344362
-4.82619749,15.24809290,0.78139184
-4.88463668,15.23541634,0.97718924
-5.36768178,15.53622339,0.80422618
-5.44143289,15.52271823,0.99610379
-6.06923856,15.79075095,0.86904991
-6.16347761,15.77446788,1.04240457
-6.50697240,16.15148987,0.94099972
-6.61610824,16.13325123,1.10525092
-7.04527502,16.53800993,1.02482386
-7.17106090,16.51481803,1.17353150
-7.70752203,16.93540644,1.08441548
-7.84269930,16.90808236,1.21490810
-8.52220055,17.39269787,1.06828958
-8.65732161,17.36508285,1.18724822
-7.16650545,27.28629240,1.73248099
-6.27546660,27.29693547,1.91798197
-7.25441572,27.38768178,1.93256747
-6.34437282,27.40055454,2.12613735
-5.53602530,27.38250636,2.04535627
-5.59106843,27.49093201,2.25623834
-4.87808865,27.49571891,2.14204074
-4.92144541,27.60857400,2.35530368
-8.34322169,18.51005563,1.29799630
-8.50911614,18.48654690,1.42350420
-8.44288821,19.60076953,1.44417737
-8.62837998,19.57738208,1.57202882
-8.75854601,20.72155854,1.48717304
-8.94293223,20.70050072,1.61273681
-9.28555078,21.83939236,1.41465806
-9.46409335,21.82534737,1.52800455
-8.66139217,22.94192519,1.51857753
-8.81784898,22.93030687,1.65092243
-8.29438891,23.86821927,1.54117766
-8.43778488,23.86848544,1.68522784
-8.01877656,24.63327478,1.51826259
-8.15786043,24.65503906,1.67930394
-7.81076738,25.29767855,1.42958544
-7.94724471,25.34347357,1.61963414
-7.61728128,25.76803733,1.50453412
-7.74245021,25.82963156,1.70097356
-7.44857635,26.24123307,1.58993372
-7.56526789,26.31894260,1.78712838
-7.29669772,26.73671046,1.66207462
-7.39878162,26.82656856,1.86144748
0.20170582,14.47991698,0.95039294
-0.31996656,14.39941853,0.93286326
-0.85362393,14.30691341,0.91302138
-1.40838926,14.20192112,0.88701982
-1.99600368,14.08268257,0.85058690
-1.39628429,27.88877479,1.98278907
-0.69126046,27.83339233,2.01116116
-0.00588741,27.83269688,2.06634990
0.66870006,27.88712520,2.14412017
1.33924233,28.00202322,2.23958514
-2.45317356,14.23704403,0.80513687
-2.92147291,14.37643745,0.75007203
-3.41009213,14.49765341,0.68921356
-3.93164202,14.59597302,0.63070494
-4.23290636,27.49961724,1.95062326
-3.47124524,27.54855642,1.91091599
-2.75498810,27.62324193,1.89545381
-2.06774097,27.73307020,1.91972731
-4.33883168,14.92413490,0.59170424
-4.78924852,15.22855963,0.57369875
-5.32122527,15.50926354,0.59917469
-5.99532418,15.77614221,0.68077433
-6.41701072,16.14532916,0.76315503
-6.94134600,16.52631240,0.85852006
-7.59284476,16.93365766,0.93667586
-8.39542831,17.38259361,0.94184380
-7.04918615,27.16407698,1.50113720
-6.19714294,27.18583909,1.66552183
-5.46827732,27.26225925,1.77670128
-4.82379496,27.37128291,1.86601260
-8.19545075,18.50079611,1.15435864
-8.24618979,19.61297593,1.28337471
-8.55119314,20.74660939,1.33217649
-9.06839119,21.85153462,1.29540849
-8.50406362,22.94890339,1.38094780
-8.12930148,23.86306202,1.38445624
-7.85749725,24.61078545,1.32450968
-7.65276126,25.25012742,1.18786693
-7.46475269,25.70124481,1.26378126
-7.30848147,26.15751471,1.34207993
-7.17326929,26.63741855,1.42179122
0.65960796,14.38217326,1.34908621
0.68209617,14.49167806,1.19216514
1.17122676,14.48210916,1.41731548
1.18914658,14.58199964,1.26032431
1.68762689,14.56882515,1.49125108
1.70269459,14.65031000,1.33518448
2.21594495,14.63943553,1.58633905
2.23061513,14.69704756,1.43151371
3.87149683,28.66408861,2.87759371
3.21392132,28.43671111,2.80899567
3.91812323,28.63456929,2.68963084
3.26491547,28.39806640,2.61939084
2.55651531,28.27483489,2.74549147
2.60903614,28.22497532,2.55459826
1.89696775,28.17226185,2.69031792
1.94930678,28.11194275,2.49841230
2.61128947,14.99520630,1.67941646
2.62479706,15.04261874,1.52001920
3.02290421,15.32445781,1.78266887
3.03522681,15.36321724,1.61920828
3.46139676,15.62850323,1.90137611
3.47192046,15.66125843,1.73514004
3.94197389,15.90228375,2.04659852
3.94788174,15.93688408,1.88059264
6.18724159,28.73702984,3.14704677
5.59253244,28.66412820,3.05872344
6.21004952,28.71546721,2.96444421
5.62424747,28.64557275,2.86846784
5.01067633,28.62223089,2.99083652
5.04932699,28.60205426,2.79804888
4.44028581,28.61916853,2.92602071
4.48350168,28.59534968,2.73438507
4.34830760,16.43026324,2.21737273
4.34522242,16.47352152,2.04325881
4.83241883,16.89408998,2.40175515
4.81993810,16.94606266,2.21907888
5.39951560,17.34517106,2.59885965
5.37635831,17.41109017,2.40916284
6.10326201,17.72114868,2.78190149
6.07029614,17.79936741,2.59159721
6.56932236,18.17776289,2.89599227
6.52816339,18.26413673,2.70067532
7.11492977,18.63012868,2.97888544
7.06612054,18.72441485,2.78042946
7.74481109,19.04517542,3.01704005
7.69375000,19.14004994,2.81856040
8.48463259,19.45754797,3.00115401
8.43885242,19.54050022,2.80088518
8.28951388,28.80956587,3.29910661
7.68024204,28.75827707,3.23479597
8.27230472,28.78703713,3.12264882
7.67605635,28.73878495,3.05226586
7.14907992,28.73756438,3.19320913
7.15426329,28.71733480,3.00849341
6.65644523,28.73250791,3.16321618
6.67086118,28.71207732,2.97758938
8.57650201,20.69166337,3.05748291
8.51726972,20.76829274,2.83011382
8.85810726,21.71063347,3.08217214
8.80031917,21.77366952,2.85929395
9.24707888,22.61296148,3.11127700
9.19670860,22.65654838,2.91012307
9.73893059,23.45145474,3.17922452
9.68770812,23.47941314,2.99551702
9.36066897,24.43915287,3.15952911
9.32202567,24.45849454,2.96935639
9.15417395,25.29562036,3.12692148
9.11837345,25.30546068,2.92181990
9.01219112,26.06847961,3.08021551
8.97204851,26.06723716,2.85258566
8.90370478,26.80200559,3.01204534
8.85680309,26.79153266,2.75305179
8.74034265,27.30304761,3.09109404
8.70191333,27.28826930,2.85456240
8.58556812,27.79624169,3.17209429
8.55359764,27.77656790,2.95930121
8.43208974,28.29213417,3.23734321
8.40825222,28.27115834,3.04410907
0.70933098,14.56897801,1.01286332
1.21616292,14.64289930,1.08297922
1.72894293,14.69657193,1.16626785
2.25977985,14.72177292,1.26775544
3.95885382,28.61219422,2.46782089
3.31276031,28.36798215,2.39609349
2.66074037,28.18464665,2.33351248
2.00301578,28.06260206,2.28077400
2.65439792,15.04618020,1.34850972
3.06225269,15.35618186,1.44603779
3.49632337,15.64518614,1.56376749
3.97319953,15.90558458,1.70313997
6.22599732,28.70124912,2.74565087
5.64654600,28.62955383,2.64082961
5.08112739,28.58792048,2.55983847
4.52086681,28.58048557,2.50283863
4.36249999,16.44882299,1.85348133
4.81782179,16.95613184,2.02672442
5.36610940,17.42185955,2.21325280
6.04177537,17.83662083,2.39022368
6.48958682,18.32002297,2.49502640
7.02086249,18.77487568,2.56806016
7.64741462,19.19771713,2.59967668
8.38641943,19.57881237,2.58989161
8.23211582,28.74605132,2.91485570
7.65925892,28.71552673,2.83708468
7.14712022,28.69543826,2.78442145
6.67460177,28.69015667,2.75519539
8.46810365,20.80577049,2.58901587
8.74464251,21.82522195,2.60819533
9.14451377,22.70248509,2.68114306
9.61529816,23.50607364,2.78891001
9.28069087,24.47441120,2.75606845
9.06368256,25.31129363,2.67402115
8.90961415,26.06594399,2.54751074
8.78196135,26.77455041,2.39869783
8.63387965,27.26315638,2.54310756
8.49784575,27.74957377,2.68122643
8.36517206,28.24161850,2.80599533
1.68985484,17.76524921,-9.69653465
1.15414343,17.84020860,-9.76547637
1.69076753,17.88538815,-9.42702158
1.16190833,17.96074243,-9.49009421
0.61165258,17.89722062,-9.84791146
0.62647204,18.01348211,-9.57102159
0.04909752,17.93114306,-9.94398798
0.07100162,18.03841363,-9.66957484
-0.55395144,17.94169489,-10.05142725
-0.52575278,18.03562005,-9.78170573
2.19285847,17.88634878,-9.38142902
2.20002052,17.76765791,-9.64761685
2.69488030,17.86653997,-9.34584315
2.70986281,17.75333049,-9.60565748
3.21191450,17.82250322,-9.30758209
3.23408036,17.71904318,-9.55901330
3.76027953,17.75441028,-9.25310828
3.78866349,17.66491123,-9.49603113
0.31211820,32.74465667,-10.77929591
-0.40198904,32.52947175,-10.83633226
0.26737710,32.70470333,-10.55249863
-0.44594477,32.49110382,-10.60086976
-1.11069958,32.41133037,-10.90066366
-1.15174519,32.37537493,-10.65959819
-1.81123795,32.32626504,-10.99031828
-1.84711962,32.29376612,-10.74758181
-2.52689448,32.29670059,-11.11167690
-2.55460975,32.26584726,-10.86863023
0.90087658,32.56728912,-10.43565283
0.95137781,32.60943828,-10.66799191
1.57163126,32.52132857,-10.32364213
1.62700275,32.56519233,-10.55794161
2.25674129,32.49983087,-10.22708443
2.31691695,32.54375766,-10.46153764
2.97492786,32.51560190,-10.14315540
3.04203424,32.55909699,-10.37692884
-1.15800008,18.21905260,-10.18561684
-1.12593915,18.30197978,-9.90798155
-1.79958626,18.45776107,-10.32985336
-1.76301695,18.53027938,-10.04719187
-2.49912797,18.65740694,-10.47932933
-2.45726445,18.72157122,-10.19187167
-3.28071506,18.82072823,-10.61516598
-3.23341640,18.88033034,-10.31801016
4.17390947,17.97168589,-9.23058050
4.21117226,17.88900732,-9.48024449
4.61715322,18.15567544,-9.19462733
4.66487287,18.07866000,-9.44903848
5.10986077,18.30751741,-9.14107876
5.16959052,18.23541112,-9.39900700
5.66697768,18.43422258,-9.06625821
5.74099227,18.36641045,-9.32747673
-3.30568878,31.96712387,-11.17839783
-3.32520378,31.93613128,-10.92611287
-4.12738369,31.74156999,-11.28633888
-4.13513636,31.71106083,-11.02852437
-4.97608029,31.50692569,-11.41737930
-4.97061514,31.47561164,-11.15563819
-6.06774036,31.33551938,-11.64483833
-6.03917789,31.28981153,-11.37872544
3.62623719,32.21627269,-9.96700140
3.70716159,32.26274463,-10.21244776
4.34875126,31.99594206,-9.78387837
4.44428639,32.04076444,-10.03875857
5.08858060,31.75015351,-9.59243461
5.19883954,31.78939321,-9.85369501
6.07508472,31.54093667,-9.38328892
6.21041955,31.57812950,-9.64416642
-4.12778354,19.09957211,-10.74183941
-4.07578291,19.15771758,-10.42265902
-5.06142714,19.35100700,-10.86081436
-5.00568005,19.40884738,-10.51235811
-6.08274679,19.59132111,-11.03511487
-6.01591526,19.64320747,-10.67291810
-7.23256591,19.82014555,-11.32499617
-7.13599368,19.85716390,-10.99942660
6.20486530,18.69801296,-9.00722076
6.29809703,18.63098841,-9.27539580
6.82082407,18.95364829,-8.94610284
6.93529164,18.88778311,-9.21551563
7.53469361,19.21412332,-8.89975308
7.67274901,19.14968703,-9.15854556
8.41554077,19.46592412,-8.86049531
8.57433704,19.40588905,-9.09623864
-8.67903941,30.13608196,-12.22161118
-7.89765754,30.40993625,-12.03533761
-8.63808049,30.06951408,-11.98001007
-7.85633628,30.34985435,-11.78325362
-7.21756452,30.73133435,-11.88131252
-7.17799630,30.67691802,-11.62107634
-6.61221547,31.05053625,-11.75462560
-6.57698208,31.00041419,-11.49053703
8.54275404,30.31686411,-8.95947622
7.74009731,30.61627389,-9.04185115
8.67667689,30.32698737,-9.19575474
7.88214960,30.62865122,-9.28395283
7.08964490,30.94075850,-9.15030154
7.23343709,30.96128860,-9.39901972
6.54479719,31.25613656,-9.26975470
6.68649286,31.28641312,-9.52519409
-7.78165899,20.16388660,-11.49448177
-7.66865747,20.19025244,-11.20322156
-8.39297807,20.50769857,-11.66945376
-8.26805316,20.52079552,-11.41743357
-9.10108635,20.86232999,-11.84655439
-8.96980620,20.86029109,-11.63376119
-9.97731035,21.24256364,-12.02565739
-9.84649422,21.22418057,-11.84798659
8.79712549,19.82421215,-8.86066730
8.96402673,19.76965580,-9.08541810
9.26514615,20.17520226,-8.84865276
9.43412212,20.13028866,-9.06074028
9.85828783,20.52419415,-8.82378627
10.02217099,20.49513278,-9.02030163
10.64762248,20.88048169,-8.77986211
10.80129452,20.87315985,-8.95837375
-9.90254312,22.06233179,-12.05093239
-9.75334084,22.04312452,-11.87647409
-9.98782657,22.86640775,-12.10562759
-9.83003096,22.84358862,-11.93302921
-10.17516582,23.62839709,-12.18304828
-10.01515990,23.60258456,-12.01207594
-10.43167035,24.33163114,-12.26476679
-10.26889379,24.30158446,-12.09591709
10.41147550,21.75289397,-8.78932739
10.58276283,21.74915613,-8.97545443
10.35073894,22.59555459,-8.77711412
10.53037289,22.60063780,-8.97294340
10.43220787,23.39479608,-8.77713939
10.61132459,23.40747063,-8.98159519
10.61083617,24.14232202,-8.78461336
10.78831746,24.16015923,-8.99389601
-10.20594611,25.13261007,-12.25831112
-10.05398499,25.09787472,-12.07913608
-10.07031693,25.85783095,-12.24721460
-9.93028841,25.81389009,-12.05795929
-9.94434379,26.56860562,-12.23355329
-9.81960353,26.51160986,-12.03203101
-9.80136610,27.34995295,-12.22761445
-9.69369378,27.27642226,-12.01432732
10.26333082,25.02029739,-8.79634135
10.43150018,25.03657264,-9.03183262
10.02919704,25.82884739,-8.79949351
10.18740160,25.84521833,-9.05240844
9.81763553,26.62577721,-8.79868786
9.96867302,26.64413512,-9.05872388
9.60336400,27.48921881,-8.80139171
9.75293031,27.51164059,-9.05487600
-9.51758508,27.96408307,-12.18953770
-9.42888471,27.88230820,-11.96628521
-9.25361814,28.66542338,-12.17916645
-9.18350824,28.58187731,-11.94910534
-8.97839685,29.40564110,-12.19811783
-8.92558301,29.32911479,-11.96203767
9.27066339,28.16313220,-8.80300128
9.41847169,28.18414865,-9.05131296
9.00000827,28.89598384,-8.82507520
9.14512587,28.91283416,-9.06341573
8.76764913,29.62679761,-8.88029299
8.90722096,29.63843675,-9.11315937
2.93408421,32.45594139,-9.94482204
3.55673787,32.17699535,-9.73706212
4.24317620,31.92951366,-9.53792520
5.02479598,31.71378548,-9.34596050
5.94547100,31.52484775,-9.16187942
3.71394093,17.86705560,-9.09646883
4.12349376,18.05890413,-9.03981436
4.55622720,18.22779372,-8.98419446
5.02710133,18.37625453,-8.92713891
5.55191500,18.50544790,-8.86644974
8.50567882,30.30222077,-8.79239348
7.69310096,30.62598379,-8.83377833
7.01471982,30.93044132,-8.91927256
6.44052134,31.22731212,-9.03194528
8.20895593,19.51897008,-8.64988421
8.59751418,19.86902087,-8.62923829
9.06066933,20.21308238,-8.61931729
9.61015843,20.55395802,-8.62069876
10.25269709,20.89651126,-8.62927750
10.10696091,21.79105649,-8.59633756
10.08045216,22.61845736,-8.56481823
10.16228267,23.40117425,-8.55580075
10.32113121,24.15831301,-8.56712113
-9.46709296,21.20624297,-11.62795732
-9.47900819,22.05129301,-11.67252084
-9.58963324,22.84380513,-11.73912069
-9.77357980,23.59267316,-11.82312400
-10.00726204,24.30370084,-11.91495600
10.03909688,24.98974982,-8.53066493
9.81141957,25.79321282,-8.51397259
9.61989835,26.58025020,-8.51787321
9.46981515,27.35053086,-8.54332256
-9.84829199,25.05459897,-11.88515273
-9.73368138,25.75785462,-11.85428859
-9.64860865,26.43376952,-11.82843414
-9.58520962,27.10357316,-11.82038484
9.10175354,28.11935860,-8.54725423
8.81887702,28.86451204,-8.58919671
8.62192297,29.58903774,-8.66925436
-9.31380668,27.78148488,-11.75359660
-9.07318499,28.48391785,-11.72863853
-8.85557011,29.22392750,-11.75218096
-8.65701807,30.00894645,-11.82829593
0.22212300,32.64319856,-10.35195616
0.86242773,32.53776767,-10.21638238
1.51877754,32.47180587,-10.10512653
2.20449982,32.44453377,-10.01597425
1.67256223,18.03379145,-9.22382448
2.16664752,18.02738209,-9.17643347
2.66474081,17.99737844,-9.14487825
3.17691987,17.94441761,-9.12108901
1.15444942,18.10498558,-9.27225069
0.62658411,18.14987965,-9.34749603
0.07755246,18.16716106,-9.45413537
-0.50673629,18.15445048,-9.59266848
-0.49103230,32.46778720,-10.38014617
-1.18901545,32.33667704,-10.43874487
-1.88427540,32.25345497,-10.53435911
-2.59782188,32.22206152,-10.67226772
-3.34135936,31.92031560,-10.69913775
-4.12915770,31.66657206,-10.78384156
-4.99971613,31.45494150,-10.92943925
-5.99370882,31.26896740,-11.14924621
-1.09486488,18.39600620,-9.68234043
-1.71921994,18.60687132,-9.79944837
-2.39502425,18.79171420,-9.93149051
-3.14179534,18.95178499,-10.05947117
6.05212619,18.78119069,-8.80116100
6.63798324,19.04142864,-8.73567772
7.34194361,19.28866223,-8.67910405
-3.95783086,19.24342995,-10.14581771
-4.87043974,19.50148964,-10.21198838
-5.88434901,19.71904292,-10.33263657
-6.98522932,19.89949572,-10.66080326
-7.52817810,20.21580432,-10.86426235
-8.11207749,20.53205541,-11.11583883
-8.75433986,20.85912167,-11.37990232
-7.88173388,30.31480550,-11.59684611
-7.19070059,30.63242444,-11.40814569
-6.56590279,30.95233175,-11.26029945
2.38925072,15.33279317,-0.49459856
1.92017061,15.18369085,-0.62987806
2.44787052,15.75653030,-1.27431322
1.96134904,15.61208218,-1.36736456
-1.62160615,15.07820967,-1.97822965
-1.08510125,15.09636233,-1.89096022
-1.67238534,14.67250840,-1.14363888
-1.12331480,14.68785410,-1.09076782
2.76211005,15.59674741,-0.38760360
2.83624345,16.01794175,-1.18825145
-2.08374742,15.19570750,-2.03588749
-2.13295913,14.77978276,-1.21924349
-2.55372055,15.28367601,-2.10343287
-2.60486228,14.86201924,-1.29239608
3.14667974,15.83642987,-0.26026811
3.24201912,16.24677103,-1.10865127
1.45014869,15.00740244,-0.74040850
1.48091699,15.43102210,-1.46386110
-0.55760360,15.08487056,-1.81354966
-0.58865475,14.67935902,-1.03631417
3.49350395,16.22927535,-0.15101943
3.61234216,16.62458617,-1.04514421
-2.99982526,15.51033470,-2.15097222
-3.04242969,15.07177789,-1.37329917
-0.04534295,15.24694598,-1.72391642
-0.06174509,14.82463947,-1.00790704
0.94917994,14.99178968,-0.86129855
0.96626277,15.42246892,-1.55207536
3.86966675,16.59304673,-0.02588691
4.01880891,16.96624291,-0.99946828
-3.45519554,15.69579972,-2.20953856
-3.49194753,15.24690170,-1.43794702
4.20652613,17.10169539,0.05978872
4.39466491,17.45129212,-0.99593174
-3.87017202,16.00569221,-2.24287135
-3.88455976,15.54262551,-1.48468982
0.45754408,15.38371530,-1.64188270
0.44770344,14.95237732,-0.96547975
4.60481464,17.57973590,0.15297951
4.84063159,17.90032397,-1.01893122
-4.31203967,16.26500519,-2.28914521
-4.30288477,15.79834497,-1.50676805
-4.75803810,16.58215196,-2.32144675
-4.71716070,16.11163342,-1.49934391
5.04103801,18.13502332,0.21225181
5.33105823,18.42546764,-1.07979727
5.60706709,18.65173952,0.27901483
5.96182608,18.90162431,-1.14219109
-5.27712145,16.85215637,-2.36069413
-5.20256500,16.39305224,-1.43568992
6.08143704,19.04770300,0.29615864
6.47279015,19.26603239,-1.17538849
-5.65894087,17.08999877,-2.36564380
-5.57217614,16.64214330,-1.34556137
6.67578063,19.39594432,0.31151949
7.10640285,19.58566090,-1.18131430
-6.09764042,17.33036226,-2.36525503
-6.02815692,16.89535068,-1.18629348
-6.43927996,17.84608173,-2.32911647
-6.37933802,17.38828086,-1.07071247
7.23548922,19.94397938,0.21414886
7.72496735,20.09733287,-1.20031773
-6.87366022,18.39256239,-2.30910073
-6.86658776,17.91202608,-0.93946532
7.94799611,20.39809071,0.14545719
8.51051105,20.52911635,-1.16994728
8.50872062,21.39190359,0.01901145
9.20490709,21.47352835,-1.16013524
-7.08099281,19.61681385,-2.22345115
-6.90837681,19.08943815,-1.05919505
9.24980038,22.17291585,0.04940524
10.09691228,22.28131663,-1.08786658
-7.59206261,20.74972252,-2.20058426
-7.31729815,20.24997485,-1.06600853
9.37490857,23.11929528,0.08693902
10.33594385,23.23532812,-1.08515309
-7.72470011,21.84198724,-2.12789298
-7.35068552,21.45906640,-0.97607074
9.54645565,23.94467000,0.15627394
10.55162743,24.10812406,-1.06712362
-8.03801697,22.73746777,-2.11635779
-7.69934214,22.48980762,-0.80501554
-7.91583826,23.54974953,-2.12530250
-7.56064231,23.41232978,-0.80587149
9.26388663,24.84836508,0.07566146
10.23062094,25.02829258,-1.16582310
-7.84373245,24.24472830,-2.17511390
-7.51458725,24.12251530,-0.87022129
9.04187285,25.63864270,0.00321001
9.92719616,25.86933953,-1.23176606
6.09147352,29.20247520,0.83458215
6.52346969,29.22589405,0.85360005
5.96045477,30.38024119,-0.32503582
6.46411753,30.33500270,-0.32437850
5.53493377,29.10026944,0.74539498
5.32417806,30.33383086,-0.36396134
-3.37954771,28.14127128,-1.04511972
-4.16107519,28.04950653,-1.20020704
-3.27559173,27.24650621,-0.04952660
-4.05348383,27.17604669,-0.16483654
-4.77458826,27.96851311,-1.34458667
-4.65999034,27.09599525,-0.30213342
5.01374386,29.02446599,0.70382081
4.74630359,30.29959538,-0.37582572
-2.64846164,28.30227866,-0.89986139
-2.53972234,27.37010746,0.07683589
6.99939450,29.25498126,0.90977435
7.02553119,30.27988629,-0.31149768
-5.46042460,27.94726206,-1.49173375
-5.32709108,27.06731452,-0.43378190
1.37065730,29.25130044,-0.46157949
0.76181488,29.04263965,-0.48380846
1.64139630,28.04382101,0.54223288
0.98669258,27.90934524,0.49903691
2.26758448,28.20288334,0.55928600
1.96221289,29.42604173,-0.43878999
4.48981155,28.89671835,0.65362358
4.17831117,30.19948551,-0.40684008
-1.92755862,28.45384814,-0.78768081
-1.80818953,27.47594472,0.18161215
7.44744806,29.15150234,0.87261832
7.56569080,30.05801827,-0.36944663
-6.11743450,27.80639380,-1.66761414
-5.95921057,26.95520285,-0.60346601
0.12363546,28.93474764,-0.50950939
0.30765271,27.84487089,0.46034568
2.86667699,28.43968328,0.59463247
2.53777184,29.70097020,-0.40501456
3.42760406,28.59486535,0.60230815
3.08343973,29.88843210,-0.42126681
-0.54300517,28.76505042,-0.59383697
-0.38643673,27.71079271,0.37561673
3.97367558,28.81609143,0.63438532
3.63632412,30.14759011,-0.40784033
-1.23957592,28.68679610,-0.68133205
-1.10246036,27.63783282,0.29025857
7.96098711,29.04993151,0.87504381
8.18740649,29.83147289,-0.41094131
-6.89203565,27.72319188,-1.83588838
-6.69856578,26.91084231,-0.76024829
-7.71579921,24.88052772,-2.22371148
-7.41804114,24.69706962,-0.93684657
8.80498296,26.35415722,-0.00600536
9.59689613,26.65213271,-1.25181609
8.14300029,28.59452625,0.58626374
8.46923980,29.23992283,-0.61922589
-7.13627192,27.14320966,-1.99077685
-6.92103883,26.47648799,-0.89357516
-7.62439814,25.52440297,-2.24962328
-7.35109851,25.23036003,-1.01686213
8.62448383,27.05279991,0.03304049
9.31156391,27.42052715,-1.19194620
8.35520886,28.13819026,0.34777553
8.80356144,28.66416894,-0.80687694
-7.41813864,26.62338057,-2.10875247
-7.17550692,26.09063240,-0.99454477
8.47049486,27.59036793,0.16302259
9.03608346,28.03316241,-1.02752530
-7.50637784,26.05296631,-2.19273223
-7.25259466,25.64752791,-1.01066176
2.51612611,16.16048406,-1.89604931
2.01073604,16.03801054,-1.95361250
2.93308437,16.40754052,-1.86431366
-2.05429411,15.67364805,-2.56364858
-1.59451065,15.53967612,-2.49293327
-1.06353119,15.55791087,-2.40284022
1.51591192,15.87213837,-2.02631925
-0.53895507,15.54552663,-2.33032248
-0.02586104,15.70316685,-2.23607786
0.99411072,15.86890167,-2.08731020
-2.52114895,15.77754223,-2.65226309
3.37318911,16.61364405,-1.85087898
-2.96846561,16.01563165,-2.71920867
3.78741377,16.95038939,-1.85987577
0.48137445,15.83164370,-2.15893687
4.24433236,17.24119719,-1.89088501
-3.42650254,16.21211770,-2.80791823
4.68225900,17.65434518,-1.95661129
-3.85714409,16.52612217,-2.87723597
5.19374805,18.02210026,-2.03112869
-4.32093181,16.78761394,-2.97200280
-4.80096491,17.10642615,-3.05736072
5.74751954,18.46584029,-2.11369396
-5.37154223,17.37034778,-3.15937938
6.44277238,18.87988553,-2.16584425
-5.79788362,17.60977694,-3.21444251
6.98902464,19.22624230,-2.18067647
7.65320028,19.55631038,-2.15133670
-6.29813847,17.84586495,-3.26522560
8.28437634,20.09964841,-2.10607650
-6.71698105,18.35933706,-3.24475410
9.07790538,20.58824450,-2.00892047
-7.24833290,18.89440810,-3.23117963
9.77918970,21.58862705,-1.95579328
-7.56951802,20.08517530,-3.13491398
10.66055317,22.47070345,-1.90061255
-8.18056559,21.13188737,-3.13670847
10.90681381,23.45669748,-1.98294429
-8.33617437,22.13903032,-3.14353473
11.13140199,24.37210754,-2.05930853
-8.64213547,22.98306005,-3.19710707
10.84442860,25.32257881,-2.21327346
-8.49284422,23.79270938,-3.23621248
-8.40234192,24.53051199,-3.26610884
10.56640881,26.20176253,-2.29969287
-8.26005422,25.24228505,-3.25814127
10.22576945,27.01295792,-2.30941880
-8.15579319,25.98164147,-3.20422133
9.89215725,27.79148199,-2.22258542
-8.04471658,26.64692804,-3.10611740
9.57323895,28.43442665,-2.06449854
-7.96075078,27.37231354,-2.95929661
9.27221223,29.08172382,-1.83662486
-7.64726229,28.04738967,-2.78425845
8.82779965,29.67744804,-1.61208977
-5.07753257,29.25499872,-2.12022047
-5.82535261,29.21345435,-2.22178927
-6.53660108,28.98573090,-2.39289825
7.11709371,30.91733161,-1.08104127
7.73145727,30.60803735,-1.22048446
6.48179968,31.04833361,-1.03194070
-7.38319648,28.78991986,-2.55430625
8.45014371,30.30374337,-1.35792390
-4.42750339,29.34946696,-2.01122934
5.92009506,31.16294703,-0.99508870
-3.60940465,29.46079965,-1.91320707
5.19933924,31.20370591,-1.01767274
-2.88027127,29.65847598,-1.80740068
4.55566851,31.25408865,-1.03919658
-2.17627473,29.83089456,-1.73504557
3.92881531,31.22599300,-1.09699869
-1.51778992,30.09726664,-1.65308187
3.34219215,31.25110071,-1.13868094
-0.21944231,30.37074847,-1.48645685
-0.85414323,30.18405470,-1.57665494
0.39412746,30.46666655,-1.45653231
1.58542721,30.76992737,-1.33467189
2.18084851,30.98007337,-1.24138548
2.75152778,31.07930665,-1.20279403
0.99016156,30.66039298,-1.40688472
3.08599136,16.80531671,-2.96409773
2.64830820,16.60749801,-2.96144033
-1.90493898,16.36108518,-3.46638327
-1.44800878,16.21171436,-3.39077975
2.13145319,16.52776299,-2.97984290
-0.92545344,16.21070752,-3.30144443
-0.40924501,16.17642478,-3.23552802
1.63063142,16.39847460,-3.01682682
0.09860248,16.30993837,-3.15600352
1.11046116,16.42299792,-3.05037961
-2.37045571,16.47957240,-3.56457635
3.54996971,16.95961676,-2.98222235
0.60203901,16.40849348,-3.09924870
-2.82093233,16.72278547,-3.64684222
3.99319167,17.22916793,-3.01130925
-3.28542781,16.92387612,-3.75556270
4.48249566,17.45770089,-3.05284360
-3.73500287,17.23550569,-3.86085089
4.96620116,17.80404676,-3.11607226
5.52950209,18.12442745,-3.17592770
-4.22698914,17.49181053,-3.99535872
6.13022421,18.54780457,-3.21574535
-4.74848885,17.80287073,-4.12025975
-5.38156166,18.05555304,-4.26280022
6.85857917,18.97451289,-3.20501319
7.39159473,19.34679814,-3.15741309
-5.85325803,18.29161250,-4.33587122
8.02372148,19.71142732,-3.06429525
-6.41492699,18.52755288,-4.39653860
8.59842308,20.28453392,-2.93895502
-6.90860187,19.04204018,-4.36512135
9.32833624,20.80127088,-2.78194118
-7.54077580,19.56511363,-4.32326653
9.95231315,21.79481894,-2.68229963
-7.99017738,20.68426149,-4.22036684
10.78181309,22.67711901,-2.64451322
-8.74534948,21.62347300,-4.21605915
11.05043611,23.63982422,-2.72314846
-8.98196671,22.52927479,-4.20647691
11.32266048,24.55399124,-2.79606156
-9.34059151,23.31196915,-4.21318223
-9.25266590,24.11201939,-4.22881561
11.10347676,25.51784898,-2.91623599
-9.18595559,24.88134294,-4.21030194
10.85542163,26.42257141,-2.97176864
10.51399794,27.26435054,-2.96337285
-9.04041107,25.65218490,-4.15065007
10.16433604,28.07352854,-2.87829491
-8.91064965,26.46245302,-4.04309327
9.81819840,28.75975618,-2.72668179
-8.76106001,27.21355664,-3.89258599
-8.63585175,28.02268633,-3.69428570
9.48288330,29.43771784,-2.51484645
-8.24434218,28.76724911,-3.46884991
8.95344642,30.03855274,-2.28508926
-7.91125832,29.56459618,-3.19717567
8.50309562,30.66323425,-2.03123549
7.70577610,30.98491278,-1.86499787
-7.00759330,29.86913731,-3.02878847
-6.24220850,30.17231751,-2.87009258
7.04036948,31.31646156,-1.70732518
-5.42975524,30.22994821,-2.80422575
6.36233006,31.46202442,-1.62778109
-4.73015826,30.31877606,-2.73394533
5.77521100,31.58819023,-1.57624619
-3.85754071,30.42329471,-2.68908195
5.01509300,31.65762279,-1.59709268
-3.10337138,30.61593844,-2.61525981
4.34791426,31.74214270,-1.63272817
-2.38957525,30.76683894,-2.55116246
3.70645595,31.74643969,-1.70305515
-1.73092190,31.00902903,-2.46252677
3.11445275,31.80805467,-1.76716751
-0.45055308,31.25964639,-2.27981135
-1.07621823,31.08874613,-2.38204747
0.15765729,31.32001156,-2.22013487
1.34537343,31.52374633,-2.04077773
1.94299618,31.67051689,-1.92347724
2.51647240,31.70188209,-1.85355181
0.75348990,31.46663392,-2.14076123
-1.76115075,16.92311750,-4.38537654
-1.29299522,16.74537629,-4.32180490
-0.76861274,16.70784191,-4.24523652
2.83982015,16.86380065,-4.04909657
2.31254814,16.81075676,-4.05110251
3.29220319,17.03983278,-4.05154408
-0.24963601,16.63533828,-4.19829279
1.80491159,16.71272691,-4.06937009
1.27729077,16.76743038,-4.07608950
0.25811373,16.72792050,-4.13574308
3.77294038,17.17959711,-4.06464945
-2.23813838,17.06810738,-4.48108348
0.76393232,16.78401558,-4.09949489
-2.70488160,17.32576583,-4.56688869
4.23268658,17.43308757,-4.07032390
4.73764130,17.65596245,-4.08096759
-3.18776411,17.53737592,-4.69461839
5.23885213,17.99669265,-4.09289279
-3.67224844,17.84291334,-4.83782911
5.81076947,18.31923533,-4.09448866
-4.21204163,18.08720107,-5.02735730
6.40421221,18.74847738,-4.06468121
-4.79888003,18.38472827,-5.21454354
-5.52104019,18.62291918,-5.42516427
7.11758745,19.17803970,-3.98953732
-6.04968723,18.86397961,-5.53074873
7.61792954,19.54957667,-3.89954545
-6.67305959,19.12375714,-5.60648815
8.21312931,19.91321151,-3.77390942
8.73528341,20.47507371,-3.60060484
-7.22155100,19.66796686,-5.55177700
-7.91163676,20.20980015,-5.47792385
9.41103584,20.98562347,-3.41644632
9.96600374,21.93978283,-3.27299635
-8.48196142,21.25662859,-5.33970337
10.75362895,22.79882970,-3.22618195
-9.36596737,22.10837117,-5.27985825
11.02603135,23.72816723,-3.26732364
-9.71610144,22.93368435,-5.18638131
11.31538064,24.62339995,-3.31030573
-10.12691009,23.67141368,-5.10671440
11.12416699,25.58168772,-3.37805527
-10.10044225,24.46709799,-5.04535888
-10.04149514,25.26029904,-4.96608101
10.88499498,26.50201867,-3.39996551
-9.87304709,26.06264341,-4.86084365
10.53950866,27.37443055,-3.37480268
-9.70490247,26.90114450,-4.72771812
10.18617133,28.22200343,-3.29579173
-9.51508689,27.70019127,-4.56403254
9.83771547,28.97200397,-3.16510169
-9.34597153,28.54661202,-4.36711526
9.50677467,29.70902710,-2.98846583
-8.88351654,29.32829822,-4.14379127
8.94366230,30.35153781,-2.79162012
-8.47865509,30.15276321,-3.89082121
8.46956426,31.00460344,-2.57934794
-7.53739078,30.55170145,-3.69761477
7.62509554,31.34166960,-2.42509384
-6.72783391,30.92930962,-3.53276839
6.92923219,31.67984718,-2.29215067
-5.86833336,31.02812903,-3.47314076
6.21825339,31.82097176,-2.23161625
-5.12630840,31.12384316,-3.42997772
5.61324961,31.94179251,-2.20724581
4.82867073,32.01212386,-2.25104145
-4.18227665,31.19432219,-3.41813169
-3.37691785,31.34392694,-3.37699743
4.15385412,32.10655906,-2.31489407
-2.63091708,31.46019808,-3.34867256
3.50791550,32.13236112,-2.42001461
-1.94973750,31.66587547,-3.29442242
2.91964993,32.21830940,-2.52526587
-1.28295269,31.72881887,-3.22054585
2.32461002,32.15266066,-2.63109169
-0.64773174,31.87639909,-3.12592475
1.75621377,32.16120571,-2.72635769
-0.03249942,31.91090859,-3.04950394
1.16017268,32.05348375,-2.84821170
0.57079052,32.02364225,-2.95745200
-1.15007033,17.15132435,-5.22610305
-0.60552932,17.07843432,-5.16077638
3.07869587,17.12137524,-4.95007812
2.55260600,17.06627278,-4.97153910
3.52641404,17.30801493,-4.92395431
-1.64458874,17.36454916,-5.28210850
-0.06495538,16.97452738,-5.12740577
2.04368862,16.97270227,-5.00608019
1.50254705,17.03457042,-5.00838637
0.45580715,17.03442746,-5.06398699
-2.14679668,17.54671102,-5.37607844
3.99999932,17.46056986,-4.90761873
0.97440323,17.06351909,-5.02482100
-2.64225941,17.83335858,-5.47097631
4.44775970,17.72044395,-4.87996783
4.93917079,17.94731087,-4.85913992
-3.15790637,18.07149597,-5.61539460
5.42844155,18.27529260,-4.82959661
-3.69416405,18.38408946,-5.77884261
-4.30409468,18.61996775,-5.99570861
5.99044844,18.57767407,-4.79532316
-4.98394589,18.88496335,-6.21624987
6.57098350,18.97768158,-4.72454489
7.27789062,19.37529579,-4.61799551
-5.82644456,19.07238880,-6.47522327
7.75968670,19.72488538,-4.51431102
-6.42957782,19.29143215,-6.61309556
-7.12453869,19.54449842,-6.72072409
8.33537961,20.06953567,-4.38601691
-7.72710042,20.08137171,-6.68970302
8.82226337,20.60727295,-4.19740706
-8.45841263,20.62100813,-6.64016467
9.45706238,21.10451383,-4.01070926
9.93746722,22.01848150,-3.82767121
-9.08017923,21.63217135,-6.47520603
10.66314250,22.84818830,-3.75307298
-9.97322438,22.46947436,-6.37464026
10.90711810,23.73515245,-3.73806737
-10.36213784,23.28240215,-6.20226686
11.18601830,24.59720995,-3.73986322
-10.77863399,24.01449041,-6.06121525
-10.78301896,24.81008362,-5.93331316
11.01673341,25.53989701,-3.75602245
10.78774971,26.47252743,-3.75047848
-10.72438753,25.60675585,-5.81696912
-10.55418477,26.41047871,-5.70143561
10.44515763,27.37917825,-3.72086550
-10.37300287,27.23878638,-5.58113285
10.09480074,28.27275297,-3.65923674
-10.17181913,28.05184180,-5.44101129
9.74969768,29.10548227,-3.56276442
-9.98188809,28.89875958,-5.29301528
9.43360229,29.92434618,-3.44109569
-9.47784738,29.68391690,-5.11529435
8.85188612,30.63945936,-3.31018181
-9.02258237,30.50420870,-4.93421633
8.37678583,31.35189994,-3.18011384
-8.07852683,30.96758765,-4.74527027
7.51449288,31.72375458,-3.08726181
-7.25019665,31.40769066,-4.59560016
6.81359450,32.07763442,-3.02691288
-6.35868386,31.56615036,-4.51797219
6.08586778,32.20464189,-3.02326456
-5.58411613,31.68208806,-4.48367580
5.47454261,32.31131894,-3.05640413
-4.57790257,31.75046914,-4.51436144
4.66974733,32.37859423,-3.18224287
-3.72552315,31.88368502,-4.53458506
3.99198798,32.48010920,-3.32963327
-2.93976347,31.98132491,-4.54732249
3.34863726,32.51499653,-3.49874665
-2.22610735,32.17129741,-4.53921203
2.76996558,32.61617979,-3.66978227
-1.53480664,32.23918475,-4.48964675
2.17453789,32.57969894,-3.82307538
-0.87511172,32.38926422,-4.42068659
1.60376323,32.62005979,-3.96765987
-0.23524917,32.42076567,-4.33358671
0.99558753,32.53666612,-4.10573089
0.39222705,32.52686069,-4.23394502
3.29463806,17.58211366,-5.66715912
2.78257765,17.54063209,-5.68998866
-1.48781982,18.00481576,-5.96862213
-0.96301503,17.76757778,-5.92046177
-0.39826165,17.66655453,-5.86225064
3.72505889,17.75381979,-5.63224369
2.28555798,17.46363555,-5.72548850
0.16110015,17.54020365,-5.83410690
4.18049774,17.89126368,-5.60735722
-2.02204854,18.21141595,-6.05502755
0.68943369,17.57039766,-5.77514887
1.74424872,17.53454546,-5.72447392
1.21305008,17.57531729,-5.73821958
4.60693595,18.12002263,-5.56323607
-2.55908351,18.49903437,-6.14709269
-3.12752538,18.73051054,-6.28969277
5.07771599,18.31629693,-5.52526543
-3.74549887,19.01085472,-6.46649961
5.55582341,18.59977044,-5.48026959
6.11075760,18.85771307,-5.43079337
-4.46430034,19.19665105,-6.69871747
-5.27140769,19.39646932,-6.93688030
6.68697043,19.20665529,-5.33952035
7.39785305,19.55805406,-5.22342725
-6.24788264,19.52750039,-7.21627012
-6.90756361,19.72305151,-7.36566497
7.86938955,19.87526094,-5.11965197
8.43394315,20.19347107,-5.00270756
-7.64080609,19.94193669,-7.51185707
-8.25775388,20.41783144,-7.54629768
8.89697193,20.69742663,-4.81654820
-8.96972303,20.88798930,-7.59409825
9.49892522,21.17477094,-4.63798100
-9.50256764,21.83537269,-7.51301496
9.90290178,22.04345514,-4.41435306
10.54997794,22.83564268,-4.29241830
-10.20908457,22.65823309,-7.51578638
10.74560545,23.66885848,-4.20370286
-10.47992439,23.49443780,-7.37497261
10.99577620,24.48415079,-4.15354101
-10.78633140,24.24782528,-7.26326557
10.85700291,25.39553208,-4.12616481
-10.78608984,25.04376046,-7.12848029
-10.74019008,25.81581041,-7.01063355
10.65223181,26.32733870,-4.10054564
-10.60627512,26.57536116,-6.89380387
10.32827538,27.25851295,-4.06900034
-10.46325494,27.34288700,-6.78862035
9.99420278,28.19121747,-4.02681615
-10.30501941,28.12144558,-6.67430111
9.65769456,29.10576338,-3.97028280
-10.14874816,28.93038802,-6.58011822
9.36040774,30.00690891,-3.91275666
-9.68319485,29.68947467,-6.44204486
8.76673519,30.80423405,-3.86279391
-9.25498310,30.49135335,-6.33183671
8.29974402,31.58950322,-3.83368303
7.44257776,32.01713651,-3.83357478
-8.39032620,30.99160008,-6.16005236
-7.61872979,31.49589372,-6.03354743
6.75909117,32.40627251,-3.87396076
-6.76602472,31.75765051,-5.92420287
6.03338695,32.53671401,-3.95417131
-6.01414439,31.97892942,-5.85959696
5.42861201,32.64681105,-4.06312592
-4.99792361,32.17853011,-5.84597549
4.61790102,32.72433846,-4.28296785
-4.12818088,32.40569539,-5.84774967
3.94470250,32.85045812,-4.51165991
-3.31813425,32.56765724,-5.85247991
3.30066783,32.91622813,-4.74810565
-2.57751575,32.80626628,-5.85030626
2.71663494,33.06246413,-4.97341068
-1.85242704,32.89147152,-5.80585607
2.10084116,33.07396400,-5.15299753
-1.15406530,33.05176792,-5.75054105
1.50145710,33.16826671,-5.31534375
-0.46864950,33.07091659,-5.67223929
0.85312742,33.12781493,-5.45588775
0.20551100,33.16284472,-5.58362181
-0.78649970,18.28712457,-6.39135597
-0.20752847,18.17942634,-6.34655965
-1.33525835,18.52456228,-6.43958608
3.84579482,18.13084468,-6.18102227
3.43268920,17.97801027,-6.21330966
2.94034227,17.95482407,-6.23662164
0.36107840,18.04564510,-6.33331914
2.46126432,17.90037461,-6.27054695
1.92948481,17.97940704,-6.25402383
1.40463490,18.03056993,-6.25208490
0.88688665,18.05028048,-6.28187892
-1.90234917,18.72606218,-6.52777387
4.28270537,18.25270536,-6.15625048
-2.48783452,18.98882758,-6.62586298
4.69179828,18.45355889,-6.10670289
5.14534289,18.62548208,-6.06118818
-3.12160173,19.18966627,-6.77154354
-3.83057397,19.41672935,-6.95050512
5.61406573,18.87044536,-6.00478816
-4.65281297,19.55066345,-7.17813185
6.16266336,19.09433123,-5.94534310
6.73820785,19.40316582,-5.84373150
-5.55922769,19.70546875,-7.41134912
-6.61263027,19.81116640,-7.69580695
7.45527696,19.71959062,-5.72973223
7.92330060,20.01136013,-5.63827522
-7.28800014,19.99073965,-7.86809104
8.48520723,20.30623358,-5.54414342
-8.01915380,20.17810528,-8.06645380
-8.60787145,20.60278652,-8.16333995
8.93669949,20.77609984,-5.36643780
9.52075519,21.22876913,-5.20234547
-9.25967057,21.01709938,-8.30203465
-9.65032973,21.91111405,-8.32277554
9.86751094,22.05301085,-4.96075473
10.44674918,22.80558192,-4.81992445
-10.13953832,22.71982750,-8.46263540
10.59209477,23.58617724,-4.67379666
-10.23950050,23.56707171,-8.41065189
10.80461324,24.35029023,-4.58162075
-10.39137819,24.33274770,-8.38992979
-10.34062959,25.11955197,-8.31088755
10.69218865,25.21177371,-4.51609506
10.51440418,26.11376048,-4.47216056
-10.29488929,25.85546931,-8.22648552
10.21628396,27.03618012,-4.43980215
-10.20429061,26.56087933,-8.12652330
-10.12009981,27.26306217,-8.03539422
9.90252856,27.97315206,-4.41709258
9.57733101,28.93056669,-4.40023395
-10.03295246,27.99571646,-7.93572820
-9.94931644,28.76609072,-7.86296301
9.29493948,29.87309593,-4.40754262
-9.57277491,29.51587110,-7.72915541
8.70299360,30.72071792,-4.43044480
3.94230655,18.46743197,-7.03684281
3.54629792,18.33225573,-7.08328616
3.07248469,18.31255881,-7.09129948
-1.16810288,18.94088414,-7.20015956
-0.58915656,18.72419997,-7.16725463
-0.00255704,18.60861618,-7.12410304
-9.22123871,30.33122609,-7.64364319
1.08454017,18.45638007,-7.08365054
1.59296115,18.42501644,-7.07469455
2.09959612,18.35775891,-7.08430665
8.24402541,31.54519233,-4.49060144
0.56296432,18.46197609,-7.11757708
2.61061576,18.26460403,-7.11062130
-1.78193401,19.11378155,-7.27733409
4.36269369,18.57463623,-6.99845481
-8.47151991,30.89013362,-7.47617883
7.40808570,32.02599564,-4.56470478
-2.43441481,19.33531092,-7.37016799
4.75920841,18.75727599,-6.93634955
5.20202678,18.91264097,-6.88075701
-3.15521022,19.49287768,-7.50493198
5.66954908,19.12716931,-6.80710018
-3.97213348,19.66213086,-7.66055302
-7.79182478,31.47350835,-7.35811894
6.74467072,32.44846028,-4.68342858
6.22458600,19.32079710,-6.73961880
-4.89960897,19.75026480,-7.86164749
6.81424833,19.59841366,-6.64585257
-5.89146673,19.87741327,-8.09132101
-7.01356171,31.83141186,-7.23099273
6.02784774,32.60319663,-4.82780303
-6.31225460,32.15131468,-7.13902845
5.42942541,32.73024231,-4.99206506
7.56780740,19.87058229,-6.57311221
-6.97758729,19.97775974,-8.43061016
4.60641546,32.82331172,-5.27919749
-5.31609305,32.46580129,-7.06180958
-7.62142661,20.14596547,-8.66436209
8.05158081,20.12345399,-6.50760832
-4.45051546,32.75907990,-7.00921915
3.91914833,32.96241789,-5.55672549
8.63971312,20.37057455,-6.46942139
-8.29119645,20.32855901,-8.96751089
-3.63295504,32.94673947,-6.95066483
3.25275077,33.04468352,-5.80652811
-8.80437606,20.74347901,-9.18696247
9.08523188,20.80683886,-6.35309689
9.66204188,21.22010331,-6.29357712
-9.34504624,21.17451922,-9.48749806
9.89105210,22.02796490,-6.03748008
-9.56357001,22.04502658,-9.60120032
-2.88015478,33.18182227,-6.90038026
2.63722235,33.20702665,-6.02836222
-2.14709224,33.26479487,-6.82857685
1.98548829,33.25905157,-6.19948385
-1.43355348,33.40266574,-6.76207853
1.34783162,33.38528923,-6.35187505
10.34013999,22.74750876,-5.94020251
-9.87865596,22.87085235,-9.90233939
-0.01722494,33.45525513,-6.58232663
0.66324236,33.38827927,-6.47017128
-0.72296907,33.39955114,-6.67162254
10.34783876,23.49345564,-5.74266535
-9.84622351,23.69662803,-9.95454831
10.43090202,24.20107327,-5.62480329
-9.89621695,24.44072350,-10.04075059
10.28596810,24.98597374,-5.47048099
-9.81323782,25.18629488,-9.94674804
10.09876055,25.80395701,-5.37774830
-9.77013678,25.86472841,-9.84278416
9.80627561,26.65353364,-5.31514841
-9.70574180,26.49894611,-9.70202438
9.49509596,27.52356585,-5.30325591
-9.66032119,27.12102184,-9.59202831
-9.61138464,27.78457436,-9.49566983
9.16887156,28.43820802,-5.33835396
-9.56915544,28.48507655,-9.45799980
8.90514299,29.32695371,-5.46105431
-9.23348114,29.16644565,-9.30771473
8.38256806,30.12456970,-5.56193075
-8.91132656,29.91551623,-9.27218636
8.00157953,30.86795033,-5.77643288
7.24714423,31.32854737,-5.85092016
-8.23755473,30.42311543,-9.05438539
-7.61967498,30.95292276,-8.92366442
6.65228710,31.71824084,-6.02619091
-6.91224205,31.28810678,-8.74311937
5.97778894,31.88713302,-6.17484140
-6.26781051,31.59961898,-8.60675695
5.40948551,32.02710829,-6.34866112
-5.32129052,31.93413827,-8.43639191
4.59627158,32.14844058,-6.62611365
-4.48801782,32.23606815,-8.30641205
3.90139463,32.30367223,-6.87962042
-3.69955292,32.43689742,-8.18307051
3.21172545,32.41497628,-7.09043495
-2.95984890,32.65487423,-8.10498345
2.57139729,32.58657976,-7.29546711
1.89424934,32.68245793,-7.40932322
-2.25126849,32.75931578,-7.98203069
-1.54570749,32.88659117,-7.90306465
1.24492579,32.82216757,-7.54002298
-0.13482376,32.92850376,-7.73372122
-0.84631204,32.89260941,-7.79926922
0.54568825,32.85706023,-7.62286818
1.81433629,15.01613129,0.22940477
2.31440647,15.05184048,0.39357084
2.68153034,15.40233857,0.44831793
-1.26394520,14.46815197,0.02180885
-1.83705052,14.34555155,0.03239961
-2.27943275,14.52543733,-0.07543412
3.05531024,15.73077691,0.53991230
-2.72812214,14.68755637,-0.18893662
-3.19052397,14.82506826,-0.29424730
3.44997564,16.03301763,0.66932675
-0.71689246,14.57571881,-0.00043145
1.32379687,14.94846364,0.10695843
3.88349226,16.30477737,0.83659677
-3.67740882,14.92809601,-0.37002028
4.22252216,16.86918173,0.93254768
-4.04475262,15.28477833,-0.49162673
-0.18672914,14.66808447,-0.02556683
0.83180549,14.85586099,0.01967156
-4.44474730,15.59671252,-0.54932350
4.62381478,17.39811936,1.05604150
0.33308402,14.74315506,-0.04189313
5.11892468,17.88897687,1.20989385
-4.91355922,15.85774944,-0.50893711
-5.51343671,16.07165294,-0.32680660
5.74991998,18.32975616,1.38925794
-5.86992036,16.41933049,-0.21696372
6.16384322,18.83172068,1.42536173
6.67952297,19.29224446,1.45825067
-6.32516141,16.77253662,-0.04721133
-6.91022734,17.15734772,0.15402222
7.31485674,19.70064116,1.48679174
8.08638590,20.04400958,1.50591134
-7.66179718,17.59551653,0.31431819
-7.38589335,18.76791589,0.23023019
8.23467268,21.24811210,1.26265042
8.58704481,22.21025643,1.23205819
-7.39432565,19.95449282,0.17620838
-7.78465239,21.09900565,0.33998314
9.03615285,23.01591542,1.30743438
9.52433378,23.75155260,1.43822499
-8.46385274,22.14296060,0.54376250
-7.99239658,23.19743744,0.49268777
9.19079746,24.68520333,1.27253973
1.55440230,27.98580380,1.29673228
0.88370447,27.81881893,1.21679638
2.21075569,28.05778386,1.27633948
2.84638202,28.19343497,1.27577357
0.20195434,27.71691295,1.14515884
-4.09362259,27.18938478,0.67649108
-4.66583718,27.07002521,0.54736182
-3.32088556,27.23962433,0.71165133
5.64884235,28.72440427,1.49048063
6.20718359,28.81829235,1.63051483
6.61765058,28.80750593,1.63899435
-2.59341834,27.33746931,0.78732519
5.11395373,28.66063890,1.40498220
3.46201150,28.39413155,1.30376592
-0.49615652,27.67356418,1.08348668
-1.89653195,27.48428945,0.89642620
4.58856825,28.63639874,1.36605045
-1.21895396,27.68780246,1.03398119
4.06012552,28.65944159,1.36833222
8.93683326,25.48358580,1.09462961
-7.66032438,24.02684458,0.30034629
-5.28927308,26.98732816,0.43581449
7.05959817,28.81157191,1.68528484
7.55034537,28.82672132,1.77540852
-5.99720374,26.95528242,0.33298791
-6.83316937,26.99381688,0.21567701
8.11111442,28.84654026,1.91200194
8.73614060,26.19748034,0.95737205
-7.42038446,24.67791754,0.04677392
-6.91443972,26.48688232,0.08155926
8.21082303,28.33718784,1.64272117
-7.00842055,26.03933781,-0.02804060
8.31320992,27.84120722,1.36327015
-7.27086235,25.22414444,-0.18511095
8.57708515,26.87470268,0.88439644
8.43027532,27.35608541,1.10263107
-7.12432421,25.62506948,-0.11612538
0.05693993,18.62234628,-7.97507264
0.60329569,18.58086996,-7.91223222
3.10719530,18.29887222,-7.92424899
2.61266111,18.35928118,-7.90169204
2.12948384,18.39238930,-7.89619801
1.12993751,18.50469083,-7.89497107
1.64788390,18.39705456,-7.91504919
3.62361461,18.21016988,-7.95717676
-0.52306233,18.62284695,-8.09344785
4.00130425,18.39953192,-7.87240178
-1.11298020,18.88025688,-8.10856691
4.40047784,18.55969884,-7.79959748
-1.73946513,19.08707550,-8.18222295
-2.42105409,19.24431969,-8.30122237
4.83701601,18.69260447,-7.73706255
5.32779180,18.79985002,-7.68432862
-3.17859751,19.35569646,-8.44235100
-4.01042558,19.59612082,-8.52382840
5.77861837,19.06451217,-7.57897146
6.31743031,19.30592384,-7.48869177
-4.93714294,19.77578559,-8.63280605
6.98233076,19.52939029,-7.42664471
-5.95601158,19.89565299,-8.83515409
-7.03119512,19.99846168,-9.24347918
7.82937178,19.73683954,-7.42883697
8.20428727,20.08303172,-7.35243301
-7.55472561,20.30038294,-9.44896921
8.66928670,20.42056028,-7.32043265
-8.09346053,20.60949312,-9.74270098
-8.66745487,20.92749757,-10.14274435
9.24047107,20.74979833,-7.36052788
-9.31306881,21.25818839,-10.62909917
9.92374056,21.07207519,-7.49382987
-9.30879153,22.12814803,-10.70611179
9.79633176,21.95212312,-7.20798602
9.83605225,22.73552694,-7.03754868
-9.42186875,22.93055801,-10.87830364
10.00925621,23.46819160,-7.01537029
-9.62781122,23.67519682,-11.06307114
10.26430084,24.19149464,-7.10385454
-9.89539911,24.37305993,-11.22549437
-9.76929744,25.11665521,-11.12814046
10.00887691,24.97693145,-6.83966066
9.76669457,25.76431497,-6.66563550
-9.68697773,25.80261063,-11.01968136
-9.62955836,26.45246747,-10.91453082
9.52316458,26.57523279,-6.59116200
-9.58830189,27.09209362,-10.83991458
9.31015674,27.40165038,-6.63344571
-9.35644469,27.73287669,-10.64368254
8.85992086,28.21672609,-6.58373196
-9.14283691,28.40527444,-10.54669223
8.52916807,29.01870417,-6.71386989
-8.93372105,29.13614796,-10.58716357
8.32581236,29.78322113,-7.00689685
-8.72463785,29.93815898,-10.76290436
8.21494266,30.50153846,-7.39674894
-7.97563592,30.26743053,-10.40659098
7.35445496,30.80968428,-7.28425645
-7.30001183,30.62490121,-10.14799224
6.66361736,31.08233264,-7.33140324
-6.68222102,30.98972167,-9.97637731
6.09882103,31.33859086,-7.46511365
-6.11214570,31.34638380,-9.86912980
5.62274225,31.59418723,-7.64356756
-5.14849975,31.57349306,-9.60540666
4.74241277,31.72440764,-7.84700170
-4.30024257,31.80174338,-9.44280609
3.99987141,31.89920097,-8.09602349
-3.52397406,32.05238474,-9.37280565
3.34667768,32.12534823,-8.37879628
-2.77955445,32.33361184,-9.40280890
2.74933049,32.40004106,-8.68853636
2.02197846,32.40081843,-8.72579693
-2.08214023,32.35454717,-9.20974958
-1.39063049,32.41812226,-9.10158827
1.33581645,32.44885128,-8.80491097
-0.68406192,32.52325195,-9.07633622
0.68087393,32.54015112,-8.93529683
0.04618802,32.67131964,-9.12021939
