1.11841067,14.35005471,0.27623168
-0.63859137,14.54106646,0.35768301
1.12777663,14.32773070,0.41934550
-0.63464428,14.52227759,0.50369626
-2.36680810,14.77553753,0.44234849
-2.36963036,14.75669569,0.58948247
-4.03469179,15.02207161,0.55274423
-4.04656249,14.99992054,0.70169945
-5.65488414,15.24736163,0.69454001
-5.67889180,15.22063179,0.84758636
-4.90987007,34.68811896,3.37914003
-3.72318134,34.81594997,3.47921543
-4.94565486,34.68438050,3.50850672
-3.75092745,34.80953139,3.60558528
-2.56108332,34.93786355,3.52454568
-2.58225151,34.92820511,3.64646401
-1.42879191,35.02743361,3.53266237
-1.44514198,35.01416530,3.65037937
-0.31838420,35.08673076,3.52648615
-0.33109564,35.07051868,3.64106857
-7.00614151,15.55129374,0.84807039
-7.04124608,15.51984774,1.00524832
-8.34149759,15.87463049,1.00889874
-8.38559982,15.84060873,1.16945417
-9.67906876,16.20633473,1.14576194
-9.72747023,16.17287223,1.30777673
-11.01946775,16.52238369,1.23032485
-11.06567000,16.49287609,1.39202894
-9.80396799,33.23333993,2.64104670
-8.54313379,33.53250287,2.77792478
-9.85789645,33.24010860,2.76679118
-8.59676115,33.53644247,2.90483628
-7.30027286,33.85284521,2.96665323
-7.34979921,33.85303383,3.09433027
-6.08990560,34.23474218,3.18239488
-6.13263106,34.23167491,3.31076894
-12.11340944,17.08165577,1.30425056
-12.15261143,17.05672727,1.46759885
-13.18287521,17.62249976,1.33164247
-13.21557621,17.59983761,1.49728698
-14.19106666,18.20197849,1.32457679
-14.22206623,18.17840749,1.49245950
-15.13149861,18.87041501,1.27052581
-15.16519708,18.84551797,1.43996014
-15.68053354,19.50048326,1.20116511
-15.71423165,19.47847744,1.37198566
-16.24017608,20.13787885,1.12055514
-16.27437558,20.12235366,1.29064770
-16.80810995,20.76485247,1.05222556
-16.84261153,20.75767388,1.22091750
-17.36632988,21.38492245,1.00626656
-17.40073356,21.38512116,1.17324216
-13.71972501,31.74747743,2.15603448
-12.74341279,32.13934219,2.27907726
-13.76856243,31.75022953,2.26520346
-12.79184777,32.14242999,2.39256130
-11.75940491,32.52217408,2.39224813
-11.80913716,32.52575108,2.51059260
-10.77479167,32.88507242,2.50950798
-10.82642158,32.88996882,2.63225535
-17.39621652,22.27493365,0.91493888
-17.43872446,22.27764085,1.07518297
-17.44569540,23.16507839,0.83710005
-17.49231126,23.16819249,0.98371384
-17.53194914,24.06515867,0.80541035
-17.58357266,24.06795246,0.93867393
-17.65798050,24.97380319,0.81475013
-17.71680958,24.97809984,0.93877438
-17.05477408,25.84587495,0.87980678
-17.10950718,25.84448022,0.99536703
-16.51584797,26.77829966,0.99471259
-16.56698367,26.77379159,1.10497967
-16.02950815,27.75191120,1.14415931
-16.07954562,27.74741031,1.25133920
-15.55195959,28.73773958,1.31190861
-15.60399801,28.73703240,1.41845893
-15.08904937,29.47948880,1.52288909
-15.14058779,29.47948860,1.62960317
-14.61643829,30.21431576,1.73353882
-14.66807699,30.21575366,1.84014434
-14.15562836,30.96701373,1.94686531
-14.20626709,30.96947106,2.05369450
1.10472831,14.40354273,0.14746261
-0.65381020,14.61506232,0.24038953
-2.38008716,14.85052430,0.32492178
-4.04113367,15.08945564,0.42842355
-5.65457016,15.30384166,0.56021437
-4.86882449,34.70024176,3.23601567
-3.69411306,34.83068879,3.34145645
-2.53848299,34.95907245,3.39201652
-1.40850988,35.05430121,3.40455910
-0.30279130,35.11786331,3.40100378
-6.97883309,15.62427624,0.70840873
-8.30509592,15.93072278,0.85313675
-9.63847160,16.24005162,0.97633177
-10.96446935,16.57334338,1.06755127
-9.74734444,33.22841895,2.50728057
-8.48350661,33.52601369,2.65003655
-7.24784835,33.85421857,2.83618367
-6.04338659,34.24336365,3.04429777
-12.08280821,17.09452186,1.13645400
-13.14797843,17.65863534,1.16219202
-14.15068327,18.27784164,1.14228460
-15.09191972,18.95468598,1.08262779
-15.63804423,19.55703087,1.02410767
-16.16937473,20.16834692,0.95753648
-16.69120512,20.78376962,0.89222431
-17.21393066,21.40318522,0.83636481
-13.62358635,31.69328210,2.03557816
-12.66517826,32.09953655,2.15522751
-11.69897488,32.50497470,2.26650718
-10.72426671,32.88145740,2.37853577
-17.28651165,22.28252452,0.75204046
-17.36547704,23.16685791,0.69606570
-17.45332182,24.06445574,0.67926202
-17.54434723,24.97276065,0.69881737
-16.96193970,25.84469919,0.76575895
-16.41320998,26.77356351,0.88600102
-15.90996721,27.73278600,1.03678416
-15.43691769,28.70089049,1.20160489
-14.98610716,29.44668379,1.41416973
-14.53609658,30.19353431,1.62709402
-14.08318815,30.94210328,1.83673925
2.87255924,14.18214542,0.35071226
2.85941495,14.21105922,0.21220593
4.55540474,14.16496891,0.36737554
4.53949067,14.20319965,0.23167427
6.13991575,14.25430386,0.50110958
6.12201988,14.29856004,0.36385594
7.58833078,14.41360605,0.70685313
7.56824263,14.45888362,0.56593149
4.02827443,34.93341093,3.64741272
2.93546936,34.88018553,3.59910367
4.02613256,34.95778130,3.53442899
2.93674088,34.90373266,3.48657034
1.84650453,34.89564035,3.57775896
1.85169642,34.91796124,3.46557281
0.76227222,34.96879355,3.59316702
0.77134436,34.98870558,3.48077524
8.66127515,14.75214288,0.90633251
8.63688696,14.79525527,0.76477634
9.62869461,15.17779764,1.10271835
9.59888700,15.21542274,0.96073106
10.53984491,15.65605844,1.27964840
10.50297832,15.68692279,1.13766328
11.44082317,16.13496892,1.41855677
11.39665846,16.15833810,1.27788648
8.10461469,34.14491231,3.51899744
7.09531433,34.28542154,3.55530967
8.09412926,34.16657460,3.41126589
7.08497937,34.30757765,3.44854072
6.07403857,34.44679331,3.58772334
6.06544320,34.47039743,3.48061869
5.05045079,34.65789546,3.61747964
5.04487302,34.68289305,3.50828909
12.14341546,16.80413199,1.59678531
12.09546140,16.82055018,1.45543220
12.87465240,17.43214507,1.72034630
12.82603962,17.44027738,1.57905679
13.61387671,18.06236058,1.78794980
13.56410645,18.06126831,1.64860652
14.34457378,18.73238527,1.80140558
14.29155719,18.72418993,1.66656628
14.73924866,19.32990897,1.80957966
14.68767360,19.31871523,1.67661514
15.17094265,19.95255178,1.78984665
15.11987133,19.94068994,1.65971647
15.65212002,20.59955347,1.74417586
15.60175066,20.58798728,1.61925141
16.16308053,21.27347821,1.67802566
16.11251323,21.26247301,1.56029057
11.49214505,33.53775687,3.20431280
10.54398975,33.62386290,3.26984686
11.48565561,33.57031189,3.09247605
10.53767141,33.65398498,3.15928427
9.68318209,33.75125956,3.34204338
9.67591514,33.77870772,3.23318806
8.87543484,33.92521022,3.42707274
8.86651902,33.94999985,3.31948573
15.91004584,22.33989463,1.72450378
15.85158151,22.33946879,1.61120822
15.70568778,23.48476799,1.74747428
15.64242730,23.49058395,1.64248248
15.61072737,24.68484769,1.78418439
15.54297329,24.69324890,1.69095736
15.67958277,25.94723581,1.86103246
15.60483498,25.95647127,1.78065246
14.86246038,26.99923560,2.09851575
14.80011109,27.01358036,2.01514227
14.19743614,28.09266256,2.30717016
14.14466342,28.11051266,2.21876173
13.63598924,29.22231533,2.48422981
13.58945133,29.24080906,2.38872794
13.13524690,30.35993690,2.62101715
13.09620404,30.37612810,2.51631422
12.65840585,31.14000895,2.77075416
12.62811935,31.16007521,2.66076534
12.21158041,31.90809327,2.90975560
12.18945195,31.93212156,2.79739352
11.81895286,32.70236394,3.05191183
11.80491340,32.73133778,2.93910305
2.84069865,14.30051242,0.10333201
4.52038094,14.30482319,0.12869690
6.10368258,14.39636361,0.25541763
7.55565235,14.53980780,0.44792811
4.02573129,34.99630436,3.40884797
2.94200409,34.93970584,3.36288652
1.86068049,34.95430823,3.34346847
0.78188862,35.02309308,3.35849020
8.60411356,14.88642115,0.64403947
9.56729970,15.27938697,0.82614626
10.47115696,15.72087448,0.98995397
11.34384243,16.20123214,1.14000608
8.08561963,34.19268795,3.29742589
7.07080356,34.32626263,3.33937722
6.05677486,34.49782297,3.36934870
5.04097562,34.71859573,3.39041632
12.05949521,16.82497547,1.30724743
12.77642386,17.45634558,1.43464538
13.49698795,18.09984506,1.50533950
14.21983981,18.76507347,1.52757461
14.62006442,19.34040436,1.54510073
15.02680156,19.94787850,1.54245037
15.45068927,20.59578359,1.51668849
15.90285707,21.28398987,1.46865184
11.41390346,33.50969731,2.96899741
10.49778577,33.62382014,3.03769838
9.65977692,33.78692332,3.11713671
8.86295865,33.98023985,3.20543273
15.70691954,22.35769823,1.50863344
15.53926968,23.50374081,1.54609571
15.44382325,24.70288163,1.60680287
15.45749615,25.95852528,1.71394900
14.69266317,27.01592357,1.93275867
14.03027286,28.09828916,2.12800430
13.45847902,29.19806927,2.28698016
12.97808860,30.31373300,2.40402331
12.53411021,31.11301813,2.54603759
12.13273827,31.91749924,2.68325579
11.76303810,32.71959010,2.82289709
-1.31895059,34.99589481,2.67763978
-0.21678144,35.08617280,2.68204500
-1.25833149,35.01340537,2.12614008
-0.15604174,35.12668083,2.13756876
0.86284225,35.01781822,2.65294212
0.92470561,35.07732113,2.11977957
-2.44138757,34.87514414,2.65172887
-2.37843916,34.87253833,2.09378597
1.93663420,34.97136396,2.64388656
1.99982971,35.04865353,2.11907091
-3.58323117,34.72474791,2.58930267
-3.51548159,34.70785007,2.02966344
3.01298762,34.97221224,2.66702212
3.07777539,35.06378629,2.14985757
-4.73889227,34.57402073,2.47914599
-4.66658760,34.54902305,1.92620143
4.09339337,35.03325237,2.71856714
4.16107388,35.13161744,2.21138476
-5.90129089,34.10293277,2.30708642
-5.82119194,34.06065405,1.77437534
5.10226286,34.73909276,2.73424968
5.16985842,34.82147658,2.24722883
-7.09943726,33.69677326,2.12118938
-7.01752170,33.63773425,1.61290082
6.11779337,34.49587241,2.74244504
6.18785617,34.55741052,2.27813909
-8.34217998,33.35211002,1.95769503
-8.26754876,33.27802239,1.47261784
7.13829773,34.30196808,2.73377109
7.21510612,34.34081190,2.29056535
-9.62750346,33.04027859,1.83609544
-9.57005945,32.95406883,1.37002841
8.16677459,34.15085973,2.70594938
8.25512684,34.16807624,2.28112033
-10.63001012,32.68941704,1.73337088
-10.59205500,32.59820375,1.28526350
8.95837414,33.93160551,2.63042088
9.05706877,33.93514281,2.22348109
-11.62650198,32.30782838,1.64829411
-11.60673690,32.21299072,1.21649821
9.77069013,33.73395902,2.55435815
9.88058446,33.72588910,2.16119872
-12.60748901,31.89640749,1.56552905
-12.60111292,31.79820446,1.15019671
10.62308503,33.56763228,2.48456785
10.74283697,33.54882746,2.10178288
-13.57388164,31.48541571,1.46970670
-13.57509793,31.38351721,1.06835415
11.54794858,33.44875400,2.42477496
11.67292674,33.41808853,2.04967157
-14.04217166,30.74577487,1.29428504
-14.04267877,30.63880806,0.90751601
11.90086597,32.67961529,2.28891366
12.02871716,32.66268660,1.92264259
-14.50497187,30.01224846,1.10280763
-14.50657247,29.90507774,0.72726382
12.26919139,31.89029039,2.16168835
12.39852308,31.88473258,1.79925645
-14.96507605,29.28178653,0.90524416
-14.96947170,29.17762623,0.53906635
12.66327315,31.09099582,2.04284648
12.79016716,31.09197887,1.68613511
-15.42537933,28.55116176,0.70919854
-15.43357010,28.45187475,0.35273989
13.09442631,30.29221605,1.92655877
13.21392663,30.29486191,1.58121370
-15.90272717,27.59473487,0.55033699
-15.91311500,27.50099892,0.19870342
13.54161477,29.16798842,1.83855309
13.64106290,29.16722185,1.50586248
-16.40296835,26.63746213,0.40282457
-16.41215400,26.54603898,0.05729700
14.08619791,28.05967811,1.71080335
14.16045162,28.05288339,1.40180067
-16.94389893,25.70473210,0.28006834
-16.94628323,25.60966476,-0.06406621
14.73084162,26.96833388,1.53816167
14.78607864,26.95587636,1.25075435
-17.52191173,24.82565196,0.20213461
-17.51549914,24.72251680,-0.14949690
15.48338442,25.89807009,1.33129454
15.52482901,25.87821115,1.05855112
-17.44499201,23.92155536,0.17383151
-17.44708328,23.81938941,-0.18424200
15.47079938,24.61874400,1.19520044
15.50983652,24.58289349,0.90537059
-17.36535716,23.02386227,0.17340012
-17.37405461,22.91962388,-0.19591359
15.57323026,23.40171570,1.10809286
15.61455802,23.35054631,0.79628447
-17.29060767,22.13898216,0.20168154
-17.30291553,22.03074834,-0.18670646
15.75437256,22.23861888,1.05134052
15.80289351,22.17365274,0.72240919
-17.22714287,21.26314208,0.25886534
-17.24246572,21.15190012,-0.15629879
15.97060919,21.14086057,1.00006622
16.03252513,21.05764599,0.66114711
-16.71492197,20.65205694,0.30885067
-16.73444956,20.54601199,-0.11314291
15.52622918,20.44823969,1.02752144
15.59703674,20.36011923,0.67279179
-16.20509584,20.04564037,0.36912950
-16.23122736,19.94442009,-0.05841290
15.10543363,19.79286463,1.03775850
15.18193590,19.69896648,0.67062062
-15.68716808,19.44414041,0.43352097
-15.72300253,19.34850341,0.00235163
14.69892320,19.17502844,1.03025652
14.77812044,19.07233698,0.65384817
-15.15174420,18.84772702,0.49250453
-15.19898014,18.75875404,0.06048555
14.29748478,18.59371947,1.00457361
14.37827062,18.48016175,0.62116644
-14.21550448,18.17221245,0.55818093
-14.27104022,18.09056646,0.12843132
13.56937301,17.93433050,0.96842206
13.65117324,17.81511502,0.57382735
-0.64941604,14.35702991,-0.35684287
1.12400970,14.15639405,-0.43441054
-0.65168431,14.19402763,-0.81221211
1.13423877,14.00528099,-0.87396406
-13.21299322,17.54307363,0.58662431
-13.27332662,17.46075523,0.16074030
2.87595084,14.07612512,-0.45389550
2.89653195,13.94152858,-0.86829008
12.84414318,17.30318615,0.89100560
12.92658871,17.18474364,0.48847566
-2.38801312,14.59409301,-0.27209644
-2.40383147,14.42485690,-0.72922241
-12.14061651,16.96327316,0.56803106
-12.20284640,16.87257936,0.14605740
4.56992537,14.11257721,-0.40242163
4.59851405,13.99798048,-0.79153328
12.12439456,16.68459624,0.76698346
12.20610912,16.57087546,0.36400201
-4.05675757,14.84347462,-0.16228408
-4.08514281,14.67230889,-0.61452391
-11.00887429,16.42785022,0.50123550
-11.06840150,16.32318809,0.08026440
6.16643979,14.23346453,-0.25975235
6.20409852,14.13506424,-0.63419173
11.40983568,16.06934555,0.60872956
11.48960237,15.96142630,0.21094464
-5.67287306,15.07551759,-0.02416200
-5.71140491,14.90748633,-0.46971285
-9.66817608,16.08156483,0.40742963
-9.72180254,15.96396937,-0.01561848
7.62993804,14.39490032,-0.06519945
7.68071615,14.30181444,-0.43931068
10.54304449,15.59191228,0.46512254
10.61884273,15.49113280,0.07362459
-6.99793623,15.42136120,0.13022970
-7.04176556,15.27029038,-0.30651545
-8.32649985,15.75237698,0.27999406
-8.37462734,15.61885317,-0.14899405
8.68222702,14.75199933,0.12978296
8.74337272,14.66025776,-0.24816766
9.64435988,15.14933788,0.30735174
9.71415237,15.05400547,-0.07708616
-1.22795029,35.17494544,1.44257074
-0.11675741,35.31176792,1.46556550
0.97753744,35.27216355,1.46330951
-2.35432883,35.01251484,1.40308168
2.06603959,35.25378351,1.47923293
-3.49654873,34.83338305,1.33958873
3.15772374,35.27775380,1.52698828
-4.65630623,34.66945274,1.24955097
4.25634507,35.34895942,1.60643705
-5.79888308,34.14249199,1.11794786
5.27577044,35.01064887,1.65023475
-6.99088960,33.68640596,0.98810441
6.30383726,34.71388354,1.69698535
-8.24619391,33.29865208,0.87992072
7.34376479,34.46120813,1.73046839
-9.56438568,32.95129401,0.80400644
8.40034407,34.25076902,1.74334577
-10.60366605,32.57838350,0.74110964
9.21489361,33.98994097,1.70893738
-11.63873643,32.18251579,0.68954788
10.05153450,33.75572349,1.66648463
-12.65290322,31.76292626,0.63798717
10.92486940,33.55507636,1.62239180
-13.64188076,31.34591553,0.56849173
11.85946910,33.40023513,1.58120037
-14.09754869,30.57368576,0.42284146
12.21792794,32.65681373,1.47187697
-14.55273263,29.82139596,0.25465853
12.58960740,31.89136217,1.35788906
-15.01112453,29.08354053,0.07645245
12.98088188,31.10857031,1.24805579
-15.47381622,28.35301008,-0.09948803
13.39927361,30.31653739,1.14838550
-15.95096014,27.39746750,-0.25132449
13.80952163,29.18942081,1.07620192
-16.44799282,26.44270281,-0.38345702
14.29953233,28.06945341,0.99490486
-16.97381730,25.50201195,-0.49772434
14.89266105,26.96587275,0.87629978
-17.52923528,24.60290942,-0.58985300
15.60582930,25.88096871,0.70973947
-17.46192438,23.69597621,-0.63417969
15.58292986,24.57034230,0.54399025
-17.39700359,22.79037859,-0.66102521
15.68613903,23.31738105,0.40641423
-17.33097690,21.89249369,-0.67564823
15.87946248,22.12207250,0.30687714
-17.27464594,21.00368992,-0.68048904
16.12258912,20.98292197,0.22922131
-16.76873641,20.40421208,-0.64715085
15.70179049,20.27666004,0.22083842
-16.26822119,19.80773319,-0.60319660
15.29737940,19.60758310,0.20231146
-15.76810155,19.21660679,-0.55017175
14.90035728,18.97034882,0.17295131
-15.25738231,18.63201567,-0.49613281
14.50468494,18.36394433,0.13047410
-14.34464222,17.97548872,-0.42485652
13.78180154,17.68350043,0.06866855
-0.65932463,14.04290801,-1.42398368
1.14397106,13.87209290,-1.45921665
-13.35882767,17.35236781,-0.38914121
2.91676600,13.82293055,-1.41203846
13.06142198,17.04317754,-0.02798003
-2.43411108,14.25443613,-1.34478848
-12.29734642,16.76058032,-0.40125767
4.62468918,13.89655020,-1.29428704
12.34065049,16.42862099,-0.15593369
-4.13937536,14.48562043,-1.22210250
-11.16819847,16.19815306,-0.46689280
6.23915513,14.04771420,-1.11337103
11.61875529,15.82435567,-0.30494228
-5.78741879,14.71355806,-1.06414065
-9.82129884,15.82406338,-0.56548392
7.73560295,14.21440914,-0.91819253
10.73491891,15.36746012,-0.43486953
-7.12927122,15.09180690,-0.88266848
-8.46942669,15.45972563,-0.70915340
8.81972588,14.56562390,-0.73523116
9.81215108,14.94544059,-0.57550750
-1.27831648,35.59189157,0.65685292
-0.13598717,35.73346959,0.69223027
0.99371947,35.67939563,0.70660605
-2.43395684,35.42239269,0.61239705
2.11673725,35.65088517,0.74697308
-3.60548535,35.23819101,0.54998508
3.24319787,35.66992088,0.82196676
-4.79816504,35.07425155,0.47348435
4.37855522,35.73812274,0.92664014
-5.94457971,34.50288624,0.35141403
5.42627286,35.36139170,0.96782808
-7.13806370,34.00483995,0.24966124
6.47833638,35.01870224,1.01247260
-8.39314189,33.57648020,0.17616435
7.54007289,34.71112830,1.04720038
-9.71040845,33.18628660,0.13277559
8.61807444,34.43911751,1.06525383
-10.74556783,32.76592450,0.09386194
9.44617143,34.12841998,1.04808381
-11.79002411,32.33633358,0.05792653
10.29687059,33.84944710,1.02561364
-12.82708327,31.90387910,0.01625650
11.18169305,33.60834424,1.00139103
-13.84525629,31.48734636,-0.04527586
12.11950899,33.41465697,0.97822353
-14.28030483,30.65501045,-0.17300309
12.48307829,32.67602117,0.90560391
-14.71147179,29.84895607,-0.32579364
12.85794992,31.91977388,0.81510042
-15.14645067,29.06618763,-0.49316520
13.24992886,31.14716383,0.71738175
-15.59113275,28.30282509,-0.66101549
13.66538201,30.36333196,0.62230207
-16.05137486,27.31643981,-0.81774583
14.07078117,29.24805982,0.53612519
-16.54040327,26.34727120,-0.94625372
14.53663837,28.12734182,0.46416419
-17.05591967,25.39713610,-1.04896982
15.08976489,27.01850816,0.37851162
-17.59333497,24.48167992,-1.14074857
15.75625900,25.92742463,0.25516121
-17.51482709,23.56339885,-1.19326431
15.71256269,24.60649677,0.09042377
-17.44771821,22.64357744,-1.24445717
15.80436078,23.33380390,-0.07148190
-17.38760830,21.72738763,-1.29292248
15.99546436,22.11421829,-0.20831984
-17.33670158,20.81689165,-1.34541728
16.24767955,20.94850413,-0.31448301
-16.83429527,20.22404138,-1.31593595
15.84546739,20.23058120,-0.34933897
-16.33228812,19.63298116,-1.28453379
15.45834704,19.55029225,-0.38858550
-15.83167820,19.04718447,-1.24697372
15.07431848,18.90064762,-0.43406868
-15.32806596,18.46722103,-1.20386575
14.68698109,18.27912097,-0.48925236
-14.43062430,17.81945754,-1.12756255
13.96907959,17.58207921,-0.56767948
-0.67337386,13.95075290,-2.24374099
1.15182135,13.80651948,-2.23822058
-13.46460834,17.20524444,-1.08707692
2.93273260,13.76654248,-2.12574681
13.25179567,16.92295197,-0.67680071
-2.48178588,14.12193869,-2.16739009
-12.42232639,16.61821220,-1.09847032
4.64087294,13.84736814,-1.94346061
12.52899267,16.29546443,-0.81072428
-4.22530454,14.31139988,-2.02849058
-11.30978036,16.04966181,-1.16728788
6.26026902,14.00605146,-1.72396621
11.79715800,15.68925528,-0.95932769
-5.90953954,14.51154503,-1.84583109
-9.97128133,15.66208325,-1.27044031
7.78116947,14.16731977,-1.52565010
10.88765244,15.25055810,-1.08306505
-7.26917349,14.89566414,-1.63081340
-8.61861559,15.27937127,-1.43001283
8.89968776,14.50086113,-1.35534911
9.93052773,14.85420790,-1.21161183
-1.39367206,36.23640388,-0.20706417
-0.20462334,36.36392573,-0.15907215
0.97512590,36.27758148,-0.13127341
-2.59513521,36.07406466,-0.25447368
2.14893965,36.22547037,-0.06942457
-3.81436179,35.89213855,-0.31294877
3.32886626,36.23496813,0.03079120
-5.06046398,35.73064601,-0.37578404
4.52190500,36.30494267,0.15910920
-6.24627020,35.13338834,-0.50727144
5.61853456,35.90012492,0.19108011
-7.47834670,34.62310776,-0.59922980
6.71351457,35.51606567,0.22057019
-8.76251189,34.19185123,-0.65094979
7.81044843,35.14713375,0.23469082
-10.09086152,33.79433837,-0.66691796
8.91565927,34.79441056,0.23048948
-11.11110171,33.33462717,-0.68282237
9.75587488,34.40752420,0.20837964
-12.14334464,32.85704675,-0.70814755
10.61809822,34.05815416,0.19211840
-13.18649863,32.38551823,-0.75104800
11.51193003,33.75478023,0.18518814
-14.23477090,31.95065455,-0.81605855
12.45081104,33.50622771,0.18941828
-14.65828944,31.02272974,-0.91672137
12.81807933,32.74551908,0.16300327
-15.07122517,30.13125517,-1.03767790
13.20067837,31.98448239,0.11874213
-15.47417689,29.26520301,-1.17970662
13.59825723,31.21536598,0.05471341
-15.87873865,28.42295395,-1.33294257
14.01403012,30.43779153,-0.02185416
-16.28817755,27.34745451,-1.50736369
14.42820744,29.34788604,-0.12019685
-16.74780702,26.32197763,-1.65238671
14.88954394,28.24261961,-0.20666093
-17.24852035,25.34014940,-1.75806246
15.41356906,27.13750150,-0.27989888
-17.76763193,24.39724068,-1.85054850
16.02498676,26.04432176,-0.36118453
-17.65591482,23.45385684,-1.89363985
15.93600694,24.72463890,-0.49700995
-17.56851445,22.50963553,-1.96594669
15.99320411,23.44542218,-0.66219347
-17.49803032,21.56325436,-2.06695106
16.16329367,22.20584213,-0.83025907
-17.44766107,20.61495805,-2.19422213
16.40958530,21.01326963,-0.98078208
-16.94975475,20.02290194,-2.16452037
16.02615155,20.28322387,-1.05623607
-16.44634913,19.43253854,-2.13559283
15.65671517,19.59214796,-1.12433879
-15.94004437,18.84870299,-2.10645470
15.28787805,18.93153466,-1.19097579
-15.43074134,18.27363058,-2.07802909
14.91253124,18.29688887,-1.26244695
-14.53109868,17.63852758,-1.99670614
14.19919102,17.59106544,-1.35999622
-0.68714769,13.97556544,-3.31821779
1.16115971,13.86216690,-3.26623394
-13.57817801,17.03052782,-1.94643180
2.94255428,13.82236819,-3.06130540
13.47617104,16.91977011,-1.48279845
-2.53674259,14.08756938,-3.22762676
-12.55729455,16.44611359,-1.95451050
4.63943138,13.89751364,-2.78387254
12.73633632,16.28074175,-1.62271433
-4.32672796,14.20766929,-3.04912446
-11.46855324,15.87776054,-2.03145575
6.25179194,14.05907739,-2.50214537
11.97880286,15.66810627,-1.77088351
-6.05578060,14.35002881,-2.82543295
-10.14555829,15.48603751,-2.14276089
7.78982073,14.22039242,-2.28937737
11.02696882,15.24432194,-1.88808338
-7.43658336,14.71555984,-2.56121310
-8.79650403,15.09733681,-2.32378233
8.94485429,14.53993899,-2.13093925
10.02250761,14.87011118,-2.00477973
-1.53388009,37.03818118,-1.25947732
-0.29127071,37.14898332,-1.19738501
0.94369298,37.02765715,-1.13637037
-2.78748427,36.88511857,-1.30624315
2.17563104,36.94557305,-1.04022149
-4.06266502,36.70824922,-1.35325883
3.41785539,36.93756816,-0.91386137
-5.37689928,36.55615842,-1.39990376
4.67760304,37.00714015,-0.77194629
-6.62217721,35.94018289,-1.52188295
5.83103348,36.59200821,-0.73077280
-7.91254981,35.42449827,-1.60846372
6.98144838,36.19703765,-0.70433059
-9.24121199,34.99449832,-1.65463962
8.12833960,35.80253552,-0.70145503
-10.59456064,34.59995599,-1.66812476
9.27549882,35.40208799,-0.72093031
-11.61240008,34.13191871,-1.68491253
10.13654723,34.94672886,-0.75604289
-12.64194878,33.65160753,-1.72092880
11.01476678,34.52060814,-0.78156576
-13.68731496,33.16879772,-1.78790465
11.91797189,34.13637820,-0.78653337
-14.75119991,32.70795883,-1.88164533
12.85591428,33.80739771,-0.76450557
-15.16598781,31.69421771,-1.95160848
13.21161249,32.95238358,-0.78272325
-15.58328203,30.71331211,-2.02393840
13.59055892,32.13392521,-0.79276359
-15.99558571,29.76841702,-2.10328172
13.99202897,31.33745649,-0.81159265
-16.39700205,28.84823892,-2.19813390
14.41434721,30.55003392,-0.84680671
-16.77051244,27.66391663,-2.35153751
14.85013788,29.48374573,-0.93493549
-17.17713633,26.52281935,-2.51705861
15.32264216,28.40742149,-1.03156179
-17.64315850,25.44987253,-2.66182517
15.84385536,27.32868922,-1.11857053
-18.14727991,24.44498063,-2.78751010
16.42567503,26.25343699,-1.19175149
-17.97534590,23.44249039,-2.81673222
16.30450579,24.95820968,-1.30286824
-17.83923739,22.45418942,-2.88645803
16.29531924,23.69432182,-1.43583142
-17.73356808,21.46879313,-3.02157650
16.40161014,22.46286268,-1.59770675
-17.66103933,20.47921893,-3.23154670
16.60448960,21.26207837,-1.77490914
-17.14734396,19.87773034,-3.22328897
16.22952880,20.52361602,-1.89942510
-16.63304725,19.27640025,-3.21265231
15.86826950,19.82537654,-2.01084201
-16.11594434,18.67953265,-3.19012665
15.50571110,19.16147854,-2.11175087
-15.59433828,18.09329487,-3.15936227
15.13275162,18.52614372,-2.20881987
-14.67737329,17.45960073,-3.03898859
14.41195404,17.82856947,-2.33257880
-0.69539489,14.15763226,-4.66944684
1.19128829,14.07593558,-4.59917755
-13.71453599,16.86023113,-2.95765230
2.97134979,14.03607089,-4.29562273
13.66723093,17.16357768,-2.47647062
-2.59603144,14.21238847,-4.52731456
-12.69704294,16.28310333,-2.94721363
4.63683954,14.09805673,-3.89226170
12.89175609,16.52680980,-2.63331780
-4.42790056,14.25718621,-4.27094531
-11.62090285,15.72147856,-3.02450655
6.21441667,14.26075661,-3.51568479
12.08700669,15.91570221,-2.79137109
-6.19143223,14.31816298,-3.96282244
-10.30911000,15.33983015,-3.13681577
7.73902251,14.44424365,-3.26758324
11.07660222,15.49818145,-2.90766432
-7.59088414,14.62766867,-3.62508982
-8.96187240,14.97222931,-3.34121130
8.90901837,14.78170257,-3.11781641
10.02138813,15.12344099,-3.01213442
-1.62796553,37.61421234,-2.12368275
-0.34134383,37.72315337,-2.05807502
0.93595663,37.58523852,-1.97234060
-2.92281883,37.46120749,-2.16890277
2.20874214,37.48168921,-1.85155820
-4.23933630,37.28716570,-2.20949056
3.49056888,37.44969918,-1.70999491
-5.60127864,37.14774378,-2.24947493
4.78878920,37.50107429,-1.56648989
-6.88624745,36.53205522,-2.35557090
5.97042114,37.06838674,-1.49436065
-8.21521783,36.02149748,-2.43696690
7.14829071,36.66491098,-1.44473686
-9.57427815,35.59342381,-2.47940821
8.31886442,36.26159595,-1.42079511
-10.94342468,35.19087870,-2.49128512
9.48650805,35.84840718,-1.42037221
-11.95535639,34.69480169,-2.50199257
10.36105916,35.37120574,-1.43918000
-12.97310620,34.18503581,-2.54762643
11.25254722,34.91857578,-1.45685665
-14.00568575,33.66843623,-2.64657770
12.16676892,34.50157673,-1.45896646
-15.06489164,33.17202071,-2.78589532
13.11004830,34.13116940,-1.43560393
-15.48437557,32.14111070,-2.85343217
13.46989083,33.21220347,-1.46302097
-15.90945328,31.14354043,-2.90150546
13.84693064,32.32821174,-1.47042105
-16.32482863,30.16847680,-2.93962890
14.24365748,31.47995574,-1.47021485
-16.73730906,29.21650947,-2.98052778
14.66434650,30.66155157,-1.47749775
-17.14638329,28.01399992,-3.07602044
15.11066367,29.59396610,-1.55123016
-17.57348231,26.83646003,-3.20794241
15.59457157,28.52931844,-1.64373936
-18.03009915,25.69740415,-3.36071476
16.11917668,27.46848947,-1.73837977
-18.52282654,24.62331288,-3.51653274
16.69378685,26.41643129,-1.82023801
-18.29898061,23.54889490,-3.54214557
16.58320784,25.16620517,-1.93826755
-18.12446087,22.51268520,-3.60490127
16.54952565,23.92642678,-2.05737870
-17.98768524,21.49289998,-3.73980268
16.60352797,22.71385865,-2.19627162
-17.88886398,20.47690666,-3.96789427
16.74760999,21.53101676,-2.36087728
-17.34536726,19.86567136,-3.95983865
16.35874032,20.79860136,-2.50090669
-16.80947846,19.25674702,-3.96492203
15.98767077,20.10068188,-2.63173394
-16.27448946,18.65174380,-3.96861643
15.61779894,19.43566012,-2.75275031
-15.73599415,18.05380309,-3.95953931
15.23792736,18.80191340,-2.86862975
-14.80091262,17.40141081,-3.81537865
14.50258038,18.11372817,-3.01141742
-0.71615934,14.28413933,-5.51054815
1.18788868,14.23187433,-5.45888921
-13.82394482,16.78753873,-3.68498508
2.97511344,14.21554874,-5.14354471
13.73261671,17.46187304,-3.17017831
-2.63684618,14.31781770,-5.33974962
-12.79822572,16.20616989,-3.63051509
4.63324843,14.28314987,-4.70884804
12.92584873,16.83407298,-3.34570589
-4.48807847,14.34048186,-5.05999542
-11.71927144,15.64744199,-3.68247137
6.18775793,14.45161075,-4.29545673
12.08810556,16.22432246,-3.52726864
-6.26706735,14.36301823,-4.70507893
-10.40677295,15.27972126,-3.78137565
7.68938175,14.65834513,-4.02745724
11.04689091,15.79531184,-3.66418166
-7.67598189,14.62960423,-4.31377776
-9.05524509,14.93735571,-3.99605835
8.85303264,15.02371038,-3.87902662
9.97185511,15.39681844,-3.77780258
-1.68850101,38.02813776,-2.87430092
-0.36325587,38.14092346,-2.81906005
0.94814076,38.00508672,-2.72209586
-3.02082872,37.87649407,-2.90944941
2.25127405,37.89526010,-2.58949548
-4.37351050,37.71203652,-2.93766649
3.55883869,37.84587892,-2.43876931
-5.77045804,37.58885849,-2.96509780
4.87940595,37.87353322,-2.28769617
-7.08800896,36.98792869,-3.03632856
6.07530541,37.41905625,-2.15798558
-8.44067258,36.48205009,-3.10477895
7.26662301,37.00215699,-2.06328275
-9.81293336,36.04706662,-3.14981494
8.44652935,36.58814075,-2.00465562
-11.18528675,35.62883550,-3.17768780
9.61951948,36.16254641,-1.97714335
-12.19281610,35.11005637,-3.19021567
10.49477636,35.66710357,-1.97338675
-13.20316181,34.57342396,-3.23575764
11.38811560,35.19531502,-1.97669042
-14.22493992,34.02189904,-3.34131127
12.30529404,34.75800816,-1.97240468
-15.27365008,33.48689904,-3.49809719
13.25067726,34.36495677,-1.94830532
-15.68943112,32.43094423,-3.56716054
13.62206582,33.42498647,-1.97074895
-16.11731246,31.41804945,-3.62552520
14.00809029,32.51006324,-1.97816117
-16.54358234,30.44010745,-3.65665777
14.40924745,31.62501449,-1.97138550
-16.96004633,29.48038208,-3.66935610
14.82825041,30.77246783,-1.96167863
-17.37589895,28.27128245,-3.72910721
15.27567764,29.69062430,-2.02344753
-17.82817555,27.08947918,-3.82329640
15.76309024,28.62600156,-2.10781043
-18.31298115,25.93896184,-3.95782639
16.29039167,27.57238379,-2.20345743
-18.81260925,24.82961789,-4.12579815
16.86099836,26.53220695,-2.29344829
-18.55904098,23.69955792,-4.12549704
16.75890362,25.32316065,-2.42281801
-18.36050391,22.61733231,-4.17196363
16.72331563,24.11379027,-2.54405147
-18.20461513,21.56611267,-4.29226410
16.75512212,22.92008478,-2.67077484
-18.08808470,20.52846965,-4.51013487
16.85901251,21.75381369,-2.81829015
-17.52077871,19.90659318,-4.48880259
16.44984385,21.03028469,-2.95596841
-16.96378845,19.29052071,-4.49320016
16.06026961,20.33854913,-3.08985495
-16.41070498,18.68029865,-4.50784781
15.67539601,19.67695564,-3.21822263
-15.85682091,18.07737145,-4.51955911
15.28341855,19.04443757,-3.34223340
-14.90405126,17.41712599,-4.39802727
14.53393486,18.35653547,-3.49310029
-0.74808403,14.35413328,-6.02024544
1.15514110,14.32377248,-5.98520652
-13.91187245,16.78694176,-4.25282050
2.94101852,14.33735692,-5.67478086
13.74519930,17.70748355,-3.65440781
-2.66775257,14.37839357,-5.83752999
-12.87582578,16.18944646,-4.15478636
4.59928024,14.42432844,-5.24070731
12.91615030,17.08399942,-3.83231739
-4.52434604,14.39995623,-5.56010625
-11.79084968,15.62455734,-4.17054272
6.15009347,14.60399332,-4.83525601
12.05543199,16.47629153,-4.02223409
-6.31336594,14.41624620,-5.20856353
-10.47434015,15.26489343,-4.24821282
7.63934506,14.82961229,-4.56618831
10.99588197,16.03793058,-4.17089712
-7.73006676,14.66072828,-4.79925874
-9.11691602,14.94228880,-4.46421838
8.79414747,15.21909649,-4.40884261
9.91188178,15.61895215,-4.29746474
-1.72052437,38.31587479,-3.51552140
-0.36714505,38.43138353,-3.46966150
0.96873914,38.30441639,-3.37463070
-3.08091042,38.17073240,-3.54610159
2.29358989,38.19833066,-3.24544611
-4.45977003,38.02033907,-3.56688590
3.61809395,38.14134862,-3.09772924
-5.87736328,37.91132675,-3.58317018
4.95107434,38.15000830,-2.94445365
-7.21809526,37.32547473,-3.61764921
6.15572186,37.67847183,-2.75497222
-8.58664959,36.82163776,-3.66947265
7.35583604,37.24932692,-2.60008889
-9.96731039,36.37506776,-3.71755062
8.54225370,36.82901475,-2.48884014
-11.34147211,35.93768166,-3.76484753
9.71746682,36.39756360,-2.42301052
-12.34919702,35.40014764,-3.77457557
10.58819050,35.88760045,-2.39391764
-13.35473523,34.84141138,-3.81461470
11.47667030,35.39878129,-2.38336863
-14.36840622,34.26331964,-3.91303273
12.39012491,34.94355391,-2.37306489
-15.40911011,33.70141883,-4.06597520
13.33170124,34.53088141,-2.34870829
-15.83247628,32.63887965,-4.11098250
13.70859829,33.57541821,-2.36046436
-16.26485604,31.61595140,-4.16923098
14.10464594,32.64945864,-2.36351494
-16.69553267,30.62807243,-4.21291051
14.51387837,31.74699507,-2.35388148
-17.12219671,29.66643640,-4.22792935
14.93741965,30.87251272,-2.33548247
-17.54444682,28.46191509,-4.28213752
15.38545390,29.77502830,-2.38916089
-17.99371065,27.27520233,-4.35546804
15.87227176,28.70490677,-2.46410758
-18.48370624,26.11860518,-4.47769883
16.39927714,27.65334425,-2.55585429
-18.99004105,24.99695849,-4.65358110
16.96707765,26.61886113,-2.64987436
-18.73834444,23.84435607,-4.61524339
16.86837559,25.43673491,-2.79008451
-18.52928624,22.72935299,-4.63364693
16.83127856,24.25436711,-2.91820840
-18.36497858,21.65146277,-4.72819663
16.85478581,23.08101835,-3.04178552
-18.23933320,20.59592016,-4.92309043
16.93768114,21.92846082,-3.17714493
-17.65851343,19.96458661,-4.88035469
16.51321106,21.21215716,-3.30848085
-17.08801679,19.34141880,-4.87555689
16.10733993,20.52537217,-3.43912716
-16.52173307,18.72618073,-4.89107412
15.70766445,19.86743029,-3.56807744
-15.95485416,18.11981625,-4.91262044
15.30288575,19.23761042,-3.69526820
-14.98819844,17.45656838,-4.81603698
14.54007058,18.54910887,-3.85058917
-0.78113461,14.40314146,-6.35501613
1.11622204,14.38575156,-6.33127925
-13.98383096,16.82061836,-4.69022486
2.89850944,14.41981996,-6.03288648
13.73704579,17.89879729,-4.01086977
-2.69384216,14.42126437,-6.17218816
-12.93727375,16.21134974,-4.57872972
4.55454341,14.52651496,-5.59842794
12.89319873,17.27432551,-4.18393764
-4.54970119,14.44282712,-5.90439034
-11.84517703,15.63491213,-4.56176525
6.10432660,14.72144331,-5.19772805
12.01783287,16.66584608,-4.36980852
-6.34418085,14.46268172,-5.56884230
-10.52445513,15.27678397,-4.61760562
7.58820453,14.96416337,-4.93055071
10.94673430,16.22055498,-4.51775564
-7.76768437,14.69994504,-5.16608958
-9.16122990,14.96634578,-4.82852876
8.73828880,15.37097116,-4.76545812
9.85617435,15.78877503,-4.64724643
-1.73661635,38.51689466,-4.02101337
-0.36431942,38.63272847,-3.97922388
0.98818787,38.51409794,-3.89397778
-3.11631509,38.38103201,-4.05383685
2.32809872,38.41428923,-3.78031510
-4.51269732,38.24535458,-4.07531480
3.66402789,38.35483163,-3.64865716
-5.94148997,38.14743892,-4.08767349
5.00429618,38.35051245,-3.50413801
-7.29501149,37.57203172,-4.10128994
6.21471261,37.86844697,-3.27597302
-8.67166048,37.06617784,-4.14438417
7.42096892,37.42931439,-3.06801591
-10.05722492,36.60728772,-4.20198667
8.61278769,37.00378277,-2.90423004
-11.43399910,36.15094645,-4.27581671
9.79003611,36.56952256,-2.79528606
-12.44602223,35.59800811,-4.28648119
10.65751036,36.05265565,-2.73235174
-13.45055258,35.02167235,-4.31574456
11.54082244,35.55295182,-2.70336748
-14.45920737,34.42472074,-4.39274692
12.44811297,35.08331954,-2.68656784
-15.49489681,33.84618371,-4.52497527
13.38312233,34.65377085,-2.66133763
-15.92894309,32.78653036,-4.53478967
13.76068907,33.68456663,-2.66164044
-16.37051435,31.76230322,-4.57863077
14.16222187,32.74983785,-2.65803115
-16.80839101,30.76964844,-4.62360494
14.57947405,31.84025728,-2.64550862
-17.24206083,29.80250244,-4.65006479
15.00894268,30.95379307,-2.62270136
-17.67572068,28.60322287,-4.71978369
15.46047825,29.84649039,-2.67316914
-18.12408494,27.41747195,-4.79360679
15.94600299,28.76900162,-2.73986150
-18.60017925,26.25340611,-4.91211902
16.47131174,27.71668454,-2.82595835
-19.09491568,25.12186561,-5.09858439
17.03641379,26.68528920,-2.91996664
-18.84809878,23.96044724,-5.02564752
16.93850167,25.52084602,-3.06781540
-18.64082204,22.82871599,-5.01456283
16.89909948,24.35753729,-3.20338001
-18.47389638,21.73144274,-5.08122953
16.91660184,23.20227771,-3.32897488
-18.34523044,20.66190403,-5.24762829
16.98859816,22.06283007,-3.45745132
-17.75989458,20.02345248,-5.17886046
16.55453123,21.35250278,-3.58349125
-17.18168885,19.39429813,-5.15988409
16.13686127,20.66939272,-3.70943801
-16.60720169,18.77445027,-5.17064660
15.72558851,20.01413316,-3.83642031
-16.03182388,18.16441745,-5.19506006
15.31060820,19.38613032,-3.96419304
-15.05457808,17.49926023,-5.11616160
14.53715897,18.69756857,-4.12308949
-0.81043592,14.44340733,-6.58937691
1.08057531,14.43370280,-6.57302494
-14.04122335,16.86184140,-5.01455571
2.85970227,14.48089591,-6.28928188
13.72358564,18.04567155,-4.28299087
-2.71562633,14.45764285,-6.41250585
-12.98647255,16.24805059,-4.91361749
4.51366136,14.60077317,-5.85810758
12.86953269,17.41927003,-4.45117309
-4.56910216,14.47815750,-6.15676182
-11.88766710,15.66353332,-4.88364837
6.06306264,14.80867181,-5.45908478
11.98478102,16.80824436,-4.63044235
-6.36684309,14.50125156,-5.83990478
-10.56303477,15.30338094,-4.92194590
7.54463842,15.06580729,-5.19186599
10.90701549,16.35678225,-4.77473106
-7.79565546,14.73820233,-5.45256607
-9.19480512,14.99829604,-5.12380156
8.69316296,15.48528655,-5.02300092
9.81223763,15.91523697,-4.90315140
-1.37138367,35.02254008,3.09513324
-0.26740461,35.09619197,3.09504733
0.81457695,35.01203944,3.05813604
-2.49787902,34.91700641,3.07602156
1.89059870,34.95175660,3.04512306
-3.64696138,34.77876416,3.01891091
2.96913199,34.94230760,3.06536265
-4.81210379,34.63844472,2.90919816
4.05078085,34.99965131,3.11266142
-5.98076127,34.17575799,2.72396867
5.06288562,34.71526374,3.10882794
-7.18141761,33.77932779,2.52334822
6.07834078,34.48558962,3.09916170
-8.41907001,33.44366508,2.34540865
7.09488491,34.30563529,3.07640919
-9.69110198,33.13941205,2.21107564
8.11527431,34.16604471,3.03865447
-10.67841725,32.79043107,2.09392832
8.89869682,33.95204024,2.95231231
-11.66201810,32.41154904,1.99396891
9.70211754,33.75834821,2.86816078
-12.63431348,32.00344065,1.89586431
10.54629833,33.59540261,2.79212733
-13.59591507,31.59538443,1.78701161
11.46634806,33.48085137,2.72685320
-14.06051177,30.85149583,1.59890351
11.81684454,32.69949072,2.58621652
-14.51881668,30.11144832,1.39757976
12.18543784,31.90245898,2.45330725
-14.97392451,29.37326932,1.19168678
12.58303496,31.09968708,2.32552404
-15.42933178,28.63482485,0.98667793
13.02127164,30.30044009,2.19614084
-15.90398086,27.67163978,0.82391980
13.48698962,29.18073123,2.09288538
-16.40582327,26.71331775,0.67398447
14.04839045,28.07739434,1.94682515
-16.95165367,25.78282557,0.55214328
14.70406745,26.99081410,1.76034092
-17.53326366,24.90847376,0.48029863
15.46440374,25.92731308,1.54568135
-17.44814088,24.00219022,0.45672282
15.45172380,24.66157952,1.42544075
-17.36370068,23.10486772,0.46566273
15.55066512,23.45506010,1.35395434
-17.28664234,22.22109455,0.50957773
15.72471351,22.30195085,1.30864014
-17.21916747,21.34454241,0.58400717
15.92954889,21.21811844,1.26401933
-16.70144372,20.72894184,0.63776019
15.48017642,20.52816010,1.30351094
-16.18491518,20.11777754,0.70099071
15.05698544,19.87702186,1.32276519
-15.65898562,19.51056114,0.76699689
14.64987660,19.26579047,1.32148125
-15.11666092,18.91006018,0.82631862
14.24838011,18.68954820,1.30046443
1.11405025,14.29369211,-0.10308044
-0.65060110,14.50180890,-0.01594829
-14.17672250,18.23243756,0.88920997
2.85704465,14.20002656,-0.13773609
13.52222447,18.02882149,1.27284710
-2.38139811,14.73922225,0.06898895
-13.17321448,17.60744938,0.91310202
4.54325566,14.21819590,-0.10232613
12.79878805,17.39218575,1.19991977
-4.04451409,14.98430264,0.17501820
-12.10364143,17.03714094,0.89065219
6.13219403,14.32326884,0.03092672
12.08026965,16.76720929,1.07461405
-5.65760051,15.20792773,0.30934270
-10.97820131,16.51179189,0.82285235
7.58809309,14.47601448,0.22462950
11.36578863,16.14717499,0.91139292
-6.98126391,15.53945648,0.45962232
-9.64500332,16.17379385,0.73082595
8.63678349,14.82830965,0.42082590
10.49754534,15.66712386,0.76345396
-8.30802736,15.85643889,0.60600020
9.59782836,15.22425016,0.60150805
-1.74502827,38.66137931,-4.40253231
-0.36022155,38.77599586,-4.36143218
1.00337916,38.66333010,-4.28603488
-3.13775151,38.53472165,-4.44074013
2.35364828,38.56914500,-4.19123247
-4.54561863,38.41208238,-4.46728982
3.69765170,38.50937730,-4.08175334
-5.98044325,38.32193022,-4.48103127
5.04290232,38.49624834,-3.95282466
-7.34106137,37.75275341,-4.48714409
6.25741312,38.00726269,-3.70676130
-8.72070945,37.24302323,-4.52965621
7.46763106,37.56092243,-3.46319301
-10.10768009,36.77188781,-4.60121267
8.66360539,37.13136661,-3.25616966
-11.48636826,36.29967387,-4.70340497
9.84255772,36.69497992,-3.10636129
-12.50469356,35.73527486,-4.72082269
10.70790215,36.17394175,-3.00954819
-13.51121614,35.14566939,-4.74009076
11.58730763,35.66799476,-2.95896410
-14.51765429,34.53513968,-4.79180248
12.48949521,35.18899893,-2.93238905
-15.55082606,33.94635079,-4.89607945
13.41829781,34.74680394,-2.90483201
-15.99385079,32.89205692,-4.86713738
13.79417037,33.76578692,-2.89466945
-16.44491148,31.86999505,-4.89211283
14.19811930,32.82321892,-2.88421824
-16.89138465,30.87648605,-4.93125687
14.62088721,31.90882132,-2.86821023
-17.33235645,29.90630982,-4.96192834
15.05600523,31.01664002,-2.84276034
-17.77532738,28.70870818,-5.05041270
15.51164289,29.90372169,-2.89281837
-18.22869827,27.52582114,-5.13672339
15.99747154,28.82092174,-2.95411650
-18.69419673,26.35851053,-5.26152484
16.52068396,27.76649850,-3.03440048
-19.16973690,25.21794034,-5.45684122
17.08318696,26.73639926,-3.12642367
-18.91420515,24.04900682,-5.36187412
16.98477187,25.58421278,-3.27795296
-18.71161239,22.90900886,-5.32515909
16.94306301,24.43369763,-3.41999615
-18.54586998,21.79982182,-5.36766542
16.95556008,23.29227084,-3.54942260
-18.41678919,20.71952005,-5.50766021
17.01985603,22.16483763,-3.67540796
-17.83193649,20.07632024,-5.41095011
16.58019218,21.45999752,-3.79814598
-17.25052073,19.44247518,-5.37580896
16.15472320,20.77991318,-3.91987251
-16.67122869,18.81870293,-5.37914952
15.73515069,20.12650004,-4.04421311
-16.09034981,18.20566446,-5.40249362
15.31237054,19.49985291,-4.17133443
1.05061879,14.47212669,-6.74756914
-0.83473925,14.47693362,-6.75967523
-15.10600984,17.53783298,-5.33438247
2.82745553,14.52827225,-6.47921118
14.53118082,18.81065875,-4.33298941
-2.73353414,14.48896088,-6.59114734
-14.08596683,16.90024126,-5.25315426
4.48016296,14.65679199,-6.05385717
13.71023708,18.15790872,-4.49382155
-4.58446705,14.50866768,-6.34788655
-13.02542614,16.28539979,-5.17000067
6.02962916,14.87374730,-5.65607056
12.84926626,17.52969950,-4.65877085
-6.38426804,14.53366830,-6.04795302
-11.92112076,15.69704043,-5.14115363
7.51058340,15.14188436,-5.38864864
11.95821831,16.91603205,-4.83229268
-7.81739061,14.77165259,-5.67802481
-10.59328311,15.33438484,-5.17088234
8.65898731,15.57079212,-5.21840749
10.87649578,16.45933319,-4.97275039
-9.22114763,15.03047396,-5.36234477
9.77913050,16.01019365,-5.09865627
