0.13470747,13.33944548,1.14244432
-1.27461781,13.35430539,1.19299877
0.15047433,13.27190506,1.36994490
-1.25512243,13.27534239,1.41691981
-2.54958613,13.28392430,1.25069135
-2.52595401,13.19302360,1.47840314
-3.69734442,13.15769647,1.32808617
-3.67130675,13.05663318,1.55542320
-4.75796937,13.01118471,1.42315876
-4.73183345,12.90422831,1.64955876
-5.87685031,33.82562259,2.11301640
-4.63860885,34.06100795,2.17453625
-5.85850804,33.76966654,2.32226149
-4.62527797,34.00861640,2.37814084
-3.40285466,34.22410091,2.24279519
-3.39205722,34.17965854,2.43662517
-2.11227455,34.31093411,2.29214745
-2.10299268,34.27627875,2.47785522
-0.75923056,34.33783091,2.31089955
-0.75180925,34.31474240,2.49196034
-5.62202592,12.99818595,1.49112199
-5.59811265,12.88848514,1.72083996
-6.47080591,12.96102861,1.57194838
-6.45012019,12.85123851,1.80556915
-7.31910344,12.89569716,1.67058456
-7.30309626,12.79126493,1.90092821
-8.16595157,12.80623646,1.77736916
-8.15512841,12.70792402,2.00518297
-10.39022097,31.12338800,2.29983653
-9.33264303,31.86271240,2.16370344
-10.36190515,31.08335834,2.52643470
-9.29983791,31.81530346,2.39213039
-8.20262667,32.55534373,2.09521523
-8.17236900,32.50344204,2.31635200
-7.03327968,33.20674168,2.08094512
-7.00848702,33.15074523,2.29725737
-8.89270701,13.06688626,1.88588038
-8.88828034,12.97303420,2.11299550
-9.61595673,13.30444352,1.98031430
-9.61912381,13.21202094,2.20645825
-10.33325216,13.52816027,2.05341491
-10.34649840,13.43251392,2.27683534
-11.06890796,13.73539063,2.10714142
-11.09292865,13.63665611,2.32702005
-11.55823318,14.03094253,2.12577140
-11.58776773,13.93375301,2.34739399
-12.07745890,14.32210003,2.14454138
-12.11209983,14.22668254,2.36698181
-12.63742647,14.59741840,2.16959795
-12.67785553,14.50465574,2.39008544
-13.25888258,14.85389613,2.19341749
-13.30500196,14.76284681,2.41272601
-13.42775150,28.24287000,2.63508798
-12.61521650,28.98260228,2.56110049
-13.42143424,28.20743536,2.86136306
-12.60249218,28.94736543,2.78610393
-11.86443402,29.71314832,2.46603878
-11.84463098,29.67607413,2.69444592
-11.12893911,30.42647681,2.37012875
-11.10394130,30.38765037,2.59922491
-13.53601756,15.85707492,2.20007894
-13.58496402,15.77101975,2.42288086
-13.87692719,16.84285187,2.24619962
-13.92970349,16.76073339,2.47306872
-14.28807812,17.81443955,2.32675270
-14.34742271,17.73718583,2.54918586
-14.78031523,18.77472193,2.41998833
-14.84816305,18.70067080,2.64229673
-14.50929286,20.16562661,2.44746159
-14.56705025,20.10279475,2.67086009
-14.29401963,21.53708012,2.46857544
-14.34271291,21.48315316,2.69674743
-14.13840992,22.88339408,2.47110332
-14.17860775,22.83770722,2.69948208
-14.03217038,24.20785353,2.42707459
-14.06352937,24.16707910,2.66425533
-13.86879306,25.23727318,2.51782383
-13.89082904,25.19863919,2.75168558
-13.71617573,26.25426278,2.57467089
-13.72789331,26.21662114,2.80591614
-13.57862455,27.25787630,2.61341999
-13.58002390,27.22129522,2.84164603
0.11982799,13.39997398,0.88862126
-1.29249630,13.42618590,0.94567329
-2.57053777,13.36471707,1.01196448
-3.72132039,13.24995091,1.09092728
-4.78334226,13.11180433,1.18522389
-5.89771093,33.88918560,1.90606446
-4.65290827,34.11943428,1.97615999
-3.41370241,34.27427251,2.05162210
-2.12117006,34.35090693,2.10390682
-0.76603990,34.36578543,2.12794841
-5.64624088,13.10567882,1.24753414
-6.49222195,13.06763260,1.32855850
-7.33728850,12.99695172,1.42302119
-8.17894395,12.90207351,1.53107787
-10.42611687,31.17178159,2.06990778
-9.37337188,31.92068897,1.93819630
-8.23928345,32.61713536,1.87353584
-7.06288311,33.27175960,1.86578584
-8.89970479,13.15668425,1.64061744
-9.61387021,13.39441863,1.73730546
-10.32357876,13.61738338,1.81232538
-11.05046346,13.82553984,1.87015014
-11.53190053,14.12242539,1.89043699
-12.04553087,14.41013495,1.91001894
-12.60551288,14.68201622,1.93726248
-13.22601042,14.93446129,1.96712746
-13.44641315,28.28669982,2.40082343
-12.64050617,29.02664815,2.33078166
-11.89340983,29.75843785,2.23368971
-11.16602882,30.47561184,2.13942923
-13.49112515,15.93932290,1.97103108
-13.82450253,16.92483605,2.01261030
-14.23213905,17.89134991,2.09119000
-14.72241521,18.84597278,2.19020154
-14.45454333,20.22833025,2.21111685
-14.25286582,21.58952423,2.23184188
-14.10850807,22.92989630,2.22774653
-14.01042788,24.25140844,2.17817685
-13.85679334,25.27959939,2.27487204
-13.71561418,26.29594210,2.33740706
-13.58047581,27.29847761,2.37772583
1.64875788,13.12608578,1.36065319
1.63743617,13.18226898,1.13288749
3.14744226,12.86648516,1.36996934
3.14304831,12.91540397,1.13289699
4.57702668,12.49827524,1.39457327
4.58209379,12.54249406,1.14891163
5.90211040,12.06654725,1.44627945
5.91734193,12.10045525,1.19589362
4.96062181,33.62372216,2.26247442
3.51567870,33.80547832,2.29615914
4.96210988,33.61307774,2.07733872
3.51417255,33.80143426,2.11830611
2.07684348,33.99679028,2.35661691
2.07314507,34.00139732,2.18157200
0.65309060,34.16812944,2.43462583
0.64757091,34.18151256,2.25514865
6.91548057,11.83510366,1.47991037
6.93643416,11.85622219,1.23018617
7.81772577,11.69236754,1.53488413
7.84084427,11.70370756,1.29337835
8.62620316,11.65973974,1.62174815
8.64924579,11.66592034,1.37844104
9.37185958,11.71425325,1.73061378
9.39047769,11.72129766,1.48931828
10.05883522,31.74628905,2.67567607
8.94115602,32.32158852,2.57206361
10.05903737,31.74443910,2.43977476
8.94705229,32.31718171,2.34563676
7.70300762,32.79151007,2.44229227
7.71028093,32.78315187,2.22922465
6.35383824,33.18475546,2.31673883
6.35906439,33.17326772,2.11474375
9.96726904,12.11999113,1.86429491
9.97828054,12.13051006,1.62377222
10.55868722,12.54720502,1.99302974
10.55938847,12.56389079,1.75935927
11.15946740,12.99807075,2.11773337
11.14866567,13.02251571,1.88697562
11.79148766,13.46925866,2.23320788
11.76966027,13.50103163,2.01002335
12.20698687,13.93294629,2.29157927
12.18095024,13.96584896,2.07248435
12.65427202,14.41066678,2.34865942
12.62415243,14.44510298,2.12991100
13.14431033,14.89604931,2.39378080
13.11097967,14.93226158,2.18220048
13.69977113,15.39207812,2.43551629
13.66332158,15.43100347,2.22649859
12.94220628,29.04215748,2.70243760
12.25353420,29.75224991,2.70186203
12.91904323,29.04676864,2.47829280
12.23724061,29.75740307,2.47069718
11.56044384,30.44880760,2.68878694
11.55096470,30.45445940,2.45131637
10.83079201,31.11370752,2.67989108
10.82705038,31.11704894,2.43862641
13.88217088,16.39641934,2.40048937
13.84267216,16.42832254,2.19020312
14.11547567,17.42444212,2.36824321
14.07220145,17.45016892,2.15471078
14.40233875,18.47617385,2.34542350
14.35193406,18.49633160,2.13499423
14.74927822,19.54483843,2.34395053
14.68947065,19.56019018,2.12982813
14.37995449,20.73832197,2.25593486
14.32532432,20.74134143,2.04694919
14.08973462,21.97334854,2.21994527
14.03886785,21.96862975,2.01079946
13.86524934,23.25913062,2.21558862
13.81740811,23.24982377,2.00301073
13.68317878,24.59418767,2.22294981
13.63902720,24.58447189,2.00903013
13.49544640,25.68180717,2.37810376
13.45545752,25.67513539,2.16085593
13.31457926,26.79427560,2.51025534
13.28056161,26.79220275,2.29409060
13.13760784,27.92357457,2.61822299
13.10984470,27.92545078,2.40128205
1.62570609,13.22946501,0.87543440
3.13729849,12.95294583,0.87013319
4.58563672,12.57430180,0.88346235
5.93164083,12.12046334,0.93095630
4.96590795,33.60864309,1.89082851
3.51427745,33.80406546,1.93862320
2.07061897,34.01119106,2.00741606
0.64290172,34.19948987,2.07541860
6.95743088,11.86467734,0.96632443
7.86609761,11.70173933,1.03468627
8.67551322,11.65715712,1.12512013
9.41438543,11.71323101,1.23591815
10.06660837,31.75113802,2.19662298
8.96112173,32.32484951,2.10837053
7.72348893,32.78426407,2.00661896
6.36841056,33.17065411,1.90956743
9.99582918,12.12675894,1.37289042
10.56666282,12.56880085,1.51012516
11.14653550,13.03461514,1.64232262
11.75658620,13.52192617,1.77121304
12.16082886,13.99040288,1.84306056
12.59988814,14.47004091,1.90654882
13.08664194,14.96117674,1.96342740
13.63785651,15.46400149,2.00860195
12.90542263,29.05922660,2.25068268
12.23047706,29.77097904,2.23070808
11.55025754,30.46799926,2.20334437
10.83395982,31.13182719,2.19111512
13.80716115,16.45448748,1.97338509
14.02843207,17.47064114,1.94069885
14.30422810,18.51173963,1.91784495
14.63862525,19.57209194,1.91272850
14.27322893,20.74074304,1.83034054
13.99413356,21.96290612,1.79284461
13.77699452,23.24247944,1.78361650
13.60160113,24.57789143,1.78286869
13.42254764,25.67271082,1.93650686
13.25353208,26.79436135,2.06810958
13.08402037,27.92903795,2.17309097
0.35579453,14.74129826,-7.13646720
-0.89373310,14.56995514,-7.03643335
0.33387994,14.76179103,-6.88825992
-0.92194483,14.59885395,-6.78473121
-2.07164866,14.31711968,-6.96301274
-2.10525149,14.35615663,-6.70873591
-3.17226517,14.02517247,-6.93447697
-3.21036572,14.07149640,-6.67941131
-4.21125409,13.72945531,-6.94924456
-4.25229344,13.78054012,-6.69738811
1.63666934,14.88641422,-6.98649766
1.65077625,14.87194652,-7.22962248
2.94286987,14.85720152,-7.07024383
2.94782857,14.84705202,-7.30956809
4.21703674,14.65809317,-7.14980488
4.21091234,14.65160133,-7.38858811
5.43324728,14.34218246,-7.22998636
5.41475304,14.33892937,-7.47223008
-0.38287436,34.77996021,-7.93944660
-2.09686656,34.34149540,-7.93767069
-0.37838569,34.74631801,-7.62272962
-2.09401905,34.30364300,-7.61211056
-3.82493770,33.87972096,-7.92381134
-3.82460286,33.83497571,-7.58908601
-5.58500714,33.40704581,-7.94110350
-5.59163195,33.35607086,-7.60904570
-7.39095268,32.98360698,-8.05193304
-7.40984683,32.92895816,-7.73832154
1.35415254,34.61403000,-7.58980793
1.34490055,34.64262247,-7.90444962
3.00475285,34.40502402,-7.58707080
2.98847870,34.43322815,-7.90283366
4.52407011,34.11959576,-7.64748031
4.50456923,34.14941479,-7.96690689
5.95450900,33.80809246,-7.77355426
5.93965443,33.84285300,-8.09263866
-5.10039310,13.70902409,-6.98719996
-5.14267554,13.76173095,-6.73639351
-5.97049952,13.70468421,-7.04597422
-6.01326976,13.75565352,-6.79683144
-6.83544880,13.72447189,-7.12799735
-6.87781063,13.77014627,-6.87983710
-7.70714327,13.77641307,-7.23330400
-7.74762339,13.81759378,-6.98236158
6.44775346,14.23415602,-7.28914449
6.41899311,14.23210628,-7.53898133
7.37985642,14.13229523,-7.35178805
7.34204933,14.13044456,-7.60922766
8.23277428,14.05907663,-7.42790514
8.18786581,14.05569034,-7.69079111
9.02302671,14.01875287,-7.52323658
8.97415585,14.01005511,-7.78984529
-9.01186243,32.14342063,-8.12221246
-9.04063335,32.10378172,-7.82672793
-10.47755667,31.35407610,-8.18211426
-10.50829757,31.33098172,-7.90561268
-11.76114814,30.53975083,-8.22629337
-11.78667216,30.52823799,-7.96682757
-12.89340472,29.66566471,-8.30104853
-12.90805138,29.65357920,-8.05250441
7.32601482,32.94719258,-7.84772646
7.31853612,32.97698392,-8.16997515
8.69572258,31.97103487,-7.95706131
8.70119897,32.00235841,-8.27011017
10.10433085,30.81704638,-8.11746296
10.12517878,30.85704465,-8.40972558
11.60209528,29.61668114,-8.31065113
11.63786482,29.67652767,-8.58542400
-8.58577292,13.99689507,-7.36874029
-8.62300713,14.03448591,-7.10996480
-9.49033043,14.25036329,-7.51582231
-9.52252968,14.28578787,-7.24770847
-10.43030863,14.54417612,-7.66155619
-10.45626995,14.57820086,-7.38455286
-11.41707065,14.88207267,-7.81193116
-11.43337356,14.91617791,-7.52884983
9.74794935,14.14654980,-7.63403787
9.69936609,14.12881523,-7.90704189
10.45206676,14.30971378,-7.76687108
10.40927633,14.28149597,-8.04551932
11.16386068,14.51819935,-7.92512133
11.13232260,14.48176542,-8.21367405
11.92127569,14.78982691,-8.12420946
11.90675904,14.75057448,-8.42414962
-14.52761770,27.27673784,-8.55063857
-14.11279840,27.87561647,-8.47636719
-14.52878091,27.25818837,-8.31392155
-14.11828268,27.86012734,-8.23651077
-13.70552507,28.47498570,-8.40981154
-13.71483168,28.46222589,-8.16719110
-13.30129601,29.07283738,-8.35097836
-13.31332392,29.06102918,-8.10523876
14.14680333,27.12026020,-8.75006566
13.50673354,27.65412803,-8.62168866
14.18612933,27.22322356,-9.01752010
13.54518860,27.74447640,-8.89134992
12.86978271,28.25771793,-8.50586562
12.90737772,28.33565398,-8.77644963
12.23383233,28.91601308,-8.40221805
12.27052222,28.98388137,-8.67451594
-11.97225320,15.25347488,-7.88779201
-11.98408564,15.28430192,-7.60051435
-12.55495124,15.62991255,-7.97608941
-12.56009444,15.65836093,-7.68716638
-13.17075655,16.00150417,-8.07747567
-13.16847851,16.02670158,-7.79155562
-13.82197254,16.35489941,-8.19080256
-13.81174067,16.37628963,-7.91234476
12.34628713,15.14099118,-8.22774824
12.34212129,15.10756545,-8.53509907
12.81855663,15.52182366,-8.34906213
12.82517430,15.49791987,-8.66151184
13.35095178,15.94042585,-8.49092607
13.36921873,15.93165585,-8.80099463
13.95458275,16.41127277,-8.64538159
13.98400206,16.41897861,-8.94504355
-14.10344831,17.07702602,-8.22397101
-14.08581842,17.09344994,-7.94486543
-14.40256363,17.80897079,-8.26617362
-14.37761785,17.82090416,-7.98926169
-14.71033749,18.55162536,-8.31500229
-14.67906393,18.55927915,-8.04141635
-15.01717085,19.30695690,-8.36965619
-14.98026853,19.30995240,-8.10037418
14.13305736,17.17362563,-8.65302719
14.17509040,17.19445104,-8.95795453
14.34572481,17.95811841,-8.67603308
14.40042294,17.99347360,-8.98363623
14.59215202,18.76598591,-8.71401217
14.65823482,18.81648837,-9.02284159
14.86781574,19.59816470,-8.76655744
14.94399358,19.66423583,-9.07384790
-15.04367590,20.37005319,-8.39699659
-15.00984820,20.36736240,-8.13110221
-15.05814419,21.46641225,-8.43112079
-15.02877275,21.45963935,-8.17114731
-15.05667907,22.59749440,-8.47131409
-15.03046710,22.58636429,-8.21693248
-15.03560813,23.75903344,-8.51319269
-15.01244743,23.74386496,-8.26543681
14.83378985,20.60504085,-8.76047723
14.90902209,20.68272399,-9.07311605
14.81775778,21.64285877,-8.76888298
14.89078014,21.73045334,-9.08052171
14.80816024,22.70907425,-8.78471947
14.87939785,22.80644809,-9.09323887
14.79617356,23.80722897,-8.80763415
14.86486988,23.91269407,-9.10778468
-14.91639919,24.62298875,-8.52002519
-14.89991625,24.60705809,-8.27556228
-14.79108707,25.49900815,-8.52776819
-14.78148314,25.48262947,-8.28643310
-14.66036787,26.38393633,-8.53699470
-14.65714462,26.36695101,-8.29825863
14.65433503,24.58969899,-8.78553061
14.71497666,24.69366827,-9.07930471
14.50181877,25.40030495,-8.76916617
14.55389735,25.50347275,-9.05540590
14.33412072,26.24219267,-8.75810513
14.37810002,26.34444204,-9.03450056
5.98207628,33.81514822,-7.43574726
7.35152804,32.95954240,-7.50643647
8.71094768,31.98378656,-7.62460989
10.10226939,30.82444165,-7.80948167
11.57938986,29.60431610,-8.02411048
5.45034130,14.32634266,-6.98312272
6.47674812,14.21643401,-7.03061328
7.42019628,14.11312979,-7.08112057
8.28310917,14.04065697,-7.14658757
9.08027385,14.00648458,-7.23394167
14.11033748,27.05403605,-8.46846719
13.47278413,27.60545687,-8.33885424
12.83868841,28.22450194,-8.22294183
12.20682093,28.89547719,-8.11877637
11.94741477,14.82621850,-7.80600192
12.36037695,15.17665120,-7.90114167
12.81919613,15.55343855,-8.01661728
13.33731751,15.96430884,-8.15484984
13.92832724,16.42140580,-8.31572418
14.09186028,17.17302762,-8.31709337
14.29136407,17.94488730,-8.33628403
14.52573952,18.73846172,-8.37490838
14.79195162,19.55540757,-8.43232940
-13.80650142,16.41117537,-7.60681016
-14.07108097,17.12513336,-7.63919906
-14.35435455,17.84850735,-7.68692968
-14.64874773,18.58218560,-7.74638274
-14.94389412,19.32831337,-7.81326196
14.75782744,20.55460291,-8.42192681
14.74329664,21.58460651,-8.43019665
14.73736018,22.64434580,-8.45301402
14.72821619,23.73478047,-8.48593214
-14.97584427,20.38107913,-7.84814592
-14.99792290,21.46892681,-7.89468700
-15.00374766,22.59178933,-7.94992850
-14.98896895,23.74520147,-8.00694692
14.59500304,24.52132574,-8.47182313
14.45136429,25.33427024,-8.46510371
14.29179127,26.17721165,-8.46470714
-14.88340712,24.60864883,-8.02145866
-14.77184410,25.48329401,-8.03642232
-14.65417390,26.36655817,-8.05272708
-14.53058893,27.25656708,-8.07123311
-0.37642084,34.75523650,-7.28303895
1.36236480,34.62773941,-7.25417587
3.02259970,34.41848162,-7.25204680
4.55005315,34.13226555,-7.30972571
0.31110356,14.76541670,-6.63771204
1.62091264,14.88359225,-6.74130208
2.93574628,14.84980606,-6.82953635
4.22088671,14.64651406,-6.90868638
-0.95028212,14.61205404,-6.52735449
-2.13829543,14.38089563,-6.44379409
-3.24742329,14.10672764,-6.40870608
-4.29226026,13.82316296,-6.42709300
-2.09542758,34.31152777,-7.25771266
-3.83007779,33.83933502,-7.22229715
-5.60379358,33.35466742,-7.24535793
-7.43030816,32.91519527,-7.40260731
-9.06753493,32.09981675,-7.51410617
-10.53603191,31.33764142,-7.61701856
-11.80877163,30.54225377,-7.69793704
-12.92115947,29.66416418,-7.79641875
-5.18419602,13.80889491,-6.46576710
-6.05557205,13.80201241,-6.52875670
-6.92049937,13.81175225,-6.61349897
-7.78952732,13.85405984,-6.71380144
9.80706436,14.14545682,-7.33919910
10.50725564,14.32274110,-7.46605989
11.20809923,14.54469448,-7.61773845
-8.66276148,14.06673207,-6.83392839
-9.55906210,14.31612594,-6.96035971
-10.48769542,14.60916609,-7.08428379
-11.45766085,14.95065166,-7.21977820
-12.00371611,15.31896287,-7.28530222
-12.57324796,15.69468179,-7.36872624
-13.17200844,16.06386772,-7.47632107
-14.12401634,27.86316135,-7.99080828
-13.72359326,28.46919745,-7.91740779
-13.32460893,29.07085371,-7.85239416
0.71143649,35.21612090,0.10373780
-0.80159800,35.54201179,0.15705492
0.64946024,34.63892574,0.98487235
-0.80570713,34.89139556,1.02468888
-2.26023417,35.59986854,0.14906307
-2.20229604,34.93077834,0.99532486
2.24261735,34.88161474,0.02294749
2.12473529,34.37713893,0.91885426
-3.68073211,35.57478673,0.10500599
-3.54312595,34.89835326,0.93366432
3.80127915,34.55028589,-0.11479219
3.62396310,34.10863679,0.81020461
-5.09751545,35.44244581,0.03050556
-4.85303364,34.77181950,0.84430995
5.38788484,34.28870675,-0.27975389
5.14664340,33.88100468,0.67949746
-6.58047545,35.21468228,-0.02813043
-6.20237178,34.55515582,0.76556511
-7.95959407,34.51745207,-0.07359254
-7.47432226,33.90385689,0.70897885
6.95807508,33.86009937,-0.40072646
6.64252201,33.45766969,0.59420322
8.47683735,33.51599265,-0.46860024
8.08842365,33.11401822,0.57583280
-9.27931002,33.74803662,-0.08809895
-8.73207404,33.19245691,0.69761115
-10.45897697,32.89944696,-0.07724112
-9.89983548,32.41544994,0.73313268
9.84431970,33.03143622,-0.52575171
9.39008235,32.67197685,0.56980548
-11.50419606,31.98746240,-0.04192716
-10.94682454,31.57332748,0.81804217
11.02835949,32.35703674,-0.56143550
10.51920070,32.06886734,0.58382371
-12.12854407,31.24393107,-0.05017632
-11.62538319,30.85120042,0.85285266
11.71305443,31.68217672,-0.61095104
11.23542782,31.43946205,0.55217753
-12.73890279,30.48438667,-0.05664492
-12.28593456,30.11110788,0.90146143
12.31935386,30.94102211,-0.63034921
11.87607657,30.73829681,0.56263901
-13.36339315,29.71480507,-0.07204199
-12.95969988,29.36027284,0.95243323
12.87672311,30.15847452,-0.62553091
12.46319004,29.98631133,0.61117676
-14.03359386,28.94081212,-0.10015302
-13.68585875,28.60663685,0.98821714
13.42992496,29.36602560,-0.60650596
13.04301029,29.21715187,0.67076796
13.53166739,28.16989687,-0.68099070
13.17217660,28.05583060,0.60012292
-14.10481413,27.89870510,-0.16977671
-13.78190594,27.60658408,0.93513479
-14.18129613,26.84458894,-0.24409019
-13.87948584,26.59374975,0.87271948
13.64146629,26.97576961,-0.75928387
13.30291063,26.89378146,0.51280061
0.81441348,35.77155457,-0.61606676
-0.77145481,36.13961394,-0.56130564
-2.31053057,36.16713015,-0.56133294
-3.82436333,36.09765397,-0.59758913
2.40731497,35.37993893,-0.70581311
4.01702878,34.98674648,-0.85681394
-5.34967061,35.90962143,-0.66259964
-6.94785451,35.63432763,-0.71635607
5.64558035,34.67902636,-1.03666841
-8.39900776,34.87425996,-0.76885311
7.25119410,34.18880838,-1.17785147
-14.27093891,25.78089648,-0.32406350
-13.98568098,25.56917053,0.79884920
13.77339430,25.80210122,-0.84386480
13.44763448,25.74986784,0.40637496
8.78717151,33.74372112,-1.28922599
-9.73847833,34.03629901,-0.81525488
-10.90755297,33.12076142,-0.85767472
10.16021490,33.12198953,-1.40351381
-11.94597944,32.15451971,-0.89011670
11.34930134,32.31995156,-1.49751210
13.93628283,24.65918851,-0.93389378
13.61722278,24.63556319,0.28261056
-14.38312446,24.71068100,-0.41169771
-14.10885056,24.53467481,0.70748655
-12.51869082,31.39997972,-0.94567921
11.98541973,31.59549652,-1.57410941
-13.08475043,30.63185585,-1.00802614
12.56272038,30.82654645,-1.62391018
14.03585569,23.22700553,-0.93800737
13.73871341,23.25393353,0.29107762
-14.39781236,23.35184357,-0.41604268
-14.13412069,23.21138175,0.72741914
-14.46180202,21.99968661,-0.43491704
-14.20642698,21.88604048,0.72400678
14.18750256,21.85587986,-0.93357737
13.91041061,21.93963222,0.30746786
-13.66824205,29.85496487,-1.07974009
13.11361102,30.03680147,-1.65025894
14.40052260,20.56023616,-0.90824907
14.14494174,20.70014265,0.34893827
-14.58153048,20.65022804,-0.46292552
-14.33533554,20.55389680,0.70679124
-14.29784441,29.07647836,-1.16408231
13.67884086,29.25448063,-1.66396331
-14.75886695,19.29887120,-0.48978127
-14.52559399,19.21080458,0.69673532
14.68380703,19.35437587,-0.84995673
14.45723753,19.54076147,0.43794273
-14.35964405,28.00813859,-1.23555816
13.79741605,28.07499764,-1.73092414
14.42704832,18.20336976,-0.88190945
14.15457815,18.46499104,0.41712718
-14.33964393,18.30280965,-0.56522759
-14.06529946,18.26149707,0.59508284
-13.98064792,17.28033025,-0.63628407
-13.67924912,17.29301608,0.51440171
14.23413247,17.08695957,-0.90122109
13.91284799,17.41890865,0.41533148
-14.43042743,26.93032673,-1.30885446
13.92326059,26.90026050,-1.79369550
0.94827855,36.22197890,-1.30149647
-0.71629537,36.59292494,-1.25484695
-2.34306064,36.54308439,-1.25785385
2.60043700,35.79575908,-1.39348502
-3.94995304,36.38187855,-1.29367859
-13.67370449,16.22956067,-0.68487975
-13.35908645,16.30035754,0.47500611
14.08944047,16.01954667,-0.90724388
13.72329888,16.41129374,0.43191638
4.24920016,35.35049116,-1.55581112
-5.57000950,36.09938556,-1.36105947
-14.51897463,25.84660672,-1.38711527
14.06725927,25.74437648,-1.85774308
5.89791663,34.98826865,-1.75485109
-7.24640102,35.74252154,-1.43915902
-8.73178320,34.90559611,-1.52720152
7.49997692,34.38507938,-1.92768767
13.98287458,15.00599300,-0.90194455
13.57998490,15.44387458,0.46337251
-13.41470366,15.15733909,-0.69820623
-13.10067769,15.28749135,0.48644216
-10.06628118,33.99819283,-1.63805797
9.00629496,33.77562149,-2.09518352
10.34794946,32.98831400,-2.26561716
-11.22659930,33.03259988,-1.75718130
14.23583259,24.61734023,-1.92350919
-14.63429374,24.76118104,-1.46924946
13.52931169,14.34027803,-0.98170168
13.07989016,14.87790365,0.37122677
-12.79263309,14.77611955,-0.74779093
-12.50261512,14.99168457,0.43479313
-12.26842118,32.03223806,-1.87411135
11.52999187,32.06003489,-2.40799347
13.13191402,13.70204257,-1.05883628
12.64436392,14.32822399,0.27603366
-12.23250858,14.38684214,-0.79045063
-11.96823560,14.67881474,0.39539034
-12.80393887,31.28528523,-1.97153813
12.13267144,31.30803845,-2.49797761
-11.71996018,14.00412331,-0.82273350
-11.48163311,14.35889122,0.36675079
12.76798526,13.09368345,-1.12978832
12.25477424,13.79355755,0.17805434
-14.66562595,23.38253220,-1.46671560
14.33748476,23.17959080,-1.92445475
12.42302264,12.51451910,-1.19560815
11.89611801,13.27510337,0.08472754
-11.24114203,13.63711185,-0.85189207
-11.02748011,14.03983714,0.34512894
12.70160008,30.53124471,-2.56566512
-13.34030511,30.52765185,-2.07584917
11.83599193,11.87272330,-1.30549295
11.33108930,12.70400100,-0.07076571
-10.48890283,13.36501257,-0.92901703
-10.32439331,13.80911776,0.27348229
14.48506102,21.79154631,-1.92211978
-14.74778696,22.01335762,-1.47513045
-9.75385637,13.11939209,-1.02262555
-9.63441017,13.57821054,0.18811856
11.22309894,11.30370705,-1.40100296
10.77634590,12.17076920,-0.20292926
13.26471273,29.75067212,-2.61533692
-13.89852576,29.76539302,-2.18666636
-9.00977840,12.89659939,-1.13563912
-8.93428887,13.34444692,0.08329118
10.56329624,10.80388993,-1.48811600
10.20810373,11.67609000,-0.31839296
-14.88286806,20.65171534,-1.49495190
14.69036137,20.46909664,-1.90715395
-8.25072588,12.68334320,-1.25984663
-8.21967610,13.10295035,-0.03416494
9.84080354,10.37502394,-1.57259579
9.60357030,11.22909141,-0.41724792
13.85430757,28.99315157,-2.65762632
-14.50198222,29.00512128,-2.30669442
14.96393898,19.22680832,-1.86919431
-15.06971020,19.29291110,-1.52088291
-5.65861511,12.90460455,-1.57337034
-4.77798422,12.88924382,-1.63082698
-5.70169588,13.28492731,-0.41289317
-4.83224520,13.27428884,-0.50050186
5.63345736,11.09251098,-1.88925376
6.80087299,10.70893015,-1.82935770
5.86813199,11.75914267,-0.74662833
6.96183375,11.42781404,-0.67205352
-3.71322644,12.99299265,-1.69477045
-3.76327784,13.37924295,-0.61978780
4.23068986,11.68148650,-1.92423928
4.47458028,12.28994607,-0.82296451
-6.52658745,12.86806087,-1.49372265
-6.55037407,13.25529445,-0.30436967
7.89866009,10.43327754,-1.74595885
7.94488786,11.21063349,-0.58670362
8.91438502,10.32603995,-1.65930643
8.81964266,11.15108371,-0.50384538
-7.39313335,12.78477505,-1.38756945
-7.39088734,13.18870785,-0.17488664
2.82279699,12.15228499,-1.90139261
3.01990085,12.72343754,-0.83790148
-2.57641494,13.02760199,-1.74487868
-2.60851648,13.43406965,-0.71320903
1.40288214,12.51905195,-1.86351868
1.52976012,13.05381222,-0.83774477
-1.33884827,12.96337858,-1.78859388
-1.33616933,13.40939753,-0.78541767
-0.00142969,12.78980793,-1.83071726
0.05549943,13.28729924,-0.83226282
14.01128569,27.86287888,-2.69985093
-14.69923921,18.26569259,-1.55948056
14.74375562,18.04003160,-1.89041497
-14.56791417,27.93988533,-2.35938213
-14.37372336,17.20623430,-1.60374726
14.58756828,16.88777659,-1.90370057
14.16724989,26.73768882,-2.73746585
-14.64512724,26.86773641,-2.41451480
-14.08783876,16.11413964,-1.64227863
14.47809370,15.78399283,-1.90778520
1.10328656,36.47056080,-2.08003713
-0.63236589,36.80290068,-2.04224797
-2.33974100,36.63585832,-2.04089827
2.80349916,36.04164550,-2.16665793
-4.02719163,36.34679407,-2.07643024
-14.74101946,25.79275227,-2.47256106
14.32912061,25.62872519,-2.77663141
-5.71642912,35.94000780,-2.16167837
4.47239107,35.56435774,-2.32788855
-13.83974613,14.99548248,-1.66682907
14.40313071,14.73456801,-1.90561803
6.11300911,35.14883468,-2.53868692
-7.42736124,35.47736156,-2.30091086
7.67688085,34.40797196,-2.74486058
-8.92527974,34.57200555,-2.45210361
-14.86368740,24.71889429,-2.53419282
9.13063880,33.62559007,-2.96385572
14.50378349,24.54508588,-2.82274620
-10.26772199,33.63503327,-2.64070930
13.96282311,14.02605991,-1.96591958
-13.19149371,14.53220699,-1.69614082
10.44001439,32.68827084,-3.18395750
-11.45460627,32.67410711,-2.83604242
-12.59831674,14.06835456,-1.72910931
13.57016975,13.35970388,-2.02833347
-12.04857144,13.62105948,-1.75839257
13.20373225,12.73542009,-2.08890277
11.63641120,31.65085555,-3.37651295
-12.53522241,31.68625164,-3.02526381
14.60260809,23.13982425,-2.81256260
-14.90897340,23.34629154,-2.50997354
12.84979954,12.15110796,-2.14885807
-11.53213041,13.20091240,-1.78826942
-13.05010811,30.97018722,-3.14287087
12.22612177,30.88693267,-3.47898660
12.21420299,11.52772940,-2.25313747
-10.70257683,12.88747901,-1.85132066
14.73665488,21.77584824,-2.81414683
-15.00279487,21.98493825,-2.49581906
-9.89604222,12.63360900,-1.92861115
11.53750148,10.99609643,-2.35057043
12.80335552,30.11525312,-3.56177208
-13.56685653,30.24263607,-3.26489442
10.79502694,10.54636154,-2.44396720
-9.08541750,12.43543484,-2.02075360
-15.14233537,20.63597161,-2.49381354
14.91821088,20.46896834,-2.81914299
9.97435694,10.17511401,-2.53714644
-8.26586095,12.27099950,-2.11872750
-14.10045435,29.50880292,-3.39405224
13.38627505,29.35333640,-3.63154978
-7.37263553,12.40574444,-2.20972928
8.94944979,10.16406232,-2.63158743
-6.48212268,12.51935927,-2.28391766
7.84598392,10.29551137,-2.71938129
-5.60094062,12.57654942,-2.33732620
6.68393796,10.57317922,-2.78905114
-4.71541396,12.57160287,-2.37612337
5.47743056,10.92930299,-2.82857398
4.07475085,11.49188508,-2.83096286
-3.66063928,12.70586589,-2.42100098
-2.54228926,12.75811754,-2.46882678
2.69333160,11.93206810,-2.77679428
15.15881539,19.23335653,-2.82087558
-15.32407499,19.29578954,-2.50634457
1.31724323,12.27375892,-2.69467719
-1.33403578,12.69976264,-2.53088219
-0.03801812,12.52715763,-2.61139123
13.99498727,28.62482782,-3.69868791
-14.66608126,28.77296984,-3.53331094
14.95113261,18.07331401,-2.82758317
-14.99870310,18.27583929,-2.48915564
14.17904641,27.55656368,-3.70793771
-14.74295205,27.73271683,-3.55326547
-14.70630324,17.22356794,-2.48868208
14.80274279,16.94769980,-2.84012929
-14.82899822,26.68779745,-3.57641904
14.34887946,26.49546829,-3.71665764
14.69781553,15.86765666,-2.85469967
-14.44159859,16.13889205,-2.50217633
-14.93031565,25.64226509,-3.60354111
14.51209247,25.45060932,-3.73314004
-0.52200229,36.58676683,-3.05311445
-2.28139939,36.29107400,-3.03234911
1.25462897,36.32807787,-3.08926083
14.62399992,14.83822060,-2.86856776
-14.20221643,15.02906433,-2.52547972
-4.02347328,35.87494653,-3.06255478
2.97570007,35.93894346,-3.17008009
4.63582183,35.47007630,-3.32512485
-5.75140310,35.35546638,-3.17861731
-7.47105900,34.81758079,-3.41103088
6.23587814,35.02372367,-3.54779714
-15.05311130,24.60047568,-3.63412291
14.67653644,24.43022425,-3.76350563
-13.54779238,14.50645362,-2.52012993
14.18315540,14.13524651,-2.89971691
-8.99183870,33.90785805,-3.63848270
7.73543070,34.16611291,-3.77281041
13.78577095,13.48110767,-2.93976360
-12.93481234,13.98891723,-2.53684657
-10.38437210,33.02303439,-3.90172363
9.12863825,33.24687709,-4.02626685
-12.35584289,13.49704967,-2.56768233
13.41251042,12.87418623,-2.98641918
14.76401411,23.09116885,-3.74081565
10.41701842,32.19849395,-4.29946188
-15.10454957,23.25840740,-3.57546742
-11.63267106,32.12927288,-4.15450812
13.04941164,12.31214503,-3.03507362
-11.80414686,13.04458215,-2.60395715
11.65257198,31.08427507,-4.55934647
-12.75601528,31.18083878,-4.38419473
-10.89721097,12.70571449,-2.66363766
12.37992002,11.72981564,-3.11909185
14.87591729,21.78744639,-3.74294316
-15.19391676,21.93082605,-3.52775505
-10.01862947,12.46066615,-2.73320099
11.66251056,11.25050039,-3.20342481
12.23976119,30.32787777,-4.67187489
-13.23902942,30.49922894,-4.49859775
-9.14582928,12.30029567,-2.80895002
10.87104058,10.85702939,-3.28710229
15.02565112,20.53205010,-3.76540888
-15.31716811,20.62154916,-3.49719543
12.82454887,29.57672837,-4.75884676
-13.71591175,29.80134917,-4.61698752
-8.27613463,12.19028768,-2.88592749
9.99608527,10.54060576,-3.37480260
-7.36034249,12.34926423,-2.94469398
8.93491167,10.54764199,-3.45639932
-6.45685721,12.48394603,-2.98736848
7.80614179,10.67463880,-3.53217736
6.62887271,10.91770593,-3.59298192
-5.56835143,12.55562476,-3.01630066
-4.67851097,12.56018904,-3.03896374
5.41431820,11.21534523,-3.62749346
-3.62817356,12.72330064,-3.06551543
4.01808713,11.72674807,-3.61371785
-15.46926187,19.32880590,-3.48962594
15.22321222,19.33765662,-3.80394202
-2.51772079,12.80183395,-3.11338727
2.64603922,12.12545692,-3.54243832
-14.19624585,29.09251395,-4.74194404
13.41410776,28.84543170,-4.82830868
-1.32305249,12.76994643,-3.19710341
1.28661467,12.42234785,-3.43204909
-0.04675325,12.62752808,-3.31176071
14.01867265,28.15291858,-4.89443389
-14.68891673,28.37757690,-4.87553413
15.01838152,18.25104432,-3.79682000
-15.17678636,18.35543824,-3.41799155
14.20734257,27.15595539,-4.86118516
-14.78641988,27.38525626,-4.86433929
14.86506757,17.19412791,-3.80585214
-14.90473612,17.35711089,-3.37009945
14.37116636,26.16959738,-4.83467356
-14.88628752,26.38984636,-4.85792889
-14.65076495,16.33326869,-3.35290619
14.75147417,16.17649002,-3.82916295
-14.99292572,25.39607059,-4.85621198
14.51986755,25.20154075,-4.82277022
-14.41296142,15.29141664,-3.36789937
14.66734203,15.20287384,-3.86139953
1.33524421,35.52756214,-4.71607632
-0.42637945,35.70195157,-4.67902115
-2.17593015,35.34056128,-4.60398739
14.22147132,14.53259227,-3.84613684
-13.76877717,14.75225037,-3.31354308
-3.93000977,34.89446988,-4.59105732
3.03832116,35.24273060,-4.77212701
-15.11072854,24.40832955,-4.85937175
14.66192922,24.25731213,-4.83036407
4.65391414,34.87220045,-4.88044710
-5.68292294,34.36987629,-4.71220774
13.81718738,13.91248063,-3.85072183
-13.15347515,14.21459955,-3.30446193
-7.43402390,33.83404187,-5.02345800
6.18284876,34.47589717,-5.06948897
-9.00400683,32.97116022,-5.29522045
7.61483010,33.60588690,-5.24012369
13.43625992,13.34049344,-3.86941709
-12.56044348,13.70666943,-3.32910362
14.71951939,23.00718457,-4.78327983
-15.16330243,23.12713047,-4.76954943
8.96296919,32.63782333,-5.48207720
-10.43756904,32.16045602,-5.57137886
-11.98639609,13.24621140,-3.37241351
13.06574960,12.81426164,-3.89800911
-11.01987791,12.89385473,-3.42869170
12.36869985,12.28480812,-3.94048344
10.25146858,31.52460083,-5.80227021
-11.69976750,31.33103374,-5.79859097
14.79189414,21.79072367,-4.76936621
-15.23291478,21.86411458,-4.68953216
-10.08528057,12.65875572,-3.48650558
11.62134878,11.86360555,-3.99435270
11.54888188,30.34823417,-6.12047483
-12.81115104,30.41308798,-5.99561477
-9.16897864,12.52072175,-3.53484263
10.80174505,11.52790743,-4.05434032
-15.31839384,20.62550647,-4.62932214
14.89254259,20.61795208,-4.78743076
9.90643823,11.26360569,-4.12125721
-8.26806740,12.43841081,-3.57257590
12.14090572,29.61187193,-6.23585922
-13.24793111,29.76963865,-6.08795795
-7.34402124,12.58649015,-3.58176139
8.85749923,11.28294515,-4.17555936
7.75439190,11.39906785,-4.23413980
-6.43633656,12.71296291,-3.58141796
6.60379046,11.60229999,-4.28867136
-5.54334449,12.78155240,-3.57987095
12.73480342,28.89327097,-6.32977727
-13.67685169,29.10862966,-6.18787668
5.41123676,11.84242548,-4.32476609
-4.64835126,12.78913916,-3.58599218
-15.41650434,19.41219677,-4.59409584
15.03126066,19.49935429,-4.83301736
-3.59674534,12.97503394,-3.59477961
4.03416708,12.29989424,-4.29662028
-2.48602061,13.08863234,-3.64574356
2.66707600,12.65260523,-4.20458785
1.30936378,12.89107722,-4.05812580
-1.29339024,13.10655501,-3.75019893
-0.02077744,13.02491487,-3.89902534
-14.10510797,28.43586145,-6.29688032
13.33136853,28.20318893,-6.41451431
14.81973621,18.52551247,-4.81567534
-15.14336749,18.51523820,-4.47763105
-14.53788377,27.75661918,-6.41664268
13.93669015,27.55396943,-6.50886913
-14.88003921,17.60494267,-4.38756476
14.65320763,17.57769952,-4.82275940
14.12646304,26.64313925,-6.46100895
-14.65382408,26.83774584,-6.38896208
-14.62716455,16.68155654,-4.33213533
14.52362773,16.66113493,-4.84922587
-14.76463589,25.91775101,-6.36526495
14.28704427,25.74625099,-6.42208867
14.42360541,15.77996959,-4.89085017
-14.38410463,15.75286383,-4.31688542
-14.87271505,25.00098784,-6.34632249
14.42803951,24.86617658,-6.40009325
-13.76684833,15.24091386,-4.20309194
13.97656929,15.17415636,-4.84331632
14.55801217,24.00663932,-6.39988172
-14.98056032,24.09164242,-6.33248505
-13.16657761,14.72490022,-4.14789092
13.57103191,14.61366520,-4.81855690
-12.57778181,14.23670827,-4.14013053
13.19036282,14.09615243,-4.81079442
14.58225703,22.85627896,-6.32205862
-15.00990705,22.90615372,-6.23619038
-11.99927944,13.79821991,-4.16328547
12.82232490,13.61972416,-4.81614421
12.11961625,13.15233200,-4.80873565
-11.00477326,13.44845478,-4.18946953
-15.03667795,21.74190961,-6.15149756
14.61091958,21.73455026,-6.27768297
-10.04498161,13.21616485,-4.21824562
11.37330431,12.78596189,-4.81780868
10.57014253,12.49703860,-4.83586747
-9.11505369,13.07002181,-4.22731123
14.65852817,20.65043316,-6.27108878
-15.06282885,20.60632316,-6.08483690
9.70768579,12.27299453,-4.86452982
-8.20886420,12.97224038,-4.21873149
8.72694458,12.29598015,-4.88292891
-7.29373610,13.06900755,-4.18075239
-6.39191949,13.15630432,-4.14081230
7.69528290,12.39734301,-4.91875684
6.60501248,12.56425315,-4.96183890
-5.49881495,13.20370930,-4.11179772
14.73686851,19.61325067,-6.30483295
-15.08904866,19.50262402,-6.03848310
-4.59877978,13.20740211,-4.10382612
5.45667282,12.75627978,-4.99459076
4.10998114,13.15837564,-4.96001772
-3.54244058,13.41226240,-4.10245880
-2.42568746,13.56647657,-4.16614604
2.74943177,13.44929300,-4.86290608
1.38832032,13.60539714,-4.69767144
-1.22691166,13.64775618,-4.30510623
0.05198747,13.64606048,-4.50058117
14.49960763,18.75250389,-6.24431986
-14.81481713,18.70695930,-5.92486419
-14.54620642,17.91037874,-5.82275478
14.30421476,17.91594664,-6.22125120
-14.28704989,17.11353064,-5.74165465
14.14685862,17.10464458,-6.22982215
14.02301862,16.31955550,-6.26432547
-14.03787270,16.32191601,-5.69184034
13.54554472,15.80323431,-6.14127215
-13.45134908,15.88428617,-5.50534693
-12.87901703,15.43456037,-5.37626431
13.12392175,15.32498243,-6.05516203
-12.31516360,15.00086991,-5.30781476
12.73869978,14.88057601,-5.99738606
12.37577798,14.46688838,-5.96065391
-11.75947999,14.60225475,-5.28766664
-10.78649730,14.25528932,-5.25363187
11.68969024,14.07724158,-5.87264586
-9.84792717,13.99441506,-5.23584082
10.98494195,13.76915770,-5.81484528
10.24406163,13.52564297,-5.77649064
-8.94173601,13.79447091,-5.19503883
9.45640373,13.33836023,-5.75649704
-8.05858508,13.63410851,-5.13598604
8.57455400,13.36614927,-5.73945629
-7.17132638,13.65221473,-5.05672752
-6.28883700,13.68127479,-4.98227828
7.63036427,13.45453340,-5.74776214
6.61078301,13.59193231,-5.76942515
-5.40349420,13.69810413,-4.92911396
-4.50181611,13.69426663,-4.90989160
5.51465847,13.74389693,-5.78607670
4.21005781,14.10198431,-5.74719366
-3.44192078,13.92077054,-4.90882393
-2.31770055,14.11949962,-4.99798076
2.86817059,14.34125301,-5.66871007
-1.11124856,14.27135333,-5.16899464
1.51219370,14.41924719,-5.54074765
0.17317012,14.35983708,-5.37081432
-0.79271517,34.59927057,1.54575323
-2.16644754,34.61494118,1.51222604
0.63834770,34.38885158,1.50481811
-3.47862111,34.56263084,1.44913883
2.08867705,34.16348018,1.44374962
3.55834442,33.92450067,1.35801800
-4.74634995,34.42339812,1.35918065
5.04309388,33.70950577,1.26867437
-6.03577394,34.20016206,1.27748063
-7.25043437,33.56607546,1.22182524
6.48910399,33.27374574,1.23246655
-8.46711682,32.88252133,1.21384707
7.88371434,32.90149541,1.26918477
-9.61928851,32.14465805,1.26351826
9.14357263,32.44523245,1.31616293
10.24822313,31.85407008,1.37048597
-10.66730603,31.34713534,1.37936833
10.98427425,31.23483490,1.35071417
-11.37473451,30.63880136,1.43735335
-12.06500430,29.91087287,1.51638422
11.65726619,30.55579779,1.36705597
12.28631836,29.83322693,1.41475526
-12.77059212,29.17024765,1.59842463
-13.53213406,28.42436555,1.65962420
12.91089854,29.09470421,1.46619646
13.07000603,27.95758248,1.39594674
-13.64650163,27.43667078,1.62307656
-13.76188170,26.43566640,1.57434851
13.22434675,26.81751935,1.30262264
-13.88451815,25.42236434,1.50597690
13.38382314,25.69274907,1.18093019
-14.02146390,24.39849995,1.41076120
13.55905114,24.59586849,1.03665870
-14.07680558,23.08183083,1.45453764
13.70756383,23.24256681,1.04948011
-14.17908130,21.75557278,1.46091321
13.90155910,21.95271291,1.06808996
-14.33800939,20.41566060,1.44681442
14.15709005,20.73086371,1.11321628
14.49405632,19.57710281,1.20485634
-14.56096981,19.05910190,1.43760085
14.17477154,18.52057249,1.20385807
-14.08394914,18.11748821,1.33184779
13.91456777,17.48818457,1.21900210
-13.68628084,17.16100463,1.24818069
13.70782000,16.48699542,1.25069745
-13.36114177,16.18140102,1.21149147
13.55077892,15.51690760,1.28889842
-13.10443321,15.17904843,1.22267435
-12.50114182,14.91365584,1.18008038
13.02467864,14.98944244,1.22288923
12.56365900,14.47528042,1.14655151
-11.96080843,14.62788370,1.14588402
-11.46794524,14.32940352,1.12199286
12.14996141,13.97463119,1.06245269
11.77052274,13.48665583,0.97386586
-11.00730749,14.02494411,1.10226308
-10.30067296,13.81080310,1.03724828
11.18830698,12.96404571,0.81880186
-9.60852570,13.58820166,0.95665604
10.63021315,12.46837786,0.66957561
10.07249394,12.00174758,0.52847767
-8.90846199,13.35578662,0.85994998
-8.19780932,13.10876805,0.75123258
9.49367305,11.56972591,0.39610499
-4.82435213,13.28379109,0.36756892
-3.75938048,13.40050958,0.24861111
4.55771843,12.52188697,-0.01332226
5.93123876,12.03235190,0.05837298
6.98612177,11.73805856,0.11667880
-5.68800118,13.29075908,0.43935469
3.09557259,12.92301943,-0.02523603
-2.60424782,13.48167041,0.14828004
-1.32423036,13.49786670,0.06023066
1.58375454,13.22220225,-0.02003653
0.08486005,13.42279627,-0.00569327
7.92113657,11.54965744,0.19919656
-6.53125531,13.26213796,0.53038526
-7.36879027,13.19752868,0.63434383
8.74848816,11.49982069,0.29047497
1.35727393,34.95158678,-5.98780730
-0.39143941,35.08590377,-5.97897007
-2.12284817,34.70018120,-5.89324207
-3.86770439,34.26197403,-5.83422563
3.04185178,34.72377806,-6.00940738
4.61212354,34.41040179,-6.08549026
-5.63305320,33.76040501,-5.90442675
6.08142345,34.05875555,-6.24560933
-7.42798318,33.24285417,-6.18404369
7.46802178,33.21482619,-6.34972105
-9.04433304,32.40791158,-6.40498976
8.80508118,32.25444807,-6.52675841
-10.50317119,31.63345373,-6.61539371
10.12953255,31.12247707,-6.79383020
-11.76893636,30.83410742,-6.77741496
-12.87194270,29.94052559,-6.92926669
11.50765437,29.91074725,-7.07464032
-13.28814464,29.32383976,-7.00544196
12.11917060,29.17963487,-7.18198593
-13.69787551,28.69306356,-7.09098091
12.73473889,28.47235040,-7.28488012
-14.10693871,28.05412407,-7.18579909
13.35445120,27.80059506,-7.39258248
13.98346624,27.17848084,-7.51681232
-14.52034231,27.41232349,-7.28883871
-14.64315947,26.51728903,-7.26541730
14.17068497,26.30023113,-7.48812297
-14.75906743,25.62532816,-7.24368482
14.33134824,25.44497901,-7.46676536
-14.86875909,24.73930599,-7.22419657
14.47398783,24.61115321,-7.45857815
-14.97374084,23.86278337,-7.20633414
14.60642753,23.79858520,-7.46690649
-14.98972816,22.70981323,-7.11986250
14.61679074,22.70261549,-7.40525844
-14.99067469,21.58429421,-7.04007942
14.62815924,21.63188112,-7.36807840
-14.98162073,20.49155294,-6.97568937
14.65466387,20.59123438,-7.35988580
-14.96804395,19.43271488,-6.93021158
14.70862843,19.58650668,-7.38424954
14.44800026,18.76880618,-7.31739817
-14.67427910,18.68272357,-6.83755396
-14.38553130,17.93918532,-6.75708826
14.22775890,17.97185995,-7.28201067
-14.10985577,17.20041738,-6.69485177
14.04701671,17.19556694,-7.27558226
-13.85141405,16.46718619,-6.65634622
13.90332197,16.43998506,-7.29361952
13.36987003,15.97194904,-7.13889116
-13.24912877,16.08843270,-6.49509136
-12.67566658,15.68395565,-6.37222593
12.90777219,15.53818505,-7.01709028
-12.12100551,15.27889572,-6.29197843
12.49701991,15.13292791,-6.92258579
-11.58020015,14.89240260,-6.24691691
12.12077919,14.75226106,-6.85045539
-10.62382097,14.53576646,-6.15555300
11.42984181,14.41032484,-6.69626857
10.74415478,14.13766453,-6.58036221
-9.70054574,14.24686943,-6.08035313
-8.80728752,14.01268094,-5.99096747
10.03596903,13.92187208,-6.49111484
9.28732603,13.75545663,-6.42565962
-7.93529564,13.81964091,-5.89387458
8.45392007,13.78632324,-6.37361363
-7.06166267,13.80416529,-5.79547974
7.55282538,13.86735789,-6.34811724
-6.19056649,13.81227677,-5.70700455
-5.31260361,13.82320762,-5.64228571
6.57079739,13.98850164,-6.33823162
-4.41436605,13.82657851,-5.61192987
5.50669185,14.12006448,-6.32755148
4.23483877,14.46011844,-6.27315345
-3.35867823,14.07943116,-5.60376079
2.91543774,14.68233675,-6.19706333
-2.23737623,14.31460672,-5.67617376
-1.03498564,14.51112201,-5.81044785
1.57393039,14.73670572,-6.09359785
0.24339813,14.64100926,-5.96355060
