-1.50557522,14.48839480,1.66590023
-2.40661895,14.53743147,1.64651862
-1.60944169,14.24496234,1.92756254
-2.50643492,14.31032951,1.90088996
-3.30727330,14.65874817,1.64952042
-3.40830177,14.44310612,1.90629017
-4.25230022,14.81716356,1.66846077
-4.36316842,14.60220491,1.93639671
-5.29880146,14.94987624,1.70608243
-5.42685668,14.72536667,1.98621092
-0.40397069,31.78327706,1.70502516
0.00116232,31.91385636,1.69241170
-0.46993602,31.80906820,2.09863883
-0.04673522,31.93868455,2.08563474
0.32886818,32.04087140,1.69290230
0.29525308,32.06836267,2.09098252
0.60946846,32.17987905,1.70826735
0.58702687,32.21319740,2.11578172
0.86458681,32.33689009,1.74338908
0.85079003,32.37956620,2.16032841
-6.22902871,15.21489632,1.71649329
-6.37709685,14.97320587,2.01697884
-7.27254703,15.43549384,1.72406839
-7.43393225,15.18051045,2.04213392
-8.48702071,15.57055182,1.70573881
-8.64386558,15.31098465,2.03901927
-9.82736717,15.58673098,1.63740081
-9.96617316,15.33741243,1.96879743
-3.85032155,29.60746969,1.94278688
-2.44750495,30.02691910,1.83033305
-4.06565500,29.80155171,2.27956932
-2.62023237,30.16216067,2.17949170
-1.48728146,30.59807274,1.76844412
-1.61589377,30.66726460,2.13012855
-0.84907932,31.19986421,1.73113836
-0.94232903,31.23560230,2.10548542
-10.80934205,15.94673476,1.59650791
-10.94947344,15.72183045,1.93713504
-11.75987451,16.22996353,1.57702591
-11.92944592,16.04365497,1.89572730
-12.69694736,16.56518860,1.58814772
-12.91778512,16.42818624,1.86650756
-13.64286519,17.09663629,1.58223258
-13.92535958,17.01452667,1.82632803
-14.09293804,17.77140585,1.59155062
-14.40920024,17.72444404,1.83481883
-14.62346581,18.53788018,1.56490683
-14.97174997,18.52813718,1.80265907
-15.29862819,19.41850709,1.49940129
-15.67341708,19.44574375,1.72370582
-16.17129926,20.43978188,1.38069978
-16.56181608,20.49709209,1.58453024
-9.14538363,28.76009920,1.73391946
-7.92065125,28.54947204,1.80966512
-9.32082975,28.98477995,2.07810593
-8.11470678,28.76419908,2.12798368
-6.54256984,28.76835348,1.86814093
-6.76300219,28.95467431,2.15843030
-5.12668959,29.18330647,1.92759751
-5.35209974,29.36732564,2.23148670
-15.26367079,21.59147570,1.50536437
-15.68024617,21.66256088,1.75538565
-14.58651662,22.71982483,1.51694153
-14.99978815,22.82105606,1.77987360
-14.27731512,23.85791696,1.49502978
-14.65848203,23.99120445,1.74153723
-14.42617401,25.10740841,1.42416199
-14.76911046,25.25865368,1.65069910
-12.98091988,25.39870535,1.62370066
-13.23138429,25.57190979,1.87476259
-12.12987043,25.82078760,1.68643734
-12.31459261,25.99322943,1.94124912
-11.53802333,26.33866916,1.69722051
-11.69353240,26.51523036,1.95547844
-11.00543857,26.86417579,1.62283612
-11.15597040,27.05866686,1.90880463
-10.52896776,27.22470957,1.69621229
-10.68373794,27.43406020,2.00554563
-10.04144157,27.61116284,1.72258242
-10.20370104,27.83326832,2.05666673
-9.57392919,28.10504613,1.72792388
-9.74305917,28.33369596,2.07645044
-1.32238388,14.84239520,1.29925682
-2.23331109,14.89941385,1.31882341
-3.14718564,14.99982860,1.33785945
-4.10013543,15.13310868,1.35369232
-5.15291662,15.24363130,1.38047631
-0.35272977,31.78681376,1.13612403
0.03266064,31.91133162,1.10269467
0.34628473,32.03289222,1.07021953
0.61679771,32.16184630,1.05115869
0.86428225,32.30410476,1.06113474
-6.04891982,15.54884642,1.35345143
-7.08838611,15.76120571,1.31623354
-8.31760813,15.87358635,1.24647556
-9.65664704,15.90294089,1.16712349
-3.62738604,29.41047070,1.54027084
-2.27889616,29.92750303,1.43422044
-1.36926316,30.56562574,1.33427078
-0.76819525,31.19665463,1.24420779
-10.66685050,16.18069006,1.11001638
-11.55848349,16.46013637,1.12028957
-12.39648517,16.79985996,1.17461842
-13.26302965,17.27654546,1.23235187
-13.70217843,17.87779392,1.27391648
-14.17664893,18.57736868,1.29082987
-14.71212477,19.39585316,1.26855734
-15.38584013,20.35241362,1.19177735
-8.88456121,28.41694767,1.39032427
-7.65761614,28.28088545,1.47265767
-6.28451556,28.55999562,1.53666173
-4.88717835,28.97240888,1.54776617
-14.64044716,21.48846405,1.23739531
-14.10324733,22.58990706,1.25179627
-13.86357173,23.69294643,1.25235045
-13.96388615,24.88072453,1.21682368
-12.68366862,25.17221977,1.36229523
-11.88575169,25.57837474,1.42341860
-11.29629214,26.05133656,1.42301528
-10.76797999,26.54309741,1.31117059
-10.30091653,26.91420377,1.36270195
-9.83336834,27.33612771,1.37146744
-9.36184488,27.82805312,1.36847338
-0.72809709,14.15421697,2.00019186
-0.63087074,14.40420013,1.74059304
0.13967921,14.08133612,2.09644839
0.22469169,14.33507147,1.84099982
0.98950079,13.98960080,2.20646437
1.05780245,14.24374975,1.95958495
1.82228127,13.86111836,2.32202491
1.87207974,14.11477923,2.08594191
1.89198557,32.53194482,2.26306578
1.62048680,32.46016754,2.19774322
1.87193918,32.45055868,1.83820796
1.60881557,32.38921810,1.76186073
1.36473630,32.40818246,2.15877535
1.36109221,32.34785260,1.72101973
1.11253318,32.38128865,2.14647928
1.11716857,32.33082558,1.71568191
2.51035964,13.98931766,2.42314151
2.54922413,14.25073452,2.17114521
3.17117255,14.15063106,2.53133973
3.19535583,14.41800230,2.26433903
3.82088041,14.28599624,2.63179753
3.82569342,14.55776503,2.35562207
4.47689240,14.30528385,2.71107021
4.45698660,14.57914652,2.43728498
3.22160644,31.49704460,2.51992934
2.80156168,31.70017485,2.36734807
3.14131526,31.39444834,2.15525760
2.74158739,31.60637940,2.01717810
2.45926216,31.93913822,2.29432063
2.41449918,31.85387537,1.94025076
2.16331147,32.21722746,2.26845088
2.13117519,32.13665300,1.89044034
5.00388408,14.73371829,2.80809778
4.95858685,15.01038376,2.50823706
5.57978314,14.99860107,2.90785530
5.49870196,15.27397561,2.60235988
6.23621980,15.18583682,3.01553338
6.10494926,15.45827526,2.71865245
7.01531495,15.40661560,3.07938663
6.81229090,15.66937261,2.79526210
7.48624727,15.87485243,3.08732764
7.23592136,16.12010020,2.78971945
8.08992579,16.28522729,3.06953272
7.79241098,16.50486920,2.77141345
8.90802779,16.62919719,3.03820728
8.57761553,16.81087745,2.75954474
9.96597661,16.99984751,2.97366206
9.62785018,17.13116885,2.73018031
5.62913650,30.66726208,2.95614237
4.71019394,30.79295630,2.79954306
5.44430100,30.58054463,2.44484455
4.54756576,30.69253264,2.31464168
4.05728097,30.96677896,2.64833419
3.92793807,30.86236599,2.20917961
3.58363962,31.20411435,2.55896943
3.48245174,31.10058871,2.16226619
9.61628777,18.42694971,2.99732639
9.25617863,18.55544728,2.69380487
9.44341689,19.78478889,2.91264428
9.08425236,19.88146584,2.55540481
9.56831172,21.05406433,2.77016013
9.22533868,21.10913746,2.38767485
10.07296165,22.29247556,2.60280343
9.75055496,22.31993696,2.25131485
8.71073508,23.59850100,2.33859058
8.49399207,23.58376686,1.96396042
7.90691107,24.79754396,2.20646236
7.74431948,24.77126763,1.85350076
7.37433834,25.99212960,2.24415604
7.22033982,25.96659100,1.89003948
6.92643668,27.18193211,2.33048815
6.75763063,27.14604302,1.92414321
6.50640216,28.04744984,2.59787520
6.33235370,28.00463563,2.18022631
6.12865329,28.88680502,2.78873471
5.95125981,28.83435814,2.34874642
5.83125533,29.74990724,2.91027452
5.65010728,29.68337949,2.43474866
-0.46369804,14.78869284,1.38910492
0.36448368,14.71289549,1.49916181
1.16622588,14.59937380,1.62779002
1.95199019,14.43794467,1.77022119
1.84553147,32.35881189,1.15357042
1.58759047,32.31242560,1.07091789
1.34491428,32.28857762,1.02717299
1.10746019,32.28605295,1.02550623
2.60382515,14.61185971,1.82488200
3.22901680,14.75692052,1.88612074
3.83441359,14.86512480,1.95929416
4.42627692,14.92187474,2.05440455
3.05337154,31.28026319,1.70153358
2.67547616,31.50070070,1.56231605
2.36458529,31.75752721,1.42691836
2.09400239,32.04401961,1.29000621
4.90819414,15.27872820,2.11241544
5.39573866,15.59013153,2.18877400
5.92400332,15.85387406,2.28102363
6.54838051,16.06863898,2.37533926
6.93286354,16.45073539,2.38671126
7.41332993,16.80422960,2.39558631
8.05314207,17.13402109,2.40631967
8.93961127,17.46421098,2.41464644
5.16090370,30.37327837,1.85684545
4.33733163,30.50554913,1.75077753
3.78112026,30.71699007,1.69565008
3.37376998,30.98119713,1.68214092
8.69772898,18.77922358,2.28284698
8.65043172,19.99869016,2.10807054
8.84477165,21.16463444,1.94949760
9.30907253,22.35206651,1.85932850
8.22203939,23.55769035,1.55547314
7.49090003,24.73011041,1.45415531
6.93342940,25.90166174,1.46635776
6.46156731,27.04328877,1.43374619
6.05609305,27.89553416,1.66667310
5.71019787,28.73152359,1.80753133
5.41221719,29.55612785,1.86169175
0.06792687,32.23512308,-0.98769692
0.32884940,32.34144654,-0.96274092
-0.11798123,32.43021811,-1.35202048
0.16659930,32.54106227,-1.31858837
0.59750188,32.30322143,-0.96182188
0.45757952,32.50867951,-1.30957015
-0.20010764,32.14203164,-0.99731400
-0.41294586,32.33491734,-1.37493142
0.87064514,32.28119817,-0.94665038
0.75175661,32.49354505,-1.29107496
-0.48994409,32.05806011,-0.99185568
-0.73318287,32.25205821,-1.38740168
1.15864689,32.27395256,-0.91577994
1.06069847,32.49415203,-1.26240751
-0.82211031,31.97139928,-0.97001198
-1.09833480,32.17129902,-1.38845064
1.47265801,32.28090643,-0.86740181
1.39753732,32.50978505,-1.22231808
-1.06783189,31.42496011,-0.93943871
-1.39776472,31.65690854,-1.42024213
1.77234959,31.90932626,-0.85994023
1.71411957,32.14045399,-1.24246912
-1.40563110,30.78521809,-0.84524827
-1.75437433,31.07881994,-1.41969322
2.09190471,31.55388420,-0.82748404
2.05869905,31.78562099,-1.24668656
-1.98423145,30.00059377,-0.67191971
-2.23739163,30.38142105,-1.37018335
2.44629914,31.21723098,-0.76586542
2.45289747,31.44992397,-1.23068135
-3.00131555,29.12117184,-0.43899955
-3.01995796,29.51801241,-1.23474615
2.85763798,30.90534120,-0.66882170
2.92762108,31.14099450,-1.18792741
-4.10053005,28.38312296,-0.31385457
-3.91634281,28.70276120,-1.12083191
3.20488742,30.57497659,-0.63159064
3.34020586,30.81661208,-1.16868273
-5.40550561,27.78877126,-0.21465531
-5.08300430,28.00546955,-1.00336672
3.63446152,30.27571387,-0.56416207
3.85283140,30.52526385,-1.12357553
-6.80164082,27.49130917,-0.10953875
-6.41044409,27.58783598,-0.89681477
4.20437249,30.03783370,-0.44988538
4.52319237,30.29433191,-1.04088926
-8.15286190,27.73413833,-0.02084353
-7.78725578,27.82872708,-0.74869748
5.03402215,29.92979672,-0.24200092
5.44813165,30.17986018,-0.89629002
-8.69681393,27.12808900,-0.07997372
-8.34209917,27.16792687,-0.77378554
5.14775360,29.13043733,-0.24687966
5.56502234,29.33056556,-0.94103362
-9.25043316,26.64394157,-0.11067586
-8.92623007,26.65813399,-0.77604503
5.38860467,28.36879336,-0.25369990
5.75634661,28.51921666,-0.96235674
-9.81716327,26.26280702,-0.10701512
-9.54442077,26.26481361,-0.76235769
5.76171836,27.62487976,-0.27893107
6.05859997,27.75270926,-0.96428246
-10.39831404,25.97485702,-0.07103436
-10.20159319,25.97052920,-0.72999929
6.26012765,26.87802528,-0.32789133
6.50430670,27.01953568,-0.95718756
-11.00761246,25.50358394,0.13204195
-10.89093643,25.42383477,-0.62269140
6.77021404,25.76501642,-0.30182205
6.95294325,25.91660379,-0.93067047
-11.63279896,25.06712612,0.22458261
-11.60280430,24.97857371,-0.53530021
7.38928720,24.58309724,-0.27665627
7.56377123,24.75076502,-0.93018360
-12.41445061,24.67270957,0.18099391
-12.45980238,24.60076453,-0.55078386
8.12192039,23.35176478,-0.11669759
8.26722277,23.47830650,-0.88867484
-13.63673559,24.41637742,0.04791251
-13.72991615,24.33523775,-0.68458028
9.05856038,22.13848193,0.28991060
9.11047644,22.15010606,-0.65408809
-13.39591809,23.14984230,0.01218772
-13.43976802,22.95694849,-0.82476174
8.55014887,20.90379581,0.26880556
8.62283300,20.80439828,-0.79177969
-13.45343706,22.06781552,-0.01319004
-13.43446034,21.77618478,-0.91292677
8.21619269,19.79067093,0.31635221
8.29661804,19.58142619,-0.76537077
-13.78810541,21.06641075,-0.03856214
-13.66345710,20.73496936,-0.96216775
8.06009399,18.72925757,0.44064396
8.08992404,18.48164551,-0.66804546
-14.42534617,20.03898969,-0.05752333
-14.11544875,19.74893019,-0.99337016
8.13178836,17.60334595,0.69207195
7.99892725,17.43927423,-0.53949296
-13.71841343,19.17986745,-0.05977911
-13.36258025,18.89558055,-1.03710509
7.24912291,17.34584155,0.58038211
7.17433699,17.16238732,-0.62800057
-13.20469130,18.47716082,-0.12624759
-12.83803055,18.23273331,-1.13290075
6.65257707,17.08287205,0.56931884
6.59163956,16.93306400,-0.59594951
-12.78764475,17.89684062,-0.23291818
-12.43837410,17.70272668,-1.25707373
6.23442804,16.78778153,0.60485844
6.16318468,16.69424307,-0.52028847
-12.42319000,17.41305577,-0.35868075
-12.10082517,17.26683305,-1.38674993
5.92100900,16.45459371,0.65265104
5.82883489,16.42314227,-0.43821392
-11.68537828,17.13763018,-0.58523221
-11.43903725,16.99454365,-1.55905868
5.42687672,16.24780590,0.63641054
5.35020974,16.25913740,-0.35537963
-1.52089411,15.46760944,-0.11464590
-0.66419199,15.31697491,-0.08888682
-1.15357267,15.54955380,-0.82974563
-0.31999412,15.39264212,-0.75556653
-10.97474266,16.99210608,-0.76817855
-10.74563771,16.84424444,-1.67092374
0.11370520,15.20716520,0.01317344
0.42178722,15.28305104,-0.64270854
5.01509222,15.98630710,0.62478845
4.94575686,16.03576063,-0.29578866
-2.41857528,15.66723181,-0.13387895
-2.05858801,15.75887147,-0.90224104
-10.18084765,16.89463037,-0.86013085
-9.92240565,16.76480994,-1.71137429
0.84060126,15.09270066,0.12474967
1.09897875,15.17055790,-0.54118941
4.63825292,15.67672980,0.61424518
4.57360541,15.75764511,-0.26101845
-3.38162648,15.91374612,-0.16729848
-3.05490681,16.02133253,-0.98741286
-9.21904982,16.77657793,-0.84022734
-8.94305785,16.69931772,-1.67984573
1.53314002,14.96233001,0.24496758
1.73174911,15.04637900,-0.45232502
4.26593482,15.32156497,0.60360573
4.20739914,15.42658432,-0.24935363
-4.47647231,16.14935610,-0.23421951
-4.19794529,16.27736766,-1.10430006
-7.85226093,16.85080514,-0.71533676
-7.61335570,16.82485932,-1.56140162
2.21079795,14.80676513,0.37616186
2.34033343,14.90372917,-0.37423059
3.77347935,15.23913832,0.54136527
3.75817587,15.34087243,-0.26001193
-5.43602619,16.52531529,-0.37986523
-5.21178076,16.61365865,-1.25291767
-6.56030064,16.76829533,-0.54735957
-6.35523551,16.80386469,-1.41169299
2.75592754,14.97188677,0.43218847
2.83246934,15.07062380,-0.32220432
3.27344779,15.11850723,0.48663943
3.30223194,15.21887474,-0.28396641
-0.20708083,32.69453010,-1.61319458
0.09218058,32.81580737,-1.56839672
0.39701810,32.79398405,-1.54784866
-0.51905093,32.59210302,-1.64997666
0.70471547,32.79156802,-1.52033788
-0.86016924,32.50625408,-1.67833671
1.02746973,32.80725377,-1.48532249
-1.25118559,32.42922416,-1.69677122
1.37969967,32.84119758,-1.44199022
-1.59396139,31.93584568,-1.75255516
1.71167429,32.48340989,-1.46491981
-1.99906330,31.40439510,-1.78522198
2.07565997,32.14148921,-1.47660336
-2.50970167,30.79098902,-1.79280914
2.49675626,31.82153888,-1.47339625
-3.21574992,30.04308557,-1.76388589
3.01044910,31.53344361,-1.44914881
-3.95008631,29.26714898,-1.72407018
3.45772987,31.22124746,-1.44000516
-4.95259935,28.54853622,-1.65669037
4.00978016,30.94360436,-1.41149583
-6.18125842,28.12773107,-1.55559296
4.71649305,30.72181204,-1.36078407
-7.55899167,28.37489809,-1.43926652
5.65025195,30.59272992,-1.28958949
-8.10567725,27.66718266,-1.42299531
5.81432504,29.72273173,-1.35122557
-8.69301113,27.11054954,-1.39870076
6.05189043,28.88363664,-1.40625912
-9.33233182,26.68671306,-1.34467672
6.38814951,28.08798865,-1.44779094
-10.04401574,26.36835088,-1.26809518
6.84427968,27.33804746,-1.46580685
-10.82286820,25.74089218,-1.18972000
7.30158034,26.24705530,-1.45732170
-11.66982089,25.24986487,-1.15144829
7.88767018,25.11051362,-1.44073750
-12.67600260,24.86042239,-1.19531844
8.54690914,23.83700748,-1.43425886
-14.07077640,24.55048716,-1.37666975
9.28820402,22.42613825,-1.36870952
-13.76448643,23.08993276,-1.60771224
8.82214204,21.01763761,-1.61629401
-13.71789338,21.77997938,-1.81220088
8.50259282,19.65034118,-1.73903522
-13.88552704,20.59422368,-1.96084096
8.31344084,18.37961692,-1.72161777
-14.22828378,19.50080218,-2.03911093
8.21292996,17.21944987,-1.62341059
-13.43394113,18.54921096,-2.10193977
7.43611375,16.85575858,-1.66846905
-12.87377512,17.83498218,-2.18920767
6.84305240,16.60424964,-1.60989807
-12.44418151,17.28871620,-2.29243883
6.38493315,16.39060206,-1.51445145
-12.07324820,16.85519405,-2.39666105
6.01893666,16.16997740,-1.41404858
-11.33750764,16.60167097,-2.53318794
5.51372245,16.08080991,-1.27028203
-0.79115897,15.65612960,-1.51083688
0.03615244,15.53353248,-1.36785194
-10.54600146,16.48716582,-2.62243585
0.76168980,15.44511860,-1.22457057
5.09598446,15.93143698,-1.15227036
-1.72081804,15.82726640,-1.66537871
-9.63909545,16.45380644,-2.64609547
1.41366195,15.34349422,-1.11603533
4.72041433,15.72213948,-1.06637209
-2.76956848,16.05538212,-1.82964667
-8.63939933,16.44114523,-2.59783200
2.01586778,15.22070855,-1.04323795
4.35673257,15.45367554,-1.01503948
-3.97052804,16.27368925,-2.00652346
-7.35468575,16.63318634,-2.44754608
2.58770917,15.06838117,-1.00367983
3.92805362,15.41177870,-0.97263924
-5.00986977,16.55346429,-2.14901620
-6.14189638,16.67701684,-2.29194014
3.05177386,15.21238772,-0.96784086
3.49576036,15.32867909,-0.95744493
-0.27088046,33.02796567,-1.85921425
0.03660607,33.16305489,-1.80069597
0.34959879,33.15339671,-1.76539734
-0.59241020,32.91699856,-1.91167021
0.66478491,33.16691833,-1.72509841
-0.94543075,32.82895561,-1.95743474
0.99497963,33.20246855,-1.67933266
-1.35037455,32.75955219,-1.99521447
1.35483203,33.26050272,-1.62745612
-1.71309938,32.28341662,-2.07180436
1.69703067,32.91690799,-1.64172090
-2.14922923,31.79209855,-2.12627894
2.07323855,32.59162802,-1.64901261
-2.69871584,31.25106646,-2.15743077
2.50917654,32.29049009,-1.64703460
-3.41550253,30.61820213,-2.17793692
3.04228890,32.02552068,-1.63196069
-4.09122231,29.93863630,-2.21330030
3.50481200,31.72380325,-1.63223227
-4.97833414,29.27979368,-2.25404821
4.06742670,31.45627935,-1.62195505
-6.10697053,28.86489624,-2.26450252
4.76770357,31.23683065,-1.60538451
-7.46006188,29.12062326,-2.22452043
5.65279464,31.08500001,-1.59673892
-8.00823957,28.45459971,-2.13173377
5.82607390,30.19534050,-1.64578806
-8.60059632,27.93775928,-2.05883395
6.06832556,29.32790566,-1.70174639
-9.24656618,27.53277589,-1.98959451
6.40731409,28.49635927,-1.76544942
-9.97145629,27.20269574,-1.89275783
6.86914313,27.71167524,-1.82858275
-10.79231287,26.52683388,-1.74124635
7.41142435,26.63616608,-1.90051487
-11.78055324,25.97939228,-1.65910825
8.09084760,25.55409428,-1.94735054
-12.98974520,25.53304550,-1.74077348
8.79118704,24.32952002,-1.98422769
-14.54628417,25.10169553,-2.04712377
9.46637472,22.89620626,-2.01412683
-14.26698955,23.61469408,-2.28300152
9.03236569,21.51177658,-2.23513009
-14.19657755,22.21722266,-2.55608051
8.70865161,20.10386438,-2.42006442
-14.32157924,20.90302241,-2.81713049
8.52206274,18.71907637,-2.52522853
-14.60175684,19.65264146,-3.02982216
8.45303710,17.39680259,-2.53207547
-13.70372747,18.58856218,-3.12697660
7.72894821,16.90872788,-2.57024892
-13.04407092,17.77080306,-3.22919718
7.14880345,16.53962952,-2.51251262
-12.52612481,17.15647487,-3.32829187
6.68524843,16.24833115,-2.41444189
-12.07310558,16.68345304,-3.41746320
6.30839909,15.99430548,-2.31004309
-11.20123020,16.42540953,-3.48242492
5.77345836,15.92755174,-2.15297841
-0.38053666,15.95698907,-2.21745165
0.46028746,15.89602698,-2.02933279
-10.30177358,16.31940342,-3.48639842
1.18536402,15.84264956,-1.86779706
5.33967932,15.83543296,-2.01618968
-1.35324978,16.04882690,-2.43289293
-9.33929508,16.29679313,-3.42707190
1.82438244,15.75051373,-1.75380958
4.96141548,15.69938324,-1.90504689
-2.47030684,16.19516842,-2.65168072
-8.34090816,16.29388018,-3.32496275
2.40383259,15.61091909,-1.68746038
4.60767918,15.51252526,-1.82202581
-3.73719925,16.32978757,-2.84666170
-7.09581994,16.50212120,-3.14937730
2.94497369,15.41687671,-1.66582093
4.19920748,15.55266128,-1.74371704
-4.79637411,16.53090689,-2.94572859
-5.91671784,16.58608646,-3.03065848
3.37969679,15.50073981,-1.66595804
3.79393153,15.54700995,-1.69215294
-0.33836096,33.41979384,-2.18099421
-0.02780764,33.56796797,-2.11119711
0.28578922,33.57035217,-2.05881804
-0.66515822,33.30373878,-2.24725728
0.59994020,33.60147088,-2.00331481
-1.02475243,33.21999449,-2.30896747
0.92682479,33.65998201,-1.94482215
-1.43613880,33.16761336,-2.36515821
1.28032858,33.74575800,-1.88316207
-1.80821882,32.71071533,-2.45816623
1.61895378,33.42019064,-1.87226821
-2.25444971,32.26014295,-2.53804593
1.99214535,33.11437990,-1.86149438
-2.81840639,31.78962249,-2.59949510
2.42331562,32.83230366,-1.85022230
-3.55256697,31.26180114,-2.64896676
2.95037056,32.58643224,-1.83864830
-4.22408123,30.67046962,-2.70954862
3.41303919,32.28928905,-1.84724015
-5.06078353,30.09653758,-2.80321675
3.97082137,32.02569885,-1.85701158
-6.10340042,29.73730583,-2.89877962
4.64994003,31.80372182,-1.87660721
-7.37160086,29.99868131,-2.89823087
5.47696012,31.62923803,-1.92426987
-7.94697909,29.37940455,-2.85825231
5.67563227,30.73345692,-1.94737624
-8.57849757,28.92017833,-2.79163962
5.91562901,29.84759096,-1.97616003
-9.25850705,28.59115355,-2.71177402
6.22483169,28.98021024,-2.02487975
-9.99367848,28.32596415,-2.61931040
6.63683944,28.14439273,-2.09745736
-10.79931780,27.69838502,-2.48934334
7.14776557,27.04041227,-2.21855878
-11.81243533,27.11081295,-2.38573015
7.84771115,25.97217269,-2.36231390
-13.13939944,26.56700181,-2.45413165
8.64931430,24.82644084,-2.52720401
-14.80740451,25.93683860,-2.88287728
9.39609760,23.44920633,-2.71178939
-14.64388426,24.46851204,-3.03996364
9.04727327,22.12942345,-2.89101866
-14.60109237,23.02886062,-3.30316062
8.74887977,20.75764197,-3.06690418
-14.69855604,21.62280868,-3.61417527
8.54786557,19.36571938,-3.21581552
-14.92794366,20.24607135,-3.91934826
8.47804227,17.98718252,-3.31175955
-13.89425454,19.14907219,-3.95186693
7.79706915,17.46156172,-3.35228652
-13.10356617,18.23626477,-4.02832085
7.24956576,17.01362548,-3.32661998
-12.48226260,17.52647378,-4.10778111
6.80891238,16.63140476,-3.25621542
-11.94743663,16.97526451,-4.17228948
6.44882099,16.29473335,-3.16396074
-10.96565173,16.63335499,-4.15365681
5.91452086,16.16380814,-3.01846078
0.13144076,16.57688796,-2.92876956
1.00820765,16.60039600,-2.76165987
-9.99974033,16.45853790,-4.08623969
1.73866915,16.58881366,-2.63934267
5.49059322,16.04900146,-2.88526359
-0.91653157,16.54836820,-3.13952861
-9.01824307,16.37434489,-3.98595621
2.35016412,16.48923500,-2.55837352
5.13399670,15.92631653,-2.77162885
-2.13591813,16.56770939,-3.35943153
-8.03481780,16.32162436,-3.88249074
2.87719217,16.29967826,-2.51142231
4.81401183,15.78377783,-2.68057119
-3.48738200,16.56728707,-3.54760745
-6.82688916,16.50027244,-3.73844695
3.35683219,16.02912252,-2.49746149
4.44306067,15.89889460,-2.60268383
-4.56865397,16.65335213,-3.61852102
-5.67714504,16.61927501,-3.66572852
3.73046987,16.02272197,-2.51252008
4.08753118,15.97866193,-2.54741999
-0.35651174,33.73924448,-2.84527749
-0.05130555,33.89019248,-2.77972897
0.24448612,33.90302616,-2.70928437
-0.67991053,33.63034650,-2.91225468
0.53798192,33.95178070,-2.63967485
-1.03616325,33.56526352,-2.97912576
0.83985509,34.03438795,-2.57123232
-1.44185908,33.54696527,-3.04400546
1.16180453,34.15028767,-2.50492754
-1.83181458,33.13549993,-3.11923075
1.45542952,33.85607643,-2.43374656
-2.28965189,32.74849421,-3.19797092
1.78220501,33.58233930,-2.37278589
-2.85696618,32.36275345,-3.27156371
2.15963996,33.32853978,-2.32320341
-3.58257290,31.93509416,-3.33498262
2.61671573,33.10029257,-2.28982880
-4.24565331,31.41605944,-3.39164597
3.03026867,32.80147116,-2.28229741
-5.06233593,30.91042623,-3.46354226
3.53726817,32.52975816,-2.29798565
-6.05397558,30.58865521,-3.54138071
4.15804000,32.29099803,-2.34785953
-7.23178243,30.80381444,-3.54856635
4.90862910,32.08456799,-2.45243284
-7.81114213,30.25424554,-3.55528959
5.21585875,31.22829280,-2.43812021
-8.44784556,29.89312225,-3.51010429
5.53865713,30.37848656,-2.40800516
-9.14313290,29.67479188,-3.44085671
5.87882984,29.52040713,-2.39066586
-9.90223526,29.52110124,-3.36950282
6.26398026,28.65957297,-2.41227743
-10.74603771,29.05449228,-3.29721545
6.69615757,27.52596808,-2.50211527
-11.72320824,28.52289458,-3.25942861
7.28694251,26.42075347,-2.67556198
-12.94398867,27.88806969,-3.38829533
8.03465373,25.29593080,-2.94317510
-14.48925558,27.04249439,-3.90752335
8.82539312,24.00719723,-3.32758597
-14.40246811,25.61017619,-4.00352594
8.55133003,22.75453881,-3.50758101
-14.39285504,24.15943619,-4.25351962
8.31976895,21.44577327,-3.72522754
-14.48799324,22.68729563,-4.61473630
8.15692335,20.09547365,-3.95074673
-14.70315041,21.19437727,-5.01864195
8.09521692,18.72762239,-4.15050342
-13.57595139,20.17619859,-4.86768259
7.44238782,18.23291945,-4.14672822
-12.69682935,19.23268277,-4.82680920
6.92788732,17.79175194,-4.14144122
-12.02971698,18.43620941,-4.83468616
6.52640210,17.39713236,-4.12386691
-11.47753770,17.78284974,-4.84435651
6.20859878,17.03450152,-4.09068747
-10.49533587,17.28924344,-4.74550994
5.73095961,16.86499023,-4.00209499
0.72243741,17.44858218,-3.69794925
1.61854153,17.50810983,-3.60123006
-9.55677601,16.96491573,-4.63025325
2.30362292,17.48521543,-3.56801743
5.35595306,16.71327873,-3.91227047
-0.41540126,17.31832174,-3.85164824
-8.62052410,16.74532039,-4.51523936
2.82389993,17.34736668,-3.55904704
5.04621996,16.56537561,-3.82402515
-1.76467230,17.20983024,-4.00533144
-7.68624283,16.59244556,-4.41915698
3.24778007,17.11579079,-3.55470426
4.77744728,16.41517561,-3.73967789
-3.22512682,17.07109672,-4.12967882
-6.53679830,16.72106525,-4.29020293
3.62508110,16.80372205,-3.55466865
4.46813262,16.54708728,-3.67754909
-4.33604471,17.02785099,-4.17548693
-5.42810006,16.88502730,-4.21854586
3.90816414,16.74285112,-3.58846263
4.18425731,16.65660188,-3.62852911
-0.25668939,33.79177021,-3.72794150
0.03372045,33.94983779,-3.67405203
0.30685612,33.96890470,-3.59198753
-0.56559486,33.68302785,-3.78903586
0.57645763,34.03003091,-3.51573487
-0.90519812,33.62464179,-3.85546286
0.85216855,34.13038184,-3.44642112
-1.29003636,33.61963579,-3.92480451
1.14414124,34.27018338,-3.38619703
-1.68754586,33.23865356,-3.96460473
1.39378638,33.98422990,-3.26123587
-2.15251412,32.90039507,-4.01563207
1.66854003,33.72500482,-3.15266764
-2.72157000,32.57767203,-4.06621855
1.98275349,33.48940058,-3.06297314
-3.43720249,32.21494087,-4.10398606
2.35831393,33.27750889,-2.99903769
-4.09944890,31.74276812,-4.11795001
2.69179537,32.98018061,-2.94962833
-4.91225778,31.26809376,-4.13761006
3.10498602,32.70015349,-2.94023069
-5.89491584,30.94428937,-4.17302426
3.62224765,32.44104116,-2.98926933
-7.04212311,31.07664311,-4.21483137
4.26588255,32.20246294,-3.12245127
-7.64424568,30.54634363,-4.25658894
4.58819659,31.34947822,-3.08246227
-8.28769594,30.20294032,-4.26934142
4.97623763,30.54103527,-3.02329755
-8.97036840,30.02142120,-4.24522313
5.40744837,29.74948098,-2.93532290
-9.69705898,29.94101109,-4.18583625
5.86327155,28.94302610,-2.84708395
-10.49753931,29.66771769,-4.07652452
6.31437792,27.84453011,-2.81907317
-11.42721573,29.30469549,-3.99257637
6.84769552,26.73083222,-2.93565085
-12.56218572,28.70579102,-4.11582377
7.49825631,25.59282464,-3.20449054
-13.96000495,27.74531885,-4.66349199
8.21938814,24.33432037,-3.66651907
-13.91191170,26.40878691,-4.65471553
7.95734996,23.12488528,-3.82849067
-13.88555614,24.99563152,-4.85487407
7.73995819,21.86484460,-4.07181299
-13.92172832,23.52112271,-5.24165170
7.59009801,20.55912247,-4.36397970
-14.06384454,21.98444412,-5.75633829
7.53427054,19.21630856,-4.67293204
-12.87337765,21.05467819,-5.52843678
6.94478746,18.75548681,-4.65647560
-11.97238667,20.12513640,-5.45060457
6.49082194,18.34106987,-4.67343040
-11.32626781,19.29074008,-5.43859501
6.14219294,17.96402892,-4.70026768
-10.82004086,18.57174159,-5.42635206
5.87030294,17.61065167,-4.72573494
-9.95664303,17.95587383,-5.27626482
5.47460464,17.45218883,-4.69913454
1.13228083,17.94794236,-4.40413425
2.06361092,18.02006171,-4.39166754
-9.13291416,17.49349487,-5.10851559
2.73167943,18.01242419,-4.45226360
5.17079290,17.30321145,-4.67747778
-0.08657693,17.78853648,-4.51469282
-8.28948753,17.14859706,-4.94994874
3.19227695,17.89018144,-4.50328767
4.92380510,17.15269070,-4.65614420
-1.52303582,17.62545412,-4.62549257
-7.42302191,16.90585083,-4.82491801
3.53627282,17.67170903,-4.53221635
4.71034923,16.99696685,-4.63219821
-3.04578533,17.43404858,-4.65548642
-6.33308045,16.98567793,-4.68317251
3.82406944,17.36985987,-4.54877937
4.47274826,17.12716577,-4.60339074
-4.17567277,17.34171055,-4.62709201
-5.25769106,17.15930085,-4.62293335
4.04384111,17.31415348,-4.56605731
4.25559174,17.23287464,-4.58290978
-0.14268640,33.81140327,-4.80344245
0.13958869,33.96640949,-4.78363886
0.39659486,33.99637977,-4.70011789
-0.43843319,33.69803258,-4.84487278
0.65227579,34.06393025,-4.63460571
-0.75880219,33.62813112,-4.90381176
0.91581842,34.16672334,-4.59093682
-1.11702500,33.60331593,-4.97728394
1.19705150,34.30293513,-4.57637599
-1.50040459,33.22311297,-4.97251560
1.41287081,34.05435033,-4.38490192
-1.94549439,32.87728199,-4.99611579
1.65456490,33.81489167,-4.22529569
-2.48877421,32.54979261,-5.03044151
1.93120339,33.59007107,-4.09963207
-3.17243847,32.19287167,-5.05739147
2.25900802,33.38400839,-4.01744237
-3.82598673,31.75062727,-5.03055753
2.53625717,33.08334775,-3.91216312
-4.63108969,31.29605854,-5.00591341
2.87875572,32.79390869,-3.86480466
-5.60820602,30.94787566,-5.00667464
3.31171381,32.51673612,-3.89862942
-6.74321247,30.97143346,-5.09778937
3.86627871,32.24684779,-4.04883809
-7.38821237,30.44750179,-5.08610758
4.11159924,31.36189496,-3.91748345
-8.06360123,30.09190957,-5.12014716
4.45355535,30.52306682,-3.84010008
-8.76432169,29.88358055,-5.17849697
4.88065333,29.73243096,-3.75250258
-9.49228419,29.78037584,-5.24239361
5.37833945,28.97665122,-3.60653099
-10.26620836,29.54081885,-5.31920814
5.89375284,27.97526896,-3.41610830
-11.12099117,29.29936941,-5.29506730
6.44496128,26.91135800,-3.35825941
-12.13858460,28.85154530,-5.27554940
7.05212738,25.77921559,-3.55131110
-13.42567755,27.93036115,-5.63966463
7.70530671,24.52775994,-4.03180150
-13.38634170,26.83431854,-5.30171500
7.45753923,23.36750228,-4.12021731
-13.37059190,25.53961085,-5.33946266
7.24567743,22.15527439,-4.34824919
-13.37859706,24.11929345,-5.65784429
7.09242539,20.89702541,-4.66406721
-13.46056524,22.59588666,-6.19057817
7.02347704,19.59227393,-5.03231139
-12.26172176,21.76089861,-5.90909219
6.50260962,19.17350040,-5.00231974
-11.36974375,20.84717304,-5.85032693
6.11587788,18.79255715,-5.03646454
-10.73226298,19.97794958,-5.88871259
5.82531669,18.44011337,-5.09889621
-10.24158211,19.19685036,-5.92318104
5.60254536,18.10404812,-5.17193461
-9.46812798,18.45925654,-5.79649762
5.28900630,17.96634657,-5.19548561
1.67358500,18.30970737,-5.04498330
2.61656901,18.43508023,-5.15447427
-8.74689116,17.87143622,-5.60393663
3.20525610,18.48562935,-5.25129784
5.05558482,17.83046512,-5.23297957
0.30582520,18.10708609,-5.04047204
-7.99554107,17.42851296,-5.39731899
3.57868520,18.40370801,-5.30495694
4.87082245,17.68760812,-5.27767597
-1.28784903,17.89348035,-5.15315550
-7.19723843,17.12127626,-5.23123835
3.84920273,18.20823825,-5.34044114
4.71465206,17.53521942,-5.32494562
-2.89493161,17.65273395,-5.18155280
-6.16165546,17.15935897,-5.07931839
4.07133050,17.91675161,-5.37239334
4.54048433,17.67196599,-5.32666697
-4.04281659,17.52410221,-5.11083990
-5.11487924,17.32406276,-5.05101843
4.22905073,17.86349620,-5.35339566
4.38222058,17.78142162,-5.33733413
0.09181864,33.43213155,-6.15714994
0.37915677,33.55919022,-6.18057921
0.62770791,33.61225496,-6.10695056
-0.20692473,33.33336936,-6.16823602
0.87537894,33.69111412,-6.06463935
-0.52747839,33.26478323,-6.21003014
1.13259643,33.79405528,-6.05759156
-0.88386583,33.22937716,-6.28181592
1.40967378,33.92028567,-6.09189265
-1.27850394,32.92345771,-6.20196886
1.58599722,33.76813476,-5.88382531
-1.72565705,32.62330252,-6.16388656
1.78528018,33.61504111,-5.70491834
-2.25691861,32.31365737,-6.15419810
2.02151608,33.45551020,-5.56831163
-2.91233286,31.95691930,-6.15701112
2.31189260,33.28837653,-5.49393188
-3.53759016,31.52678896,-6.08040828
2.54298054,33.04161855,-5.32464975
-4.31203441,31.07927365,-6.03578729
2.83957079,32.77630516,-5.23137393
-5.26743736,30.72249478,-6.06295259
3.22068381,32.49606894,-5.23796220
-6.40188704,30.68518910,-6.30641424
3.71563274,32.20119247,-5.36767507
-7.07499495,30.15177827,-6.15914290
3.87973201,31.36511275,-5.04749638
-7.79189988,29.77662805,-6.09369035
4.15738770,30.52707538,-4.84046513
-8.53396806,29.53968147,-6.10680383
4.53188493,29.70557294,-4.69859542
-9.30046979,29.40874438,-6.17052357
4.99075595,28.91226952,-4.56740554
-10.10310756,29.13445640,-6.34294532
5.49276044,27.91762710,-4.43817767
-10.96419463,28.87875380,-6.49707532
6.05056299,26.92417437,-4.24976262
-11.93053783,28.47691958,-6.64654066
6.65038493,25.84175939,-4.26205365
-13.11425907,27.68328102,-6.90036263
7.28935164,24.60448290,-4.68818945
-12.98737682,26.80672868,-6.41525035
7.06104300,23.52475143,-4.58595394
-12.94282431,25.75387651,-6.06571568
6.86277330,22.36926598,-4.72239462
-12.94141414,24.46798691,-6.15893599
6.71600246,21.16116909,-5.01793114
-13.00051218,23.01088570,-6.60169225
6.64363247,19.90076811,-5.40536703
-11.82221309,22.32782648,-6.22974717
6.16709773,19.52427062,-5.32579856
-10.96054636,21.47028783,-6.18955030
5.82548631,19.17792191,-5.34580036
-10.33091117,20.60129163,-6.29363052
5.57501133,18.85375307,-5.41335557
-9.83813361,19.77768998,-6.39587137
5.38719608,18.54128366,-5.50423794
-9.09675967,18.91116212,-6.32568639
5.12942445,18.42800453,-5.54696176
2.14955744,18.64081342,-5.62099326
2.95400202,18.85344665,-5.70483406
-8.42205499,18.16468178,-6.12340617
3.41775605,18.96197411,-5.75371195
4.93993235,18.31122470,-5.61150614
0.76480764,18.35909998,-5.48648841
-7.73031466,17.60755378,-5.87863277
3.71768465,18.91201682,-5.79277682
4.79199103,18.18477410,-5.68857713
-1.00403179,18.09667789,-5.53747445
-6.98807533,17.24015052,-5.67468062
3.94414045,18.73555623,-5.83047569
4.66912658,18.04635431,-5.77239527
-2.73939336,17.81092853,-5.62010965
-6.00347446,17.24899150,-5.50877515
4.13660504,18.45614483,-5.87339852
4.52425094,18.19245503,-5.78431269
-3.92124257,17.64677679,-5.56572446
-4.98650908,17.41809108,-5.49436206
4.26520078,18.39802265,-5.83716997
4.39214285,18.30950009,-5.80659131
0.23037103,32.93875556,-7.35076457
0.52424781,33.07332312,-7.37981702
0.79347719,33.12708663,-7.31505945
-0.07847992,32.84272446,-7.35620713
1.05650270,33.21565207,-7.28314371
-0.41556725,32.78519006,-7.39488663
1.32733557,33.33729478,-7.28523238
-0.79835287,32.77249211,-7.46773607
1.61992989,33.49481012,-7.32514147
-1.16658816,32.46985445,-7.37661562
1.81128756,33.33267470,-7.15003614
-1.59802160,32.19239044,-7.31839411
2.01211551,33.19487370,-7.00548018
-2.12274777,31.92060756,-7.28695266
2.23975676,33.06584930,-6.89797532
-2.77645658,31.61958693,-7.27814977
2.51685366,32.93476773,-6.84136258
-3.37559364,31.23989739,-7.16121913
2.70479461,32.74044118,-6.67973798
-4.11587485,30.82171107,-7.09019246
2.95617701,32.52606280,-6.57285025
-5.04436220,30.48207057,-7.14701814
3.29705767,32.28578006,-6.53575288
-6.22848338,30.52225011,-7.51878628
3.76382456,32.01915010,-6.57062353
-6.84034697,29.88710049,-7.33878901
3.79564017,31.26235153,-6.24731098
-7.56243157,29.48043873,-7.21071471
3.99796278,30.48163265,-5.98456681
-8.33899124,29.22829335,-7.12236762
4.33379602,29.68671837,-5.74999430
-9.15055120,29.08863583,-7.07532713
4.76690811,28.88892865,-5.52721426
-9.99811978,28.80004731,-7.17885528
5.25177038,27.86881666,-5.44436621
-10.89612181,28.53342776,-7.29944716
5.79614845,26.85021963,-5.38113451
-11.87202395,28.14006682,-7.45377600
6.38693174,25.78289162,-5.39413310
-13.01258831,27.42139530,-7.69296855
7.03468785,24.58332889,-5.68057360
-12.81393680,26.54640573,-7.47558774
6.82642703,23.58638112,-5.44365638
-12.69726541,25.62194865,-7.18645002
6.63431826,22.51101625,-5.41285745
-12.66088659,24.51498899,-7.02948556
6.49455401,21.36186906,-5.61300060
-12.70505873,23.17886485,-7.24635843
6.42916910,20.14838359,-5.96478840
-11.54111964,22.68231769,-6.74224251
5.95236679,19.81532434,-5.76140557
-10.70281745,21.93403496,-6.65932768
5.63221764,19.49967918,-5.72491643
-10.08413760,21.11867694,-6.79628504
5.40553738,19.20083674,-5.77009020
-9.59188264,20.31488371,-6.94448570
5.23905783,18.90974972,-5.85536909
-8.85979393,19.40420897,-6.91575886
5.01246735,18.81672487,-5.89504675
2.42054242,18.96711681,-6.04580352
3.09744517,19.23059926,-6.09185923
-8.19288163,18.50580025,-6.68074352
3.49414616,19.36314387,-6.16817295
4.84726625,18.71662011,-5.96915093
1.15322984,18.58334970,-5.90426716
-7.52170231,17.79078008,-6.37558365
3.76124532,19.32960996,-6.24718527
4.71912984,18.60532625,-6.06265464
-0.71274973,18.25912803,-5.83795113
-6.81214545,17.33903895,-6.12495506
3.96752918,19.16771023,-6.30656091
4.61363596,18.48090741,-6.16593993
-2.57862570,17.94150769,-5.95414162
-5.86890987,17.31800285,-5.93337132
4.14367506,18.90233289,-6.34998878
4.48559712,18.63120673,-6.19660664
-3.80937931,17.75243679,-5.95097357
-4.87730574,17.49681680,-5.90674904
4.25682639,18.84243872,-6.29322222
4.36881796,18.75158339,-6.24052089
0.40955430,32.12846325,-0.29222058
0.64520706,32.24261300,-0.28047135
0.88485537,32.20766596,-0.29206100
0.16482674,32.02583300,-0.27644710
1.12957442,32.19006606,-0.27761396
-0.10917699,31.92851704,-0.23574001
1.38877551,32.18888678,-0.23438375
-0.44238763,31.82353516,-0.17123624
1.67119068,32.20486149,-0.16021256
-0.74444370,31.22889142,0.01039666
1.94838972,31.85503799,-0.06698943
-1.22893825,30.54756508,0.21198421
2.23439936,31.52940802,0.06542532
-2.02013313,29.80189289,0.40956682
2.54251312,31.23095993,0.23475627
-3.26547941,29.07824689,0.61840946
2.89903766,30.96709304,0.43438384
-4.47717044,28.51013637,0.66683992
3.19770037,30.65463940,0.46786775
-5.85821806,28.09123680,0.74380988
3.57777772,30.37590409,0.52036998
-7.26740032,27.83417909,0.76450828
4.10082180,30.15738476,0.60264119
-8.55175012,28.00094436,0.71159420
4.90353155,30.05290845,0.75379885
-9.06231922,27.41060129,0.65558624
5.13027446,29.28283655,0.74414258
-9.57307051,26.93671389,0.65109978
5.44066391,28.51038811,0.70776923
-10.08472037,26.55298216,0.67495112
5.82761903,27.72454969,0.62782000
-10.59737150,26.23513115,0.68567698
6.29413035,26.91919679,0.49193209
-11.15187828,25.77047173,0.86862633
6.80616074,25.79418498,0.58283013
-11.74108122,25.31370308,0.90677108
7.39847174,24.61795958,0.64585403
-12.51332728,24.91157764,0.84351891
8.13383539,23.43209934,0.82432058
-13.75084869,24.64647297,0.70630938
9.14161755,22.25417724,1.17804630
-13.57547814,23.44396968,0.72374301
8.63256007,21.07040658,1.19746923
-13.72431991,22.37227265,0.71827537
8.36045321,19.95373372,1.30472774
-14.19645748,21.32122511,0.69858447
8.33624370,18.80929631,1.51738682
-14.94927215,20.22680925,0.68073111
8.55437720,17.55503177,1.76317481
-14.27907314,19.31155004,0.72467144
7.65809257,17.26891251,1.69851005
-13.76513126,18.53731261,0.70964328
7.03816905,16.97168375,1.66837525
-13.32357815,17.88239870,0.65626477
6.60245250,16.64097381,1.66614541
-12.92285597,17.32519795,0.58106602
6.27468109,16.27413839,1.67559341
-1.01556103,15.12014824,0.64026215
-1.91605438,15.20794072,0.66012880
-12.11110380,16.93300221,0.43276219
-0.19097885,15.03778292,0.73576242
5.71982775,16.06425543,1.59162874
-2.83760223,15.33362046,0.68449959
-11.32892684,16.68736116,0.29409677
0.59249661,14.93793167,0.85500214
5.25442643,15.80047172,1.52096641
-3.80718230,15.49261004,0.69673275
-10.48669246,16.50088200,0.22294747
1.34680244,14.80818129,0.99596063
4.82531483,15.48813524,1.46696644
-4.89017576,15.61992946,0.70408688
-9.50289455,16.28439025,0.27246231
2.08744056,14.63849831,1.15713957
4.39738553,15.12978471,1.42980848
-5.79184793,15.97977305,0.60434612
-8.12917109,16.31808613,0.36725152
2.70014054,14.81060829,1.20537300
3.84539865,15.06618372,1.33547951
-6.85874038,16.21873183,0.49332834
3.28286541,14.95541250,1.26370619
0.24195038,32.69521444,-8.21673456
0.55324787,32.86231798,-8.24861314
0.85099279,32.90953035,-8.18349611
-0.08770649,32.58864041,-8.22080009
1.13820446,33.00963303,-8.15075287
-0.45055891,32.54031693,-8.25951854
1.43035851,33.16000664,-8.14810890
-0.86569137,32.55741442,-8.33357287
1.74308917,33.36279387,-8.17195667
-1.23002253,32.22216604,-8.24413383
1.96625748,33.13761226,-8.00875998
-1.65645724,31.93961861,-8.18744254
2.19214828,32.96009741,-7.87456481
-2.17579673,31.68359631,-8.15632756
2.43890791,32.81343426,-7.77367891
-2.82868083,31.42996712,-8.15404618
2.73084995,32.68522238,-7.71215154
-3.39776265,31.08252762,-8.04351355
2.91812234,32.48037117,-7.56102468
-4.11993477,30.72743052,-7.98422950
3.16075610,32.27711454,-7.44916846
-5.05205898,30.48167857,-8.05311655
3.48727657,32.06232878,-7.38017526
-6.29299800,30.66271353,-8.36438853
3.93625855,31.83042215,-7.34894269
-6.78874619,29.84290010,-8.19909033
3.86199334,31.09668744,-7.09581466
-7.45846888,29.33949037,-8.10600572
3.95352795,30.36670429,-6.88537322
-8.22986944,29.05484857,-8.01725070
4.20706278,29.61622795,-6.68110093
-9.05816099,28.90683798,-7.90797368
4.60346623,28.84661850,-6.43510135
-9.93269177,28.61105680,-7.92433066
5.08506582,27.83752198,-6.31460357
-10.85851625,28.33256341,-7.95099995
5.63758435,26.81446810,-6.22561268
-11.85086449,27.93020372,-8.01960236
6.23637016,25.74394617,-6.25594681
-12.97764708,27.24094821,-8.19577400
6.89250201,24.56285310,-6.45837543
-12.75992087,26.32825112,-8.07386315
6.73303344,23.59197301,-6.39417129
-12.60889259,25.41125449,-7.97661011
6.59109585,22.56913608,-6.37128806
-12.53337677,24.38024615,-7.91668031
6.47831272,21.47915987,-6.49773924
-12.55227014,23.15046600,-8.02385121
6.42533007,20.31537725,-6.77907327
-11.40218852,22.77216151,-7.57907708
5.91172834,20.03241188,-6.46360693
-10.57219509,22.14157724,-7.40662691
5.56841850,19.75194716,-6.31165330
-9.95992463,21.39478008,-7.49407397
5.33939893,19.47631995,-6.28956463
-9.46657952,20.64109415,-7.60582008
5.17829757,19.20299858,-6.34066940
3.16873589,19.51786500,-6.46887399
2.56336984,19.24009167,-6.38152413
-8.73130292,19.77713020,-7.52984987
3.54030610,19.64885005,-6.66367709
4.96514609,19.12417798,-6.36113724
1.42097969,18.79357341,-6.26979611
-8.05634800,18.85667067,-7.24091638
3.80536592,19.60868781,-6.85904760
4.81425026,19.03478912,-6.44072323
-0.45511804,18.39175970,-6.10102058
-7.38301289,18.02359483,-6.86901952
4.01400131,19.45053648,-6.98076147
4.69977050,18.93156512,-6.55205417
-2.42939060,18.04781315,-6.20864519
-6.68264303,17.46358476,-6.55487146
4.18783958,19.20174135,-7.02893882
4.60674534,18.81375818,-6.67769318
-3.70941644,17.85005023,-6.25847446
-5.76511712,17.39973677,-6.32353074
4.29215756,19.15249865,-6.93884026
4.49413854,18.95922695,-6.75122504
-4.78927188,17.58081481,-6.26377402
4.39179482,19.07173452,-6.84188494
