-1.64891296,13.93303033,1.41701614
-2.90847474,13.89037383,1.39943177
-1.63562615,13.81814710,1.64895393
-2.88351816,13.77857062,1.61523075
-4.15971072,13.91647306,1.37694417
-4.12513192,13.80709141,1.57500619
-5.33108953,13.93595105,1.35990365
-5.29338669,13.83224084,1.54066697
-6.35918915,13.88584293,1.35202275
-6.32569585,13.79062662,1.51879953
-4.99274743,33.32076334,1.99818326
-3.44370981,33.38589550,1.97775264
-4.98875935,33.33033228,2.22166236
-3.44203580,33.39723920,2.18734668
-1.93027275,33.39929358,1.93377494
-1.92899712,33.41051418,2.12540245
-0.51357009,33.34849928,1.86693636
-0.50931122,33.36198796,2.04139520
0.75723783,33.22587693,1.79135417
0.76660187,33.24423717,1.95166127
-7.07469186,13.85653397,1.32183876
-7.05042403,13.76758827,1.48289625
-7.68114870,13.76204049,1.29996602
-7.66644945,13.67960547,1.45780116
-8.21035880,13.62366621,1.28578191
-8.20509278,13.54879097,1.44189837
-8.70195605,13.45256811,1.27770969
-8.70570184,13.38644300,1.43298808
-9.73293884,30.49372876,2.25438053
-8.59794242,31.33423810,2.16570338
-9.73730324,30.48540067,2.44128694
-8.59904512,31.33043622,2.36827806
-7.42738958,32.10070743,2.08706409
-7.42443445,32.10061540,2.30516652
-6.22457728,32.76657152,2.02431230
-6.21902226,32.77092294,2.25097137
-9.05236999,13.50125319,1.28755117
-9.06533366,13.43905260,1.44195855
-9.41340312,13.51375727,1.29840676
-9.43538408,13.45488375,1.45199610
-9.80692531,13.49900751,1.31142318
-9.83940607,13.44243486,1.46503059
-10.25439839,13.47138697,1.33223675
-10.29898318,13.41719730,1.48568995
-10.55417272,13.52856109,1.34723930
-10.60375591,13.47617818,1.50073308
-10.91696690,13.58209540,1.37106523
-10.97244858,13.53181884,1.52459125
-11.37543934,13.63968726,1.40994891
-11.43851984,13.59221569,1.56347872
-11.98601867,13.70919393,1.45849284
-12.05436029,13.66498640,1.61363715
-13.67192989,26.36951766,2.56819242
-12.17697129,27.58167714,2.47790771
-13.66629111,26.36135911,2.74631261
-12.17876735,27.56084966,2.65078562
-11.20384298,28.66419908,2.37644847
-11.20065459,28.64180596,2.54865997
-10.44804891,29.61666431,2.29981294
-10.44604558,29.60005621,2.47682019
-12.22997018,14.12558380,1.50062836
-12.29940959,14.07128564,1.65636769
-12.66795116,14.60930299,1.57125655
-12.73555604,14.55015049,1.72872792
-13.28655007,15.24986595,1.67963779
-13.34932413,15.19516546,1.84259940
-14.03125238,16.08410714,1.89885859
-14.09101983,16.05510034,2.07404863
-14.06842538,17.15906222,2.07773831
-14.12069493,17.15556853,2.25592716
-14.41160695,18.41074454,2.30406077
-14.45490831,18.43453855,2.48383810
-14.71538067,19.84350881,2.45114592
-14.74794914,19.86846359,2.63659577
-14.82035337,21.37390680,2.47686660
-14.85543852,21.38801313,2.66653395
-14.70139494,22.55769226,2.50925572
-14.73506733,22.56815244,2.69964397
-14.49703220,23.71873258,2.48912950
-14.52246579,23.72725643,2.68122449
-14.12042415,24.97522738,2.51727595
-14.13228102,24.98053111,2.70394478
-1.66570840,14.06945479,1.15112822
-2.93499764,14.02176092,1.15645910
-4.19329015,14.04153768,1.15916031
-5.36558645,14.05312038,1.16551116
-6.39011715,13.99256888,1.17433142
-5.01719300,33.31770792,1.76328903
-3.46665629,33.38233964,1.75955352
-1.95132350,33.39444506,1.73655871
-0.53465105,33.34020642,1.68924592
0.73410338,33.21224617,1.62919756
-7.09697729,13.96026149,1.15046924
-7.69556222,13.86077146,1.13191274
-8.21844303,13.71292077,1.11940130
-8.70354305,13.53241093,1.11158484
-9.75059333,30.50745516,2.06223138
-8.62241758,31.34808951,1.95510747
-7.45637753,32.11111708,1.85851327
-6.25270278,32.76857886,1.78569830
-9.04692340,13.57793776,1.12297680
-9.40104672,13.58818324,1.13429416
-9.78535020,13.57291247,1.14805473
-10.22513193,13.54095540,1.16860797
-10.51987121,13.59827743,1.18508916
-10.87723118,13.65055606,1.21041931
-11.33153994,13.70489468,1.24781300
-11.93292283,13.77170826,1.30062692
-13.70227100,26.38734440,2.38538388
-12.20936677,27.61081837,2.30098999
-11.23590608,28.69287694,2.20097463
-10.47823062,29.64064174,2.11932250
-12.17270004,14.20261167,1.34528877
-12.61568434,14.69639487,1.41094178
-13.23953479,15.33524037,1.51719660
-13.98786945,16.14700116,1.72731037
-14.03419234,17.20052380,1.90072566
-14.37563314,18.41173425,2.12196309
-14.68650468,19.83506383,2.26087404
-14.79222107,21.37385552,2.27987439
-14.67670800,22.56234960,2.31007983
-14.47447232,23.72567572,2.28867662
-14.12393300,24.98312444,2.32285315
-0.41532016,13.90258593,1.69817908
-0.41890088,14.01811980,1.45932481
0.79426507,14.01411821,1.72946361
0.79834676,14.13110437,1.49099796
1.99764121,14.09703358,1.73802158
2.00563100,14.21334466,1.50606352
3.20015774,14.10166114,1.72439510
3.20697741,14.20865318,1.50521901
4.96050040,32.17214289,1.67691592
3.99260174,32.36782157,1.70126552
4.92506072,32.13970106,1.52820729
3.96174952,32.33695045,1.55421017
3.00804706,32.63552467,1.76015792
2.98300336,32.60750509,1.61239385
1.94996883,32.94057105,1.84567060
1.93242820,32.91718469,1.69377189
4.22503256,14.15656242,1.66315365
4.22775797,14.24934116,1.45187131
5.23355498,14.16898019,1.59492172
5.23069176,14.24349717,1.39436891
6.22141734,14.16242088,1.52285943
6.21315731,14.21684583,1.33280611
7.18136560,14.15619067,1.45140266
7.16814842,14.19412936,1.27068756
8.45147489,30.60009902,1.74040364
7.50812353,31.06944816,1.73954162
8.38947388,30.59006082,1.57426622
7.45286437,31.05325992,1.57414414
6.64279945,31.45278532,1.71362955
6.59535190,31.42979930,1.55162268
5.80558769,31.79950699,1.68899469
5.76462820,31.77086975,1.53291092
7.90099002,14.54054056,1.42317820
7.87550098,14.57595116,1.24660433
8.58474471,14.93337470,1.41565603
8.54285402,14.97061127,1.24571198
9.25942158,15.34740121,1.42800543
9.19906927,15.39030603,1.26497106
9.97156278,15.75853377,1.45786633
9.89263902,15.81013882,1.29984429
10.42505188,16.19502160,1.49420403
10.33463434,16.25092165,1.33814094
10.92401937,16.62121994,1.53793082
10.82677931,16.68073595,1.38298153
11.47216717,17.01714155,1.58696827
11.37284868,17.07937983,1.43110080
12.05316911,17.38417132,1.64336448
11.95584477,17.44848956,1.48403552
11.99444985,27.73251949,1.42072397
10.91504217,28.57141503,1.47821533
11.95078196,27.71091130,1.23438081
10.86877368,28.55245748,1.29438943
9.97558118,29.35740338,1.56996541
9.92495109,29.34491418,1.39285124
9.16458998,30.03512208,1.66368439
9.10648424,30.02728416,1.49322658
12.23289077,18.39649405,1.69620751
12.13566547,18.45918627,1.53251091
12.46226350,19.36114746,1.72396979
12.36877012,19.41872582,1.55615857
12.75822191,20.26588553,1.74221612
12.66616660,20.31823381,1.57015285
13.15210551,21.09809744,1.78551142
13.05893820,21.14688411,1.61090241
13.00535344,22.05270262,1.73198562
12.91571170,22.08317526,1.55494008
12.96088978,22.85371884,1.72026106
12.87925740,22.87038877,1.54375921
12.94854660,23.61176323,1.68340346
12.87154575,23.61532866,1.50534490
12.92053949,24.39802724,1.56419633
12.84375436,24.39017924,1.38341360
12.80957672,25.09096406,1.53777030
12.74080472,25.07498710,1.35698470
12.62621264,25.86505910,1.48488123
12.56345507,25.84263201,1.30277080
12.33339443,26.74361179,1.43508128
12.27776196,26.71831086,1.25017084
-0.42659358,14.15196969,1.18433260
0.79979053,14.26183940,1.21589623
2.01348005,14.33854587,1.24019159
3.21502539,14.31736421,1.25901883
4.88673755,32.11145037,1.37715103
3.92447910,32.31121812,1.40529904
2.94857234,32.58501245,1.46370880
1.90302484,32.89860243,1.54077685
4.23143940,14.34211319,1.21755587
5.22808013,14.31455168,1.17454855
6.20472134,14.26411116,1.12787065
7.15481547,14.22464670,1.07863128
8.33991141,30.57751012,1.40276097
7.40880475,31.03779006,1.40460324
6.55356411,31.40787467,1.38596776
5.72541315,31.74566429,1.37384407
7.85031329,14.60350796,1.06253999
8.49967598,15.00464171,1.06856947
9.14022504,15.42566987,1.09559439
9.81262838,15.85587730,1.13829208
10.24115718,16.30232800,1.17926438
10.72516995,16.73479080,1.22353307
11.26461271,17.14024894,1.27154923
11.85367372,17.50709508,1.32386010
11.91488697,27.69710437,1.04550100
10.83133517,28.53469351,1.10512208
9.88991308,29.33088525,1.21000257
9.06639921,30.01650071,1.31701375
12.02845898,18.51768278,1.36291450
12.26094191,19.46852895,1.37766628
12.56060132,20.35946957,1.38821358
12.95761152,21.18372958,1.42818388
12.81878012,22.10373123,1.37097701
12.78677858,22.88191422,1.35986088
12.78228187,23.61802176,1.31941022
12.75898722,24.38624764,1.19540164
12.66380848,25.06522805,1.17096446
12.49326116,25.82784063,1.11657756
12.22119511,26.70069606,1.06162723
-2.02403227,15.30495185,-7.78782908
-2.94272334,15.22827221,-7.78077581
-2.03630298,15.35158075,-7.55488682
-2.95399058,15.27437356,-7.54810710
-3.85283535,15.13049497,-7.76756526
-3.86283146,15.17605887,-7.53527576
-4.75944380,15.01516394,-7.75515566
-4.76745709,15.05877098,-7.52443125
-5.66813347,14.88635731,-7.75225338
-5.67273373,14.92519739,-7.52516729
-1.11076940,15.47818364,-7.55374081
-1.09771633,15.42981153,-7.78914573
-0.17976171,15.57891779,-7.56047796
-0.16603557,15.52917422,-7.79657006
0.75981855,15.65007962,-7.58646898
0.77426347,15.60068409,-7.81999830
1.71561146,15.69661635,-7.63467601
1.73075468,15.65000435,-7.86225908
-1.63821348,33.19837659,-9.51648967
-3.06616365,32.76010957,-9.52056382
-1.63378374,33.10102683,-9.23277948
-3.05020077,32.66240433,-9.23859000
-4.50984637,32.44813350,-9.52227412
-4.48121472,32.35251209,-9.24279997
-6.01299365,32.24859474,-9.50954049
-5.97411021,32.16110746,-9.22917455
-7.62047698,32.14689925,-9.49882486
-7.57800307,32.07389371,-9.21521277
-0.34539223,32.73414260,-9.13158882
-0.33458541,32.81912466,-9.41767122
0.88339391,32.43312260,-9.07185889
0.90506480,32.51251719,-9.35453596
2.14169839,32.14737906,-9.06873909
2.17220197,32.23224911,-9.34681926
3.53675238,31.89343548,-9.13651856
3.57688643,31.99214510,-9.41183057
-6.46349638,14.98154798,-7.75934426
-6.46440024,15.01447285,-7.53217475
-7.26234047,15.06713024,-7.78271426
-7.25753175,15.09098628,-7.55902219
-8.07085827,15.15023569,-7.82230601
-8.05829167,15.16239202,-7.60439686
-8.89170352,15.24840336,-7.86809156
-8.87078493,15.24783519,-7.65618167
2.55182616,15.98061716,-7.67348195
2.56868064,15.93165269,-7.90047554
3.38958970,16.24703921,-7.73836496
3.40855224,16.19865728,-7.95933297
4.22771564,16.48962834,-7.82748971
4.24949959,16.44512707,-8.03844508
5.06583985,16.70608313,-7.93449641
5.09154961,16.66831187,-8.13403049
-8.91197380,31.25690043,-9.42361452
-8.86577633,31.20436015,-9.12678433
-10.24391955,30.41740743,-9.37013201
-10.19409114,30.38159765,-9.07278541
-11.66802711,29.47664135,-9.29584770
-11.61809907,29.44994225,-9.01656448
-13.19290330,28.25061988,-9.22293921
-13.14432475,28.20700221,-8.96701730
4.78736616,30.86847921,-9.14070588
4.82777602,30.96566442,-9.41828908
6.15698276,30.09366525,-9.17451676
6.19818983,30.18134711,-9.44125443
7.54819483,29.49269965,-9.21642098
7.59484647,29.57098393,-9.46187807
8.98126308,28.97243062,-9.25228141
9.03628696,29.04362777,-9.48066635
-9.70850143,15.49187075,-7.91882010
-9.68016581,15.47985252,-7.71009671
-10.55552081,15.76079147,-7.96256788
-10.52126595,15.73983247,-7.75703751
-11.44301419,16.05554385,-8.00154903
-11.40455677,16.02877370,-7.80007686
-12.38526459,16.36283367,-8.04742155
-12.34387183,16.33356872,-7.85311176
5.85566956,17.04291515,-8.06053680
5.88695238,17.01309900,-8.24950860
6.64583758,17.35319318,-8.19317174
6.68460769,17.33320945,-8.37401654
7.45280114,17.65349075,-8.32844440
7.50142677,17.64476791,-8.50617731
8.31173714,17.96162817,-8.47470257
8.37215741,17.96441393,-8.65511956
-15.45716788,25.15160640,-9.46051792
-14.83329632,25.71605450,-9.34191560
-15.43918578,25.05379400,-9.22349833
-14.79943727,25.61884484,-9.10612040
-14.23246683,26.43639345,-9.25880464
-14.18854697,26.35004037,-9.02096866
-13.68019719,27.30952618,-9.21593159
-13.63228488,27.24448514,-8.97069307
11.00544036,27.19201553,-9.41530276
10.38974332,27.60874248,-9.30492298
11.04898570,27.25142344,-9.64600824
10.44238841,27.66770255,-9.53307985
9.85906008,28.04708461,-9.25272920
9.91443825,28.10745301,-9.47776798
9.39687307,28.50203985,-9.24057852
9.45247488,28.56656582,-9.46521895
-12.88895672,16.62873521,-8.08052729
-12.84861899,16.59993809,-7.88865021
-13.42502292,16.86833642,-8.13287028
-13.38567235,16.83807153,-7.94474835
-14.00201769,17.08508539,-8.21132010
-13.96417425,17.05086848,-8.02770707
-14.62640792,17.28697797,-8.32353350
-14.59123666,17.24635651,-8.14275969
8.73019861,18.29311152,-8.55607696
8.79607479,18.30130028,-8.74095748
9.19244998,18.61151303,-8.64965153
9.26419937,18.62469800,-8.84218156
9.71518877,18.91465167,-8.76574673
9.79265335,18.93293030,-8.96804230
10.31977334,19.20109700,-8.91737391
10.40195274,19.22506762,-9.12946983
-14.73673062,17.67829692,-8.39930390
-14.69905351,17.63464398,-8.20935181
-14.87721198,18.07910247,-8.49097584
-14.83559985,18.03044121,-8.29048182
-15.06359618,18.49800830,-8.60072789
-15.01653176,18.44281154,-8.38887606
-15.30861962,18.94626074,-8.73055841
-15.25558800,18.88329143,-8.50663844
10.32483712,19.73275931,-8.97362246
10.41660624,19.75270516,-9.19841218
10.41608789,20.21845703,-9.05122700
10.51339323,20.23904764,-9.28816336
10.58919639,20.67966666,-9.15245876
10.68843465,20.70624132,-9.39926058
10.83943391,21.14102018,-9.27707010
10.93837938,21.17891896,-9.52937747
-15.24780305,19.57344535,-8.81788041
-15.19277618,19.50512188,-8.58072821
-15.26262237,20.27921273,-8.92290251
-15.20564121,20.20336218,-8.67421714
-15.36093015,21.11049705,-9.05890959
-15.30075484,21.02336576,-8.80117149
-15.53367310,22.08690138,-9.22900134
-15.47373489,21.99243545,-8.96813964
10.75096207,21.75874321,-9.33575466
10.83889786,21.80767919,-9.59329530
10.73890455,22.42568273,-9.40584797
10.81952862,22.48803801,-9.66270543
10.79951060,23.16917954,-9.47984896
10.87834545,23.24512884,-9.73114170
10.92764756,24.01907430,-9.53679933
11.00688483,24.10521990,-9.77923546
-15.52083003,22.82074169,-9.31093031
-15.46798708,22.72947384,-9.05433472
-15.49796659,23.55773379,-9.37902171
-15.45517852,23.47061244,-9.12932872
-15.46861936,24.30996727,-9.42662162
-15.43598693,24.21938918,-9.18349856
10.87509609,24.68495506,-9.50266437
10.94896117,24.76872435,-9.73841820
10.84965161,25.43696874,-9.45593981
10.91787162,25.51491199,-9.68849140
10.87927687,26.27845477,-9.41547261
10.93920764,26.34805900,-9.64793617
3.52158918,31.83423748,-8.84970506
4.77684843,30.81840219,-8.84894810
6.14198123,30.05104136,-8.89503120
7.51971060,29.45144367,-8.96117816
8.93642276,28.93017678,-9.01556148
1.69949738,15.76222513,-7.37985928
2.53356827,16.05069429,-7.41814227
3.36891089,16.31663736,-7.49005858
4.20436498,16.55332751,-7.59242161
5.03934383,16.75961832,-7.71626452
10.96418146,27.15525839,-9.17266225
10.34223245,27.57485512,-9.06683768
9.81084104,28.01338299,-9.01896664
9.35031177,28.46534431,-9.00767081
8.25526956,17.96348036,-8.29311422
8.66849413,18.28911438,-8.37048954
9.12515428,18.60224359,-8.45719836
9.64203438,18.90061610,-8.56325481
10.24181443,19.18213935,-8.70334495
10.23652854,19.72072208,-8.74394562
10.32204758,20.20917371,-8.80540540
10.49359786,20.66825666,-8.89323273
10.74479970,21.12207235,-9.00849802
-14.56411111,17.20890796,-7.95085310
-14.66931635,17.59718836,-8.00815870
-14.80254646,17.99069793,-8.07969813
-14.97855368,18.39891637,-8.16805747
-15.21146961,18.83321023,-8.27501385
10.66966008,21.73313763,-9.06031389
10.66717226,22.39004933,-9.13136808
10.73030415,23.12186906,-9.21294404
10.85650548,23.96178518,-9.28064628
-15.14673084,19.45412019,-8.33468906
-15.15632087,20.14852086,-8.41592476
-15.24492737,20.95919842,-8.53338687
-15.41219606,21.91903799,-8.69507436
10.80851358,24.63053124,-9.25332267
10.78736053,25.38785559,-9.20992078
10.82394360,26.23593238,-9.16994575
-15.40981124,22.65811060,-8.78410180
-15.40394007,23.40336946,-8.86526313
-15.39358847,24.15075553,-8.92542802
-15.41082366,24.97958510,-8.97100166
-1.63010950,33.05764632,-8.93736819
-0.34810825,32.69945636,-8.83345246
0.87753548,32.39890420,-8.77821785
2.13302148,32.10450296,-8.77942522
-2.05073941,15.41428132,-7.29168868
-1.12505709,15.54477427,-7.28770511
-0.19438170,15.64818309,-7.29378791
0.74448423,15.71938913,-7.32348496
-2.96903008,15.33634559,-7.28412161
-3.87879952,15.23693698,-7.27116371
-4.78372120,15.11671258,-7.26264230
-5.68737222,14.97702977,-7.26945927
-3.04263486,32.63016206,-8.94544574
-4.46999935,32.32881438,-8.95277277
-5.96177121,32.14702042,-8.93638060
-7.56793307,32.06785945,-8.91701285
-8.86415637,31.21714640,-8.80518259
-10.19061717,30.39713374,-8.74455713
-11.59950430,29.45965638,-8.70932373
-13.10351227,28.19873745,-8.68920108
-6.47702006,15.06128404,-7.27542625
-7.26495853,15.12794614,-7.30656828
-8.05760859,15.18554962,-7.35974217
-8.86060455,15.25583747,-7.41983046
5.82475911,17.08507042,-7.85819112
6.60879167,17.38223848,-8.00379315
7.40711169,17.66876166,-8.14638479
-9.66177356,15.47468294,-7.47708576
-10.49613885,15.72378798,-7.52644897
-11.37450543,16.00570954,-7.57254220
-12.31029570,16.30706532,-7.63316442
-12.81618044,16.57467609,-7.67040429
-13.35438790,16.81205930,-7.73323706
-13.93421795,17.02089359,-7.82603363
-14.75377191,25.55214962,-8.85403900
-14.13515186,26.30059257,-8.76409270
-13.58224136,27.21908555,-8.70399825
0.16367627,33.44549498,0.40434152
-1.17062837,33.56147865,0.32615458
-0.27708035,33.83618962,-0.92505983
-1.63973997,33.87626749,-1.02855012
1.39584277,33.06635022,0.39032426
1.02011614,33.45376723,-0.90708457
-2.61889802,33.58467156,0.19539483
-3.09877822,33.86261526,-1.12345927
2.52175233,32.68387870,0.33775213
2.24493932,33.06063630,-0.93898139
3.60272361,32.35687512,0.27121630
3.44744722,32.72515145,-1.00003850
-4.14623415,33.55162442,0.05738655
-4.65536432,33.84491516,-1.16018152
4.69412609,32.13511678,0.22605970
4.67422362,32.50833283,-1.05177575
-5.72662509,33.52739422,-0.00097427
-6.30403069,33.88497188,-1.09475124
-7.04356175,32.98380783,0.01210809
-7.68077937,33.32969815,-1.02812956
5.64881694,31.71762789,0.15815889
5.75139221,32.01775629,-1.13412360
-8.31745739,32.33058709,0.15063128
-9.01251725,32.64255531,-0.89798170
6.59166607,31.34892036,0.12019697
6.81515339,31.59110381,-1.19096999
7.54697979,30.95068877,0.10308319
7.88298461,31.13783633,-1.22796121
-9.53382300,31.53613199,0.38464938
-10.29431044,31.76322045,-0.71318095
8.55643654,30.45477754,0.07565192
8.97962300,30.58903033,-1.26213574
-10.71409047,30.64308846,0.66693193
-11.59657046,30.77546702,-0.47305425
9.26629312,29.88700010,-0.03428643
9.64757675,30.01159456,-1.34044263
-11.45874143,29.77534404,0.82931084
-12.38902176,29.90071139,-0.33182031
10.01687668,29.22072384,-0.14933367
10.33162817,29.37547728,-1.40653114
-12.22098998,28.83479032,0.95147268
-13.18370332,28.98425255,-0.22510634
10.82691162,28.49492724,-0.23528487
11.06099103,28.71078675,-1.44748797
-13.12863940,27.77024761,1.02398038
-14.02039297,27.97335234,-0.17536294
-14.36720319,26.60675900,1.04714923
-14.99333757,26.90097885,-0.17195749
11.74329048,27.76717642,-0.25614793
11.88304473,28.05086603,-1.44831240
11.87258553,26.82267530,-0.24459820
11.92038187,27.09660327,-1.44527950
-14.50483195,25.21242568,0.95155790
-15.00835722,25.52917173,-0.25201763
-14.68480962,23.96369320,0.90893030
-15.16982870,24.29042148,-0.30386728
12.02676041,25.97792249,-0.20423442
12.01991175,26.22760864,-1.42756093
12.12855812,25.21713771,-0.17598810
12.11367672,25.42480723,-1.42241720
-14.84302504,22.81389643,0.93887830
-15.36594410,23.14677122,-0.30459668
-14.97151264,21.70460736,0.94575613
-15.52953693,22.07723809,-0.30386189
12.18021051,24.51607685,-0.18108942
12.18848458,24.66399264,-1.44007819
-0.58215256,34.19209206,-2.15201031
-2.01416179,34.16613320,-2.20706001
0.77743371,33.82670458,-2.14041614
2.06502584,33.46021020,-2.15410339
-3.53504419,34.11638165,-2.23588276
3.33868063,33.13869067,-2.19300753
-5.14829598,34.07979774,-2.20306958
4.64871379,32.91642973,-2.24169961
-6.85218421,34.10535217,-2.08312971
-14.85852279,20.30295480,0.98935016
-15.41403236,20.78677933,-0.23857743
12.13719678,23.66797766,-0.08455229
12.14465077,23.72007535,-1.37458926
5.79313810,32.32488914,-2.30289495
-8.26277937,33.47087982,-1.97474484
12.11110915,22.85020957,-0.04046199
12.14967858,22.79164583,-1.32617784
-14.58758996,19.07315689,0.91913049
-15.20012127,19.61763109,-0.26359523
6.92693660,31.79635198,-2.35444088
-9.60664949,32.68447897,-1.84551193
-10.90360278,31.70052719,-1.71098374
8.06025712,31.24909546,-2.39693768
12.13044911,22.01373260,-0.01590537
12.21413830,21.86095563,-1.28001071
-14.25424830,18.04145734,0.75102931
-14.91420436,18.59212463,-0.39292414
9.21316189,30.62562564,-2.43404810
-12.25463612,30.63826933,-1.54918879
12.23676198,21.13390763,0.04993122
12.34131877,20.92911589,-1.20893705
-14.08821687,17.08371463,0.58082980
-14.68849515,17.68293206,-0.55830944
9.83643775,30.03090217,-2.49419473
-13.02090816,29.76851897,-1.47103610
-13.33197660,16.40186530,0.38224045
-13.90557417,17.05558909,-0.74306203
11.82952496,20.39088976,0.04417255
11.95779048,20.19575260,-1.17938798
10.47425299,29.41477316,-2.54206017
-13.77616287,28.86793205,-1.41277473
-12.71880926,15.79682521,0.26202013
-13.29456073,16.44896551,-0.85674986
11.50857215,19.63017960,0.09261322
11.63503018,19.46016278,-1.11001221
11.15702875,28.79031386,-2.56844402
-14.52237643,27.89702120,-1.38904613
-12.27401837,15.24423816,0.17304905
-12.85419079,15.81911194,-0.93847929
11.27825552,18.81074576,0.15720220
11.38460203,18.68466810,-1.03020394
-15.34596992,26.90044142,-1.39313465
11.92990096,28.17404003,-2.56822974
-12.01247157,14.68987475,0.10631901
-12.58393442,15.13906700,-1.00325105
11.15725391,17.88398580,0.20039111
11.23461032,17.81424696,-0.97751034
11.90540319,27.21562068,-2.55966688
-15.36933787,25.60532800,-1.43929138
-11.44323564,14.58279716,0.04053156
-11.98468224,14.90637994,-1.05822808
10.63169934,17.47661875,0.17203807
10.70729643,17.39557354,-0.99910684
10.17490340,17.02652694,0.12904708
10.24563360,16.93248854,-1.04656360
-11.00762186,14.48131390,-0.00736972
-11.50843277,14.69194729,-1.09959444
-10.65858857,14.38167881,-0.04030860
-11.11948792,14.49946096,-1.12801819
9.77979940,16.54902432,0.07090834
9.83526912,16.43722900,-1.11470230
9.43716996,16.05739071,-0.00103511
9.46064932,15.92306559,-1.19489970
-10.36653006,14.27959404,-0.06256647
-10.78951513,14.32333642,-1.14652235
-15.56092369,24.43210503,-1.47696882
11.96382834,26.33479979,-2.54640268
8.84471894,15.57104026,-0.12064174
8.79252033,15.40422834,-1.31507613
-9.91575852,14.30118616,-0.08759765
-10.26062639,14.29032304,-1.16466059
8.26375175,15.10376545,-0.23320339
8.11919060,14.91408670,-1.41679512
-9.51727886,14.30943450,-0.10663280
-9.78775126,14.26257421,-1.17861065
7.65165037,14.66783586,-0.32244884
7.41611156,14.46914845,-1.49214282
-9.14729906,14.29308344,-0.12415531
-9.34499645,14.22093966,-1.19244497
-15.80611993,23.32969171,-1.48708149
12.04155523,25.51412671,-2.54409542
6.97716623,14.27074826,-0.38215654
6.66973181,14.07628108,-1.54267722
-8.78798724,14.24134549,-0.14284935
-8.91230174,14.15115151,-1.20745798
3.14124000,14.77098271,-0.76382252
4.14623582,14.64597360,-0.68589108
2.84788062,14.54263860,-1.80995952
3.83747294,14.41825392,-1.76188322
-6.41991482,14.78637302,-0.18840564
-5.39289129,14.89736756,-0.30564480
-6.30799700,14.73192763,-1.27360724
-5.27783359,14.88732209,-1.36484702
-7.13352337,14.73424669,-0.15614190
-7.06213280,14.66470822,-1.23695485
1.93079142,14.98222321,-0.84948977
1.67898810,14.81547266,-1.84904799
-7.74815769,14.61980186,-0.14515673
-7.73513668,14.53881381,-1.21901246
5.11815333,14.49261469,-0.58065811
4.80417361,14.27201590,-1.69218712
0.70082170,15.06806151,-0.86424888
0.50863789,14.97876880,-1.83213173
-4.23747426,14.95447935,-0.46122236
-4.16052826,14.98480394,-1.47842404
6.06200129,14.35427713,-0.47351803
5.74838331,14.14400800,-1.61549343
-8.28833994,14.45151092,-0.14334628
-8.34232188,14.36243237,-1.21177811
-3.00843940,14.99582245,-0.62490020
-2.99670700,15.04313577,-1.59743159
-0.53345767,15.07645192,-0.83296275
-0.65961018,15.05578543,-1.78062508
-1.76581193,15.04823488,-0.76141571
-1.82588407,15.07174505,-1.70489313
12.11406463,24.73182962,-2.55842891
-16.00922673,22.29017774,-1.49235566
0.55071421,34.20710170,-3.24429577
-0.86871241,34.60583620,-3.25110363
-2.36306551,34.53447707,-3.27613952
12.08217685,23.75024068,-2.50244674
-15.91764908,21.04114927,-1.42117008
-3.93704392,34.44155211,-3.28009701
1.89430125,33.82137484,-3.26012198
-5.59171126,34.34304183,-3.23263612
3.22184326,33.47741704,-3.30000428
-15.70090893,19.90504311,-1.40250679
12.10931790,22.78059828,-2.45348471
4.58398997,33.21058788,-3.35724991
-7.32002408,34.25822665,-3.12140482
5.76161544,32.49050203,-3.40581694
-8.74250455,33.47194801,-2.97853156
-15.43847515,18.89695894,-1.46122879
12.21123296,21.80940401,-2.40688400
-10.08691355,32.54460503,-2.83983103
6.92505712,31.84084747,-3.45310642
-15.21516890,18.00873917,-1.57049682
12.39509779,20.84050415,-2.35825493
8.08406466,31.19218131,-3.50260063
-11.40306307,31.47361553,-2.73155185
12.05841507,20.09738928,-2.33556870
-14.44900134,17.41351221,-1.71052967
9.26358945,30.50418793,-3.54967964
-12.78241353,30.36273430,-2.63828637
-13.46910456,29.49326245,-2.61031220
9.83692979,29.90859606,-3.59845337
11.79681620,19.35252061,-2.29543513
-13.84141894,16.82472348,-1.81319544
10.43034086,29.31652625,-3.63174532
-14.11172447,28.58020287,-2.59522393
11.60194383,18.58064819,-2.25271645
-13.39805407,16.18877049,-1.89048668
11.07424329,28.72911410,-3.64332509
-14.73637111,27.61736466,-2.59233198
-13.11256442,15.49062207,-1.96190157
11.46800642,17.74925572,-2.22786386
-15.44958561,26.66789626,-2.60086515
11.80928850,28.15347024,-3.63701628
10.89132710,17.35965521,-2.21927882
-12.47592166,15.19561721,-2.01032291
10.36281199,16.93734245,-2.22753432
-11.95768319,14.90633810,-2.04905625
-15.47665887,25.45873597,-2.61612608
11.75034385,27.21207846,-3.60981235
-11.52954732,14.63781391,-2.07466835
9.87382453,16.48736956,-2.24910124
9.41613713,16.01692645,-2.28016329
-11.16472826,14.39458461,-2.08830842
-10.55864118,14.29435203,-2.08656063
8.62545564,15.55278930,-2.32332424
11.78907833,26.34101420,-3.58889883
-15.67658042,24.37827198,-2.63772694
7.85714281,15.10717307,-2.36636798
-10.01097262,14.22316328,-2.08195574
-9.49445196,14.15517236,-2.07925909
7.08858343,14.69267771,-2.40546989
6.30524996,14.31078706,-2.44174762
-8.98763502,14.07164387,-2.08027076
-15.93222385,23.36380341,-2.64521907
11.86575415,25.52523832,-3.57849772
-6.97221544,14.53093370,-2.06279155
-6.19127409,14.58794236,-2.08580784
1.45074269,14.71045660,-2.58648380
2.56597836,14.47022903,-2.58166847
3.52291091,14.43344195,-2.55414648
-5.17263611,14.76830508,-2.14401838
4.46439142,14.37778973,-2.51370241
-7.68961060,14.41681025,-2.05773166
5.39124776,14.32731992,-2.47352415
-8.35374425,14.25735852,-2.06600178
-4.09513057,14.88397903,-2.22367002
0.33997946,14.86854974,-2.54811810
-0.76816787,14.94929314,-2.48467588
-2.98741640,14.94753916,-2.31486892
-1.87652665,14.96788529,-2.40730390
-16.14739714,22.40315277,-2.64826738
11.94515271,24.74616129,-3.58033558
-16.09269344,21.23525618,-2.57501060
11.90393535,23.76183829,-3.51925462
-15.90637739,20.15652390,-2.52460109
11.91193817,22.79789871,-3.46718936
0.33132938,34.38997257,-4.27957544
-1.12554380,34.85034818,-4.28744614
-2.66173151,34.73721522,-4.29303308
-4.26526594,34.60524921,-4.29416333
1.70959780,33.96125447,-4.30511601
11.98518406,21.84263749,-3.43111578
-15.69103405,19.19188730,-2.52282359
-5.93701668,34.45290561,-4.25991871
3.06950689,33.58164510,-4.35566825
-7.67005534,34.27468387,-4.18490315
4.46369456,33.26872043,-4.42458020
5.66468978,32.43348204,-4.45173658
-9.10393160,33.34773271,-4.01294608
12.13422530,20.89880933,-3.42219189
-15.51925941,18.34824138,-2.57340803
6.85208163,31.68956996,-4.49119743
-10.46442585,32.31579590,-3.85958350
11.78221222,20.18728150,-3.43123936
-14.83615298,17.79866377,-2.65574896
-11.81183493,31.20212342,-3.77793255
8.03463984,30.98284546,-4.55442853
11.51631814,19.47586973,-3.44527854
-14.27608801,17.25361120,-2.73873170
-13.19189398,30.04831091,-3.76221315
9.24126831,30.27929375,-4.62775964
9.76358374,29.70097649,-4.67391733
-13.75214606,29.14930585,-3.77216488
-13.85562311,16.64931445,-2.82608594
11.33309584,18.74612324,-3.45974039
-14.24405902,28.19594393,-3.78296302
10.31301023,29.13452025,-4.70153760
-13.57457830,15.95114518,-2.92583567
11.22865173,17.97695352,-3.47240430
-14.75238428,27.22895204,-3.78905903
10.92221634,28.57825192,-4.70437181
10.64424511,17.62561338,-3.43155407
-12.90945716,15.61042713,-2.97773925
-12.35803978,15.25261514,-3.02329055
10.11394079,17.25211418,-3.39191478
-15.39045956,26.32374910,-3.79884805
11.62869777,28.03680946,-4.69206317
-11.89596691,14.90820317,-3.05281876
9.62549399,16.85549813,-3.35703372
-11.50014135,14.59550129,-3.06318831
9.16937857,16.43615969,-3.33105244
-15.42311026,25.20181571,-3.79082977
11.56732597,27.11840184,-4.64732184
-10.82560454,14.42361024,-3.03017490
8.35336898,16.03280234,-3.28211587
7.56625220,15.63200032,-3.25287636
-10.21096990,14.30825390,-2.99048713
11.61476958,26.26767782,-4.61871838
-15.61878700,24.21222857,-3.79726387
-9.62828370,14.21549319,-2.95365330
6.78570001,15.24010792,-3.24594848
-9.05607386,14.12158834,-2.92440872
5.99873616,14.85404314,-3.26606505
5.09897416,14.80560385,-3.26537959
-8.37273734,14.27997161,-2.87215852
4.19061292,14.76638427,-3.28256943
-7.66546132,14.41835572,-2.83068763
-6.91628221,14.51284313,-2.80945956
3.27150791,14.72135801,-3.30568747
-6.11742351,14.54931277,-2.81332103
2.34142006,14.65929319,-3.31887458
1.26531000,14.82856684,-3.28790369
-5.11053963,14.73712280,-2.83891979
0.19852512,14.93703152,-3.22395570
-4.06328662,14.86289118,-2.89373094
-2.99650523,14.93801636,-2.96973462
-0.86480751,14.98137158,-3.14366027
-1.92964052,14.97042098,-3.05850751
-15.86493947,23.29028775,-3.79650025
11.70583550,25.47101501,-4.59883001
-16.07953317,22.41969483,-3.79597641
11.79390518,24.71236175,-4.58585040
11.72872673,23.74791557,-4.51317394
-16.06577154,21.34982072,-3.72881470
11.68964454,22.81705022,-4.45930047
-15.94004527,20.34809743,-3.66775837
11.69214969,21.90944490,-4.44499361
-15.79525371,19.43643984,-3.63038312
-1.35418245,34.57105954,-5.28121562
-2.88771111,34.40932592,-5.26781222
0.09029638,34.07141579,-5.25742207
-15.69741490,18.62490609,-3.63042013
11.75183954,21.01961635,-4.48877218
1.45697260,33.62227742,-5.28414778
-4.47501956,34.25090081,-5.26847266
-6.12725527,34.09161719,-5.25018376
2.80947165,33.22631473,-5.33647284
-7.84517403,33.90678194,-5.21376547
4.20879954,32.88720192,-5.40197484
-15.13544113,18.09444181,-3.64330360
11.36215467,20.34962567,-4.53864379
-9.28972153,32.95270571,-5.00830309
5.43149237,31.98558602,-5.39569921
6.65511433,31.21256718,-5.44363440
-10.66998388,31.91342542,-4.84855653
11.07322768,19.67204289,-4.61008143
-14.65921400,17.57319292,-3.67531555
7.87289800,30.52596018,-5.56125849
-12.01916427,30.79873263,-4.81399658
-14.28672821,17.00773794,-3.73225496
10.89092047,18.97355916,-4.68173877
9.10683068,29.87646119,-5.69850165
-13.32595145,29.58938445,-4.88132241
9.56941520,29.34246496,-5.75319216
-13.72167629,28.65536265,-4.91667878
10.81595439,18.24613048,-4.73909054
-14.02415143,16.34804743,-3.82343166
10.06368760,28.81897126,-5.77846610
-14.07717644,27.68472312,-4.95404887
10.24642915,17.93018733,-4.66571297
-13.33306229,16.00866020,-3.86389707
9.74087317,17.60720689,-4.57955184
-12.74679983,15.63021651,-3.91127124
-14.51048374,26.74609727,-4.98358189
10.62734462,28.30647725,-5.77271965
9.28161672,17.27021982,-4.49018434
-12.24574035,15.25050415,-3.94894112
-11.81033998,14.89855209,-3.96778875
8.85530921,16.91329537,-4.40688381
-15.09890121,25.90217246,-5.00754139
11.29581500,27.80852737,-5.75066893
8.05266714,16.58951675,-4.25990170
-11.06774526,14.67062729,-3.92590738
-10.39203398,14.52038215,-3.86425613
7.27598734,16.25114089,-4.14587046
-15.12528489,24.86206576,-4.99177088
11.23401208,26.92862479,-5.68581070
-9.75199255,14.40978615,-3.79837440
6.50178412,15.89532652,-4.07211989
-9.12505442,14.31115425,-3.73746596
5.71817616,15.51578742,-4.04641534
11.28753646,26.11166058,-5.63949510
-15.29529270,23.94917916,-4.97713738
-8.40909523,14.43768685,-3.65224357
4.83208909,15.40856354,-4.01264510
-7.67252258,14.55211037,-3.57928844
3.93906203,15.29207256,-4.00304650
3.03893513,15.16218222,-4.00314949
-6.90094454,14.62802492,-3.53105765
2.13321480,15.01602599,-3.99683510
-6.08883606,14.64879237,-3.51451582
-5.09112436,14.84327342,-3.50829086
1.09175528,15.11508037,-3.93909060
0.06279358,15.16836656,-3.85913509
-4.06552986,14.98126878,-3.53916556
-0.96349405,15.16876057,-3.77032754
-3.02810942,15.07186677,-3.60021259
-1.99387475,15.12176194,-3.68329304
11.38640380,25.34776031,-5.60183783
-15.51924986,23.10985018,-4.95438940
-15.73148688,22.32598427,-4.93795451
11.47733285,24.62361875,-5.57164743
-15.77824221,21.36293858,-4.87598285
11.39792278,23.69762526,-5.49280338
11.31901020,22.81838312,-5.44801741
-15.74194919,20.46309689,-4.81586488
11.25254330,21.97821557,-5.46706993
-15.68851038,19.62942652,-4.76150694
11.22383719,21.16458286,-5.56571069
-15.67236812,18.86270481,-4.72299588
10.81802927,20.55816496,-5.63751619
-15.25073307,18.35102827,-4.66645454
-1.53682665,33.66658894,-6.48211345
-3.00994890,33.43700726,-6.47289938
-0.17160022,33.24006968,-6.44606899
1.12999941,32.86726137,-6.47645044
-4.52339177,33.26976179,-6.48253599
-6.10666198,33.15255629,-6.45580586
2.43828500,32.51142328,-6.51846696
-14.88749900,17.85455983,-4.62763042
10.51624647,19.94342133,-5.73541362
-7.77605134,33.04846699,-6.41812336
3.82615996,32.18169182,-6.56883439
5.08520592,31.27633556,-6.53087194
-9.19546384,32.19534572,-6.15462625
-10.56314643,31.25151420,-6.01370581
6.36129565,30.53917986,-6.61802724
-14.59051056,17.33806713,-4.61551199
10.33662275,19.30273630,-5.83701758
7.60312443,29.91053231,-6.81112001
-11.87162358,30.18657418,-6.07430208
-14.36629154,16.76528406,-4.64253544
10.28350080,18.62382286,-5.93330513
-13.08680938,28.94334902,-6.23782952
8.84657444,29.33232747,-7.00307904
9.24900126,28.85380512,-7.05480576
-13.37552451,28.00015850,-6.29554667
9.74071544,18.33537334,-5.83866686
-13.67229227,16.47322485,-4.62763408
9.26969530,18.04391797,-5.72598295
-13.06585278,16.12623789,-4.64694525
-13.69602928,27.04008972,-6.35603738
9.69028305,28.38536832,-7.07422469
8.84889738,17.74518006,-5.59977610
-12.53461407,15.75455980,-4.68185736
-12.06427407,15.38988718,-4.71635554
8.46215404,17.43361459,-5.47049838
-14.14089370,26.14139119,-6.41628428
10.20204399,27.92501742,-7.06889934
-11.25655761,15.11676636,-4.68969547
7.69303245,17.18165371,-5.22387688
6.94462768,16.90691144,-5.02628082
-10.52362853,14.93217434,-4.63066458
10.81611816,27.47384894,-7.06327685
-14.74160285,25.36620395,-6.48265936
6.18989303,16.59514677,-4.88757880
-9.83375407,14.80126163,-4.55411563
-9.16218929,14.69432999,-4.47453460
5.41702437,16.23761453,-4.80977418
10.71156771,26.62285384,-6.98776653
-14.74164857,24.41677935,-6.46547216
-8.42802155,14.78538640,-4.36983068
4.54964369,16.08591507,-4.74461321
-7.67519984,14.86908274,-4.28021845
3.67462314,15.91095538,-4.70808846
2.79556323,15.71529334,-4.68515373
-6.89132860,14.92033450,-4.21803513
-6.07259908,14.92323460,-4.19097998
1.91632690,15.50184637,-4.66120537
0.90964474,15.54096180,-4.58260428
-5.08800049,15.11564812,-4.16747493
-0.08231087,15.54455972,-4.49117095
-4.08391381,15.25974509,-4.18377501
-3.07375784,15.36187910,-4.23425704
-1.07268800,15.50545126,-4.39777050
-14.86030269,23.58758517,-6.43987383
10.72969157,25.82476546,-6.94638000
-2.06977839,15.42590073,-4.31217914
10.80298804,25.07969109,-6.91949873
-15.02850414,22.81697905,-6.40100109
10.88140150,24.38561957,-6.89613947
-15.20396585,22.09471866,-6.36702117
-15.24279402,21.20606316,-6.27230064
10.78354341,23.51505051,-6.79236756
-15.25900592,20.40673241,-6.19021711
10.68862053,22.71919027,-6.73072810
10.60177845,21.98395105,-6.74073117
-15.28511443,19.67415009,-6.12428518
-15.35355520,18.98732199,-6.08349947
10.56031257,21.28613835,-6.82893267
-15.06897339,18.52114025,-5.98590583
10.21302810,20.77356373,-6.86790281
9.97411806,20.24361491,-6.94977815
-14.83421412,18.06697565,-5.90692276
9.86644664,19.66634421,-7.05822817
-14.64258670,17.60804495,-5.85503484
9.89534270,19.02351435,-7.17091725
-14.48963244,17.12770806,-5.84451784
-13.83437799,16.90485231,-5.71561507
9.34908406,18.74906783,-7.09774668
8.88089352,18.46459767,-7.02418686
-13.24116221,16.63188222,-5.65573523
-12.70288677,16.31815663,-5.65227533
8.46685144,18.17177591,-6.93990444
8.09163582,17.86973160,-6.84125013
-12.21097614,15.98388203,-5.68537035
7.31756274,17.65629732,-6.58988587
-11.34256096,15.68136803,-5.67565418
-10.54633785,15.45109724,-5.64622675
6.58578629,17.42887714,-6.32879457
5.85458185,17.16282993,-6.09534831
-9.79809470,15.28126461,-5.58745972
5.10367759,16.84163872,-5.92417182
-9.07722524,15.15005272,-5.50706749
4.26715490,16.67479627,-5.79022583
-8.32646814,15.20517397,-5.37928378
3.42024676,16.47063161,-5.70259183
-7.56586261,15.26463373,-5.26289506
2.56871583,16.23471887,-5.64726688
-6.78330391,15.29802032,-5.18278234
1.71853259,15.97331325,-5.61152429
-5.97472585,15.28612523,-5.15276406
-5.02613671,15.48520860,-5.10757485
0.74135650,15.98198424,-5.51348080
-4.06416950,15.63593611,-5.11400567
-0.21924167,15.96106209,-5.41517613
-3.09767740,15.74203817,-5.16347122
-1.17525241,15.90232743,-5.32358397
-2.13417437,15.80623736,-5.24430503
0.50430422,33.28830264,1.03302825
-0.79560061,33.42185860,1.02843349
1.69483994,32.94051026,0.98096653
2.76506352,32.59284298,0.91696781
-2.23737418,33.46988484,0.98647779
3.77535125,32.29217299,0.85553839
-3.77314668,33.44660243,0.91032604
-5.34381211,33.38946255,0.84707490
4.78386805,32.07912614,0.81937338
5.66279407,31.69321647,0.78502999
-6.62047716,32.83851252,0.84999885
6.53138986,31.34418435,0.77279406
-7.84466783,32.18402498,0.97062732
-9.01255141,31.41127457,1.15823799
7.42126229,30.96444607,0.77528964
8.38195035,30.48813278,0.76205680
-10.14113787,30.54977786,1.36274451
9.10687876,29.91542255,0.66018812
-10.86510600,29.68421955,1.47560320
-11.61255954,28.73685701,1.58009565
9.90439936,29.22425870,0.53862846
10.78859208,28.44888522,0.43254673
-12.55198730,27.65297154,1.66805438
11.79690941,27.65949158,0.39019916
-13.95740019,26.44090742,1.71970793
-14.26108719,25.04785031,1.62778434
12.02338046,26.69431752,0.41026433
12.24580468,25.84422311,0.46636629
-14.52496126,23.80323299,1.58607256
12.38625909,25.09544974,0.51458028
-14.70262320,22.64466190,1.61901791
-14.83050269,21.48251926,1.61117636
12.45419572,24.42256334,0.52749615
12.45264231,23.63673934,0.64743618
-14.72110094,19.97814138,1.62505363
-14.40916672,18.65297376,1.52379280
12.43288545,22.88644332,0.69000807
12.43986027,22.10028980,0.70105636
-14.06032098,17.56775975,1.33185286
12.55545904,21.21883019,0.75920129
-13.94920969,16.56895397,1.16776656
-13.19271770,15.82322291,0.97452055
12.13693265,20.43367234,0.72700964
11.82305234,19.60959716,0.74330688
-12.56774907,15.19003217,0.86437943
-12.11792826,14.66013717,0.78878409
11.59367586,18.72355543,0.76927103
-11.86725607,14.17174672,0.73333241
11.44814189,17.75049267,0.77215936
10.88642022,17.36182519,0.73288241
-11.29196852,14.10190888,0.67236148
-10.85792995,14.03895220,0.62812101
10.38834833,16.93159270,0.69002619
-10.51429951,13.97482700,0.59781403
9.95367184,16.47427663,0.64270411
9.57706344,16.00404614,0.58997449
-10.22915771,13.90459365,0.57777109
8.95656106,15.54734062,0.51146347
-9.79676091,13.94289236,0.55325850
8.36108650,15.10751200,0.44100542
-9.41723546,13.96383391,0.53584517
-9.06650394,13.95900108,0.52026532
7.74671811,14.69540813,0.38951137
-8.72673578,13.91880088,0.50371979
7.07683624,14.31452130,0.36340972
-6.43658510,14.43367809,0.50796572
-7.13575450,14.38998525,0.51497026
3.21502722,14.65651887,0.17704860
2.00894418,14.78155569,0.06622247
4.22051870,14.59952730,0.22580740
-5.41643112,14.53007664,0.42806323
0.77483257,14.78501508,0.01708629
-4.24952049,14.56496991,0.31496080
-2.99542716,14.59178679,0.18376404
-0.47294351,14.72794383,0.01659900
-1.72509208,14.66282375,0.06090034
-7.72978949,14.28047176,0.51224816
5.19704638,14.49749603,0.28499193
-8.24781031,14.11879615,0.50738865
6.15015495,14.38957152,0.33332051
-1.60042398,33.26171160,-7.59889260
-3.03658736,32.95518252,-7.61506614
-0.28667991,32.89211917,-7.51359557
-4.50142071,32.73768480,-7.63694985
0.97079700,32.56094540,-7.50025274
2.24750013,32.22833788,-7.52288420
-6.03724093,32.60598556,-7.60478193
-7.67585284,32.52676699,-7.55643055
3.62837566,31.91320545,-7.59057621
-9.04619797,31.71218609,-7.30118230
4.89920382,30.97324199,-7.56472319
6.21937681,30.23528779,-7.67632224
-10.38601596,30.82949545,-7.18708565
7.51763048,29.62668278,-7.86640321
-11.70506464,29.81858780,-7.26651238
8.83348278,29.08110711,-8.01663151
-13.00753767,28.57392623,-7.40640434
9.23601591,28.61647594,-8.03573344
-13.36959799,27.61183282,-7.44675908
-13.80724006,26.64028470,-7.51140880
9.68101426,28.16140609,-8.04366214
-14.36786293,25.76706401,-7.60935149
10.19659141,27.71369363,-8.05632235
10.81172468,27.27285798,-8.10407390
-15.05269259,25.05860492,-7.73610523
10.67790277,26.38786555,-8.06099774
-15.03972410,24.18632808,-7.70453836
10.66272065,25.55151983,-8.07224362
-15.09516074,23.40731737,-7.65929063
10.70791696,24.78068604,-8.09971934
-15.16855047,22.64759238,-7.59509144
-15.24925067,21.91372319,-7.53251235
10.77311748,24.08643123,-8.11462848
-15.17687552,20.99970114,-7.39367197
10.65632368,23.25046166,-7.99978896
-15.14658411,20.20667212,-7.29466655
10.57088256,22.51184856,-7.90087074
10.52700839,21.83459511,-7.86317585
-15.16575567,19.49830188,-7.23715388
-15.24593579,18.84189796,-7.22143959
10.55677569,21.18823428,-7.89465130
-14.99506589,18.41033184,-7.11244260
10.26169897,20.71666716,-7.85264414
10.06902507,20.22496584,-7.85605421
-14.79856398,17.99336907,-7.02853231
-14.64363410,17.57667074,-6.97374464
9.98721024,19.68986017,-7.88685549
-14.51918319,17.14898551,-6.95237403
10.01764002,19.09430347,-7.92595264
9.44445528,18.81735193,-7.82841177
-13.87974770,16.97976674,-6.74306196
-13.29586691,16.76022209,-6.61234640
8.95485411,18.52515884,-7.75030322
8.52288196,18.22108189,-7.67628460
-12.75724841,16.49314156,-6.55641002
8.13136352,17.90730039,-7.59813466
-12.25536960,16.19080827,-6.55733661
7.31614052,17.66967944,-7.41072839
-11.34999340,15.88626148,-6.52324668
6.54470522,17.44014758,-7.20450061
-10.51042165,15.62555198,-6.49951410
5.78434646,17.18904503,-6.98871039
-9.71962301,15.41384376,-6.45878772
-8.96176131,15.23938938,-6.39909167
5.02056032,16.88819736,-6.79287126
4.19087800,16.71743077,-6.62463778
-8.19175050,15.23776169,-6.30165352
-7.42120482,15.24503725,-6.21191837
3.35748598,16.50181396,-6.50063624
2.52131512,16.24626902,-6.42296981
-6.63935436,15.23165742,-6.15632624
-5.84121750,15.18077878,-6.14814037
1.68522927,15.95922577,-6.38759186
0.72162174,15.94247175,-6.30439180
-4.91809721,15.36015435,-6.11222873
-0.22624733,15.89284829,-6.24451213
-3.98626603,15.50162516,-6.11637662
-3.04910564,15.60713439,-6.14662558
-1.16808026,15.80434566,-6.20765497
-2.10894302,15.68055594,-6.18671499
