0.86660791,12.44691895,0.70597291
-0.31051048,12.56201210,0.84801941
0.85693304,12.18915305,0.85015953
-0.31610029,12.30772368,0.99160484
-1.51191078,12.68374932,0.99007755
-1.51674643,12.43160861,1.13686182
-2.73029621,12.80315114,1.14047497
-2.73824373,12.56078702,1.29472809
-3.94755180,12.93648217,1.32544362
-3.96197687,12.72145214,1.48875157
-5.48257571,35.86438514,1.76646695
-4.20399435,36.24751530,1.69538049
-5.45080486,35.72033187,1.94362073
-4.16686307,36.11494291,1.87695804
-2.79418251,36.60681426,1.64474225
-2.75610461,36.49620029,1.81684130
-1.20992377,36.70309181,1.62181101
-1.17365140,36.61548160,1.77180034
0.53148321,36.58990146,1.56855185
0.56233096,36.51883294,1.69731815
-4.98975419,13.25369375,1.50533752
-5.01406190,13.07168419,1.67744622
-5.98702474,13.60251299,1.68896430
-6.02075086,13.45652050,1.86568696
-6.92688339,13.94569398,1.85253163
-6.96730426,13.82680622,2.02857847
-7.81093933,14.22553480,1.98220755
-7.85483023,14.11956753,2.15284122
-10.14649021,33.43194483,1.98944424
-8.94975497,34.07295880,1.95729265
-10.13331091,33.39857674,2.15498560
-8.94326940,34.00114083,2.10917273
-7.78805504,34.64988400,1.89575063
-7.78075117,34.54480084,2.04665070
-6.65345003,35.21415077,1.82835876
-6.63615929,35.08278713,1.99077005
-8.60040735,14.83899935,2.09307925
-8.64628185,14.74365716,2.26105863
-9.33872465,15.37197379,2.16488254
-9.38484738,15.28187177,2.32786621
-10.04364189,15.84377254,2.20450523
-10.09026877,15.75476920,2.36210481
-10.73476690,16.29091075,2.22228649
-10.78345811,16.19986076,2.37407885
-11.19607735,16.75854831,2.22038928
-11.24319574,16.67184787,2.36860564
-11.68507719,17.22392439,2.21623197
-11.73023101,17.14057509,2.36091485
-12.22350746,17.69102598,2.21707690
-12.26664298,17.61071311,2.35803923
-12.85127072,18.15337247,2.21706446
-12.89058299,18.07848182,2.35528842
-12.94389374,31.30355164,1.98510553
-12.39307546,31.66503393,1.92436884
-12.93949905,31.33297296,2.14715061
-12.38915973,31.69402565,2.09141396
-11.76904517,32.16539613,1.90322731
-11.76380540,32.18428907,2.07595890
-11.01914972,32.78321531,1.93470722
-11.00939900,32.77962717,2.10834797
-13.12856395,19.33594478,2.19853508
-13.16203090,19.26609448,2.33820292
-13.45745528,20.51840856,2.18471180
-13.48728419,20.45520105,2.32588781
-13.82963027,21.70092568,2.16805091
-13.85918230,21.64599545,2.31261083
-14.21823165,22.87859723,2.15966443
-14.25018811,22.83626057,2.30911174
-13.95941363,24.18686862,2.03929247
-13.99029447,24.15126831,2.19962067
-13.79803047,25.42300912,1.92392462
-13.83318692,25.40123563,2.09362591
-13.67872636,26.59278897,1.82802277
-13.72122232,26.58811409,2.00137834
-13.56909570,27.72281981,1.75474424
-13.61748426,27.73536126,1.92658014
-13.45409288,28.58499638,1.81619207
-13.48954674,28.60905438,1.97793722
-13.32274938,29.47077239,1.87209851
-13.34539982,29.50145437,2.02936087
-13.15518919,30.37329359,1.92643636
-13.16468939,30.40581293,2.08356954
0.88528430,12.74209534,0.54010043
-0.29591641,12.85348518,0.68508440
-1.49761118,12.97383704,0.82606584
-2.71290316,13.08603537,0.97121226
-3.92255645,13.19105467,1.14741490
-5.50094005,36.01272100,1.59108972
-4.22648310,36.38494136,1.51775298
-2.81809244,36.71946310,1.47775067
-1.23426233,36.79030504,1.47670069
0.50943599,36.66016098,1.44464973
-4.95391462,13.47404784,1.31720391
-5.93992674,13.78015063,1.49506341
-6.87100455,14.08368809,1.65917212
-7.75153794,14.34419475,1.79565343
-10.13872778,33.46353997,1.82481112
-8.94087217,34.14936565,1.80579002
-7.78347883,34.76204392,1.74513112
-6.65878519,35.35058984,1.66628184
-8.54007138,14.94442968,1.91326970
-9.28069005,15.47195404,1.99272312
-9.98817338,15.94524363,2.04029339
-10.68305409,16.39048330,2.06366763
-11.14702357,16.85573859,2.06488026
-11.63942576,17.31842940,2.06383504
-12.18348680,17.77951222,2.06488885
-12.81281808,18.23663035,2.07144144
-12.93202123,31.27767335,1.82415016
-12.37684925,31.64006082,1.75925828
-11.74985281,32.14640330,1.73349584
-11.00506326,32.78609907,1.76405399
-13.09158617,19.41805431,2.04969702
-13.42575282,20.59523623,2.02584107
-13.79784922,21.76867257,2.00442840
-14.18336356,22.93322521,1.99214350
-13.91740106,24.23750978,1.85175217
-13.74233235,25.45723406,1.72550940
-13.61270919,26.60702048,1.63136697
-13.49832110,27.71854534,1.56652479
-13.39871578,28.56937069,1.64440555
-13.27965875,29.44294823,1.70929315
-13.12831804,30.34464861,1.76675700
2.02162828,12.03105878,0.72626643
2.03743569,12.28717275,0.58119306
3.18241967,11.89201281,0.60781239
3.20490084,12.14526632,0.46309765
4.31647631,11.74084265,0.49461005
4.34333718,11.98776818,0.35091346
5.39361046,11.55331359,0.38969528
5.42096933,11.78702766,0.24765729
6.41597096,35.63884437,1.20004584
5.14773476,35.76157409,1.25250637
6.42034680,35.69528340,1.02717489
5.14670651,35.82009524,1.10630070
3.87185092,35.95048465,1.38676153
3.86150230,36.01243509,1.25989084
2.31765549,36.21166658,1.54952913
2.29720384,36.27565601,1.42888235
6.25254761,11.50757151,0.30305009
6.27915735,11.72854119,0.16092812
7.07904893,11.42395847,0.22357098
7.10327994,11.62742809,0.08487673
7.88170776,11.30028777,0.14848768
7.90264149,11.48531161,0.01669367
8.66818959,11.12596677,0.07263169
8.68494614,11.29763407,-0.04855081
14.88061868,32.23681115,0.27267010
12.48957419,33.27347984,0.84456961
14.80375619,32.31559881,0.11636347
12.44021264,33.36122812,0.67956199
9.89894063,34.25563272,1.25547322
9.86465567,34.33456302,1.07659126
7.83564228,34.99845400,1.24809746
7.82813736,35.06214443,1.05877298
9.31397233,11.22970294,0.04774775
9.32452096,11.39449559,-0.06456092
9.96915789,11.25531883,0.01577782
9.97078797,11.41731756,-0.08661839
10.65510002,11.22874369,-0.02207376
10.64640606,11.39115319,-0.11589325
11.41486225,11.14911476,-0.06439249
11.39342871,11.31444991,-0.15344017
11.95356819,11.21947636,-0.07120802
11.92467470,11.38287664,-0.16301242
12.56815735,11.29447633,-0.06346112
12.53233535,11.45301926,-0.16358134
13.29151252,11.39248700,-0.02887458
13.25002133,11.54270063,-0.14621373
14.14546520,11.57384033,0.05386603
14.09971956,11.70854676,-0.09355149
18.98451119,29.38589419,-0.36573500
18.15287084,30.03611955,-0.28844239
18.89197460,29.41250575,-0.58191801
18.04290441,30.06498842,-0.48985474
17.25671422,30.70206335,-0.18873855
17.14664406,30.74567654,-0.37142247
16.19889706,31.41975295,-0.02219545
16.10159530,31.48298128,-0.18720483
14.69706137,12.50885309,0.31948662
14.63732189,12.60442712,0.11621379
15.48496723,13.77399148,0.62339206
15.40086092,13.78980145,0.37381555
16.55446155,15.46952854,0.76043118
16.46095339,15.42959826,0.51814516
17.89500404,17.39103192,0.65006809
17.82383723,17.36651971,0.40919032
18.03152089,19.25705425,0.59872913
17.98088330,19.25095868,0.32044285
18.29990262,21.17230917,0.38145097
18.28388549,21.19098193,0.06963334
18.62381446,23.04381270,0.03584847
18.62321633,23.07452975,-0.28047926
18.91590562,24.79000434,-0.34264890
18.86333332,24.81571242,-0.63937469
18.96679747,26.03901108,-0.38085111
18.89703106,26.06341750,-0.66347063
18.99665168,27.20601630,-0.40710337
18.91050342,27.22988390,-0.66949271
18.99971722,28.31442842,-0.40457071
18.90503641,28.33898328,-0.64406692
2.06236674,12.57985396,0.41388236
3.23636290,12.43476651,0.29588880
4.37890263,12.27156178,0.18499686
5.45739901,12.05456967,0.08429802
6.43651897,35.75074195,0.86346776
5.15249860,35.88047890,0.96723352
3.85618866,36.07626591,1.13920115
2.28259210,36.34006905,1.31365213
6.31507385,11.98488093,-0.00335628
7.13790194,11.86486315,-0.07737033
7.93480860,11.70033921,-0.13802760
8.71332531,11.49697613,-0.19030383
14.71376759,32.41184814,-0.02587684
12.39561973,33.46436126,0.52426910
9.84933399,34.41742258,0.90116162
7.84109104,35.12712130,0.87771179
9.34673944,11.58277672,-0.19309164
9.98444944,11.60665074,-0.20344514
10.65234991,11.57609330,-0.22278621
11.38561674,11.50297206,-0.25211675
11.90917959,11.57222277,-0.26241700
12.51154644,11.64092886,-0.26988317
13.22096007,11.73034310,-0.26508812
14.07223842,11.88225452,-0.23515413
18.74377990,29.44749574,-0.80042865
17.88247737,30.10790353,-0.69043039
17.00380899,30.80877221,-0.54701466
15.98621896,31.56594767,-0.34101638
14.60505464,12.76584284,-0.07407498
15.35154840,13.89422865,0.12905476
16.39536259,15.45419066,0.25921595
17.77791670,17.37117469,0.15102881
17.96097565,19.27150318,0.02571407
18.27924057,21.22525672,-0.24722479
18.58543288,23.10586369,-0.59506009
18.72841983,24.83442971,-0.93897814
18.74069263,26.08199651,-0.94798841
18.74089827,27.25155013,-0.93503438
18.73921757,28.36686272,-0.88845081
0.10964411,16.20288949,-9.42411025
-1.00536857,16.23951328,-9.31737600
0.12653394,16.28574778,-9.17854218
-0.98742990,16.31488799,-9.07001466
-2.14777790,16.20668112,-9.21700127
-2.12670412,16.28400379,-8.96519249
-3.32048384,16.10387261,-9.13782066
-3.29608841,16.19221058,-8.87700281
-4.50580303,15.91387760,-9.09075099
-4.47894973,16.01461720,-8.81844981
1.23069846,16.28498109,-9.28808146
1.21051661,16.18836493,-9.52976029
2.35258955,16.21725353,-9.40868677
2.32417931,16.10474421,-9.64131662
3.48588654,16.08000307,-9.54483803
3.44674097,15.95376538,-9.76485701
4.61534666,15.87421574,-9.69077987
4.56490361,15.74208389,-9.89800143
1.73936398,36.39130838,-9.81476744
-0.00394977,36.19067910,-9.73789922
1.76531042,36.23734675,-9.56362785
0.01281603,36.03079444,-9.49449661
-1.60829809,35.94337109,-9.64336824
-1.59531836,35.77770828,-9.40195927
-3.07087391,35.70033333,-9.53794822
-3.05297368,35.53229889,-9.30027156
-4.46841294,35.55746651,-9.42598439
-4.44092013,35.38774891,-9.20044694
3.34685844,36.02027277,-9.56068736
3.32029759,36.15269898,-9.82614223
4.77394786,35.92012566,-9.57405916
4.75397152,36.04138809,-9.84559398
6.14139473,35.85371624,-9.63383235
6.12731323,35.96895371,-9.90303292
7.55165973,35.78483234,-9.75907794
7.53957171,35.89546948,-10.01619089
-5.57368970,15.95554325,-9.04574886
-5.54624433,16.05720818,-8.76514910
-6.62034820,15.98990542,-8.99739114
-6.59590452,16.08642242,-8.71444097
-7.63516839,16.06281261,-8.92446924
-7.61680192,16.15323970,-8.64758611
-8.60785006,16.17634004,-8.83049326
-8.59696844,16.26355650,-8.56935952
5.57931910,15.96867559,-9.82043697
5.52238128,15.84097040,-10.01784261
6.51057008,16.02643533,-9.95003232
6.44919530,15.90963014,-10.13964339
7.39655133,16.05355491,-10.06777863
7.33404195,15.95187989,-10.25349746
8.23317091,16.05228375,-10.16624694
8.17296559,15.96741240,-10.35264302
-5.89784028,35.00406906,-9.20947346
-5.87657405,34.86287811,-8.99642074
-7.48720273,34.56792932,-8.98593933
-7.48226866,34.45464942,-8.78517728
-9.34237952,34.20618349,-8.80640437
-9.34128745,34.11246982,-8.61463428
-11.35848059,33.81732498,-8.72354946
-11.33819744,33.73417447,-8.52547242
8.82300462,35.22048608,-9.81672799
8.79811825,35.29085620,-10.06332473
10.14529876,34.68900778,-9.89284439
10.10385296,34.72346534,-10.13087749
11.42001580,34.10217381,-9.99238282
11.36995787,34.11172141,-10.22926990
12.53732719,33.33290285,-10.14986951
12.49613394,33.33497549,-10.39452891
-9.52984742,16.46728606,-8.73166619
-9.52465433,16.54945938,-8.49206861
-10.44190470,16.79928997,-8.63000944
-10.43535992,16.87101190,-8.41348395
-11.38696620,17.19691229,-8.51850576
-11.36953220,17.25018722,-8.31974374
-12.41365763,17.68029853,-8.40731243
-12.37796253,17.70794197,-8.21678725
9.01544273,16.20745727,-10.24233723
8.95960849,16.14317907,-10.43245226
9.77936102,16.32244740,-10.29989652
9.73076083,16.28082889,-10.49437419
10.53328804,16.41114450,-10.35596093
10.49619196,16.39494901,-10.55423604
11.28856773,16.49575496,-10.43179810
11.26904393,16.50575461,-10.63452398
-13.90482642,31.83142746,-8.85998760
-13.35277874,32.36200333,-8.79090454
-13.86253421,31.78111661,-8.61141461
-13.31401158,32.31113780,-8.55623401
-12.76143369,32.88725646,-8.74490245
-12.72924513,32.82941053,-8.52550029
-12.10348286,33.37956230,-8.72246075
-12.07784438,33.31039528,-8.51600907
13.83820383,30.57402421,-10.70689163
13.50810567,31.32657122,-10.52697981
13.84969958,30.57991129,-10.96971481
13.49384219,31.32203653,-10.79265606
13.19491110,32.04333747,-10.37292814
13.16383550,32.03556189,-10.63430795
12.87613566,32.71336795,-10.24808308
12.83692728,32.70829623,-10.50116894
-12.96935292,18.14767071,-8.37140308
-12.92427012,18.15824761,-8.17884364
-13.57061432,18.64833086,-8.36040582
-13.51668305,18.64074009,-8.16175373
-14.22269687,19.18707150,-8.38774795
-14.16343450,19.16223227,-8.17996173
-14.92106469,19.76146482,-8.46058110
-14.86318350,19.72289316,-8.24329975
11.67948604,16.75254511,-10.47918692
11.66855772,16.78217834,-10.68790394
12.08710272,17.00989682,-10.54785237
12.08851560,17.05793661,-10.76570453
12.52645918,17.27317918,-10.64170712
12.54554840,17.33677294,-10.87084822
13.02083206,17.54536745,-10.76215999
13.06412083,17.61954941,-11.00355367
-14.99660435,20.55417445,-8.54720794
-14.92626152,20.50607534,-8.32644389
-15.09072582,21.37800173,-8.63666800
-15.00943148,21.31824795,-8.41264242
-15.20278424,22.23820284,-8.72308826
-15.11337370,22.16585344,-8.49619544
-15.33112710,23.13940410,-8.79967625
-15.23720125,23.05507697,-8.57088732
13.12870322,18.35820269,-10.83008612
13.18052431,18.44323652,-11.08758687
13.26866380,19.18947215,-10.91829133
13.33318971,19.28081731,-11.18977063
13.44525696,20.04095873,-11.01924014
13.52637652,20.13485512,-11.29883908
13.66352535,20.91561148,-11.12190485
13.76385943,21.00901316,-11.40087591
-15.07915046,24.25584268,-8.86355105
-14.98161996,24.16519863,-8.62821809
-14.88417960,25.44512956,-8.90576158
-14.78929074,25.35666230,-8.66269141
-14.74294953,26.70185115,-8.92642189
-14.65506277,26.62279641,-8.67522739
-14.63767551,28.01328547,-8.93008321
-14.55891150,27.94633524,-8.67223439
13.59433259,22.19117233,-11.18613378
13.68973122,22.28148055,-11.47004256
13.57529362,23.50831174,-11.21954204
13.66418000,23.58872728,-11.50538449
13.61334666,24.87141085,-11.20278610
13.69353911,24.93585025,-11.49002204
13.71277825,26.28190654,-11.13025839
13.78182170,26.32660257,-11.41687005
-14.46309215,28.95380425,-8.90556312
-14.39303687,28.90157101,-8.64499127
-14.29202253,29.91291865,-8.88164011
-14.23079849,29.86963108,-8.62177672
-14.11034105,30.87676387,-8.86459272
-14.05821567,30.83433417,-8.60895651
13.71293990,27.34857689,-11.02099546
13.76037384,27.37390201,-11.31094026
13.74120535,28.42829200,-10.90612163
13.77038205,28.43874692,-11.19300191
13.78675484,29.50803882,-10.79818570
13.80367234,29.51166428,-11.07537838
7.58795933,35.75852087,-9.49512628
8.87899187,35.23089138,-9.55874395
10.21758497,34.72366901,-9.64370605
11.49829932,34.14516254,-9.74746150
12.60998234,33.36671683,-9.89868657
4.65622654,15.98990991,-9.44829732
5.62392340,16.08735060,-9.58515986
6.55997581,16.14047915,-9.72321715
7.44997936,16.15757675,-9.84773096
8.28813422,16.14277605,-9.95015987
13.87230051,30.59368272,-10.42890934
13.56589649,31.35600806,-10.24799183
13.26528967,32.07740855,-10.10083530
12.95044935,32.74856046,-9.98662844
11.31800063,16.49290748,-10.22237200
11.70319080,16.72935200,-10.26669612
12.10212965,16.96759572,-10.33038125
12.52816132,17.21460746,-10.41733317
13.00312975,17.47554259,-10.53058532
13.10700121,18.27814308,-10.58105043
13.23985199,19.10435900,-10.65077436
13.40556781,19.95655033,-10.73653230
13.60890727,20.83640943,-10.83066808
-14.80236482,19.69034695,-8.02736286
-14.85102601,20.46894251,-8.10674511
-14.92134670,21.27410360,-8.18935864
-15.01512074,22.11353333,-8.27002993
-15.13214879,22.99445518,-8.34204198
13.54999226,22.12207567,-10.87424614
13.54213222,23.45805229,-10.89095312
13.59207413,24.84515363,-10.86486919
13.70316086,26.27841934,-10.79541743
-14.86935178,24.10414163,-8.39077095
-14.67589694,25.30290549,-8.41486987
-14.54519714,26.58141832,-8.41731583
-14.45525158,27.91725638,-8.40650434
13.72505721,27.36381924,-10.68736514
13.76852635,28.45422529,-10.58432404
13.82145169,29.53520560,-10.49635490
-14.29697442,28.88498619,-8.37684783
-14.14350861,29.85846924,-8.35579813
-13.98106972,30.82016379,-8.34925406
-13.79697184,31.75548502,-8.36098842
1.78792594,36.15152976,-9.29293885
3.37020602,35.96520722,-9.28246269
4.79702221,35.88369293,-9.29740678
6.16948100,35.82712321,-9.36123652
0.15284478,16.33746414,-8.91805500
1.25801784,16.35022324,-9.02779907
2.38335721,16.30063148,-9.15142267
3.52118879,16.18236049,-9.29409518
-0.95946211,16.36022870,-8.80903157
-2.09576528,16.33165266,-8.70030070
-3.26251620,16.25047691,-8.60436608
-4.44325869,16.08465893,-8.53464278
0.02698515,35.93319921,-9.22804343
-1.58668274,35.67137696,-9.13813066
-3.04340075,35.42151176,-9.04105700
-4.42718624,35.27166031,-8.95592808
-5.87389242,34.77381080,-8.76154162
-7.49508934,34.38612086,-8.56458242
-9.34632215,34.05104753,-8.41194769
-11.30778681,33.67322952,-8.32590206
-5.50873064,16.12947392,-8.46915124
-6.55951787,16.15574140,-8.40955479
-7.58582665,16.21987129,-8.34086933
-8.57568474,16.33325931,-8.27209607
9.06984079,16.27920989,-10.02872675
9.82995739,16.37201777,-10.08773161
10.57613319,16.43528789,-10.14555374
-9.51331365,16.62206768,-8.21447610
-10.42670189,16.93943060,-8.16355163
-11.35203204,17.30370195,-8.09640360
-12.34262048,17.73747596,-8.01174258
-12.87891282,18.17230563,-7.97598605
-13.46174682,18.63816943,-7.95771681
-14.10206626,19.14322485,-7.97072012
-13.25454098,32.28155769,-8.32209370
-12.67879766,32.79137869,-8.30737149
-12.03721694,33.26099761,-8.30996825
0.59958182,37.31615567,0.60626309
-1.11518581,37.45803452,0.50480445
0.96070134,37.77296739,-0.40674166
-0.65562279,37.77335913,-0.52819187
2.38620365,36.97190100,0.52688677
2.62327685,37.51609969,-0.46838073
-2.63859063,37.40542088,0.37205629
-2.15819227,37.65024870,-0.65776698
4.00653358,36.69416312,0.31446643
4.20403420,37.28523449,-0.66391978
5.40998176,36.45569442,0.05436908
5.68311556,37.05096886,-0.88585501
-4.01826891,37.09877622,0.32132755
-3.60276191,37.37951569,-0.71102909
6.85455963,36.27935559,-0.13453478
7.25618043,36.86170767,-1.04112228
-5.29276455,36.73394521,0.34742654
-4.98386670,37.07268676,-0.70537269
-6.43359388,35.99094032,0.41862863
-6.25134155,36.35367463,-0.68469342
8.37374681,35.66536838,-0.19044345
8.85515092,36.24997389,-1.10908430
-7.51693085,35.24985699,0.51839977
-7.41969347,35.59169740,-0.65274001
10.31751401,35.04870375,-0.19408264
10.74399743,35.70646935,-1.14847187
12.51973474,34.23086302,-0.45990610
12.63329104,35.03587618,-1.40352904
-8.58670562,34.40002447,0.59293676
-8.49602064,34.69853231,-0.61948321
14.31393104,33.20177285,-0.96080909
13.99551071,34.12514093,-1.94497064
-9.67009296,33.42758697,0.62047453
-9.49851738,33.67802763,-0.58238352
15.09674454,32.37745348,-1.37161946
14.57024572,33.31323325,-2.34612537
-10.38703594,32.60420700,0.59186781
-10.13420745,32.88563749,-0.58759588
15.64252888,31.57894306,-1.76542842
15.09089507,32.43227899,-2.69762235
-11.07181353,31.88779899,0.59227332
-10.75741036,32.18230074,-0.57991661
16.09918512,30.76625379,-2.12398003
15.65661705,31.50123721,-3.00351519
-11.72766257,31.35992402,0.62629051
-11.38841065,31.63848212,-0.55492250
-12.36333277,31.02778139,0.68061112
-12.04661832,31.28852158,-0.51659848
16.65561561,29.93096093,-2.42574353
16.34483033,30.55742784,-3.26945005
16.54686083,28.75008352,-2.49954703
16.34529905,29.32582097,-3.35165274
-12.51483249,30.16501371,0.60745450
-12.27099376,30.47826585,-0.60193158
-12.64247623,29.35711040,0.50402749
-12.49856914,29.71710207,-0.71312627
16.48763950,27.51433071,-2.53429948
16.35506112,28.04563185,-3.42282519
16.47745508,26.23669361,-2.55459135
16.39052639,26.73042722,-3.49128522
-12.76523937,28.59411220,0.36671693
-12.73627714,28.98048097,-0.84163937
-12.90828924,27.86498879,0.19785967
-12.99417570,28.24470398,-0.97406217
16.52232602,24.93066530,-2.58266952
16.47578641,25.39923624,-3.56370415
1.23602343,38.17810177,-1.55562933
-0.38582235,38.07195633,-1.59715203
2.81787143,38.03164501,-1.63264164
4.37336079,37.87793844,-1.77976385
-1.96564006,37.94338768,-1.64793502
5.91233602,37.68313682,-1.93932059
-3.51280148,37.75048274,-1.65000223
7.58035850,37.51686120,-2.05280759
-5.01010180,37.52438508,-1.62474303
-13.06306728,26.87051063,0.11627632
-13.23422534,27.20061006,-1.03444094
16.61286758,23.22591189,-2.46035174
16.50187653,23.66006753,-3.52984512
9.22493906,36.90474872,-2.11165911
-6.41653254,36.83558067,-1.61941151
16.73800771,21.52908432,-2.34343262
16.61469278,21.95528119,-3.50779669
-13.24781158,25.85662358,0.04588943
-13.52542653,26.12550559,-1.07162402
11.07032355,36.36747163,-2.18522222
-7.70745235,36.06132328,-1.63509061
-8.85066169,35.16544213,-1.65531753
12.79534296,35.71606283,-2.45440728
16.86696527,19.85928750,-2.21658298
16.77615678,20.30985818,-3.49182299
-13.48560838,24.78442503,0.01983731
-13.88667661,24.99114572,-1.06429119
14.11249576,34.76477286,-2.90632360
-9.85411080,34.17929276,-1.66550781
16.99734769,18.23903775,-2.06963785
16.95169161,18.74704131,-3.47143235
-13.80936341,23.61114211,0.08957034
-14.32722983,23.77624697,-0.98969363
14.74898393,33.91561183,-3.20777975
-10.42096088,33.44835676,-1.69919328
-13.45899877,22.56560292,-0.00923259
-14.05374136,22.69832384,-1.07184488
15.89506265,16.97052371,-2.07267409
16.24389357,17.53872083,-3.46913943
15.35445292,33.00804659,-3.49510635
-10.97503998,32.78338058,-1.71908614
-13.12301685,21.49991417,-0.08328639
-13.77618942,21.60344475,-1.14358393
14.98108711,15.83205950,-2.08106294
15.54891999,16.41927424,-3.46438049
15.94902345,32.06216463,-3.77813282
-11.54561947,32.23441760,-1.71704969
-12.81738088,20.41426634,-0.13740856
-13.51268216,20.48871921,-1.20125021
14.30053817,14.79196869,-2.03369257
14.92309053,15.37535715,-3.43820227
-12.15637338,31.82861233,-1.69256428
16.57868260,31.10179314,-4.05253686
-12.55583164,19.30837802,-0.17344277
-13.28005741,19.34991120,-1.24045712
13.82319176,13.83930065,-1.93759287
14.41112187,14.39620029,-3.39432000
16.53451157,29.86455542,-4.18387580
-12.35099346,30.96798946,-1.75676887
-11.88530039,18.86680693,-0.32467291
-12.50962532,18.87740594,-1.39780531
13.05839007,13.58594391,-1.87703122
13.56801942,14.05781827,-3.34903860
12.43167435,13.38652361,-1.83042443
12.87712672,13.75206435,-3.31360063
-11.29875669,18.39562152,-0.41535955
-11.82182879,18.37068035,-1.49724680
-10.77064697,17.91311070,-0.47546618
-11.20735684,17.84170768,-1.55868675
11.90039248,13.22557767,-1.80694312
12.29183744,13.48936957,-3.29139344
11.43733500,13.08732917,-1.80856615
11.77949666,13.26749759,-3.28279911
-10.28325294,17.42697899,-0.51932292
-10.65337217,17.29894580,-1.59556794
-12.56009252,30.13749505,-1.82644187
16.48889944,28.57324279,-4.30876730
10.76167528,13.10327834,-1.86999516
11.00636687,13.22772660,-3.29425199
-9.55903280,16.93180754,-0.55315911
-9.82438257,16.71261294,-1.61645306
10.13461634,13.11000719,-1.94272430
10.26516763,13.24738413,-3.30888010
-8.86362859,16.43746201,-0.57479076
-9.05944295,16.12128245,-1.61975678
9.52212847,13.09666076,-2.00962859
9.53094834,13.28465603,-3.31624772
-8.16779637,15.94966766,-0.59332867
-8.30637238,15.55766851,-1.63006919
-12.79602385,29.32180824,-1.89679113
16.46879106,27.24358643,-4.42720751
8.89811519,13.05619494,-2.06326660
8.79707216,13.29768973,-3.31253807
-7.44337536,15.47971532,-0.61850829
-7.52138706,15.05414512,-1.66948300
5.59945024,13.92967194,-1.80163791
6.46616203,13.78752610,-1.92513525
5.44937922,14.21914692,-3.00148570
6.28111916,14.09168096,-3.10563870
-3.65700626,15.36734834,-0.85530976
-2.45602808,15.34944352,-0.99680406
-3.43537294,15.34312847,-2.12290944
-2.25119286,15.39491259,-2.23840140
-4.68683595,15.42755016,-0.75863804
-4.49895062,15.31436754,-1.99961480
4.53100481,14.21755668,-1.68406706
4.44257706,14.49926022,-2.88446522
-5.67390536,15.41762401,-0.67885970
-5.56594448,15.16909433,-1.85726793
7.30621106,13.58350084,-2.01819690
7.11087607,13.88975318,-3.19704873
3.42351160,14.44683238,-1.58017122
3.40440751,14.70490908,-2.77623793
-1.24769531,15.21330489,-1.13060919
-1.08175077,15.30452380,-2.34357428
8.11910224,13.33218576,-2.06678676
7.94952216,13.62057095,-3.26832011
-6.59530251,15.41660002,-0.63018169
-6.58464527,15.04466134,-1.73588315
-0.04841394,15.03268245,-1.26081610
0.07950968,15.16468297,-2.45526645
2.28576386,14.64951910,-1.48723928
2.32961961,14.86722754,-2.67462585
1.12868686,14.85554985,-1.38903202
1.21965992,15.02028114,-2.57207229
16.50632261,25.90010818,-4.53978281
-13.07374470,28.50656482,-1.96215504
2.96596912,38.64414008,-2.82598572
1.36340894,38.72300290,-2.74548223
-0.29076905,38.50617412,-2.73854270
16.50627302,24.14837881,-4.55195707
-13.37929641,27.38239666,-1.96031516
-1.89623179,38.29884979,-2.75529515
4.55003417,38.53867043,-2.94620714
-3.46852241,38.07439214,-2.75319274
6.15181785,38.38859833,-3.06285029
-13.76528459,26.23414367,-1.94066247
16.63163008,22.44379064,-4.56253874
7.90541713,38.26547683,-3.14073081
-4.99464829,37.82923273,-2.74553139
9.57122331,37.65110678,-3.20248514
-6.43801292,37.10135810,-2.75018071
-14.24265672,25.03994063,-1.89343754
16.83136789,20.80408417,-4.57888893
-7.75651043,36.28525122,-2.77181129
11.35784601,37.04408857,-3.32366597
-14.79464181,23.78406730,-1.81233454
17.05123901,19.24479817,-4.59748326
13.04447717,36.30069550,-3.56350982
-8.90987441,35.37660814,-2.78659249
16.50396543,18.03289015,-4.60021957
-14.58861247,22.67888881,-1.86734306
14.40433010,35.28291671,-3.91566310
-9.91888701,34.41953428,-2.78862755
-10.45250814,33.74375089,-2.81708032
14.98950158,34.43223209,-4.17649924
15.93307627,16.91168307,-4.59467381
-14.37374251,21.56270489,-1.92906112
15.52145119,33.51040019,-4.45444505
-10.98658419,33.12134775,-2.83839871
15.36687819,15.88013555,-4.56382367
-14.16538072,20.42987806,-1.99179441
16.04471939,32.53027200,-4.74049897
-11.54546987,32.58310129,-2.84372536
-13.97767857,19.27321358,-2.04926861
14.85639718,14.92199129,-4.51126755
-12.14477508,32.14261059,-2.83292130
16.62104774,31.52430443,-5.01494777
13.94084773,14.60920207,-4.40656179
-13.15374464,18.79456847,-2.21716051
13.17001018,14.31690256,-4.31812857
-12.40688889,18.28322540,-2.34183656
-12.34374914,31.25117276,-2.87325368
16.60697745,30.27893488,-5.15567644
-11.73772013,17.73755959,-2.42621501
12.51537931,14.04653446,-4.25096360
11.93954076,13.80588299,-4.20400260
-11.13413319,17.16730828,-2.48269522
-10.19878365,16.52845740,-2.52631616
11.06031376,13.75129982,-4.15853027
16.60465456,28.98618115,-5.29090728
-12.56625103,30.37777044,-2.91144789
10.22106786,13.74872676,-4.13257383
-9.34823696,15.85758578,-2.54544222
-8.51834042,15.21312610,-2.57122504
9.39832449,13.74979367,-4.11225141
8.59584977,13.70864188,-4.09277285
-7.66002322,14.65551353,-2.62754884
-12.82217443,29.51420229,-2.94682984
16.62954815,27.66348233,-5.41868778
-4.45516116,14.99640243,-2.95937638
-3.37509166,15.06709394,-3.08853043
4.27549327,14.56493201,-3.73843793
5.24603532,14.31905577,-3.81731822
6.05983343,14.26091090,-3.89364123
-2.20175894,15.17530033,-3.20940124
6.88127426,14.13143358,-3.97071174
-5.56713670,14.78503979,-2.81922275
7.72395936,13.94364802,-4.03990361
-6.65130544,14.61844812,-2.69833071
-1.05651320,15.13287394,-3.32522759
3.28163064,14.73564395,-3.67533944
2.25296724,14.85621307,-3.61616918
0.07583256,15.04682105,-3.44057165
1.18323998,14.95335575,-3.54407514
-13.12236342,28.65283148,-2.97919493
16.69813924,26.33420530,-5.53842925
-13.45187402,27.47438668,-2.94592991
16.68218445,24.60592379,-5.58226058
-13.87106705,26.28242140,-2.90604679
16.76627848,22.92495745,-5.62781027
3.14362452,39.04696245,-4.02165335
1.49735875,39.09712148,-3.95438691
-0.20801267,38.75210718,-3.92159208
-1.83652340,38.40946529,-3.90982254
4.75742657,38.96463889,-4.10730194
16.90901949,21.31011072,-5.68737074
-14.38634928,25.06004536,-2.85582915
-3.42119324,38.09433301,-3.89811790
6.41304901,38.86988810,-4.17585991
-4.97002624,37.80316340,-3.89729255
8.23297622,38.82801525,-4.23746902
9.90524585,38.27311316,-4.33960213
-6.46535286,37.06334222,-3.88524201
17.05941902,19.77559492,-5.75920635
-14.97145329,23.79150083,-2.79387531
11.62037342,37.64459173,-4.54389916
-7.85793783,36.27688302,-3.88288614
16.55595647,18.58926348,-5.77305446
-14.81925882,22.68629317,-2.83233447
-9.08879083,35.42433674,-3.88325796
13.21457460,36.77641659,-4.80576283
16.01829670,17.48136010,-5.77869450
-14.66448598,21.57511907,-2.88760373
-10.18271104,34.54243337,-3.89699754
14.53752077,35.57436848,-5.11696739
15.08973928,34.65285203,-5.32608622
-10.72579078,33.92791735,-3.93712196
-14.51736581,20.45053838,-2.95283246
15.47016256,16.46433877,-5.75680898
-11.26663800,33.34718594,-3.97748950
15.61918209,33.67158874,-5.54865493
-14.38731547,19.30408739,-3.02148077
14.95890393,15.53262347,-5.70616178
-11.81654925,32.81427067,-4.00302037
16.14941570,32.65187601,-5.77717051
14.02866749,15.23622774,-5.56145151
-13.57844566,18.81127998,-3.15964396
-12.83682852,18.29893026,-3.26677833
13.23018713,14.99249148,-5.43676029
-12.38645618,32.33546987,-4.01085977
16.70356225,31.62534885,-6.00262021
-12.16768900,17.75192169,-3.33563796
12.55014661,14.77664281,-5.33691219
-11.55821192,17.17781925,-3.37953616
11.95205864,14.57628720,-5.25851737
-12.56018044,31.40927335,-4.02895947
16.72361355,30.40467537,-6.09228307
-10.56926379,16.52786881,-3.40892195
11.02833965,14.55243605,-5.16514298
10.14793896,14.52777147,-5.10713060
-9.66480422,15.82797512,-3.43483929
16.73948907,29.14620448,-6.17764632
-12.75367099,30.49170946,-4.04216976
-8.78362532,15.13852732,-3.48228994
9.28474771,14.47136008,-5.06664246
-7.87821398,14.54434300,-3.56287768
8.44623018,14.35849246,-5.03383138
7.56132131,14.49600477,-4.96732455
-6.83399544,14.46691838,-3.64376669
6.70647227,14.59972646,-4.88196086
-5.71906363,14.64791337,-3.75574000
-4.58403959,14.90469629,-3.88625525
5.87542644,14.65432212,-4.79208041
-3.48913462,15.01479517,-4.02275205
5.05707648,14.64151049,-4.71232414
4.09381802,14.84298154,-4.63348588
-2.31026357,15.17556758,-4.15429908
3.11408889,14.96922020,-4.58097742
-1.16707192,15.17501402,-4.27999388
-0.04434164,15.13305436,-4.39267410
2.10243521,15.04234215,-4.53740211
1.04919059,15.08249575,-4.48241995
-12.97783729,29.58179097,-4.05240941
16.76078091,27.86371741,-6.25851312
-13.24433781,28.67792410,-4.06310118
16.79848677,26.57592671,-6.33727813
16.73103057,24.90285622,-6.37020259
-13.53186949,27.45665018,-4.02370549
16.71989073,23.26813734,-6.42359059
-13.91345996,26.23612701,-3.99176902
16.74146780,21.69243537,-6.50572084
-14.39615102,25.00307081,-3.96362390
1.64678380,38.67175009,-5.10573039
-0.10257169,38.33385499,-5.02432645
3.30850147,38.58630372,-5.19620312
-14.95740955,23.74171811,-3.93378026
16.76323692,20.19141909,-6.61491094
4.91258852,38.53771484,-5.28893349
-1.75324762,37.96926341,-4.97005678
-3.33488291,37.62673559,-4.94266169
6.56022653,38.52580452,-5.33834274
-4.88054144,37.33099173,-4.94947166
8.35581618,38.55400128,-5.38994762
-14.85468617,22.65330156,-3.95355856
16.22496098,19.04913969,-6.62426117
-6.42009272,36.63136819,-4.92510873
9.97672730,38.05267526,-5.49628778
11.59926847,37.41116330,-5.73354917
-7.90337680,35.92927263,-4.91861467
15.67527755,17.97275170,-6.63572492
-14.76404563,21.56198914,-3.98737335
13.12704128,36.50338689,-6.00721000
-9.24667896,35.17446473,-4.95624457
-14.68778432,20.46071000,-4.03180107
15.15062176,16.98192655,-6.63055089
14.46094173,35.26905565,-6.26263379
-10.46319459,34.38614084,-5.05554162
14.97737168,34.37711109,-6.39154465
-11.01550336,33.82541359,-5.12820552
14.68312272,16.08458173,-6.59677114
-14.62799843,19.34310311,-4.08465858
15.46683798,33.43435735,-6.52424797
-11.55112891,33.27760905,-5.18570501
13.82264856,15.81025547,-6.44416543
-13.86576899,18.83391497,-4.16387691
13.08399104,15.61577927,-6.31632174
-13.15826204,18.32708774,-4.22004862
-12.07320978,32.74709071,-5.20716327
15.94185341,32.45713370,-6.66532097
12.44377237,15.46218374,-6.21173421
-12.51123575,17.80207544,-4.24743180
-11.91461656,17.25511390,-4.25785384
11.87060067,15.31935603,-6.12546759
-12.59804999,32.24126876,-5.19609461
16.41500426,31.46818862,-6.82355177
10.94875919,15.36118202,-6.00954672
-10.90241538,16.63957203,-4.24260268
-9.96710980,15.96087768,-4.25723987
10.05323695,15.34663582,-5.93099192
-12.74566165,31.30792817,-5.16884678
16.43525031,30.28638262,-6.83625905
-9.05245309,15.27085389,-4.32311364
9.16674742,15.25813830,-5.87745439
-8.11503640,14.67076491,-4.43561215
8.30264686,15.09276672,-5.83899030
16.44033687,29.07247198,-6.85387669
-12.90465405,30.37151563,-5.14198614
-7.06166553,14.54984494,-4.54459121
7.40850674,15.14577616,-5.78500589
-5.94523790,14.71170724,-4.65634552
6.54336264,15.16890485,-5.72149131
5.70168693,15.14662426,-5.66004446
-4.80963172,14.97853058,-4.77201948
4.87445438,15.06141770,-5.61322188
-3.70632080,15.11515768,-4.90012775
-2.51631408,15.31961591,-5.03129302
3.90593618,15.21127588,-5.56314110
2.92133391,15.29127382,-5.52527792
-1.36442126,15.35275986,-5.17067603
1.90509957,15.32045965,-5.48168294
-0.24094235,15.33905388,-5.30511509
0.85092964,15.31478551,-5.41462090
16.43738041,27.84038998,-6.87945146
-13.08667188,29.43720765,-5.11950671
-13.30381083,28.50884167,-5.10594939
16.43526192,26.60664838,-6.91782440
-13.53048228,27.25250991,-5.06450242
16.31195039,25.00125701,-6.92986297
16.20551467,23.42849881,-6.98882666
-13.84541608,26.00907896,-5.04393455
16.11230113,21.90743588,-7.09712216
-14.25966858,24.77355110,-5.04355499
16.02413010,20.45553053,-7.24754970
-14.76359505,23.53651792,-5.05550437
15.48600021,19.36941720,-7.27416919
-14.70682115,22.48927890,-5.06452750
1.75502998,37.57683032,-6.52356379
0.02652334,37.29887742,-6.37657336
3.36574469,37.45471041,-6.65429483
4.91079317,37.40701714,-6.77405638
-1.60549654,36.98039733,-6.28053561
-3.13724922,36.66798049,-6.21343892
6.46676445,37.39208255,-6.83725805
-14.67494364,21.44786607,-5.08307750
14.97979097,18.34776112,-7.30911450
-4.62102961,36.40310743,-6.18161107
8.10834642,37.36251448,-6.91058309
9.58419064,36.87320875,-6.97230460
-6.16319987,35.78569056,-6.09994996
-7.74045961,35.19836559,-6.09426633
11.04168128,36.28864794,-7.19216229
-14.66227600,20.40619499,-5.11229112
14.53559243,17.41354109,-7.32804948
12.42354648,35.52610416,-7.43268641
-9.24206233,34.57383183,-6.20004383
-14.66490162,19.35987222,-5.15341475
14.16411122,16.57403866,-7.31590031
-10.62994983,33.91844936,-6.37150578
13.67810283,34.47707101,-7.58485592
14.13613842,33.69855745,-7.63099416
-11.21065905,33.44355359,-6.43643449
13.43944981,16.34338625,-7.16557748
-13.97183840,18.84658001,-5.17352548
12.81287685,16.20479001,-7.03138820
-13.32478146,18.36057663,-5.18086963
-11.75623809,32.96072164,-6.46291118
14.56930191,32.86010403,-7.69040815
12.25350576,16.10926387,-6.91002516
-12.72403478,17.88038440,-5.17165741
-12.16121886,17.39163361,-5.15331194
11.73633643,16.01981647,-6.80028303
-12.26403312,32.46479131,-6.44633764
14.98018709,31.97675854,-7.78317999
-11.15325199,16.86641832,-5.08879354
10.84837440,16.13237671,-6.64519616
9.95340962,16.14258773,-6.54277072
-10.19995729,16.27682785,-5.07806554
15.37154423,31.07037011,-7.93502176
-12.75751961,31.96478545,-6.40715677
9.05116152,16.03762854,-6.48744851
-9.25584708,15.65725239,-5.14716021
-8.28846953,15.10430434,-5.28083695
8.16661244,15.83317708,-6.46778470
15.41195031,29.96007055,-7.84423895
-12.88170819,31.06536734,-6.34576725
-7.23977982,14.95648586,-5.41398686
7.26889326,15.81112979,-6.46371908
-6.15328297,15.05909238,-5.53103939
6.40207527,15.75898002,-6.47186930
5.55865025,15.66512999,-6.49279542
-5.05182966,15.27271069,-5.63801926
-3.95975622,15.39155387,-5.75542256
4.72615479,15.51759346,-6.52267271
3.74434854,15.62400608,-6.52581754
-2.76226560,15.61180294,-5.87959430
2.73790834,15.67056620,-6.49832709
-1.59533874,15.66325480,-6.02953897
-0.46363609,15.66109209,-6.19224221
1.70002961,15.67281304,-6.43596807
-13.00223524,30.13705732,-6.29803961
15.42223855,28.81851526,-7.78385461
0.63414533,15.64256614,-6.33639241
15.40982418,27.66136622,-7.76061872
-13.13331378,29.19163740,-6.26808916
15.38302050,26.50417315,-7.78014214
-13.28973979,28.23967491,-6.26011760
-13.41259048,26.93251661,-6.23881858
15.23315008,24.97649174,-7.77782199
-13.61954844,25.64570372,-6.24893352
15.07904406,23.47372168,-7.86966819
14.94076516,22.01998727,-8.02769014
-13.93677859,24.39396792,-6.28950505
-14.37849219,23.19014057,-6.35198606
14.83002985,20.64283065,-8.21943095
-14.34332592,22.22592409,-6.34822377
14.42782135,19.64659633,-8.26203190
14.07814746,18.72543968,-8.31527671
-14.34965217,21.28694453,-6.34987470
13.78661565,17.88400444,-8.35893980
-14.38539489,20.36440795,-6.35836578
13.54848592,17.11525889,-8.38095519
-14.44009358,19.45252445,-6.37511585
-13.79249208,18.94885749,-6.33321691
13.00776831,16.89440735,-8.27070545
12.52290199,16.74150735,-8.17800215
-13.21052162,18.48874026,-6.30159091
-12.67721762,18.05412743,-6.27151497
12.07203683,16.62500839,-8.08806307
11.63858779,16.52147668,-7.99308889
-12.17677343,17.62967864,-6.24093641
10.83666906,16.65035330,-7.81390106
-11.23086464,17.21552458,-6.14912227
-10.30187367,16.76811370,-6.10556948
9.98745682,16.70481029,-7.65160359
9.09417430,16.63371850,-7.53554227
-9.35077084,16.29014285,-6.14545644
8.19434211,16.44366404,-7.47572730
-8.36707788,15.84059657,-6.26094599
7.28572995,16.38888451,-7.46506549
-7.33458793,15.68516416,-6.39599668
6.40450620,16.29639705,-7.47962687
-6.29158611,15.69225629,-6.52789907
5.54161965,16.16561071,-7.50151696
-5.23956974,15.78126060,-6.65105789
4.68063748,15.98949939,-7.51810947
-4.17452267,15.81412941,-6.77312589
-2.98264753,15.99728734,-6.88619818
3.65539875,16.07580906,-7.49735047
-1.80597862,16.05206744,-7.01490992
2.60189288,16.10653625,-7.44636638
-0.66566885,16.06140925,-7.15428389
1.52690024,16.09470301,-7.37365200
0.44181552,16.04964972,-7.27949148
0.50983176,37.00577737,1.02825515
-1.24016361,37.16716640,0.98914529
2.30794766,36.66346643,0.92482839
3.91486848,36.38910338,0.72987701
-2.81373590,37.14303790,0.91468512
5.26577485,36.16883449,0.50338060
-4.21566026,36.84997670,0.90825591
-5.48705405,36.49313092,0.96981612
6.62956233,36.01213940,0.33774119
8.08988740,35.39242347,0.30547994
-6.62333048,35.77993493,1.06788376
10.06834897,34.72593038,0.31790132
-7.72351319,35.09367688,1.17731417
-8.85105819,34.33583115,1.24127943
12.46172906,33.82912896,-0.00047562
14.53665586,32.76200848,-0.50399647
-10.01398835,33.47627839,1.23826295
15.57009133,31.90126698,-0.85596697
-10.80071775,32.69613494,1.17800627
-11.50985811,32.00173196,1.15996652
16.35041060,31.10353686,-1.16492695
17.00483646,30.33970736,-1.44451425
-12.14590438,31.47868659,1.19337580
17.70733278,29.59897413,-1.68023504
-12.73323186,31.12699416,1.25913554
-12.88967577,30.22656300,1.19877823
17.59337168,28.48493574,-1.81197115
17.52925193,27.31784465,-1.88167251
-13.00736211,29.37062930,1.12037863
17.50997711,26.10048375,-1.91218631
-13.09877317,28.55254748,1.01610262
-13.17981427,27.76520413,0.88137890
17.52633540,24.83241953,-1.92494624
17.77477724,23.16845128,-1.65856094
-13.29771534,26.72426670,0.86602974
-13.44211422,25.65953958,0.87419656
17.89497054,21.41682501,-1.35757739
17.83532756,19.58240287,-1.06335101
-13.64675584,24.52760309,0.94206123
17.70774975,17.74720683,-0.83676290
-13.95728918,23.27800255,1.11545199
-13.58388051,22.17934072,1.09490331
16.33748869,16.15226739,-0.73522931
15.28325557,14.82468352,-0.76036298
-13.22986031,21.05509277,1.10838300
-12.91100420,19.90892114,1.14788733
14.52722451,13.73967167,-0.80334880
-12.63941913,18.74589730,1.20265515
13.99502239,12.81101502,-0.82734651
13.17317947,12.62300161,-0.80237581
-12.00057269,18.29653173,1.13062761
-11.44799949,17.82362873,1.09865317
12.49587171,12.49278230,-0.78030960
-10.94625967,17.34358704,1.08725262
11.92321979,12.39165113,-0.76784977
11.42594140,12.30137228,-0.76892073
-10.47167172,16.86423341,1.07946749
10.71893839,12.37349391,-0.79543703
-9.74835762,16.39945355,1.03105037
10.07149213,12.41754041,-0.84442576
-9.02024364,15.92505144,0.95175684
-8.27699919,15.43014448,0.84447173
9.45031202,12.42194314,-0.90429533
-7.51052251,14.91466551,0.71999264
8.82988285,12.37992082,-0.96546169
-3.78845512,14.33398509,0.28138781
-4.79690652,14.48954853,0.39446492
5.57240544,13.13706968,-0.76169945
4.49241306,13.39980399,-0.66743734
6.43789033,13.02633469,-0.86613124
-2.59673087,14.29627378,0.12756869
3.35505904,13.59368261,-0.56895330
-1.38888611,14.18303217,-0.01647109
-0.18501523,14.04599314,-0.17278399
2.18433089,13.75716470,-0.46388636
1.00407328,13.92628394,-0.33942696
-5.75491918,14.61926320,0.51111173
7.26713808,12.85274432,-0.93937178
-6.65661179,14.75669781,0.62138656
8.06356210,12.63253354,-0.97234874
1.79157379,36.73282963,-7.89279480
0.05251207,36.51104007,-7.71722289
3.38251430,36.59874958,-7.99634177
-1.56681057,36.24005264,-7.57546327
4.87297637,36.53589599,-8.09136548
6.34494712,36.48889394,-8.16678857
-3.05416351,35.96347225,-7.45491948
-4.47915458,35.72529074,-7.38524128
7.87034303,36.40471359,-8.28016900
-5.99035638,35.19251961,-7.21253589
9.24332731,35.91757855,-8.32876259
10.60984951,35.38392246,-8.48115786
-7.60886162,34.69489671,-7.16838103
11.90673134,34.73054607,-8.65322407
-9.26919132,34.19651743,-7.26221629
13.06348543,33.83496357,-8.80106707
-10.93754602,33.69600388,-7.37213483
13.46469287,33.15603403,-8.85010555
-11.61368282,33.28309885,-7.39276703
-12.22336936,32.83193749,-7.38609881
13.83981574,32.41775464,-8.91257852
-12.77079036,32.34370736,-7.36280619
14.18795756,31.63088645,-9.00932808
14.50691546,30.81091017,-9.16257990
-13.29374656,31.83508661,-7.34634847
14.53579229,29.75576588,-9.07132614
-13.43728843,30.93743326,-7.29537149
14.53976812,28.66859229,-8.99958595
-13.57112749,29.99889663,-7.26979779
14.52169614,27.56098422,-8.96539777
-13.71130236,29.03244907,-7.27245051
-13.87474896,28.05273202,-7.30397175
14.48644065,26.44354432,-8.98668767
-13.97132168,26.69991787,-7.32289401
14.35684863,24.95393212,-8.96031874
-14.13705001,25.38270596,-7.35628897
14.22483272,23.47555222,-9.05412923
14.11602905,22.04036204,-9.22283609
-14.39515144,24.13575448,-7.38767624
-14.75021523,22.98190201,-7.40116834
14.05226527,20.67998416,-9.40541249
-14.64860075,22.07674870,-7.34540248
13.78081276,19.74621284,-9.40682985
13.54595987,18.86877620,-9.42879310
-14.58599292,21.20913395,-7.28757339
-14.55838529,20.36785761,-7.23411200
13.35023534,18.04725555,-9.45292952
-14.55879128,19.54419128,-7.18936998
13.19064757,17.27618220,-9.46913513
12.72892944,17.04538017,-9.35578509
-13.87435741,19.02853663,-7.13101121
-13.26765602,18.56012987,-7.10129779
12.30430143,16.85020158,-9.27440331
11.90130863,16.67598108,-9.20996896
-12.72129892,18.12687173,-7.08578606
11.50888036,16.50957586,-9.15274518
-12.21686268,17.71599717,-7.07493892
10.76689718,16.55793005,-9.02812357
-11.26668256,17.33170409,-7.01568504
9.99021878,16.58435783,-8.89758152
-10.34411204,16.96132226,-6.95966597
9.17034481,16.54455193,-8.75786381
-9.40094278,16.58115520,-6.95873660
-8.42650452,16.21128489,-7.03571955
8.31790886,16.41921897,-8.61795555
7.42505516,16.41606286,-8.50532103
-7.41198359,16.06538792,-7.15253283
-6.38701398,16.01943649,-7.28227792
6.52427385,16.36151326,-8.41974589
5.61993185,16.26028242,-8.35474176
-5.34920660,16.03154294,-7.40460554
-4.29352221,16.01001714,-7.52149818
4.70663766,16.10942016,-8.30262548
3.62331508,16.22482007,-8.22721395
-3.10999809,16.16829759,-7.62496969
2.52135856,16.27684110,-8.14302163
-1.93786724,16.22840048,-7.74002257
-0.79894423,16.24808186,-7.86048618
1.41371260,16.27814516,-8.05825301
0.31310761,16.23757600,-7.96917458
