-1.10085484,14.00083982,1.94432595
-2.16776220,13.84792412,2.01612367
-1.09553385,13.97387836,2.10036635
-2.16284242,13.82255319,2.17374294
-3.18055379,13.68183715,2.09291867
-3.17714155,13.65733232,2.25382745
-4.15670678,13.50274608,2.17560125
-4.15563837,13.47601820,2.33428864
-5.11742582,13.32427840,2.25146525
-5.11876215,13.29345420,2.40531850
-5.05200886,31.93593267,2.81990757
-3.74529450,32.11612787,2.78027458
-5.04104000,31.89828253,2.95682848
-3.73727777,32.08281851,2.91773428
-2.44926865,32.29434511,2.74477206
-2.44373774,32.26488335,2.88049338
-1.15044134,32.43977839,2.70858102
-1.14714864,32.41281013,2.84176950
0.16237148,32.54452787,2.65797974
0.16342099,32.51983258,2.79029339
-5.95452115,13.30106273,2.28663097
-5.95721819,13.26277175,2.43666892
-6.81449756,13.29673799,2.31081852
-6.81656287,13.25195207,2.45849368
-7.69861932,13.30028577,2.33252797
-7.69797640,13.25164167,2.47542283
-8.60093682,13.28576369,2.35122116
-8.59644946,13.23515620,2.49321419
-10.49989006,31.08668794,3.05245353
-9.09446272,31.22465062,2.94651883
-10.46637765,31.01655416,3.19570902
-9.07001814,31.16291730,3.08814701
-7.69640165,31.34417726,2.88263848
-7.67818923,31.29176405,3.01966042
-6.34676758,31.57821279,2.84263765
-6.33265584,31.53329465,2.97910626
-9.46139007,13.56398948,2.38603198
-9.45297270,13.50837613,2.52713316
-10.33072139,13.77219154,2.42405004
-10.31911717,13.71353363,2.56681786
-11.20744880,13.91589924,2.46962063
-11.19446917,13.85466312,2.61387057
-12.09663182,14.01220807,2.52901965
-12.08236051,13.95214163,2.67471286
-12.71021685,14.20387575,2.58248188
-12.69382928,14.14944828,2.72961644
-13.33335214,14.39983679,2.65223609
-13.31422077,14.35213228,2.80119302
-13.95897482,14.60386438,2.74228592
-13.93804385,14.56365578,2.89228133
-14.58814684,14.82387338,2.85265572
-14.56395170,14.78984468,3.00483890
-14.62263620,29.00219663,3.48589253
-13.66804246,29.77670751,3.32403727
-14.52576948,28.90259023,3.63937382
-13.58897533,29.68431110,3.47395887
-12.64707217,30.39013769,3.20469775
-12.58526895,30.30516216,3.35343548
-11.58367222,30.82241691,3.11405253
-11.53829869,30.74535992,3.26035267
-15.06690810,15.73543176,2.95108177
-15.03693525,15.70493458,3.10415030
-15.53770520,16.68155533,3.05606953
-15.49631783,16.65158028,3.21416751
-15.97624391,17.65084477,3.15909592
-15.92396952,17.61953447,3.31678371
-16.38103681,18.62621011,3.24932971
-16.31646338,18.59279698,3.40858161
-16.43628431,19.92282332,3.12490318
-16.36387318,19.89023577,3.27755398
-16.47491654,21.25609618,3.01947503
-16.40096344,21.22375264,3.16762625
-16.47222707,22.69971835,2.99688972
-16.40449031,22.66783558,3.14319355
-16.41931530,24.30891818,3.10215493
-16.34660827,24.27230387,3.26026446
-16.16303794,25.61691108,3.31646959
-16.06949000,25.56051711,3.47637598
-15.75720754,26.85260691,3.46109721
-15.65347173,26.77648901,3.61874222
-15.22929198,27.98593239,3.50028963
-15.12596824,27.89549663,3.65555400
-1.09750227,14.03352355,1.78708433
-2.16502844,13.87755841,1.85711297
-3.17776855,13.70941697,1.93669590
-4.15323834,13.53347062,2.02052336
-5.11314492,13.35933368,2.09793105
-5.06206003,31.97323483,2.68329483
-3.75155462,32.14819785,2.64557145
-2.45260273,32.32249167,2.61076976
-1.15136061,32.46537341,2.57325820
0.16384642,32.56820095,2.52437697
-5.95026950,13.34662023,2.13514010
-6.81184620,13.34767700,2.16408152
-7.69884981,13.35207814,2.18611483
-8.60561244,13.33871746,2.20578466
-10.53389621,31.15104017,2.90981764
-9.11957940,31.28346011,2.80736768
-7.71516191,31.39555268,2.74491376
-6.36099634,31.62298088,2.70589188
-9.47076632,13.61992965,2.24391506
-10.34232180,13.83255477,2.28292610
-11.22267641,13.97578834,2.32644934
-12.11479551,14.06969693,2.38379325
-12.72799327,14.25932423,2.43718275
-13.35247110,14.44737192,2.50523227
-13.98493689,14.64267565,2.59374625
-14.61914720,14.85466907,2.70427451
-14.72202917,29.09571114,3.33422918
-13.74783135,29.86012225,3.17794870
-12.70774776,30.46519744,3.05903267
-11.63120741,30.89268078,2.97078564
-15.09541082,15.76682933,2.80082751
-15.57478703,16.71403492,2.89941650
-16.02899864,17.68282761,2.99827101
-16.44922195,18.65879467,3.09184640
-16.50856413,19.95550000,2.97100416
-16.54599761,21.28724568,2.87430973
-16.53720139,22.72979359,2.85002985
-16.47876836,24.33820004,2.94351158
-16.24406430,25.66357442,3.15568105
-15.85400998,26.91872296,3.30468486
-15.32757341,28.06670730,3.34476499
0.02878047,14.09242635,2.05583861
0.02162340,14.11796408,1.90452675
1.21785668,14.22967407,2.03302687
1.20795338,14.25606406,1.88437437
2.48079765,14.39610057,2.03943829
2.46808167,14.43063565,1.89512394
3.85012046,14.58304432,2.07861151
3.83470658,14.63107380,1.93670190
5.42653864,32.14255431,2.29662966
4.17120745,32.23461573,2.42663570
5.42840011,32.16297016,2.16823809
4.17582190,32.25529326,2.29732997
2.84944177,32.35845805,2.56043109
2.85411036,32.38000072,2.43025852
1.49910820,32.46462421,2.68851026
1.50142974,32.48803438,2.55570934
5.15173329,14.84232338,2.09439954
5.13855294,14.90513386,1.95690729
6.56191272,15.06387476,2.08898288
6.55512001,15.13521949,1.95898158
8.03669678,15.22923969,2.05726436
8.03874807,15.30521384,1.92736562
9.45794901,15.32077566,2.01100141
9.46859873,15.39753342,1.88127438
10.25913085,30.85157818,2.13220514
8.90888743,31.21533278,2.11843390
10.26028610,30.87215805,1.98542893
8.90322785,31.23403374,1.97624720
7.69386930,31.50783243,2.14228732
7.68832872,31.52637162,2.00561345
6.55213281,31.80093700,2.20502802
6.54956105,31.82117274,2.07103356
10.65385523,15.60619987,1.96749093
10.66788223,15.68181435,1.83633672
11.69030851,15.83016250,1.92593878
11.70467691,15.90396342,1.79426451
12.60486040,16.01771512,1.88984753
12.62132705,16.09124617,1.75362017
13.43889496,16.18140503,1.86131171
13.46116658,16.25163304,1.72166207
13.97591313,16.43165264,1.84667006
14.00496477,16.49533365,1.70359063
14.49584441,16.69152705,1.84417307
14.53505427,16.74842635,1.69444947
14.99696904,16.95631133,1.84772612
15.04761883,17.00482808,1.69614527
15.47843014,17.22609999,1.86845671
15.54451558,17.26682450,1.71303488
14.78651051,28.14818250,1.95490212
13.82517034,28.93107047,2.03057657
14.82996609,28.16929274,1.79822524
13.86936059,28.94846504,1.87703800
12.65798019,29.70219374,2.08240316
12.69122636,29.72273511,1.93212072
11.42633441,30.34771212,2.11110793
11.44210225,30.37024667,1.96171141
15.83924001,18.22927335,1.88119020
15.91955504,18.26761726,1.72625734
16.15528514,19.23598864,1.89106825
16.25075647,19.27220405,1.73805403
16.40358077,20.19149365,1.89612533
16.50466408,20.22876191,1.74961762
16.58241668,21.06402294,1.89465311
16.68533516,21.10386524,1.74830470
16.45634433,22.13729233,1.72203605
16.54516226,22.17555070,1.58278119
16.29946080,23.10131710,1.56589957
16.37345421,23.14106214,1.42980431
16.13837499,24.00481168,1.44540787
16.19764493,24.04739357,1.31030165
15.98525718,24.88732989,1.37647408
16.02918930,24.93351233,1.24326920
15.77576912,25.56508292,1.46011980
15.81290549,25.61313668,1.32150637
15.54761921,26.29228943,1.58142569
15.57987042,26.33615154,1.43925911
15.25245571,27.12997370,1.74843081
15.28616117,27.16297184,1.60032935
0.02362108,14.14687458,1.75015194
1.20722836,14.28469018,1.73488682
2.46434331,14.46659900,1.75176316
3.82778484,14.67887430,1.79615325
5.43075790,32.18287515,2.03981230
4.18129693,32.27645485,2.16727759
2.86002161,32.40086883,2.30084331
1.50572562,32.51006906,2.42252626
5.13299453,14.96910885,1.81947050
6.55267380,15.20751272,1.82612386
8.04116180,15.37807161,1.79880108
9.47693761,15.47090637,1.75258139
10.26455556,30.88898557,1.84033653
8.90226767,31.25243880,1.83221331
7.68590394,31.54416905,1.86573503
6.54897493,31.84126621,1.93674544
10.67816684,15.75297470,1.70770317
11.71445797,15.97548392,1.66244871
12.63535030,16.15903783,1.61772658
13.48231994,16.31498382,1.58042396
14.03081265,16.55369183,1.56151497
14.56977951,16.79664146,1.54862845
15.09813774,17.04414221,1.54534394
15.61328219,17.29707305,1.55623030
14.86695201,28.20283926,1.65085097
13.90834265,28.97302961,1.72755102
12.72254441,29.74358790,1.78310772
11.46056149,30.39244414,1.81556651
15.99707488,18.29842825,1.57127418
16.33968349,19.30393614,1.58864666
16.60673240,20.26048610,1.60329924
16.79268946,21.13794233,1.60604504
16.63412865,22.21048098,1.44481630
16.44702058,23.17866299,1.29481959
16.25452680,24.08982235,1.17789919
16.07073264,24.98149837,1.11000022
15.84712232,25.66502710,1.18696864
15.60986175,26.38714929,1.30085941
15.31304366,27.20452594,1.45612525
0.92293102,17.07743094,-5.48956745
-0.29817796,17.06918684,-5.47747393
0.93787405,17.07875781,-5.34275943
-0.28899564,17.07283513,-5.33174440
-1.58206205,16.95190418,-5.45029366
-1.58133287,16.95959619,-5.30558121
-2.90709152,16.70525867,-5.40294899
-2.91692470,16.71606724,-5.25927155
-4.24368413,16.33338628,-5.33351674
-4.26493873,16.34763773,-5.19189583
2.07454606,17.03843437,-5.33159905
2.05786871,17.03860658,-5.47907709
3.10466851,16.92665933,-5.31031237
3.08869144,16.92663235,-5.45778903
4.05144089,16.76096639,-5.29144325
4.03612576,16.76012159,-5.43780053
4.94659244,16.56538861,-5.29127950
4.93074100,16.56253114,-5.43634945
1.22454232,32.26637203,-5.83788858
-0.17886796,31.74437710,-5.73320506
1.25724446,32.20731394,-5.66814048
-0.14744846,31.68227598,-5.56458313
-1.66106159,31.35017821,-5.65071617
-1.63165461,31.28664614,-5.48385334
-3.30125834,31.14425837,-5.57639815
-3.27877725,31.08575603,-5.41193670
-5.16514725,31.17389106,-5.49495644
-5.15838730,31.12961476,-5.32817336
2.60826269,32.30830870,-5.72806694
2.57929193,32.36335910,-5.89703829
3.91518680,32.42491484,-5.81554354
3.88887634,32.47764255,-5.98335307
5.17562527,32.52475138,-5.92584595
5.15192613,32.57440651,-6.09154747
6.39565797,32.59142974,-6.04946565
6.37648055,32.63754290,-6.21289521
-5.41705500,16.06758376,-5.24999934
-5.44516878,16.08176704,-5.11091767
-6.51813616,15.78802742,-5.19001344
-6.55006982,15.80156398,-5.05455733
-7.51324921,15.54548310,-5.16790444
-7.54635516,15.55501881,-5.03676678
-8.41026206,15.36432755,-5.17980963
-8.44297041,15.36716796,-5.05159924
5.75187913,16.57472594,-5.30894755
5.73699705,16.57177250,-5.45284110
6.57701272,16.61475409,-5.37387219
6.56205131,16.61246140,-5.51746387
7.43388764,16.68835074,-5.48501978
7.41900752,16.68980305,-5.62925833
8.32464793,16.79229843,-5.62761742
8.31052461,16.79962368,-5.77312807
-7.04725688,30.95444514,-5.38675420
-7.05801179,30.92482517,-5.22097525
-8.83742117,30.80956189,-5.35413744
-8.85829796,30.78658342,-5.19073603
-10.44917616,30.61217051,-5.39968151
-10.47960235,30.59275852,-5.24060941
-11.82495411,30.25792320,-5.53045458
-11.86650215,30.24084693,-5.37163510
7.60500474,32.22626136,-6.08021189
7.59470263,32.26619601,-6.24207078
8.87016275,31.82166138,-6.09003189
8.86824316,31.85634462,-6.25198586
10.23465351,31.33268124,-6.09890407
10.23971211,31.36144150,-6.26420639
11.73499837,30.75374824,-6.20226304
11.74339152,30.77498658,-6.37418229
-9.25402249,15.33136144,-5.21545480
-9.28431760,15.32494669,-5.08801578
-10.05747816,15.36495049,-5.26999116
-10.08462765,15.34836990,-5.14098343
-10.83474684,15.46523069,-5.33987448
-10.85859495,15.43814239,-5.20658643
-11.59970558,15.62299889,-5.43213697
-11.61873570,15.58614000,-5.29093988
9.26635208,17.05286337,-5.78389273
9.25220789,17.06806251,-5.93199211
10.24225920,17.33040764,-5.93395151
10.22450089,17.35141819,-6.08355083
11.23345395,17.60846262,-6.07798718
11.20763979,17.63456184,-6.22961431
12.21282710,17.87626577,-6.24221255
12.17659778,17.90632039,-6.39706913
-13.75606975,28.47589054,-6.00072911
-13.29488987,29.00875535,-5.83267308
-13.81473026,28.48360998,-5.82304003
-13.35067367,29.00723274,-5.66331714
-12.82332997,29.47692012,-5.70627571
-12.87542385,29.46869727,-5.54349064
-12.33620413,29.89089936,-5.60901882
-12.38319663,29.87728937,-5.44936308
14.43288618,28.90716370,-6.93863937
13.83288381,29.38882199,-6.68828882
14.36656669,28.92486487,-7.10828894
13.79839213,29.40019316,-6.86319214
13.15484457,29.86860705,-6.47287297
13.14412425,29.87879398,-6.64886325
12.44292154,30.32598676,-6.30911294
12.44528271,30.34066043,-6.48360315
-12.05742252,15.82943426,-5.49025170
-12.07464333,15.78578217,-5.34320552
-12.52369057,16.05138102,-5.57108206
-12.53767466,16.00122224,-5.41598642
-12.99934385,16.28976823,-5.67861834
-13.00819494,16.23336829,-5.51399427
-13.48387818,16.54570817,-5.81641761
-13.48359818,16.48376440,-5.64069817
12.75921194,18.16365635,-6.34334596
12.71554323,18.19744218,-6.50105512
13.28836642,18.44679289,-6.46621246
13.23865811,18.48381518,-6.62850123
13.79298283,18.72990563,-6.61782233
13.74268825,18.77008005,-6.78651023
14.27217396,19.01873219,-6.80135446
14.22785800,19.06076136,-6.97885229
-13.79986724,17.08767263,-5.89327106
-13.80080605,17.02055296,-5.71047873
-14.12124412,17.71536696,-6.00296537
-14.12235844,17.64259875,-5.81410244
-14.44467187,18.44315284,-6.13415538
-14.44611055,18.36370121,-5.94167894
-14.75904282,19.26889694,-6.27310264
-14.76257355,19.18357457,-6.07988881
14.51100503,19.69569997,-6.90014402
14.46492987,19.73826678,-7.08210757
14.75387888,20.40855236,-7.02451209
14.70655076,20.45245164,-7.20988189
14.99971033,21.15610942,-7.16717035
14.94907481,21.20172222,-7.35427090
15.24054659,21.93285122,-7.31814546
15.18354135,21.97968248,-7.50446979
-14.93581798,20.48726705,-6.37049704
-14.95707379,20.40718563,-6.18284013
-15.01402917,21.80837543,-6.43539465
-15.05524458,21.74462751,-6.25305363
-14.96526744,23.19733658,-6.46026380
-15.02350452,23.15642494,-6.27976196
-14.81940608,24.62359678,-6.43429601
-14.88949863,24.60921317,-6.25321785
15.33464690,22.97435215,-7.39575637
15.25580151,23.02100066,-7.57487454
15.40005698,24.00949954,-7.43886849
15.30168330,24.05256485,-7.61173124
15.42757702,25.03105277,-7.44037767
15.31490788,25.06915497,-7.61042025
15.39855012,26.03905037,-7.40244824
15.28077260,26.07113675,-7.57074432
-14.61115203,25.66421495,-6.34088791
-14.68476183,25.66846885,-6.15815679
-14.35589248,26.67216111,-6.22007677
-14.42506459,26.68491999,-6.03583138
-14.06305941,27.61563234,-6.09702028
-14.12572513,27.62821883,-5.91454769
15.27298936,26.75697198,-7.30905816
15.15850756,26.78324871,-7.47583483
15.07210269,27.47139389,-7.19791607
14.96809100,27.49417093,-7.36469605
14.79107012,28.18655726,-7.07252298
14.70392534,28.20672227,-7.23964196
6.41119315,32.55718648,-5.88595358
7.61433907,32.19422147,-5.91844761
8.87312269,31.79259682,-5.92789531
10.23185891,31.30813274,-5.93396104
11.72792357,30.73634624,-6.03108551
4.95455519,16.56038523,-5.14683301
5.76150352,16.57210976,-5.16541642
6.58911443,16.61347116,-5.23091948
7.44790754,16.68522132,-5.34165061
8.33943076,16.78465411,-5.48279689
14.48686461,28.90040650,-6.76579318
13.85624734,29.38653862,-6.51156723
13.15920721,29.86427400,-6.29629770
12.43853712,30.31587410,-6.13518434
12.25411425,17.84535180,-6.08953733
12.80923182,18.12880336,-6.18847038
13.34628596,18.40800950,-6.30847588
13.85566588,18.68771494,-6.45469679
14.33362510,18.97401237,-6.63110882
14.57414626,19.65220983,-6.72401484
14.81899141,20.36511900,-6.84342073
15.06747472,21.11201095,-6.98296236
15.31366221,21.88851516,-7.13370743
-13.50123978,16.42689236,-5.47385366
-13.82026053,16.96241363,-5.53506999
-14.14262981,17.58228331,-5.63013229
-14.46639230,18.30032878,-5.75250177
-14.78342468,19.11778634,-5.88823419
15.42562508,22.93210011,-7.21680498
15.50799705,23.97199421,-7.26406568
15.54622064,25.00098730,-7.26922569
15.51778657,26.01520499,-7.23231694
-14.99187707,20.34905578,-5.99402596
-15.10739859,21.70225724,-6.06766990
-15.09235298,23.13617394,-6.09743808
-14.96905090,24.60984213,-6.07073416
15.38440742,26.73948428,-7.14007952
15.16879400,27.45754512,-7.02859150
14.86788775,28.17603299,-6.90158676
-14.76467631,25.68170311,-5.97436916
-14.49854817,26.70024513,-5.85187841
-14.19366584,27.63888769,-5.73479172
-13.88135745,28.48893918,-5.64954714
1.27671318,32.18035169,-5.49961601
2.62589450,32.27993790,-5.56000435
3.93224303,32.39302173,-5.64846507
5.19276451,32.49151419,-5.76067225
0.93848106,17.06997871,-5.19528518
2.07679946,17.02809175,-5.18323814
3.10749973,16.91695146,-5.16240562
4.05599060,16.75291878,-5.14513537
-0.29283683,17.06691428,-5.18521713
-1.59103116,16.95760740,-5.16020568
-2.93371399,16.71821080,-5.11561363
-4.28915696,16.35450206,-5.05065064
-0.13042785,31.65517224,-5.39680481
-1.61781339,31.25880889,-5.31728846
-3.27145901,31.06245117,-5.24596724
-5.16360979,31.11747838,-5.16005002
-7.07470772,30.92066689,-5.05274437
-8.88124166,30.77999052,-5.02466208
-10.50986432,30.58162950,-5.07942160
-11.91001252,30.22738144,-5.21241907
-5.47275406,16.09134003,-4.97268846
-6.57900992,15.81298749,-4.92084294
-7.57604612,15.56500447,-4.90723406
-8.47335844,15.37217401,-4.92501726
9.28214873,17.03877733,-5.63761982
10.26233956,17.31039724,-5.78567804
11.26234109,17.58307802,-5.92818490
-9.31361484,15.32203153,-4.96266855
-10.11312640,15.33615032,-5.01488568
-10.88593341,15.41599424,-5.07690437
-11.64497123,15.55388281,-5.15519589
-12.10059451,15.74755838,-5.20206946
-12.56342323,15.95668260,-5.26736881
-13.03105818,16.18255906,-5.35653327
-13.41309517,29.00461691,-5.49773873
-12.93250660,29.46050420,-5.38214699
-12.43372708,29.86576191,-5.29047184
1.68218988,32.87478378,0.56045725
0.32294861,32.93243311,0.66178627
1.59193403,32.74108024,1.52404468
0.22608918,32.81213082,1.62090332
-1.03408316,32.75563968,0.71609632
-1.11946125,32.68848836,1.66826206
3.03465495,32.78509262,0.43661760
2.95796342,32.62716651,1.40645007
-2.39964748,32.56809165,0.75894444
-2.45730380,32.53491026,1.70603058
4.35784851,32.68177344,0.28942282
4.28123394,32.50055605,1.26775737
-3.78789689,32.38622276,0.79187517
-3.80109384,32.36231008,1.73961403
5.63774633,32.58748442,0.13761590
5.53420639,32.39847480,1.12214440
-5.21592575,32.24522605,0.81935972
-5.16741162,32.20522833,1.77204351
-6.64709681,31.86416991,0.84786992
-6.52921107,31.84928281,1.79760295
6.84137448,32.14088464,0.01884611
6.67853116,32.00287680,0.99721541
8.09079898,31.71660360,-0.05322170
7.86395690,31.64302292,0.91460165
-8.13000153,31.57755594,0.88644207
-7.94936523,31.61289996,1.83607031
-9.64487263,31.33747621,0.94150229
-9.41921528,31.46883511,1.89572360
9.42303526,31.30210439,-0.06883834
9.14413156,31.29372484,0.88435221
-11.15769880,31.03963457,1.02984139
-10.90761823,31.29357946,1.99736048
10.86890099,30.85765075,-0.03156607
10.57671725,30.89245927,0.90708747
-12.15389303,30.63288678,1.05434741
-11.98415642,30.97470240,2.04522610
11.90404118,30.38696890,-0.04412477
11.73720130,30.40015938,0.89261799
-13.12909808,30.12701300,1.08484909
-13.05092372,30.51871328,2.11273205
12.94328118,29.85593352,-0.07421465
12.93138018,29.79461481,0.86611013
-14.08513507,29.53024237,1.12203609
-14.09927773,29.92861328,2.20523923
13.92443342,29.28716937,-0.13002824
14.03803739,29.11431822,0.81837145
-15.02572809,28.86468342,1.17237728
-15.11435806,29.22365943,2.32861646
14.79967656,28.72480192,-0.20794701
14.95825524,28.45195289,0.75126523
15.16992727,27.83015648,-0.37143604
15.36689193,27.52958974,0.58482787
-15.47085310,27.82009773,1.10225796
-15.62875300,28.12427402,2.28986512
-15.88402840,26.74159063,1.02637117
-16.05396751,26.93536332,2.21969422
15.49094216,26.99984106,-0.51186277
15.66828966,26.72483558,0.44489594
1.77821548,32.99731007,-0.40630978
0.42063706,33.04536192,-0.30829485
-0.95116408,32.81985267,-0.24711239
-2.34854272,32.60525668,-0.19953139
3.12693588,32.92597578,-0.52893866
4.45841411,32.84038799,-0.67126458
-3.78696650,32.42624549,-0.15976331
-5.28329933,32.31750775,-0.12449930
5.76519959,32.75353920,-0.81780994
-6.78728974,31.93164764,-0.07998257
7.01066222,32.27211729,-0.92731486
-16.24237848,25.63122234,0.93132240
-16.37015716,25.68341975,2.09526245
15.79729298,26.20587841,-0.62418041
15.92826735,25.97622258,0.33619104
8.29404937,31.80182050,-0.99533915
-8.33268510,31.61573770,-0.03000465
-9.89005124,31.30759020,0.02705953
9.63885217,31.33572872,-1.01505506
-11.42241480,30.91502679,0.09759362
11.05402621,30.84871121,-0.99705990
16.10864981,25.42242762,-0.70932843
16.18411602,25.24382429,0.25796810
-16.54042299,24.50101156,0.82599787
-16.62351033,24.42612755,1.95626665
-12.34682473,30.46312685,0.09601355
11.96343874,30.38741856,-1.02792699
-13.25114310,29.94175501,0.08414849
12.87188149,29.89605004,-1.08067019
16.41266476,24.39139503,-0.66848320
16.43931455,24.28633756,0.31588593
-16.73136670,23.06424157,0.81802807
-16.78050899,22.90429587,1.92434555
-16.83866494,21.66711711,0.83262280
-16.85355469,21.48602887,1.94068008
16.71323152,23.34882668,-0.59391359
16.71115576,23.31705296,0.41715552
-14.14100362,29.35950034,0.06429302
13.75599968,29.38601511,-1.15670515
17.00933144,22.27280884,-0.49610233
16.99021966,22.30524100,0.54692698
-16.87023080,20.31609677,0.86921526
-16.84051990,20.14924578,1.99373029
-15.02345467,28.72961469,0.03640443
14.59835094,28.87803035,-1.25837853
-16.85224081,18.99174664,0.92886918
-16.76863155,18.84350850,2.07432921
17.29579825,21.13479359,-0.38738681
17.24574342,21.20842863,0.68469069
-15.41606859,27.72234687,-0.06239746
14.99678310,28.01951862,-1.40214114
16.99010780,20.22993912,-0.40831261
16.97321645,20.30109022,0.64668248
-16.33225249,18.04406202,0.86385848
-16.25129564,17.87488146,1.97751930
-15.82995840,17.13340324,0.82213796
-15.73290002,16.92653006,1.90752920
16.65580690,19.32258920,-0.42112353
16.62679615,19.34932438,0.61097332
-15.78282952,26.69191435,-0.15565151
15.37539360,27.19382560,-1.53161502
1.90033137,33.06383136,-1.37609200
0.53499826,33.11123997,-1.28391324
-0.85688656,32.84397874,-1.21827323
3.25278232,33.00166339,-1.49219138
-2.28859034,32.60659114,-1.16298897
-15.33645183,16.26425472,0.78420370
-15.22322754,16.01256652,1.84825542
16.30001367,18.42480895,-0.41847238
16.23891529,18.38592753,0.59781990
4.59232286,32.92673537,-1.62769480
-3.77856063,32.43010792,-1.11238437
-16.10799207,25.64018880,-0.25000947
15.74174575,26.38964924,-1.64254289
5.91609189,32.84570876,-1.76689645
-5.34335767,32.34962250,-1.06140669
-6.91604791,31.96299823,-0.99583961
7.18608528,32.34424205,-1.86451523
15.93312087,17.54454763,-0.40457610
15.84501169,17.44085206,0.60685134
-14.85118229,15.43283551,0.73229607
-14.73839581,15.13941250,1.77687211
-8.51490919,31.62607679,-0.93845516
8.48741423,31.84566823,-1.92991207
9.83619997,31.34459094,-1.95720828
-10.10310913,31.26838277,-0.89233799
16.10436664,25.59132215,-1.73129014
-16.38205602,24.57235032,-0.34103281
15.25295732,17.35421951,-0.38374972
15.24644692,17.22338503,0.62036002
-14.15353064,15.25506671,0.67634853
-14.08032846,14.94801631,1.68555883
-11.64503854,30.81077851,-0.86191681
11.23400533,30.82583020,-1.96613979
14.59817462,17.16055864,-0.34421761
14.65595701,17.00989707,0.65252108
-13.48360701,15.07896261,0.63434974
-13.43495103,14.76767920,1.61453832
-12.49636285,30.33276269,-0.90160091
12.06090168,30.37403111,-2.01656161
-12.83913333,14.89917632,0.60465852
-12.80494452,14.58938059,1.55809266
13.96347229,16.95938710,-0.29237365
14.07187146,16.79711014,0.69089185
-16.54915413,23.18954976,-0.33281900
16.44008169,24.52549570,-1.70183305
13.34497479,16.75004745,-0.23366308
13.49286967,16.58398725,0.73421008
-12.21676197,14.71115970,0.58318035
-12.19004474,14.40401810,1.51463671
12.89261756,29.90841882,-2.09181858
-13.33087693,29.80765926,-0.95994149
12.37952725,16.62917832,-0.13740284
12.58932396,16.46289405,0.80214870
-11.28555674,14.63116040,0.56636441
-11.27650640,14.32131022,1.47330191
16.75361214,23.44860288,-1.63773743
-16.64930036,21.82303125,-0.30636780
-10.36612884,14.50964246,0.55042004
-10.37196438,14.18650437,1.43847965
11.39683972,16.46784451,-0.03871255
11.63656171,16.30629339,0.87101534
13.72028177,29.43557800,-2.19465303
-14.15622997,29.24300003,-1.03482992
-9.44694959,14.33122256,0.52646067
-9.46964028,13.97898106,1.39931436
10.35483250,16.25494691,0.04700299
10.58773974,16.10186995,0.93024591
-16.69792396,20.48233522,-0.26943532
17.04568229,22.34845039,-1.54790673
-8.52808741,14.09311714,0.48837292
-8.56863478,13.69615009,1.35254119
9.20897234,15.96789349,0.10309460
9.38695190,15.82587629,0.97444053
14.53827182,28.96646021,-2.32847212
-14.98063495,28.64686150,-1.12861766
17.32724939,21.20353601,-1.44431452
-16.72113813,19.16423752,-0.22816028
-5.74436034,14.10013199,0.36720664
-4.84080701,14.06891230,0.30817992
-5.84389187,13.63760564,1.24073233
-4.98633021,13.60521043,1.18329438
4.15667194,15.06428007,0.09728513
5.34319782,15.38015047,0.12559636
3.88112700,14.86763780,0.94596867
5.14833315,15.22208551,0.98723943
-3.81464478,14.23162465,0.22732785
-4.01300490,13.76153775,1.09699922
2.91038482,14.90771190,0.06114510
2.57725986,14.63311068,0.89440883
-6.65897422,14.11660296,0.41815538
-6.72683127,13.67040745,1.28718661
6.60581098,15.65041877,0.14503524
6.52608421,15.51222413,1.01433324
7.91730220,15.84952246,0.13946106
7.97534365,15.71511670,1.00903346
-7.58838452,14.11732566,0.45887802
-7.63778690,13.69589680,1.32445886
1.71965880,14.78345877,0.04063127
1.36118443,14.44315338,0.86735725
-2.76450201,14.37606215,0.15218500
-3.02058433,13.91474522,1.01205714
0.56094980,14.68838513,0.03766568
0.20039534,14.30525007,0.86502775
-1.68322232,14.49836121,0.09247124
-1.99067015,14.05899273,0.93875351
-0.57199892,14.60453002,0.05127170
-0.91442594,14.19595804,0.88593867
14.95745870,28.15642123,-2.45898768
-16.25146495,18.23482605,-0.26938387
17.00781162,20.31200712,-1.43299222
-15.32568442,27.66760088,-1.23528024
-15.79786773,17.35002945,-0.29981042
16.67263331,19.43168840,-1.42563267
15.36656903,27.35932771,-2.58301740
-15.64752148,26.67025033,-1.33396957
-15.34424815,16.51147511,-0.32340860
16.32080151,18.57020648,-1.41567105
2.04987023,33.02751425,-2.36503793
0.67907692,33.06756930,-2.28000558
-0.72919725,32.75493352,-2.20807755
3.40280130,32.97975840,-2.47410869
-2.19084187,32.49050817,-2.14512374
-15.93187853,25.65472038,-1.42561982
15.76445547,26.56696985,-2.69460140
-3.73045707,32.31205757,-2.08332449
4.74152242,32.92074388,-2.60266652
-14.88300246,15.71257403,-0.34680711
15.95412211,17.73104930,-1.40353073
6.06501625,32.85136671,-2.73553405
-5.36461565,32.25492650,-2.01441466
7.34007513,32.34946321,-2.82350933
-7.00474194,31.87434329,-1.93249369
-16.16712168,24.62518724,-1.50696414
8.64422116,31.84542786,-2.88477465
16.15251995,25.77022389,-2.79020342
-8.64806617,31.52764256,-1.87577998
15.20919346,17.54772969,-1.38253694
-14.16602682,15.54340828,-0.35536499
9.99431438,31.33092550,-2.91755314
-10.25484271,31.14311733,-1.85573302
-13.48729672,15.37049974,-0.35980201
14.50135623,17.35656726,-1.34519690
-12.84163715,15.19256614,-0.35888236
13.82272495,17.15172822,-1.29449550
11.39378600,30.79740667,-2.95258253
-11.79323435,30.65563580,-1.88429185
16.49426231,24.68493069,-2.77430205
-16.28699572,23.27501043,-1.48696117
13.16769677,16.93158068,-1.23500747
-12.22304281,15.00832598,-0.35608149
-12.57245083,30.18456059,-1.96104295
12.16694790,30.36292973,-3.01921386
12.14601890,16.78516353,-1.13284346
-11.28687307,14.93604585,-0.35013528
16.79068306,23.58634459,-2.72129073
-16.34612500,21.93488886,-1.44992082
-10.36662915,14.83601037,-0.34869983
11.13533601,16.59333753,-1.02304413
12.95262170,29.92282891,-3.11519046
-13.33712033,29.68200584,-2.05709222
10.10404688,16.35252843,-0.91888912
-9.44732971,14.70048520,-0.35702776
-16.36861884,20.61335097,-1.40626094
17.03806343,22.47495157,-2.63470353
9.02359385,16.05345485,-0.83681699
-8.52923258,14.52591790,-0.38097818
-14.09504458,29.15146063,-2.17257554
13.74765284,29.48087314,-3.24737736
-7.59336712,14.58101632,-0.41366194
7.85867132,15.93654743,-0.78103575
-6.65644092,14.61634629,-0.45915382
6.68271837,15.76825635,-0.75208813
-5.71862303,14.63308710,-0.51356653
5.53004101,15.55677582,-0.74467762
-4.77579904,14.62817523,-0.57478364
4.41665206,15.31751406,-0.75175156
3.21208364,15.25991858,-0.77314743
-3.69917470,14.81035263,-0.65253765
-2.59241176,14.95861419,-0.71896658
2.03152298,15.21842241,-0.78959540
17.25363674,21.33847308,-2.53204305
-16.38208546,19.31601369,-1.37139273
0.86050073,15.18250983,-0.79751499
-1.45748802,15.06580165,-0.76611510
-0.30319364,15.13654395,-0.79395444
14.54964588,29.04259937,-3.42006903
-14.85456455,28.59510734,-2.31164537
16.91409094,20.46140302,-2.47821947
-15.97919721,18.40143192,-1.37892325
14.99106818,28.27284693,-3.54891178
-15.17502977,27.65184455,-2.40688560
-15.58291274,17.53762728,-1.38724105
16.57328406,19.60504152,-2.44133691
-15.47388589,26.68180560,-2.49855651
15.42009680,27.50130135,-3.67661157
16.22603058,18.77550766,-2.41462037
-15.17909028,16.72690792,-1.39280466
-15.73462484,25.68630538,-2.58540688
15.82828863,26.72321226,-3.79635752
0.87228856,32.86771905,-3.32908589
-0.54535337,32.50316045,-3.24668998
2.24121376,32.85133527,-3.40864880
15.86570509,17.97504138,-2.39196992
-14.76098986,15.96339141,-1.39285668
-2.03179174,32.20772997,-3.17333892
3.58600201,32.83352310,-3.51216958
4.91000964,32.80445125,-3.63792932
-3.62550293,32.02855589,-3.09947789
-5.34786682,32.00394453,-3.01190330
6.21088942,32.76182687,-3.77095311
-15.94049283,24.67166977,-2.66069442
16.20930582,25.93412718,-3.90202486
-14.06478493,15.79359420,-1.36399077
15.10729802,17.78086472,-2.35356270
-7.07172021,31.65642872,-2.91532105
7.46711059,32.29274781,-3.84287586
14.38269512,17.58154445,-2.30598727
-13.40604831,15.62001372,-1.34181697
-8.76354750,31.33594839,-2.86812094
8.75655986,31.81446321,-3.88862024
-12.78010257,15.44317772,-1.32518159
13.68588287,17.36899079,-2.25359067
16.51648905,24.84206592,-3.90487043
10.10443701,31.30833712,-3.91163690
-16.01757923,23.32235369,-2.64224623
-10.38522928,30.97183117,-2.88570609
13.01447186,17.13974079,-2.19461513
-12.18217764,15.26309520,-1.30948042
11.52241102,30.77281351,-3.96113775
-11.90699849,30.50443022,-2.97992835
-11.26109745,15.19541345,-1.29470106
11.95646606,16.97353561,-2.09724222
16.74852679,23.73149445,-3.86469577
-16.02859237,21.98456785,-2.60132520
-10.35742637,15.11552845,-1.28542049
10.92744221,16.76581264,-1.99021423
12.26410588,30.35746879,-4.03827492
-12.61032884,30.06428768,-3.08247722
-9.45468093,15.02119158,-1.28221229
9.90473947,16.51782823,-1.87851109
16.90506766,22.61593819,-3.78250419
-16.00355808,20.67206858,-2.54728929
13.02296172,29.93669159,-4.15492986
-13.29670827,29.59625371,-3.19949449
-8.55203159,14.90813080,-1.29629862
8.86888907,16.22820949,-1.77712108
-7.62976916,14.99180853,-1.32764407
7.78987952,16.11845795,-1.70009335
-6.69397668,15.06462171,-1.37173170
6.70773774,15.97839979,-1.64679838
5.63905645,15.81531949,-1.62019766
-5.74069871,15.12473333,-1.42756327
-4.76649502,15.16555002,-1.49052858
4.59135564,15.64025820,-1.61594069
-3.64157183,15.38058876,-1.56218940
3.43337086,15.66116170,-1.63020383
-15.97128748,19.39859373,-2.50136782
17.00625076,21.49341789,-3.68029141
-2.48070577,15.54621244,-1.61783917
2.27120846,15.68833691,-1.64622290
-13.97378177,29.10010478,-3.33322147
13.79315091,29.51126533,-4.31872088
-1.29459218,15.64882302,-1.65246621
1.09335762,15.70454611,-1.66064142
-0.09849015,15.69134669,-1.66689535
14.56696409,29.08250363,-4.53297440
-14.64908250,28.57566687,-3.49265388
16.65536099,20.63787154,-3.58562238
-15.61728775,18.50621641,-2.47123234
15.02480517,28.34106525,-4.66992659
-14.96303712,27.67597353,-3.57265562
16.31354704,19.80725991,-3.51603032
-15.25941547,17.67026422,-2.44825880
15.45784144,27.58988919,-4.80729716
-15.25660795,26.73465899,-3.66035595
-14.88818708,16.89410057,-2.43674684
15.97598645,19.00511105,-3.47034000
-15.51158877,25.75013855,-3.75078284
15.85052224,26.82708529,-4.93620098
-14.50185863,16.17094297,-2.43195651
15.63072213,18.23366296,-3.43937479
2.48524996,32.50586201,-4.50664460
1.12948555,32.46597848,-4.43710516
-0.28930570,32.03024545,-4.34078361
14.91571093,18.01538892,-3.36437510
-13.85908832,15.98507339,-2.38180512
-1.78773397,31.69043879,-4.26136848
3.80930380,32.54760261,-4.60147281
-15.70887979,24.72847050,-3.83470366
16.18867645,26.04810319,-5.05084993
5.09957446,32.57597496,-4.71802317
-3.43428277,31.51453646,-4.18171845
14.21503893,17.79639483,-3.29630119
-13.24352918,15.79834445,-2.35165876
-5.27592877,31.55421991,-4.07862705
6.35228578,32.58321985,-4.84648224
-7.11733796,31.29168018,-3.96962721
7.56452598,32.18300270,-4.89511232
13.52954078,17.56620032,-3.23592093
-12.65459906,15.61137132,-2.33504729
16.41670795,24.95916623,-5.07203435
-15.77388031,23.33778344,-3.83399485
8.81984877,31.76164616,-4.91761121
-8.87085359,31.05016942,-3.93756070
-12.08987047,15.42572307,-2.32649341
12.86182705,17.32073056,-3.18105321
-11.20269089,15.34726601,-2.31668969
11.78923591,17.12895670,-3.09201516
10.15609037,31.28335673,-4.92311247
-10.49834042,30.75224909,-3.99352646
16.53811686,23.84565993,-5.04851801
-15.75460486,21.95338751,-3.79704907
-10.32880313,15.27653007,-2.30703743
10.75136696,16.90591871,-2.99522943
11.59575269,30.74844578,-4.98436836
-11.97154630,30.33288721,-4.13705274
-9.45232537,15.21515297,-2.29498794
9.73630027,16.65786975,-2.88294954
-15.68099869,20.60926439,-3.73012499
16.57265263,22.73011509,-4.98028851
8.73210366,16.38617987,-2.76274411
-8.57057886,15.15561922,-2.29413938
12.31586580,30.34653706,-5.07120193
-12.58679515,29.93507853,-4.24268404
-7.66144754,15.26782902,-2.30566663
7.71532777,16.28781562,-2.65516040
6.70322293,16.17315441,-2.57268518
-6.72275264,15.38037877,-2.33251431
5.70429619,16.04944637,-2.52469320
-5.74791289,15.48881919,-2.37654065
13.05507620,29.92820852,-5.20949327
-13.18113200,29.51004333,-4.35671146
4.71983577,15.92555095,-2.51046200
-4.73623103,15.58193051,-2.43339888
-15.58203361,19.33368220,-3.66021044
16.55338279,21.62190378,-4.88687533
-3.55588629,15.83136797,-2.49029073
3.61743668,16.00405359,-2.51429871
-2.34050613,16.01548021,-2.53335571
2.49006989,16.07969233,-2.52867696
1.32283384,16.13134506,-2.54619723
-1.10957655,16.11629080,-2.55506274
0.11813063,16.14030021,-2.56011081
-13.75713646,29.05095631,-4.48331295
13.80245829,29.49005541,-5.40510934
16.21870107,20.79188705,-4.75834037
-15.24620094,18.45895478,-3.58561124
-14.31311585,28.54862532,-4.63225801
14.54172225,29.02816653,-5.65671703
-14.89766140,17.65079461,-3.53254553
15.89647905,19.98748703,-4.66101003
15.01730728,28.28812797,-5.80838422
-14.62102560,27.69311107,-4.69993587
-14.53528521,16.91172745,-3.51108214
15.58245898,19.20872798,-4.59696565
-14.92414489,26.76796571,-4.79303296
15.44485141,27.53932206,-5.95946167
15.26481553,18.45804717,-4.56116073
-14.16139407,16.23628070,-3.51758993
-15.21123283,25.77180960,-4.90577531
15.80182910,26.78533253,-6.10089752
-13.58972847,16.03485906,-3.45201319
14.63012813,18.21327852,-4.44045567
16.06865564,26.02059256,-6.22499530
-15.44771651,24.71135719,-5.01268862
-13.03254058,15.83480292,-3.41682893
13.98532859,17.96860351,-4.34295883
-12.49317029,15.63738028,-3.40402573
13.33613428,17.71430854,-4.26925491
16.19722830,24.95600011,-6.26914935
-15.56083955,23.23281263,-5.03619997
-11.97220290,15.44588728,-3.40509558
12.69093461,17.44657425,-4.21409623
11.62386959,17.22317721,-4.12498311
-11.13833445,15.35420631,-3.39625607
-15.54164945,21.75798628,-4.99810776
16.20476107,23.86888455,-6.26280797
-10.30822293,15.29492848,-3.38244976
10.58521390,16.98088409,-4.03681235
9.57959643,16.73257399,-3.92514476
-9.46713868,15.27141758,-3.35698473
16.12856591,22.77724871,-6.20683314
-15.41465602,20.35099630,-4.92069453
8.60358161,16.48240118,-3.79050511
-8.60869660,15.27128260,-3.33476401
7.64039491,16.39889344,-3.65317809
-7.70824994,15.42252582,-3.31635505
-6.75541610,15.58488428,-3.31617763
6.68934348,16.31067762,-3.54106613
5.75423909,16.22314126,-3.47006477
-5.74230500,15.74935226,-3.34075932
16.00903599,21.69494011,-6.11739220
-15.22039623,19.06403093,-4.83196191
-4.67485764,15.89819744,-3.38565943
4.83248299,16.14379389,-3.44244703
3.79335477,16.26514029,-3.43161953
-3.42377515,16.17827537,-3.42590267
-2.14828878,16.37485300,-3.45616445
2.71534227,16.37520346,-3.43911338
1.57768701,16.45208203,-3.45482335
-0.87471204,16.47067289,-3.46925098
0.37530665,16.47900439,-3.46995519
15.70153914,20.89267306,-5.96711446
-14.87809693,18.21329072,-4.72743338
-14.52315843,17.45392167,-4.64771850
15.40220313,20.11980841,-5.84304697
-14.16136585,16.78550572,-4.60268799
15.11109997,19.37632269,-5.75119206
14.82125624,18.66268817,-5.69213555
-13.79660084,16.19808805,-4.58934843
14.27523282,18.39666071,-5.53383299
-13.29325418,15.98114896,-4.50353610
-12.79198472,15.77706807,-4.44423131
13.69739447,18.13468927,-5.40159785
-12.29944280,15.58467379,-4.40686705
13.09704880,17.86807273,-5.29672015
12.48704300,17.59284398,-5.21376334
-11.81914351,15.40450117,-4.38473001
-11.03789002,15.30884684,-4.33632164
11.44316360,17.35299297,-5.07965905
-10.25054481,15.26286229,-4.29077873
10.41480806,17.10090035,-4.96162109
9.42167977,16.85035848,-4.83271919
-9.44253450,15.27044571,-4.24242198
8.47003893,16.61061501,-4.69013302
-8.60200415,15.32219982,-4.20191672
7.55397955,16.52897588,-4.55042284
-7.70517836,15.51282876,-4.17162335
-6.72714551,15.73344903,-4.16685833
6.65937627,16.45758404,-4.43540159
5.78722271,16.40157366,-4.36117366
-5.65753232,15.96911138,-4.19572546
-4.51419346,16.19033744,-4.25093697
4.93262073,16.36676197,-4.33151373
3.97096069,16.53108538,-4.31856901
-3.18194918,16.51660889,-4.29990689
-1.84634607,16.73474160,-4.33521488
2.96492136,16.67795201,-4.32661807
-0.54043252,16.83208154,-4.35219192
1.88548662,16.78337914,-4.34268005
0.71285130,16.82982223,-4.35613246
0.18628334,32.70768515,2.07941816
-1.14599883,32.59864345,2.12631141
1.54482705,32.64053708,1.98069284
-2.46608012,32.45364552,2.16387993
2.91019236,32.52552901,1.86383132
4.23477204,32.39682785,1.73061272
-3.78678579,32.28219352,2.19814544
5.48317521,32.29740166,1.59578428
-5.12359685,32.11731978,2.23394810
-6.45333702,31.77134858,2.25873552
6.60689829,31.93146342,1.47922814
-7.84126406,31.54994254,2.29718345
7.76087293,31.60644752,1.39710740
-9.28141329,31.43545954,2.35859750
9.00536306,31.28931254,1.36022805
10.40795790,30.90757975,1.37179679
-10.73847872,31.29459661,2.46218402
11.60243621,30.40709825,1.34952095
-11.83592912,31.01694248,2.51898093
-12.92322805,30.58420154,2.60003253
12.85016916,29.76674800,1.31795551
14.00666836,29.02643960,1.26446614
-13.98597289,29.99267855,2.70878224
-14.99681309,29.25798100,2.85251627
14.94329489,28.30324094,1.19311726
15.37064862,27.35236320,1.01852866
-15.57851786,28.19257261,2.84375904
-16.05566436,27.00511491,2.78819394
15.67264329,26.55347654,0.87905716
-16.37969049,25.71624342,2.64237046
15.92509931,25.82818215,0.77336847
-16.59396619,24.39673191,2.46406977
16.16668524,25.12652286,0.69959978
-16.69411656,22.82045396,2.40498668
16.38995174,24.20740668,0.76494963
-16.73516708,21.38895516,2.42661509
16.62868266,23.27373886,0.87653933
-16.70707032,20.05797498,2.50044236
16.86883882,22.29052770,1.01848261
17.07891763,21.21111844,1.16841241
-16.63208640,18.76026589,2.59919269
16.85715988,20.32190132,1.14684071
-16.15777595,17.78716982,2.50010088
16.54285714,19.36408712,1.11394794
-15.66133056,16.82524417,2.41037117
16.15939587,18.37222432,1.09275572
-15.15844703,15.89099250,2.33082389
15.75452482,17.39139751,1.08728600
-14.67516371,14.99614314,2.24671667
-14.03189625,14.79438842,2.14465391
15.19626835,17.15490783,1.08880340
14.63590410,16.92333646,1.10707430
-13.39511818,14.60728846,2.06412767
-12.76980516,14.42543547,2.00135472
14.07427782,16.69524150,1.13315530
13.51102899,16.46942141,1.16421893
-12.15723967,14.23938973,1.95225939
-11.25451240,14.15207578,1.90280398
12.63678085,16.33168571,1.21664823
-10.36163258,14.01250460,1.86248449
11.69987507,16.16236286,1.27193995
10.65478239,15.94955501,1.32366323
-9.47399471,13.79902767,1.82277288
-8.58973627,13.51145242,1.77781018
9.44589048,15.67157289,1.36716034
-5.05859469,13.45222756,1.63556926
-4.09901349,13.61381924,1.55018720
2.47972458,14.53589600,1.31898352
3.81611545,14.77328702,1.37148081
5.11078321,15.10604533,1.40625157
-5.90101572,13.46767752,1.68437268
1.24301106,14.33842079,1.29424922
-3.12316290,13.77592089,1.46375784
-2.10893248,13.93153380,1.38504097
0.07247417,14.19355924,1.29715291
-1.04209238,14.07931054,1.32460114
6.52223881,15.37672668,1.42548664
-6.77088622,13.49041138,1.72387434
-7.66955547,13.51188418,1.75399828
8.00753194,15.56735950,1.40869437
2.59401691,32.31211076,-5.03535726
1.24658389,32.23034998,-4.97054443
-0.16528948,31.74457438,-4.87154006
-1.65750428,31.37312497,-4.79452891
3.90464553,32.39955365,-5.12725719
5.17437964,32.47140089,-5.24240006
-3.31209979,31.19040880,-4.72176308
6.40104895,32.51561046,-5.37055034
-5.19684110,31.25522856,-4.62639160
7.59608229,32.14953786,-5.41138149
-7.09231624,31.04638411,-4.51811500
8.84094993,31.75218382,-5.42624010
-8.88208667,30.86751216,-4.49131867
10.17775557,31.28185336,-5.42857744
-10.51594908,30.62856952,-4.55347155
-11.95722849,30.25347669,-4.69781260
11.63733578,30.73787146,-5.50295387
-12.52523981,29.88261960,-4.78924493
12.35400634,30.33300231,-5.59741073
-13.06701040,29.47601755,-4.88801855
13.09163732,29.90125191,-5.74811892
-13.58656354,29.02543151,-5.00233341
13.83166177,29.43872334,-5.95828802
14.54187059,28.95104284,-6.21968243
-14.08769543,28.52171966,-5.14502652
-14.40166005,27.67575868,-5.21948725
14.99303104,28.21329081,-6.37091134
-14.71869954,26.74901569,-5.32786070
15.37500624,27.47735278,-6.51725979
-15.01303160,25.73957388,-5.45382690
15.66713125,26.74153185,-6.64857640
-15.23832281,24.65849931,-5.56118396
15.85701729,25.99731985,-6.75736459
-15.34819628,23.15592113,-5.58702673
15.91661018,24.95828104,-6.79669295
-15.33173636,21.67880896,-5.55092096
15.87906426,23.90081050,-6.78897252
-15.19367248,20.28522619,-5.47200915
15.77918290,22.83605348,-6.73474023
-14.97538486,19.02458977,-5.37023780
15.64578279,21.77508256,-6.64533414
15.37000264,20.98650873,-6.49309498
-14.64444408,18.19570394,-5.24758389
-14.30409563,17.46518478,-5.14558511
15.09655959,20.22849695,-6.35960824
-13.96048742,16.83101782,-5.07511637
14.82794586,19.50333900,-6.25222945
-13.61644387,16.28064883,-5.03709323
14.56088395,18.81102752,-6.17442401
14.06137337,18.53076136,-6.01120572
-13.14050385,16.04935496,-4.94077044
-12.66355166,15.83489096,-4.86979354
13.52328091,18.25724846,-5.87351868
-12.19136818,15.63597776,-4.82024216
12.95575949,17.98351500,-5.76029086
-11.72733872,15.45196152,-4.78641229
12.37176650,17.70408866,-5.66716306
-10.96489983,15.33792310,-4.72405124
11.35102680,17.45392504,-5.51474233
10.33430228,17.19404132,-5.38048800
-10.19131711,15.28002538,-4.66953536
-9.39302299,15.28374942,-4.61739233
9.34778106,16.93690265,-5.24005066
8.40341821,16.69480035,-5.09078194
-8.55637045,15.34296291,-4.57530735
7.50367177,16.60859924,-4.95093334
-7.66027797,15.54179680,-4.54801461
6.63159099,16.54137947,-4.83826570
-6.67038057,15.78362749,-4.54946373
-5.57576021,16.04873448,-4.58836852
5.78669530,16.49715108,-4.76829871
-4.40138969,16.29958305,-4.65511171
4.96182570,16.47954636,-4.74387822
4.03769182,16.66195846,-4.73658384
-3.04289533,16.64872530,-4.71285067
3.06689226,16.82145383,-4.74951207
-1.69171021,16.87901686,-4.75341930
-0.38169816,16.98216412,-4.77449114
2.01748267,16.93376083,-4.76833400
0.86411524,16.98120360,-4.78126437
