-0.08639027,13.98930765,1.42362153
-0.69340766,14.09359627,1.46315769
-0.10519949,13.88039069,1.66104825
-0.71835440,13.98661410,1.68172919
-1.31800978,14.20267529,1.50145615
-1.34960835,14.09823689,1.70219002
-1.97465906,14.31808399,1.54288209
-2.01343504,14.21690549,1.72760496
-2.68200310,14.44225234,1.59070433
-2.72869128,14.34505562,1.76189993
-4.02420666,31.95597288,1.59778034
-3.10824482,31.79150405,1.72225757
-4.04682110,32.01608511,1.84914072
-3.12223329,31.86759993,1.97174766
-2.19873523,31.70635338,1.81426341
-2.20446731,31.79101376,2.05973294
-1.28326295,31.67867440,1.88007396
-1.28243801,31.76789889,2.12148436
-0.35716574,31.69859089,1.92247143
-0.35199626,31.79018734,2.16071121
-3.29363717,14.70728852,1.62353278
-3.34886339,14.60985280,1.79023069
-3.96176752,14.97364825,1.67002286
-4.02606029,14.87679147,1.83425879
-4.70571898,15.23584716,1.73184326
-4.77971507,15.13999248,1.89624497
-5.54787118,15.48107243,1.80743395
-5.63191023,15.38584479,1.97484038
-7.28951227,31.62011606,1.41065784
-6.38616994,31.61907968,1.45835252
-7.34070090,31.64845052,1.67587046
-6.43238831,31.65352027,1.72427096
-5.55769092,31.66917056,1.50840334
-5.59727689,31.71199076,1.77201042
-4.77867658,31.77943922,1.55531455
-4.81019315,31.83101573,1.81396666
-6.17402638,16.07296611,1.94770246
-6.26810664,15.97809030,2.13231798
-6.87509252,16.61336668,2.08845784
-6.97800286,16.52013570,2.28948789
-7.66789467,17.09631366,2.21134513
-7.77827524,17.00817095,2.42234755
-8.57749432,17.52351916,2.29479651
-8.69575400,17.44368847,2.50707610
-9.10777464,17.96280334,2.33289024
-9.22642276,17.89519685,2.54786737
-9.71701836,18.38033158,2.34139891
-9.83653414,18.32542990,2.55686236
-10.43253198,18.78192684,2.32272052
-10.55282537,18.73962367,2.53795240
-11.29665508,19.18245741,2.27288292
-11.41679053,19.15144924,2.48749768
-10.59955725,31.20096083,1.15548348
-9.58540030,31.30407820,1.20961069
-10.63141833,31.21427237,1.42966910
-9.62523707,31.31174368,1.48990542
-8.72514914,31.40394328,1.26810882
-8.77083641,31.41170277,1.54768095
-7.97010790,31.50609013,1.33516951
-8.01974189,31.52100350,1.60943298
-11.03339943,20.30464412,2.31380325
-11.17322050,20.28846467,2.53148336
-10.95231507,21.47982736,2.28453560
-11.11018773,21.47091743,2.49858938
-11.09598277,22.74160832,2.19615189
-11.27080562,22.73298521,2.39720478
-11.57610881,24.05109095,2.04849463
-11.76251365,24.04121173,2.23170446
-10.85056249,25.42010157,1.98046425
-11.01382281,25.41356986,2.16922848
-10.60917284,26.60551639,1.91033872
-10.75152876,26.60600151,2.11251492
-10.61191277,27.65113366,1.78249602
-10.73066425,27.66106705,2.00167099
-10.71196342,28.57841419,1.55926179
-10.79962659,28.59653749,1.80023171
-10.66773733,29.21966974,1.50616765
-10.74149818,29.24497340,1.75634979
-10.63189707,29.84135126,1.41053265
-10.69053903,29.87044376,1.67091392
-10.60657391,30.48368547,1.28658554
-10.65092063,30.50976280,1.55673417
-0.06610642,14.12616289,1.14491430
-0.66821892,14.22693728,1.20564269
-1.28733473,14.33091376,1.26647562
-1.93759428,14.43951776,1.33020358
-2.63752122,14.55616418,1.39837820
-3.99808733,31.94990580,1.31720007
-3.08764439,31.76968592,1.43589787
-2.18408672,31.67380497,1.52446444
-1.27378071,31.63920477,1.58785335
-0.35185070,31.65480061,1.62789030
-3.24116587,14.81986997,1.43919094
-3.90058028,15.08378261,1.49177501
-4.63507250,15.34290718,1.55659486
-5.46721328,15.58542526,1.63144898
-7.24596015,31.64172761,1.11626582
-6.34495011,31.63748638,1.16340603
-5.52040241,31.68049698,1.21570449
-4.74645692,31.78240898,1.26754905
-6.08301441,16.17775902,1.75358569
-6.77470214,16.71778434,1.87446257
-7.56000849,17.19768919,1.98123902
-8.46302626,17.61812426,2.05675068
-8.99438790,18.04693373,2.08638020
-9.60501288,18.45272499,2.09072214
-10.32181146,18.84261079,2.07100856
-11.18747105,19.23205803,2.02310716
-10.57731855,31.21542347,0.84402446
-9.55582568,31.33189305,0.89270601
-8.68914113,31.43788746,0.95456053
-7.92948579,31.53760728,1.02996809
-10.91244047,20.34123463,2.05163447
-10.82044828,21.50725071,2.02622015
-10.95128148,22.76413027,1.96055174
-11.41911399,24.06918764,1.84426922
-10.72108367,25.43254539,1.77005359
-10.50255661,26.61202335,1.68421897
-10.52966656,27.65147697,1.53760771
-10.65581153,28.57413992,1.28944643
-10.62221143,29.21118592,1.22382925
-10.59592467,29.83244376,1.11405270
-10.57799490,30.48146680,0.97737189
0.50351735,13.72741714,1.65759847
0.51610168,13.83182388,1.40760278
1.12637709,13.57941659,1.65115201
1.13330079,13.67793559,1.39115767
1.77728828,13.43858366,1.64118363
1.77869124,13.53005277,1.37550340
2.47114637,13.31122120,1.62809594
2.46724067,13.39409576,1.36303721
3.38180617,31.53560857,1.95129689
2.45286794,31.54613978,2.06213308
3.37576947,31.48228791,1.65322057
2.44499737,31.48006634,1.78085550
1.52487445,31.59326515,2.12662462
1.51685839,31.51664624,1.86298006
0.59164592,31.67439784,2.15761974
0.58452725,31.58940646,1.90853325
3.06907606,13.36875072,1.60123287
3.05982292,13.44889220,1.33238300
3.70333390,13.44842547,1.57967303
3.68721552,13.52370802,1.31547065
4.38541415,13.55601201,1.57104722
4.36030721,13.62451325,1.32032080
5.12899605,13.69708635,1.58407859
5.09260268,13.75736788,1.35382963
6.51759608,30.02830063,1.75127344
5.68132502,30.36904893,1.80634414
6.48922030,29.97379341,1.47733902
5.65776481,30.31800602,1.51698440
4.90553598,30.74114561,1.85582287
4.88772400,30.69180939,1.55587693
4.15023874,31.13034744,1.90595743
4.13847415,31.08038139,1.60266098
5.64431906,14.27817902,1.69810148
5.59093107,14.33692011,1.47451974
6.21550867,14.88839270,1.81477866
6.14285843,14.94783593,1.60268346
6.86934349,15.51944088,1.93586697
6.77702271,15.58269145,1.73583539
7.62928241,16.15368648,2.05738828
7.51920304,16.22293687,1.86856762
8.08411096,16.74268681,2.14906425
7.96592972,16.81403839,1.96031206
8.60320552,17.30501970,2.22224905
8.47921096,17.37527967,2.03441543
9.19415926,17.83646356,2.26317390
9.06663918,17.90163958,2.07716599
9.87137773,18.33798898,2.25720934
9.74222743,18.39478403,2.07339261
9.55665864,28.90018087,1.28579210
8.63403154,29.05300865,1.45256373
9.52606611,28.87699893,1.04872651
8.60482285,29.02051099,1.20237753
7.83581894,29.30734963,1.57573412
7.80715295,29.26716213,1.31536168
7.13982943,29.64152428,1.66895586
7.11127874,29.59446421,1.40035428
9.82297832,19.31547745,2.27402759
9.67935189,19.36296863,2.06694738
9.92816747,20.24789544,2.24995011
9.77828466,20.28333327,2.02542610
10.21327178,21.21177800,2.21157552
10.06652266,21.23029462,1.98473361
10.70229495,22.28439689,2.14413795
10.56425053,22.28253645,1.93143850
10.26272465,23.31748935,2.11291104
10.13980221,23.30055213,1.89164398
9.98854568,24.29138370,2.02640533
9.87929154,24.26250349,1.80039333
9.82158737,25.18803558,1.86786510
9.72381152,25.15410608,1.63634694
9.74196782,26.03423359,1.63573725
9.65208804,26.00194362,1.39738397
9.63293220,26.67840422,1.60604141
9.55744518,26.64191882,1.36832598
9.56763323,27.35373706,1.53806706
9.50624732,27.31685095,1.30037198
9.54267478,28.08382965,1.43140939
9.49609383,28.05114042,1.19344405
0.53207983,13.96375681,1.11496680
1.14550689,13.80268800,1.08936089
1.78723506,13.64488142,1.07102233
2.47170678,13.49647333,1.06414938
3.38414474,31.47671909,1.30402890
2.45097650,31.46465803,1.43857778
1.52183678,31.49076429,1.53512236
0.58927012,31.55367277,1.59759112
3.05938350,13.54667325,1.03387713
3.67953620,13.61417713,1.02696934
4.34246807,13.70524591,1.05040574
5.06211661,13.82691893,1.10872966
6.47039241,29.95486720,1.17839184
5.64623759,30.30559055,1.19651900
4.88383784,30.68434218,1.21817236
4.14133546,31.07532136,1.25442801
5.54083462,14.40647768,1.23002608
6.06972810,15.01707778,1.36762233
6.68095959,15.65297983,1.51728722
7.40351075,16.29706951,1.66628390
7.84001764,16.89058349,1.75936466
8.34687422,17.45164028,1.83519022
8.93097306,17.97391869,1.88004045
9.60632721,18.45928461,1.87874249
9.48796173,28.87726150,0.80518921
8.57207436,29.01551248,0.94056872
7.77961241,29.25813273,1.03870896
7.08840808,29.58122787,1.11158207
9.52717017,19.42380578,1.84221809
9.62021763,20.33767233,1.77813868
9.91431687,21.27049513,1.73316165
10.42471374,22.30018237,1.69660383
10.01579354,23.30591740,1.64779272
9.76953228,24.25623765,1.55315271
9.62420926,25.14200437,1.38511882
9.55625489,25.99129840,1.14122500
9.47598638,26.62748974,1.11412116
9.43836821,27.30243466,1.04771680
9.44217861,28.04134686,0.94345353
1.08392134,13.28395214,-9.96421455
0.41391883,13.25156846,-9.93274781
1.10041120,13.36992103,-9.76315238
0.44302099,13.33512960,-9.73246854
-0.29703152,13.21925194,-9.90530376
-0.25410609,13.29909843,-9.70657912
-1.06431561,13.19983076,-9.89022102
-1.00687052,13.27046488,-9.69276294
-1.90397695,13.19885821,-9.87018996
-1.83370237,13.25847378,-9.67470625
1.73414167,13.46608712,-9.79715617
1.72979675,13.37408994,-10.00132628
2.34339006,13.55897898,-9.83976410
2.35119239,13.46235206,-10.04721442
2.93934971,13.65340081,-9.89044205
2.95907746,13.55765789,-10.09963391
3.53062020,13.74871581,-9.94193341
3.56164817,13.65867275,-10.15108762
-1.58658932,35.43060832,-12.29313333
-2.63567378,35.32773917,-12.25096715
-1.61113327,35.43747617,-12.04660273
-2.65089645,35.31785657,-11.99865848
-3.62361808,35.29175589,-12.23303854
-3.62718743,35.26760268,-11.97724135
-4.56992182,35.30024709,-12.21791984
-4.56167021,35.27238068,-11.96352521
-5.51046136,35.36927197,-12.22195515
-5.48972445,35.34085188,-11.97358221
-0.54290494,35.18734361,-12.07589838
-0.50910332,35.17953946,-12.32649209
0.57398457,34.94834664,-12.12361515
0.61432462,34.94011830,-12.37691424
1.75048866,34.68968870,-12.20053103
1.79144307,34.67461427,-12.44766055
3.00548973,34.40478088,-12.30522437
3.04385978,34.38412249,-12.53913910
-2.64102517,13.39131446,-9.85839723
-2.56182459,13.44897660,-9.65754104
-3.44030829,13.62130383,-9.86619564
-3.35567077,13.67000567,-9.66074421
-4.32342193,13.89789769,-9.90841834
-4.23561451,13.93138142,-9.69355767
-5.33689337,14.21221319,-9.98339649
-5.24068918,14.23222485,-9.75385825
4.02078868,14.08553207,-9.99504809
4.06197986,13.99744922,-10.20866827
4.49837329,14.45731229,-10.06388776
4.54738262,14.37931802,-10.27879764
4.97973170,14.86375722,-10.15963300
5.03433875,14.80536438,-10.37442694
5.49242378,15.29161800,-10.26483031
5.55598591,15.25015344,-10.47641756
-6.36006967,35.12014373,-12.16171710
-6.32529012,35.08925973,-11.90912592
-7.21708410,34.90632491,-12.11199409
-7.16774582,34.88143543,-11.85995245
-8.12529137,34.72367011,-12.06686009
-8.06502587,34.70801943,-11.82174804
-9.14506474,34.54946737,-12.05076157
-9.06600008,34.54077873,-11.82125041
4.20769074,33.60575435,-12.30772363
4.24246199,33.59889521,-12.54180986
5.47803367,32.74664206,-12.26233730
5.50863822,32.75266196,-12.49889518
6.81351558,31.88834587,-12.16914240
6.83979498,31.90998159,-12.40399763
8.17324192,31.10195875,-12.08644234
8.21392938,31.13521530,-12.30749669
-6.39898758,14.71748767,-10.14389278
-6.28308193,14.73055019,-9.88563458
-7.55090446,15.30890145,-10.40335314
-7.41652988,15.31669826,-10.10689568
-8.78316650,15.96900861,-10.72133649
-8.64615318,15.97186431,-10.39537478
-10.00800851,16.70134165,-11.02525896
-9.88557960,16.69694419,-10.69403638
6.01092059,15.95976108,-10.40720285
6.09271932,15.92183643,-10.61413601
6.60964350,16.70279888,-10.57270676
6.71485869,16.66482681,-10.77349182
7.35593243,17.49193218,-10.74927742
7.48374810,17.45372276,-10.94277393
8.27734202,18.29891543,-10.91901960
8.42049459,18.25324572,-11.10785586
-11.48894223,33.43535922,-12.26801872
-10.78141807,33.71828678,-12.18151703
-11.41935278,33.41027801,-12.07180031
-10.70375044,33.69259485,-11.97507910
-10.18739908,33.99191617,-12.11832114
-10.10268182,33.96860630,-11.90250447
-9.65012207,34.26637685,-12.07472724
-9.56453638,34.25154350,-11.85023175
10.81766194,28.91215330,-11.94517143
10.12719856,29.33109319,-11.94729030
10.84444070,28.98860416,-12.14439646
10.15873886,29.40874237,-12.15806097
9.48305950,29.83092894,-11.97267650
9.52161610,29.90400491,-12.19171017
8.83800954,30.42238271,-12.01918326
8.88071343,30.47642891,-12.24149230
-10.50432439,17.41386883,-11.25638856
-10.40032700,17.39437160,-10.93658213
-11.03206997,18.16480912,-11.47503266
-10.94722471,18.13108033,-11.18165212
-11.54439930,18.93467695,-11.69051746
-11.47162243,18.89074500,-11.43168042
-12.14740401,19.70805446,-11.90554870
-12.06957018,19.65945375,-11.67724420
8.79715943,18.98873437,-11.04146144
8.94024525,18.93424374,-11.23264145
9.38752900,19.59704638,-11.15246080
9.52293438,19.53514343,-11.34506308
9.99701440,20.12211137,-11.25693101
10.12120453,20.05781802,-11.44850870
10.68968389,20.57384932,-11.35219460
10.81153621,20.51067977,-11.54108442
-12.05760928,21.01976308,-12.12595032
-11.93645036,20.99001439,-11.91426898
-12.07707065,22.23221260,-12.35340580
-11.92113206,22.20948229,-12.15080190
-12.13852436,23.48516430,-12.56970177
-11.96672154,23.46129985,-12.37086698
-12.32249004,24.87781452,-12.73072771
-12.14445888,24.86334483,-12.53248860
10.81033500,21.41956537,-11.38738599
10.95107307,21.35137889,-11.58942991
11.01054687,22.12090610,-11.41857779
11.15993757,22.05562356,-11.63150793
11.20549927,22.73693250,-11.47382668
11.35101129,22.68323653,-11.68836298
11.44525156,23.30103306,-11.54285588
11.58490225,23.26457570,-11.75311487
-12.16165026,26.60974399,-12.76800492
-11.97662295,26.62816484,-12.55955576
-12.02554623,28.30621426,-12.70960283
-11.84259961,28.33750479,-12.49329472
-11.94596186,29.54213611,-12.62093905
-11.76951330,29.57148765,-12.40910521
-11.87572372,30.62909408,-12.51619469
-11.71471701,30.61351459,-12.31918364
11.37356444,23.91833611,-11.56848378
11.50496483,23.90524746,-11.78246376
11.32406379,24.53832179,-11.60732736
11.44420207,24.55610929,-11.82423623
11.31227543,25.12887383,-11.66098795
11.42289232,25.16967480,-11.87653174
11.29929836,25.79608172,-11.70863783
11.39696603,25.87871367,-11.92092946
-11.64936497,31.46965795,-12.40860590
-11.50174368,31.43863781,-12.21624665
-11.51758712,32.17442582,-12.34615029
-11.38883770,32.14391945,-12.15235878
-11.47318361,32.80293205,-12.31374831
-11.37270930,32.77324149,-12.11835841
11.12223701,26.45529444,-11.72270323
11.21003871,26.55360497,-11.93757068
10.98069451,27.17164351,-11.76677894
11.05440592,27.26934793,-11.98243785
10.88128205,27.97035895,-11.84889546
10.93262549,28.06240615,-12.05981623
2.97694189,34.41612529,-12.07279091
4.17396434,33.60264821,-12.06963471
5.44393570,32.73678098,-12.01909351
6.77182926,31.86611449,-11.93389694
8.11567896,31.07101268,-11.85294216
3.48772578,13.88821186,-9.74981165
3.96585876,14.22335047,-9.80045926
4.43663584,14.58223543,-9.86875058
4.91408291,14.96755044,-9.95645366
5.41571761,15.38308439,-10.06472743
10.78122337,28.83817714,-11.74890338
10.08350919,29.25357490,-11.73308989
9.42213584,29.76709518,-11.74903560
8.77202328,30.37678836,-11.79117270
8.11875692,18.35107972,-10.74231746
8.63545512,19.03083665,-10.84903230
9.21033003,19.64620824,-10.95338906
9.83290151,20.18138199,-11.05681529
10.49947772,20.63125277,-11.15989775
10.63048016,21.48152534,-11.17722226
10.80006193,22.18811092,-11.19216547
11.01818105,22.79392121,-11.23765991
11.27931362,23.34050829,-11.31937852
-11.92065251,19.62736951,-11.44664230
-11.78147353,20.97901037,-11.70873113
-11.71210648,22.21694686,-11.95992389
-11.76275569,23.46516426,-12.18002797
-11.94421112,24.87296396,-12.34685276
11.21525518,23.94295623,-11.33977871
11.18762590,24.51849699,-11.38338715
11.18365261,25.09863954,-11.43802732
11.19934376,25.70894154,-11.49727864
-11.76996179,26.67873920,-12.35638785
-11.66135384,28.33546996,-12.29111947
-11.59629729,29.59084008,-12.20853017
-11.58339949,30.55425835,-12.14230597
11.03439425,26.36194681,-11.51208053
10.90884172,27.07670220,-11.55531894
10.82481041,27.88842949,-11.63603489
-11.38906973,31.38583975,-12.04428663
-11.29532721,32.09196763,-11.97527298
-11.29429731,32.73861462,-11.92723368
-11.36393764,33.38333028,-11.88324440
-1.62150520,35.44306164,-11.79796276
-0.56222299,35.18632105,-11.81682380
0.54820494,34.94063695,-11.87447336
1.72319112,34.68936440,-11.96447710
1.10705289,13.51219435,-9.57328390
1.72694748,13.61368302,-9.60483725
2.32316127,13.71109667,-9.64507652
2.90659085,13.80313741,-9.69367816
0.46368664,13.47608784,-9.54421297
-0.21737670,13.43731655,-9.52276586
-0.95316142,13.40069577,-9.50734227
-1.76530613,13.37394981,-9.49536177
-2.65193721,35.30628537,-11.74494683
-3.61938918,35.24066987,-11.71903074
-4.54726231,35.24807884,-11.71313652
-5.46781984,35.32475211,-11.72294091
-6.28907146,35.07161407,-11.65222039
-7.12201134,34.87251128,-11.60057038
-8.00881952,34.70676821,-11.57678918
-8.99545204,34.54714461,-11.58565956
-2.47931935,13.56274697,-9.47873471
-3.26322203,13.77531160,-9.47778414
-4.13893997,14.02089700,-9.49801817
-5.12485217,14.31092700,-9.54828490
5.91400094,16.04347301,-10.21340483
6.49746675,16.76758381,-10.38200583
7.21557028,17.54970792,-10.55978848
-6.13807441,14.79889680,-9.66337080
-7.26188526,15.36993068,-9.84058860
-8.47083994,16.01952563,-10.08008359
-9.72106679,16.73114912,-10.38517859
-10.25632523,17.40267233,-10.60547001
-10.79629647,18.12246368,-10.86377647
-11.34809821,18.87407838,-11.15379200
-10.64244996,33.66807594,-11.77183038
-10.02690751,33.95589828,-11.68658577
-9.48622246,34.24891126,-11.62571496
1.18146977,33.52315857,-1.84572860
0.15921625,33.45545164,-1.89888081
0.93094590,32.57229686,-0.66665757
-0.07429235,32.54149861,-0.62781306
-1.06200750,32.52727110,-0.62639464
-0.86123598,33.35145862,-1.91613318
-2.03385794,32.61983990,-0.63713477
-1.86422625,33.39317839,-1.90968586
2.19366273,33.64406658,-1.78137672
1.93615276,32.66307780,-0.69635330
3.14003106,33.56982357,-1.77934048
2.88388230,32.56974448,-0.72726580
-2.93118525,32.63357941,-0.68448706
-2.79006630,33.41438886,-1.94919271
4.03696556,33.47900185,-1.77515328
3.79291604,32.48299735,-0.73728545
-3.81330890,32.78195367,-0.73975114
-3.70598785,33.62420243,-1.95496364
4.75965092,33.00597401,-1.75981762
4.52894726,32.07567770,-0.73259529
-4.59395362,32.71871530,-0.80619599
-4.53661167,33.60024332,-1.94462078
-5.40403449,32.74989969,-0.87067107
-5.41108617,33.69104200,-1.91712896
5.44255255,32.51899888,-1.73869994
5.23524373,31.66900581,-0.71129760
6.06862289,31.93681755,-1.72964766
5.89749030,31.18926534,-0.68641128
-6.23089361,32.75784449,-0.95104832
-6.31931409,33.74022252,-1.91451900
-7.15486227,32.78488900,-1.03221997
-7.35530758,33.78504990,-1.91883111
6.74587593,31.37401005,-1.71192000
6.61499278,30.73391556,-0.65092355
-7.93809462,32.74279105,-1.12831872
-8.22844636,33.73437775,-1.96705895
7.30487621,30.93838398,-1.72045297
7.21454793,30.37864379,-0.64196507
7.96363719,30.55258266,-1.72569278
7.91411083,30.07526715,-0.63309164
-8.82812175,32.66115277,-1.21819887
-9.20902334,33.63074151,-2.02309714
8.51943011,29.96997238,-1.75456784
8.48257640,29.58353703,-0.65315411
-9.59181008,32.25309279,-1.36514030
-10.04432674,33.15035954,-2.17272311
-10.48311750,31.82884839,-1.45421999
-10.98523689,32.64877137,-2.28955439
9.22017897,29.48525278,-1.77254018
9.18702249,29.18151918,-0.67126550
9.33249007,28.62563464,-1.74728224
9.21180054,28.37717005,-0.67315068
-10.63605515,30.99173705,-1.50980822
-11.15774547,31.62329194,-2.44325108
-10.83607130,30.25012489,-1.46380384
-11.36857824,30.72042159,-2.49428903
9.52635084,27.88231111,-1.71119634
9.32162769,27.67955296,-0.67126398
9.56671041,27.14029951,-1.69759364
9.27401433,26.95903905,-0.62448859
-10.79311757,29.48910179,-1.29206837
-11.33761413,29.81858052,-2.50616662
-10.75861238,28.75796175,-1.07692648
-11.31179600,28.95580902,-2.46480809
9.66793397,26.45864763,-1.68841631
9.28657829,26.29421352,-0.59024123
-10.56930882,27.80904818,-0.65186791
-11.09167336,27.87350977,-2.21942082
9.68059036,25.63448223,-1.56695479
9.25093760,25.46637218,-0.45498168
-10.44027229,26.76837109,-0.31372713
-10.90194964,26.76209311,-1.94195666
9.73081924,24.79918236,-1.47186859
9.28712954,24.62563261,-0.36448724
-10.40873055,25.58822907,-0.06271368
-10.78710356,25.57144979,-1.66770100
9.75461327,23.88315263,-1.40277259
9.33545287,23.70138444,-0.29728290
9.86429674,22.90846661,-1.33922711
9.52716192,22.71588232,-0.23494962
-10.74653904,24.28640379,0.05158482
-11.01814244,24.31235422,-1.48117479
9.58518118,21.96473935,-1.32874982
9.27790338,21.76895623,-0.23549897
-10.73346430,23.06054259,-0.07509917
-11.08182232,23.12014013,-1.50074820
-1.79360621,34.13452778,-3.12463808
-0.76218477,34.10905134,-3.12602758
2.31815969,34.44594881,-2.90143086
1.30723243,34.31934766,-2.99911258
3.26191958,34.35826289,-2.87009293
-2.75937406,34.15790754,-3.13378518
0.27507434,34.23832886,-3.08776992
4.15246411,34.23506076,-2.85219756
-3.72930127,34.38902824,-3.08230736
9.43224123,21.03689397,-1.25123676
9.23877148,20.83044640,-0.10757179
-11.03518212,21.85612778,-0.18741360
-11.38951676,21.94349815,-1.51388559
4.88743939,33.74243927,-2.83596808
-4.62550457,34.42758568,-3.00252472
5.57269940,33.21176444,-2.82598904
-5.58313144,34.58597269,-2.88618733
6.19154521,32.55487266,-2.82922984
-6.58640046,34.67119739,-2.78832071
-10.60503349,20.86278872,-0.21863598
-10.97503709,20.92775014,-1.47784964
8.76879195,20.18605803,-1.11964278
8.70561244,19.95928312,0.09019741
-7.73500839,34.72291439,-2.70357814
6.85551215,31.90373052,-2.82653055
-10.38784243,19.89626230,-0.12482946
-10.66183382,19.94352934,-1.37127475
8.35601318,19.28675538,-0.94815262
8.46248474,19.02251486,0.32385625
7.39666982,31.40240538,-2.84617483
-8.67345353,34.66020575,-2.69945467
-9.72225932,19.45232686,-0.05397891
-9.98241592,19.45905383,-1.29332793
7.81448724,18.73626055,-0.92616260
7.93249939,18.47042037,0.35735398
8.03658712,30.94766860,-2.85527850
-9.70561906,34.53502111,-2.71574221
-9.17553256,18.99299685,0.03949095
-9.40540815,18.96994836,-1.19672336
7.43352478,18.11731103,-0.94312022
7.54043421,17.84849845,0.35485546
-10.57054101,34.03006412,-2.85124276
8.60224766,30.30454165,-2.87433478
-8.49688234,18.68208212,0.11220539
-8.72234882,18.62908454,-1.11805142
7.02214614,17.59599044,-1.05985877
7.06817766,17.32915279,0.25759346
-7.90242188,18.34306094,0.18372148
-8.11760531,18.27504327,-1.03730257
6.70465315,17.04709004,-1.19628519
6.69926319,16.77855475,0.14384628
1.94611767,14.47464717,-1.86043424
2.62183790,14.33210854,-1.87086940
1.86494860,14.26422149,-0.75900254
2.53912432,14.10067383,-0.75900325
3.22926829,14.24582646,-1.87559228
3.15282887,13.99638212,-0.77607999
-2.46860297,15.36634461,0.06214579
-3.07226477,15.51747593,0.14050250
-2.55120804,15.44195445,-1.23512302
-3.17085398,15.58255346,-1.11498320
-1.81689857,15.22405702,-0.09060816
-1.87505104,15.30739669,-1.38434509
-7.12372960,17.85594491,0.25776067
-7.30712198,17.78973502,-0.92801973
6.30099936,16.30046139,-1.39256712
6.26028642,16.02914057,-0.05102302
-1.19875994,15.07224787,-0.24600732
-1.22685919,15.16620583,-1.51473666
1.29591888,14.61096114,-1.82983641
1.22328435,14.42813962,-0.71661252
0.66098864,14.74762081,-1.78255222
0.60553434,14.58036350,-0.63920418
-0.59749048,14.90388227,-0.39649581
-0.59323224,15.02508172,-1.62625254
0.03403736,14.87341960,-1.71932907
0.00102338,14.72751461,-0.53582094
-3.73646312,15.66173024,0.22108496
-3.84278481,15.71770591,-0.98910154
3.86576673,14.16545334,-1.85635607
3.80123254,13.90383160,-0.74275370
-6.45535775,17.29879696,0.31632319
-6.60672191,17.25853998,-0.84056325
5.96217786,15.55722715,-1.55490331
5.91418752,15.28200326,-0.23650465
9.31473103,29.75938917,-2.87293971
-11.51296075,33.48548127,-2.97867078
4.45852699,14.31894130,-1.84288192
4.40466845,14.04301257,-0.68441273
-4.39424673,15.98118645,0.27839441
-4.51076053,16.01634599,-0.91084460
5.51802425,15.01003901,-1.70220722
5.47144374,14.72693126,-0.42745355
-5.75219517,16.81498346,0.33320132
-5.88893618,16.79941191,-0.82535012
5.07545024,14.48670435,-1.79799366
5.03399886,14.20200058,-0.56826949
-5.13269496,16.27665744,0.32554729
-5.25236955,16.28871818,-0.85209331
9.52424991,28.88279202,-2.83315777
-11.70509685,32.38130787,-3.21114273
-11.91742976,31.34874304,-3.37480640
9.81223783,28.11467730,-2.78392241
9.93353776,27.34962913,-2.75105289
-11.85742169,30.30429863,-3.50004907
-11.79471877,29.31264286,-3.55850885
10.10199888,26.64424244,-2.72249987
-11.59020993,28.11529409,-3.44355841
10.20879828,25.81427587,-2.58910869
-11.41085555,26.90440906,-3.25317989
10.31876481,24.96834113,-2.47476359
10.35809941,24.03747471,-2.38690776
-11.31052524,25.64483575,-3.01628029
-11.54603501,24.35756249,-2.78159735
10.43184349,23.04363938,-2.30637837
-11.60692244,23.15596587,-2.69668814
10.11272696,22.08164978,-2.30319495
9.91085545,21.13240953,-2.25948951
-11.87457113,21.97632599,-2.61824275
-1.84775145,35.08638209,-4.71641362
-0.76049927,35.04676041,-4.73388172
3.43322642,35.23259201,-4.54249136
2.44479503,35.34002293,-4.56910567
-2.87924673,35.12633091,-4.69546965
1.39769005,35.23249660,-4.64722730
0.32106729,35.16900735,-4.71014580
4.37068008,35.08248412,-4.52480484
-3.92623548,35.36297919,-4.61865259
-11.43536041,20.93886201,-2.52684928
9.22276822,20.26073096,-2.18973472
-4.90384520,35.41949245,-4.51040013
5.16661001,34.57549118,-4.50483776
5.89233789,34.00403657,-4.49209518
-5.95170842,35.57425413,-4.36341626
6.52164150,33.27280841,-4.49907739
-7.04484337,35.62938470,-4.23123093
8.75796565,19.35975089,-2.09570152
-11.06079098,19.92075135,-2.39578072
-8.27925095,35.64604211,-4.09680918
7.16642137,32.52425814,-4.49701015
8.16820485,18.81943737,-2.12174476
-10.35772972,19.39131078,-2.32487577
-9.23410300,35.55960921,-4.04993145
7.66464858,31.95131512,-4.50729313
-9.75530912,18.84491541,-2.23807444
7.72630406,18.22429724,-2.17230774
-10.26088755,35.41068275,-4.02531171
8.25081512,31.41513618,-4.49844906
-9.05329318,18.44798448,-2.16666227
7.25393808,17.73469458,-2.27618950
6.87868091,17.21888636,-2.37991052
-8.43200476,18.04097088,-2.09379713
8.76545402,30.68880053,-4.47296036
-11.08703897,34.90569752,-4.10684751
-7.58634424,17.49888815,-2.00387807
6.39321829,16.51472979,-2.51183877
-6.84793585,16.94805496,-1.94317416
5.98835641,15.80618749,-2.60741750
2.00355337,14.61642646,-2.63694887
2.66369590,14.50194790,-2.66354221
-1.84607944,15.30643149,-2.31345260
-2.54962856,15.40061777,-2.22928701
-3.19884718,15.50715896,-2.16130982
3.25362570,14.45077735,-2.68999182
1.36350700,14.72227038,-2.60273812
-1.17865769,15.19012539,-2.38864788
3.86920078,14.40320420,-2.70519354
-3.90516533,15.59636280,-2.08652539
5.50749458,15.27519694,-2.67565336
-6.08128892,16.51652543,-1.93928904
-0.53102818,15.08027735,-2.45740130
0.73169466,14.84455582,-2.56381626
4.44482523,14.57526291,-2.71801233
-4.61080034,15.84005136,-2.02553464
0.10331383,14.95258438,-2.51990055
5.04569802,14.75838004,-2.71267338
-5.38895533,16.06048955,-1.97068069
9.43017441,30.05386538,-4.42400665
-11.95688932,34.32259760,-4.21278024
-12.10565715,33.19630083,-4.43613122
9.66796846,29.13909859,-4.34625951
-12.26092419,32.05353646,-4.63300463
10.00152013,28.33195848,-4.26528095
10.16199600,27.53657724,-4.20162390
-12.12981174,30.85903049,-4.79824177
-12.00601504,29.73733243,-4.89466136
10.36336228,26.80157614,-4.15158846
-11.78574752,28.47251024,-4.86733004
10.53640675,25.98695530,-4.03535978
10.69098033,25.14799024,-3.93556726
-11.55120017,27.18518057,-4.76098088
10.73939952,24.21647057,-3.85370570
-11.36275359,25.84289344,-4.58158241
10.78256080,23.21226147,-3.78174021
-11.52329161,24.49589248,-4.37202963
-11.62017998,23.26146083,-4.25707035
10.45486336,22.23873396,-3.79426233
-11.94268346,22.06176945,-4.15063665
10.23783499,21.27435182,-3.78950771
-11.58452553,20.99936531,-4.03012644
9.57103818,20.38993865,-3.76901155
9.09656103,19.49753900,-3.73421884
-11.21340087,19.97285135,-3.89941919
8.48059149,18.98060509,-3.77425023
-10.50046988,19.42406618,-3.84481872
7.98963298,18.42556424,-3.81403183
-9.87630952,18.85116323,-3.78137422
7.45555193,17.98073758,-3.85298361
-9.15298382,18.42138210,-3.71538271
7.01528500,17.50716498,-3.88500239
-8.51336149,17.97863457,-3.64609518
6.43008110,16.85068975,-3.92890882
-7.62277663,17.38877357,-3.56456040
5.94550743,16.17768434,-3.95271266
-6.84820052,16.81017329,-3.49973612
-6.05069985,16.37886171,-3.47083085
5.42623488,15.65770411,-3.96318354
-1.75507897,15.26177847,-3.55922851
-2.46001495,15.33987880,-3.51892892
2.03608151,14.73901138,-3.79988009
2.66874396,14.67655733,-3.83548533
-3.11434379,15.44334874,-3.49322782
3.23289027,14.68811345,-3.87073716
-3.82583618,15.52429574,-3.47043714
3.81749008,14.70479883,-3.90253809
1.41761209,14.79466981,-3.76364694
-1.08911438,15.15576014,-3.60172708
4.36858577,14.91958681,-3.93514738
-4.54041754,15.74540990,-3.46340326
4.94419965,15.14602629,-3.96177599
-5.32699349,15.94785771,-3.46434137
-0.44426989,15.07555445,-3.64304709
0.80019670,14.89225717,-3.72429706
0.18250237,14.97543128,-3.68639463
3.46923454,35.90538997,-5.89981475
2.39854697,36.04827099,-5.88731337
-3.19163986,35.99162163,-5.78374081
-2.11722195,35.93576973,-5.82742902
-0.98622918,35.85657071,-5.87598308
1.28153905,35.97531303,-5.90138574
0.14370874,35.94889506,-5.89987555
-4.28043387,36.21341027,-5.71393768
4.49996924,35.71794224,-5.90861173
-5.30048794,36.24479967,-5.63135041
5.40906833,35.18754281,-5.89987087
6.23479993,34.57388586,-5.88651153
-6.38345816,36.33272512,-5.53396608
6.92920186,33.76384760,-5.87107958
-7.48728174,36.28563939,-5.44878824
-8.70537437,36.19785306,-5.36429788
7.60449237,32.91574241,-5.84046786
-9.59940631,36.04121236,-5.34033746
8.08069088,32.26716924,-5.81985963
-10.54907962,35.82512775,-5.33288366
8.62752603,31.64996185,-5.78002840
-11.29188258,35.27760086,-5.39562971
9.08358258,30.84079277,-5.71286394
-12.07269964,34.63955624,-5.48302442
9.68820146,30.12611035,-5.63521456
9.89808552,29.16426459,-5.52091837
-12.20070691,33.50549558,-5.62241598
-12.34770061,32.32865229,-5.74839484
10.22635188,28.32264113,-5.42654878
10.38225597,27.50444212,-5.36484533
-12.21088344,31.08662804,-5.85855735
10.58455124,26.74649689,-5.33110755
-12.08356596,29.92174908,-5.94120653
-11.87215688,28.67362377,-5.94851026
10.76152456,25.94648020,-5.25996848
10.91929059,25.11914221,-5.20264933
-11.60338029,27.38959730,-5.89848001
-11.31871149,26.02392408,-5.77363039
10.97508652,24.20372245,-5.15496091
-11.35659061,24.63059649,-5.60019338
11.02209284,23.21913321,-5.11493848
-11.46924881,23.34969062,-5.47082392
10.75435095,22.27080779,-5.13829664
-11.86155542,22.09957046,-5.35655041
10.57381809,21.33057669,-5.16172863
-11.63422522,20.97350337,-5.22107493
9.93957880,20.47680142,-5.15958972
9.45702336,19.62333632,-5.15523600
-11.33802233,19.89824575,-5.10702745
-10.65912743,19.31285183,-5.05350055
8.81807998,19.13771184,-5.18311150
8.28572128,18.61855995,-5.20183344
-10.04914815,18.70824255,-5.00211706
7.70510007,18.21077330,-5.20257508
-9.32282722,18.25371335,-4.95284857
-8.67240812,17.78839159,-4.90321467
7.21522719,17.77068212,-5.19167461
-7.72904149,17.17116582,-4.83994520
6.54883310,17.14463019,-5.16534207
-6.90112944,16.58106109,-4.78658692
6.00025075,16.49113381,-5.13174297
-6.05590299,16.15495917,-4.74488951
5.44801676,15.96803289,-5.08787912
4.94555744,15.45068496,-5.04904174
-5.28835515,15.74611790,-4.71967027
2.73529600,14.74687141,-4.89219791
3.28434579,14.82772533,-4.92810942
-2.36768245,15.14283509,-4.69467877
-3.03128934,15.25020237,-4.69212457
2.11887941,14.74979659,-4.85950327
-1.65720400,15.07575981,-4.70937439
3.84935336,14.91534289,-4.96807817
-3.75300975,15.33451522,-4.69606986
4.38531623,15.17718858,-5.00581284
-4.48389128,15.54670359,-4.70342704
1.51203239,14.74837797,-4.83170755
-0.98793742,14.98022906,-4.73054611
-0.34006727,14.93159606,-4.75232864
0.90076918,14.81266955,-4.80307071
0.28658212,14.86441319,-4.77985516
2.15283290,36.27592311,-6.99947461
0.98374458,36.22224522,-6.93659286
-2.49949585,36.30774791,-6.72196488
-1.35039830,36.17115704,-6.79197488
-3.58764439,36.39018204,-6.66913064
3.28146351,36.09217437,-7.06462529
-0.19262273,36.23041705,-6.86837542
-4.68662492,36.61967336,-6.62189043
4.38563249,35.86082738,-7.11815762
-5.72044407,36.64995193,-6.56338882
5.38445577,35.28168683,-7.12463819
-6.80963824,36.70905184,-6.51435467
6.30551038,34.61401540,-7.11202382
7.08371151,33.73316647,-7.07414697
-7.89960860,36.60253532,-6.48922946
-9.08097867,36.44097385,-6.48099868
7.83532327,32.82086265,-7.00842110
-9.90444243,36.21526220,-6.50984357
8.33323506,32.13739585,-6.95263841
-10.77161257,35.92281608,-6.55400425
8.89486056,31.49044632,-6.88322539
9.34569609,30.65806816,-6.77150382
-11.43186095,35.30084854,-6.62047444
9.94083336,29.92546300,-6.67366658
-12.13512260,34.59933828,-6.70313833
-12.25673632,33.45246709,-6.77533896
10.15426745,28.96117458,-6.54142693
-12.41215994,32.28700843,-6.84626803
10.50315879,28.12410950,-6.46305168
10.66172205,27.30664736,-6.41990011
-12.28896080,31.07542356,-6.90665129
-12.18159398,29.93538909,-6.98448659
10.86741265,26.54015328,-6.41442366
11.05550987,25.75804387,-6.38798274
-12.00659815,28.75740145,-7.02220897
11.22589446,24.94517946,-6.36778968
-11.74411449,27.52469914,-7.01522336
11.30245224,24.05603193,-6.34599582
-11.40188378,26.18082888,-6.92387640
11.36969035,23.10983384,-6.32977154
-11.32532581,24.77097721,-6.76368867
11.15131823,22.21270156,-6.36517201
-11.40700593,23.45631805,-6.60587637
10.99080464,21.31880653,-6.41870579
-11.82843289,22.15296249,-6.46145749
10.37001311,20.50324942,-6.44871934
-11.73344956,20.94436482,-6.28449856
-11.54795682,19.78513247,-6.16797824
9.86834533,19.68055146,-6.49389946
-10.92654998,19.14404991,-6.11331433
9.19849351,19.21900640,-6.53581987
-10.34856566,18.49432415,-6.07521283
8.62589485,18.72721671,-6.55924454
8.00505358,18.35339448,-6.53032197
-9.62298053,18.01389160,-6.03759861
7.47483575,17.94804633,-6.48081465
-8.95819604,17.53001538,-6.00536353
6.73871447,17.36364098,-6.38156138
-7.94190411,16.89809113,-5.96411000
6.13652791,16.73861377,-6.28368189
-7.03555959,16.30935266,-5.92543094
-6.11833464,15.89220763,-5.88817786
5.55659424,16.22395327,-6.18992206
-5.28493934,15.50539942,-5.85883253
5.03564705,15.70741245,-6.11626509
-2.25573506,14.89610030,-5.77800566
-2.93921336,15.00702370,-5.79198233
2.87516089,14.78365508,-5.90618676
3.41388099,14.93146475,-5.94750148
-1.52995633,14.84035075,-5.77833527
2.27067092,14.72746350,-5.87505644
-4.44551072,15.30487025,-5.83265011
4.48789273,15.39261316,-6.05033591
3.96416961,15.08656834,-6.00084045
-3.68376411,15.09756680,-5.81543369
-0.84863430,14.75841099,-5.78912673
1.67072694,14.66888002,-5.85434306
-0.19101354,14.74493497,-5.79312963
1.05896657,14.69686981,-5.82575421
0.44144056,14.71437502,-5.80678502
-1.76467407,35.90612122,-7.52618864
-0.60220307,35.91942117,-7.60919072
0.58560877,35.85579541,-7.69460353
-2.90479181,36.09247302,-7.48354424
1.77791579,35.87024679,-7.79431154
-3.97546913,36.18927348,-7.45724596
2.92713952,35.63807649,-7.87294116
4.06062607,35.36642960,-7.94884323
-5.04827575,36.40957765,-7.46522721
5.09493643,34.75057129,-7.96831762
-6.06421879,36.42846768,-7.46215356
-7.12445581,36.46139585,-7.48925562
6.06425573,34.05209620,-7.96703045
6.89754940,33.13851492,-7.92092589
-8.16863027,36.31183986,-7.53640285
7.72362756,32.21783224,-7.85223657
-9.28936942,36.10662245,-7.61359382
8.25882285,31.55447583,-7.79509999
-10.03539649,35.84021632,-7.68661627
8.86165290,30.93699754,-7.74018273
-10.82262260,35.51220257,-7.77190417
-11.41589290,34.86572365,-7.83909419
9.34901998,30.14901068,-7.65215451
-12.06012227,34.17461195,-7.92155544
9.96704096,29.46013810,-7.59616778
10.21250938,28.54875039,-7.50938197
-12.18492733,33.08763817,-7.94881077
-12.35224744,32.02060319,-8.00617882
10.57735679,27.75574644,-7.49241949
10.71385842,26.97024542,-7.48813197
-12.24653555,30.92618584,-8.05951469
-12.15209265,29.88129576,-8.16695036
10.87851173,26.22626007,-7.51619066
11.02838811,25.49042315,-7.53887648
-12.00033816,28.81967319,-8.27760950
11.16386575,24.73104838,-7.55448550
-11.74629340,27.66601555,-8.34561639
11.22806691,23.91791060,-7.54338342
-11.37027483,26.34732002,-8.27978246
-11.19004816,24.92495244,-8.08648323
11.28212799,23.05963510,-7.53644684
11.07129524,22.25815214,-7.58936486
-11.19935269,23.60646958,-7.85117656
-11.59626658,22.28862338,-7.62578718
10.89442624,21.44907727,-7.67523658
10.32700869,20.68002180,-7.73903829
-11.65005223,21.01907413,-7.36441779
9.85770817,19.88550382,-7.83192070
-11.61767958,19.78464471,-7.20277792
-11.08764304,19.08951970,-7.13058216
9.21879864,19.43874330,-7.89821243
8.67329412,18.95963141,-7.93541218
-10.56664705,18.40159289,-7.09283053
8.08912343,18.59617948,-7.87551465
-9.86035687,17.90074456,-7.05705650
7.58364028,18.20618718,-7.78540148
-9.18955625,17.40713860,-7.03950395
6.84942202,17.65310939,-7.61484720
-8.09919343,16.77224870,-7.03933606
-7.10891979,16.18938975,-7.03657204
6.23593655,17.05764802,-7.45277647
5.65184504,16.55232751,-7.29762838
-6.11845102,15.77439825,-7.00410618
5.12556625,16.03818425,-7.17877075
-5.22092671,15.39859768,-6.96211071
4.59662480,15.68776570,-7.09198318
-4.34884408,15.18466040,-6.92518322
4.08944288,15.34312084,-7.03082609
-3.55835198,14.97335421,-6.89667886
-1.35409231,14.69788318,-6.81988043
-2.09127576,14.74650981,-6.83358934
3.03509515,14.91149508,-6.92540623
3.55873769,15.12349062,-6.96871564
-2.79290920,14.86644202,-6.85811001
2.44625874,14.79673273,-6.89058229
-0.66518867,14.63011794,-6.82219945
1.85683104,14.68333901,-6.87072067
-0.00194236,14.64685173,-6.81379758
1.24922084,14.67016017,-6.83835165
0.63228865,14.65156927,-6.81877694
0.21752257,35.19203224,-8.16808378
-0.95963975,35.30510094,-8.10068919
-2.10137933,35.33775532,-8.03432377
1.40634895,35.16073438,-8.26183759
-3.21188552,35.53881100,-8.01385824
2.54375982,34.88510924,-8.34660114
-4.24936527,35.61986120,-8.01574204
3.66913382,34.58268140,-8.44301878
-5.27848319,35.79725775,-8.05824116
4.71120881,33.96455652,-8.48138745
-6.25196363,35.79645660,-8.08792625
-7.25749481,35.80914118,-8.15366211
5.70173421,33.27388874,-8.50191584
6.57199872,32.38513698,-8.47506601
-8.23728371,35.65339843,-8.23297064
-9.28591207,35.45315949,-8.34627373
7.45360403,31.51128542,-8.43679724
-9.96382939,35.19617097,-8.43962100
8.01634011,30.89735155,-8.41126477
-10.68357495,34.89192397,-8.55108936
8.64523063,30.33452046,-8.39655937
9.14789422,29.61615811,-8.35146521
-11.22447974,34.30670310,-8.63433887
-11.81570987,33.70210862,-8.74899488
9.75557191,28.99097216,-8.34287888
-11.92171590,32.74299626,-8.80383499
9.98152967,28.14615053,-8.30590705
10.29271720,27.40984365,-8.33542804
-12.06270364,31.81969399,-8.91483566
-11.92709724,30.86041428,-9.02117881
10.35634512,26.67397429,-8.36240804
10.44187722,25.98181345,-8.41121929
-11.78752034,29.92475587,-9.18208151
10.52802165,25.32093370,-8.43955406
-11.60521790,28.95997651,-9.32217913
10.61731343,24.64511298,-8.44970114
-11.34295687,27.84948274,-9.40581272
10.66321940,23.92633511,-8.43232264
-10.97958019,26.50337510,-9.35270613
-10.78622111,25.02270671,-9.14776976
10.71254615,23.16474417,-8.41622040
-10.76681213,23.69536928,-8.85014603
10.53994266,22.45326869,-8.45703398
10.40638608,21.71821189,-8.52948965
-11.11620192,22.40829617,-8.51380859
-10.93566800,19.19625418,-7.72928009
-11.37645759,19.91067267,-7.83582431
-11.26493739,21.15663164,-8.09558033
9.57400374,20.17071952,-8.63006527
9.94671518,20.97144179,-8.56015871
9.00168762,19.70322610,-8.68816419
8.51338134,19.19071532,-8.72469201
-10.47804396,18.49597968,-7.67458222
-9.16050423,17.48304494,-7.61936424
-9.81245955,17.98369793,-7.63146492
-8.05068723,16.83772509,-7.65656825
6.81631024,17.81517035,-8.36002466
7.51403901,18.37925268,-8.55312802
7.97858234,18.79394415,-8.65511127
-7.03333536,16.24127140,-7.68710134
6.22391761,17.22852822,-8.16151203
5.65457208,16.74231939,-7.95948967
-6.02176371,15.80951514,-7.66178460
5.13657079,16.24410502,-7.80321136
-5.10656561,15.42519402,-7.61058632
4.62219544,15.88979666,-7.69238302
-4.23127515,15.19677771,-7.55980496
-3.43878191,14.97849669,-7.51700944
4.12759603,15.53568870,-7.61551503
-2.67451883,14.86396056,-7.45837734
3.60964719,15.29461186,-7.53576568
-1.97491318,14.74137174,-7.41753941
3.09655112,15.05671295,-7.48126995
-1.24018467,14.69897969,-7.39993902
2.52085471,14.91842543,-7.44911626
1.94252933,14.77936730,-7.43639515
-0.55468171,14.64201488,-7.40228040
0.73332237,14.70547526,-7.38669757
1.34331479,14.74519118,-7.40356439
0.10455705,14.67881637,-7.38628975
-3.45413288,34.90269837,-8.89055980
-2.39648278,34.75562621,-8.93627085
2.06676145,34.23228451,-9.32867690
0.96343426,34.53197172,-9.21395495
-0.17959234,34.59909561,-9.10569465
-4.43472543,34.93365663,-8.89090921
-1.30549303,34.73938846,-9.03531334
-9.08571984,34.74590564,-9.38360638
-8.13046757,34.89626600,-9.18862730
7.28283602,30.84663801,-9.47617248
6.28305139,31.66902834,-9.48786506
7.91121008,30.30372844,-9.48187210
-9.68500749,34.54700045,-9.54684596
3.17857078,33.91211971,-9.46346326
-5.39628892,35.04825597,-8.94372505
5.31317973,32.54624755,-9.50768295
-7.23581312,35.02276477,-9.05788316
4.25398423,33.25559651,-9.48985757
-6.30718984,35.01776771,-8.97137552
8.60029033,29.82896320,-9.51654705
-10.32755112,34.31503465,-9.73990290
-10.79098289,33.84425021,-9.91001830
9.11463872,29.19073274,-9.51361959
9.71675782,28.64821714,-9.56571545
-11.30664645,33.38026477,-10.11478722
-11.34907274,32.62490564,-10.22092707
9.86878416,27.85127824,-9.52005511
-11.44132896,31.90560656,-10.36626463
10.11711708,27.16564278,-9.55348919
10.08857721,26.46713083,-9.54059849
-11.27103384,31.11427874,-10.45581697
10.10804918,25.82412258,-9.54995833
-11.15937187,30.29733258,-10.57051607
-11.07345463,29.41157195,-10.66397700
10.13774650,25.23582427,-9.54697446
10.25140572,23.39134235,-9.45634955
10.20279415,24.03889784,-9.48736189
-10.65265378,23.65288585,-10.30409708
-10.72036294,25.09510937,-10.62690784
-10.79997914,26.81145720,-10.73199372
10.16201695,22.76258707,-9.42635877
-10.97913133,28.30050893,-10.73389783
10.18494121,24.64945349,-9.52936130
9.48826770,20.55722208,-9.55396358
9.75900205,21.36931877,-9.46496779
-11.01167872,19.93168102,-8.91365383
-10.86768052,21.14366973,-9.31760766
8.96576420,20.02209839,-9.56933717
-10.65343134,19.23451728,-8.65357248
-9.07980601,17.48976527,-8.41321487
-9.68388175,18.01438705,-8.42863827
6.80179437,17.76984905,-9.26148169
7.50296893,18.44796551,-9.45117843
-7.99421586,16.78018191,-8.43477027
7.97042180,18.94690276,-9.52553751
10.13414247,22.07974511,-9.43971004
-10.87188430,22.35445597,-9.88221142
-10.29032694,18.53249233,-8.50283549
8.51068528,19.42282218,-9.57855514
-6.97156945,16.12019533,-8.44596862
6.22389106,17.11473954,-9.04747314
4.67315783,15.79527030,-8.49130982
5.17018325,16.13403242,-8.64159910
-4.98931724,15.24488006,-8.35035608
-5.93318869,15.64772146,-8.41090858
-4.10266142,15.00301145,-8.28262557
5.67218434,16.61789512,-8.82656855
3.19020341,14.97017063,-8.23622504
3.68972066,15.21545621,-8.29236543
-1.09919951,14.50293141,-8.12061661
-1.83103164,14.53496279,-8.14505647
2.62597247,14.82283074,-8.18714947
-2.53398576,14.66014507,-8.17529248
4.19389732,15.44975259,-8.38133869
-3.30516769,14.77875602,-8.22547581
-0.41854157,14.45309494,-8.11979782
2.05832010,14.66055254,-8.16515410
0.24144981,14.50823742,-8.12198029
1.46927640,14.61246889,-8.14443083
0.86963348,14.54639591,-8.14525038
-0.24779919,32.01828956,0.36242684
0.72176883,31.92615433,0.28591944
-1.18687199,31.97513539,0.36127803
-2.10780091,32.00036475,0.33531826
1.67904781,31.88004926,0.20117494
2.62717685,31.87027562,0.11978398
-3.01594590,32.10985245,0.28157284
3.57034094,31.88990581,0.05004694
-3.92584489,32.32702235,0.20255338
-4.66833987,32.17145266,0.13321689
4.29830146,31.45344182,0.03838130
-5.43629496,32.09085788,0.06051581
4.99823878,31.02218128,0.04965191
5.71031138,30.59828736,0.07993976
-6.25653276,32.07045220,-0.01405413
-7.15885779,32.08245737,-0.08810457
6.48334244,30.19868254,0.12068650
7.04139705,29.80185933,0.10091987
-7.82930344,31.96865235,-0.22943213
7.67545800,29.44923213,0.08103583
-8.57865257,31.83522506,-0.36237749
-9.43813125,31.66912409,-0.47018957
8.42007840,29.17040455,0.05017509
-10.45514328,31.46853510,-0.52067973
9.30447242,28.99060474,0.00025266
9.19984525,28.13285131,0.07687912
-10.44319186,30.65978885,-0.44263643
9.15627065,27.38530184,0.14251799
-10.47463584,29.95098391,-0.25820250
-10.52387794,29.29157921,-0.05131799
9.16599263,26.71226569,0.18695321
9.22442345,26.08617218,0.20223190
-10.57536362,28.63546204,0.11997147
9.26895396,25.24144138,0.41899498
-10.45621553,27.70683160,0.51976814
-10.37501796,26.67057890,0.75789870
9.37708160,24.37804586,0.57201108
-10.50062647,25.50286207,0.90819573
9.56507612,23.46394172,0.65653822
9.90686097,22.48835483,0.72160955
-11.05897383,24.17715354,1.00020272
9.32304062,21.53627880,0.70168291
-10.60814434,22.93974328,0.93932944
8.98280913,20.63442809,0.77716804
-10.46297772,21.75647817,0.86984274
8.89218552,19.71749072,0.94703265
-10.52203148,20.64383719,0.88103593
-10.76796293,19.55768645,0.95798682
9.02122632,18.73463871,1.12843410
-9.93651306,19.18945720,0.99622297
8.36571711,18.25848156,1.11944676
-9.24337491,18.81254792,1.03580498
7.81851606,17.73234160,1.06786457
7.36800087,17.15495874,0.98953855
-8.65108177,18.41522921,1.07369846
-8.13679421,17.98976365,1.10583964
7.00544228,16.53917732,0.90077620
6.37629667,15.88580646,0.70908904
-7.25359543,17.57499446,1.09457030
5.86777134,15.24324874,0.53107238
-6.49393089,17.09268945,1.06727784
5.43040485,14.62330577,0.37789365
-5.83304633,16.54625855,1.02524800
-2.52058179,14.98605943,0.71388019
-3.10372226,15.23978848,0.76890872
2.50916904,13.84307339,0.08409365
3.08958741,13.86654709,0.05090452
-1.84783806,14.87066181,0.59415815
1.83483851,14.01069261,0.08083799
-1.21672484,14.75398339,0.47633653
1.19700072,14.18023113,0.11416981
0.58481049,14.34599150,0.17294628
-0.60954208,14.63282415,0.36055053
-0.01291120,14.50499756,0.24843633
3.69524814,13.90093476,0.06495826
-3.73927190,15.48768624,0.83141797
-5.25028392,15.94631569,0.97016611
5.01891451,14.03032959,0.25514331
4.33436330,13.95269174,0.13258364
-4.44711658,15.72594383,0.90027366
3.82663569,14.71856323,-9.02821859
4.29651544,15.04728357,-9.10373839
4.77393034,15.37912999,-9.21039470
-3.21768346,14.31590432,-8.80916734
-4.06203616,14.52712276,-8.84803414
-2.45876304,14.11641736,-8.79012880
-5.00886640,14.76570117,-8.90367402
5.27096843,15.72051002,-9.34727499
3.35377711,14.38937779,-8.98289040
-1.76434003,13.91793993,-8.79322242
-5.95700693,15.23656015,-8.97393506
5.74066958,16.32946152,-9.51153153
-0.99076252,13.95551703,-8.77921288
2.77718725,14.31860088,-8.91568758
6.27586528,16.98146467,-9.70378596
-7.00340509,15.78336730,-9.05111584
2.20028404,14.23004352,-8.86894570
-0.28428599,13.98586885,-8.77989847
6.92167200,17.68249793,-9.90343824
-8.12980429,16.41040028,-9.12626791
1.61436361,14.12410816,-8.84244975
0.37683088,14.00226940,-8.79805700
7.73460690,18.41723935,-10.08976206
-9.30870994,17.08569811,-9.22876066
-9.79846763,17.71903500,-9.32181415
8.18949447,19.07441771,-10.16022635
1.00870101,14.00241052,-8.83449339
-10.29014341,18.35689716,-9.49169462
8.71084595,19.68268173,-10.22026172
-10.80146619,19.00600064,-9.77087296
9.29806847,20.22836398,-10.27748741
-11.37979833,19.68467697,-10.17893400
9.95531197,20.70247008,-10.34257791
10.01647265,21.54568724,-10.26423229
-11.15249814,21.03490992,-10.55511596
-11.09287400,22.30462980,-11.00189057
10.15421914,22.25393566,-10.22672734
-11.18616085,23.58027347,-11.37876210
10.38401544,22.87358620,-10.25623821
-11.41898674,25.03893141,-11.61921080
10.69369421,23.43638126,-10.34816300
-11.26750003,26.89957898,-11.59815158
10.62248466,24.03846138,-10.36494928
10.59964861,24.60930639,-10.40801949
-11.22956956,28.50577739,-11.52545473
10.60055626,25.17462389,-10.45403010
-11.22558767,29.67125602,-11.45330953
10.62022561,25.75766550,-10.49724419
-11.25369779,30.56237298,-11.38720250
-11.11053867,31.31530657,-11.26049248
10.42591509,26.37234981,-10.45756180
10.29168362,27.03823256,-10.45200530
-11.05841046,31.99434560,-11.15623689
7.65794098,30.83610762,-10.51267514
6.45215285,31.61110014,-10.52534685
8.24069432,30.16518878,-10.47366074
-9.41690700,34.29928688,-10.55837486
-8.93690419,34.61312302,-10.44985754
-7.96370035,34.73661030,-10.30847908
-9.93492135,33.97855659,-10.68922522
8.85373395,29.57590088,-10.47679656
9.52406480,29.07681495,-10.53661295
-10.51466411,33.65841755,-10.84426568
-11.09170479,32.65853445,-11.08098713
10.23726062,27.78894347,-10.51134897
10.27435313,28.67232630,-10.66488374
-11.19022798,33.34795891,-11.02501219
-7.07171472,34.84718658,-10.22576881
5.28262228,32.47064171,-10.57808079
4.13239727,33.34311683,-10.63829991
-6.22223395,34.98324274,-10.21404537
-5.38166201,35.17423094,-10.27864931
2.99827010,34.16655625,-10.69087245
1.81035500,34.41439879,-10.57021487
0.67800695,34.64852145,-10.49689757
-4.44205920,35.02768096,-10.24299162
-3.49175042,34.96732365,-10.26537970
-2.50963844,35.00792369,-10.33836778
-0.41682895,34.88702173,-10.46003008
-1.48461593,35.15183943,-10.45525063
