0.16620542,15.45871396,2.77561707
-1.31329736,15.55046732,2.78444490
0.17284120,15.45360124,2.90062409
-1.31196171,15.54633484,2.90973088
-2.77548766,15.57782485,2.76628633
-2.77935184,15.57561897,2.89132749
-4.21677137,15.53733960,2.73249790
-4.22493492,15.53913587,2.85646281
-5.63765288,15.46530938,2.69310286
-5.64761629,15.47532724,2.81714423
-6.02763518,34.22374876,0.31304888
-4.77662036,33.69201589,0.65245053
-6.02361957,34.26639906,0.47932852
-4.76460558,33.73253281,0.82026377
-3.49730189,33.16286861,0.98485587
-3.48498621,33.20933054,1.15115374
-2.21006984,32.66270324,1.29196626
-2.20035287,32.71627238,1.45604059
-0.93130763,32.18977879,1.54141997
-0.92288714,32.25431386,1.69907497
-6.78840048,15.60151703,2.61576782
-6.79764500,15.61775665,2.74223021
-7.91995277,15.75598255,2.50934751
-7.92581863,15.77930788,2.63870504
-9.03951857,15.93589646,2.37182359
-9.03970520,15.96649769,2.50298942
-10.16195085,16.14598019,2.20919768
-10.15622688,16.17967817,2.33931804
-10.39867368,33.86435180,-0.27117778
-9.30482472,34.08935701,-0.16211488
-10.43839303,33.92341801,-0.13356597
-9.33572770,34.14263948,-0.01765162
-8.21533323,34.18465671,-0.02433913
-8.23536029,34.23368406,0.12790569
-7.12493214,34.21178804,0.13088205
-7.13293272,34.25704950,0.28984572
-11.18373957,16.54435265,1.98893492
-11.17254490,16.58116386,2.11781025
-12.22596311,16.94155272,1.77799679
-12.21358720,16.97856157,1.90448088
-13.25707542,17.37664248,1.58574843
-13.24797846,17.40962215,1.70999138
-14.26826265,17.81004422,1.40300355
-14.26547540,17.83706911,1.52645013
-14.88060423,18.23614021,1.24805600
-14.88026797,18.26110689,1.37333805
-15.49267090,18.67344668,1.08008764
-15.49299939,18.69353251,1.20857826
-16.11590230,19.09779915,0.90130995
-16.11292938,19.11282944,1.03269573
-16.78707078,19.54172629,0.69813694
-16.78063643,19.55320416,0.83244184
-14.27329848,31.42587776,-0.69483564
-13.12016231,32.21234518,-0.59613590
-14.30039971,31.50304556,-0.57227767
-13.15236626,32.28387778,-0.46852750
-12.13216460,32.89155456,-0.48541373
-12.17122972,32.95989983,-0.35566408
-11.23902827,33.44204363,-0.37735056
-11.28070555,33.50564152,-0.24357958
-17.04748850,20.36130283,0.48568132
-17.05186498,20.37720716,0.61984475
-17.37449120,21.14713071,0.30883299
-17.39499737,21.16590574,0.43860968
-17.74799699,21.93165669,0.15744008
-17.78257958,21.95610768,0.28045404
-18.18315174,22.74054563,0.02448470
-18.23334108,22.77221776,0.14146488
-17.85083946,23.48843891,-0.04649000
-17.90177886,23.52750239,0.07089993
-17.55873701,24.26686119,-0.11656793
-17.61278622,24.31455317,0.00083108
-17.22283697,25.11700080,-0.19845694
-17.27838608,25.17420995,-0.08087424
-16.81826957,26.13327401,-0.32487937
-16.86739394,26.19574031,-0.20655789
-16.29568620,27.12459383,-0.36058821
-16.33430790,27.19720879,-0.24122196
-15.66348372,28.39701305,-0.45508942
-15.69594353,28.47857094,-0.33708811
-14.95816329,29.90265936,-0.59249044
-14.98434256,29.98404333,-0.47359721
0.16136914,15.44674439,2.65090508
-1.31833323,15.53356415,2.65872305
-2.78132498,15.55428813,2.64312644
-4.22440998,15.51129660,2.61173882
-5.65049292,15.43153665,2.57481289
-6.02585521,34.17608818,0.15518818
-4.78463690,33.64961606,0.48799567
-3.50771773,33.12138142,0.81907042
-2.21828465,32.62118140,1.12417227
-0.93622324,32.14432978,1.37500892
-6.79770074,15.55380909,2.49733147
-7.92795343,15.70070947,2.39139040
-9.05162938,15.87319919,2.25385288
-10.18244084,16.06861573,2.08900715
-10.36138729,33.80121195,-0.40320737
-9.27246725,34.02609124,-0.29626458
-8.19348914,34.12995282,-0.17103168
-7.11384523,34.16493693,-0.02098685
-11.20839132,16.46480648,1.87207388
-12.24534616,16.88009602,1.66443951
-13.27375979,17.31387532,1.47469310
-14.27542622,17.76070464,1.29095562
-14.88742721,18.19529562,1.13520516
-15.49846714,18.62922103,0.96565349
-16.12725017,19.06441514,0.78074503
-16.78664994,19.50571383,0.58388303
-14.23519369,31.32277423,-0.80588491
-13.09054247,32.13075276,-0.71614834
-12.09269294,32.81125502,-0.60892652
-11.19883571,33.36528901,-0.50247651
-17.04574697,20.32616009,0.36818870
-17.35397759,21.12064397,0.18373708
-17.71023453,21.90838508,0.03472590
-18.11550559,22.70646073,-0.08636442
-17.80056576,23.45096100,-0.15271175
-17.49117305,24.21972411,-0.22367936
-17.15671967,25.06730138,-0.31220267
-16.76354449,26.07743790,-0.43843572
-16.24203716,27.05503265,-0.47076402
-15.62028193,28.31813178,-0.56905104
-14.92370833,29.81288485,-0.70334315
1.66254153,15.33395517,2.89541657
1.65150628,15.34145077,2.76950045
3.14105776,15.17376066,2.85755282
3.12742310,15.18235175,2.73052180
4.58499484,14.97921521,2.77759921
4.57066005,14.98458424,2.65070293
5.94802367,14.75744288,2.71261257
5.93368868,14.75488109,2.58576327
5.53597841,29.91662576,1.86642620
3.39461742,30.25503217,1.99874827
5.54344801,29.85530099,1.72820979
3.38878451,30.18350446,1.86499991
1.75042739,30.84493448,2.00320398
1.73889612,30.76656986,1.86597779
0.37139579,31.54241597,1.89828425
0.36156943,31.46764069,1.75162249
6.98404416,14.73353361,2.67193665
6.96940918,14.72557371,2.54484177
7.95655001,14.71647190,2.66009005
7.93971457,14.70333877,2.53367028
8.88184116,14.72485187,2.67791540
8.86000508,14.70811543,2.55260005
9.78672274,14.77009346,2.71593479
9.75648558,14.75558433,2.59280600
12.64332589,28.76631805,1.14337683
11.30992321,28.91763144,1.34945507
12.60969400,28.70055311,1.00788289
11.29019402,28.86020057,1.20903792
9.71420515,29.09947454,1.58671911
9.71107638,29.04151125,1.44546378
7.76101653,29.38744583,1.77085995
7.76918551,29.32632119,1.63386453
10.63132398,15.05529333,2.72548935
10.59328703,15.04341672,2.60207239
11.52563629,15.36926998,2.71467023
11.48020006,15.36010823,2.58996870
12.48556809,15.75177509,2.66870933
12.43593260,15.74873305,2.54280558
13.51412198,16.15742773,2.58064701
13.46278655,16.16119557,2.45490379
14.23679030,16.60029787,2.46590234
14.18775494,16.60577636,2.34010099
14.98527808,17.06229218,2.31401980
14.93894218,17.07148358,2.18942974
15.73368225,17.51591819,2.12983827
15.68914535,17.52844941,2.00733128
16.50181138,17.99175049,1.89793362
16.45777358,18.00283787,1.77711370
15.83259782,27.80972314,0.76955823
15.05586973,28.04441253,0.83380695
15.77845833,27.73603776,0.64855067
15.00683238,27.97387168,0.70874722
14.29943836,28.29267591,0.90500764
14.25280248,28.22317113,0.77712488
13.50829433,28.53630635,1.00069214
13.46646056,28.46914058,0.86879083
16.88040122,18.92183122,1.56630193
16.82726271,18.91790469,1.44624339
17.25527739,19.78781743,1.25867109
17.19103980,19.77693880,1.13652721
17.61542396,20.65165122,1.00865116
17.54198703,20.63407825,0.88494591
17.99822805,21.53066456,0.84207652
17.91289221,21.50556625,0.71593712
17.63118838,22.39335070,0.75995950
17.55055369,22.36013697,0.63124538
17.33302481,23.25380024,0.72435161
17.25279009,23.21248107,0.59536923
17.04805132,24.10405623,0.70767528
16.96741507,24.05429314,0.58130613
16.77148746,24.95625905,0.67230007
16.69444935,24.90219651,0.54939042
16.50877166,25.63162274,0.73088684
16.43583275,25.57153190,0.60928726
16.26286679,26.32794098,0.76903861
16.19282695,26.26109955,0.64898981
16.03057727,27.04792358,0.77824802
15.96803734,26.97776850,0.65823026
1.64796987,15.32786190,2.64495633
3.12758682,15.16548224,2.60560814
4.57432221,14.96596444,2.52875699
5.94155029,14.72777444,2.46452291
5.55502192,29.82366826,1.58281651
3.39305689,30.13922576,1.72206974
1.73727056,30.71282107,1.71864971
0.35874953,31.41650034,1.59337152
6.97187050,14.68621802,2.42369012
7.93467419,14.65881164,2.41559933
8.84626253,14.65963833,2.43861320
9.73164390,14.69744782,2.47671075
12.57386126,28.65035251,0.87467746
11.26386233,28.81626847,1.07404758
9.70314960,29.00596830,1.30124244
7.77655841,29.29612663,1.49049442
10.55964618,14.98501353,2.48434512
11.43915901,15.32297402,2.47349359
12.38888999,15.71004806,2.42930979
13.41084543,16.13724968,2.33911159
14.14271346,16.59167199,2.22542666
14.89129885,17.05208328,2.07812937
15.64610295,17.51639751,1.89453339
16.40322559,17.98258859,1.67487064
15.70931471,27.65309010,0.53519858
14.95469200,27.90804378,0.58979480
14.20086472,28.15986436,0.65316318
13.41992390,28.40750979,0.74276292
16.77901464,18.88944196,1.34382652
17.12839973,19.75456134,1.01875195
17.46845009,20.61460349,0.76118379
17.81545344,21.47309747,0.59520285
17.47501482,22.32505185,0.51060719
17.16675098,23.16925781,0.47485582
16.88197734,24.00949012,0.45805362
16.61770966,24.85247949,0.42974993
16.35629055,25.51391216,0.49420997
16.11598595,26.19767309,0.53132689
15.89909507,26.90873784,0.54281747
0.61612913,11.27063976,-7.58076414
-0.94659835,11.29462777,-7.52660610
0.60125728,11.23430342,-7.44219362
-0.95366865,11.25314022,-7.39126681
-2.64035349,11.33977477,-7.41768658
-2.63562027,11.30005118,-7.28911896
-4.39233999,11.40578522,-7.24676800
-4.37370240,11.36556546,-7.12676320
-6.10205710,11.52138220,-7.01413414
-6.07161845,11.46783159,-6.89673005
2.08466423,11.43361883,-7.44713402
2.10333674,11.44836175,-7.58788843
3.47714644,11.60316350,-7.40511341
3.50161796,11.60184618,-7.54458319
4.81029039,11.67246390,-7.29263992
4.84466141,11.67536588,-7.43095320
6.10219184,11.59844011,-7.10323029
6.14756625,11.63508793,-7.24677641
0.31770365,34.82188975,-12.60321594
-1.03509960,34.90866647,-12.59363042
0.33571476,34.79801617,-12.43088744
-1.01048702,34.88543024,-12.42415573
-2.39656669,35.08575090,-12.65083858
-2.36915251,35.06477136,-12.48438687
-3.75301316,35.21504671,-12.75022331
-3.72379680,35.20541685,-12.58754875
-5.18545840,35.31423767,-12.85323876
-5.15133991,35.32025105,-12.69408529
1.78367145,34.25436230,-12.36850774
1.77555887,34.27239938,-12.53820291
3.28477040,33.89209354,-12.38101646
3.29135588,33.90691896,-12.54705618
4.82229732,33.64931722,-12.44313372
4.84508090,33.66403689,-12.60546123
6.38752939,33.54496589,-12.50955079
6.42461142,33.56003614,-12.66883174
-7.53818559,12.20586771,-6.79425000
-7.49913401,12.14818232,-6.66323579
-8.92023848,12.89707585,-6.66298553
-8.87589678,12.83680421,-6.51281653
-10.29774151,13.47419545,-6.65312745
-10.25045947,13.41347166,-6.48413021
-11.71694535,13.92571796,-6.76384450
-11.66690105,13.86565226,-6.57974032
7.31466754,12.33053864,-7.02534863
7.36334669,12.36474674,-7.17822569
8.44247800,12.86841813,-7.02326365
8.49095986,12.88886156,-7.18199435
9.52332906,13.24231595,-7.10710010
9.57031066,13.24331825,-7.26613375
10.59190957,13.51604369,-7.25250194
10.63818763,13.49767571,-7.40541047
-6.82656125,34.88776955,-12.82671406
-6.78460076,34.88700338,-12.67172909
-8.68135550,34.42846438,-12.75986642
-8.63897235,34.42102588,-12.61034933
-10.55357271,33.77856746,-12.63663315
-10.51765619,33.76747047,-12.49384355
-12.65758986,33.12856938,-12.47459528
-12.62462212,33.11596765,-12.33423939
7.88617238,33.13221275,-12.41505509
7.93405107,33.13954719,-12.56814659
9.33539808,32.93548306,-12.27794843
9.38717489,32.92981465,-12.42789816
10.65690428,32.78302186,-12.10102609
10.70697963,32.76332035,-12.24872480
12.16530715,32.70612639,-11.91445154
12.21948146,32.68435829,-12.06021177
-13.13782236,14.69755570,-7.28407275
-13.08821492,14.64778885,-7.08617372
-14.53691845,15.58830150,-8.01561456
-14.48843235,15.53631910,-7.81519000
-15.95624406,16.67489238,-8.76148577
-15.89075679,16.62384271,-8.58084287
-17.45727974,17.79296497,-9.20959445
-17.38153679,17.75329515,-9.06101800
11.63945109,13.94466561,-7.51043993
11.68672124,13.90582861,-7.64878428
12.67847676,14.34144351,-7.73880446
12.72834173,14.29947421,-7.86717156
13.70238341,14.79086640,-7.92790756
13.75604495,14.75224843,-8.04947359
14.73016703,15.29419325,-8.06990915
14.78602609,15.25887558,-8.18648529
-16.82169378,31.02457970,-11.72235870
-15.70458081,31.39755738,-11.85090423
-16.82187267,31.03531891,-11.58761655
-15.68836454,31.40280094,-11.71279484
-14.65211868,31.90702445,-12.05991511
-14.62878044,31.90750230,-11.91998840
-13.64040850,32.50622604,-12.28872369
-13.61224036,32.49928775,-12.14890566
15.36826614,31.44142980,-11.49594629
14.41792158,31.77673122,-11.59043961
15.36973535,31.40094239,-11.63254414
14.44029206,31.74164807,-11.72928929
13.58098029,32.11745716,-11.69104878
13.61925209,32.08798593,-11.83223605
12.83714296,32.43312025,-11.80040406
12.88641604,32.40875451,-11.94387295
-18.11308979,18.70002445,-9.40619398
-18.03972987,18.67397348,-9.27064136
-18.80858387,19.47021457,-9.52261394
-18.74149065,19.45649192,-9.39296925
-19.58692231,20.09859341,-9.59741446
-19.52698813,20.09302493,-9.46930710
-20.51796909,20.58493334,-9.66185636
-20.46691576,20.58292894,-9.53195391
15.17523679,15.74609469,-8.18716092
15.22999526,15.71448177,-8.30242806
15.64729604,16.19390711,-8.28406648
15.69965478,16.16603932,-8.39972775
16.18854849,16.64102956,-8.36774846
16.23810821,16.61821814,-8.48510046
16.88199863,17.08987927,-8.44679436
16.93145997,17.07312817,-8.56705718
-20.47036486,21.43824590,-9.75185948
-20.40777129,21.44668005,-9.62199153
-20.53625934,22.15406512,-9.85007258
-20.47014706,22.16269193,-9.71767837
-20.64429273,22.81536604,-9.97217855
-20.58025229,22.81859725,-9.83641835
-20.77220386,23.48343593,-10.11791753
-20.70914564,23.47501023,-9.97830479
16.84743645,17.88130720,-8.68283255
16.91670080,17.87754032,-8.80843398
16.97669546,18.76183845,-8.95647598
17.05966194,18.77191250,-9.08564257
17.20736672,19.74363626,-9.24979400
17.29843330,19.76832642,-9.37855127
17.52663714,20.86869917,-9.53554163
17.63080256,20.91170267,-9.66127363
-20.32729463,24.41607336,-10.29227029
-20.26861838,24.38863243,-10.14961555
-19.95005089,25.45264695,-10.51014551
-19.89683682,25.40905625,-10.36391150
-19.56207857,26.55000301,-10.76172373
-19.52204504,26.50512608,-10.61449905
-19.10784777,27.68842174,-11.02813648
-19.08404172,27.65364870,-10.88540322
17.48116606,22.50845517,-9.91420226
17.58523216,22.57016844,-10.04049529
17.45797126,24.15270222,-10.24642380
17.54633971,24.21769306,-10.37717007
17.30324743,25.65968802,-10.52774462
17.36901827,25.71886277,-10.66339817
17.01070569,27.13309962,-10.77558755
17.05607810,27.18172563,-10.91473220
-18.54883740,28.48943777,-11.19063067
-18.53343861,28.46170370,-11.05293913
-17.98650902,29.33093393,-11.34757037
-17.97550837,29.31249881,-11.21312627
-17.41127395,30.17990345,-11.51723117
-17.40517278,30.17575197,-11.38321465
16.56552133,28.22246705,-10.95621000
16.59569427,28.25837805,-11.09691496
16.14524347,29.38387755,-11.14651918
16.16311549,29.39784050,-11.28633505
15.75156297,30.49226496,-11.33387161
15.75913341,30.47627488,-11.47185344
6.39566478,33.49499120,-12.38564153
7.84170561,33.12359161,-12.28524692
9.25342696,32.89946277,-12.14079110
10.65703707,32.79012963,-11.96969444
12.08444935,32.71894525,-11.80125268
6.07536095,11.75648070,-7.03650123
7.25952282,12.38625852,-6.93588391
8.36932257,12.88091805,-6.91470286
9.43167137,13.26195312,-6.99384503
10.47375772,13.55661825,-7.14977183
15.42171743,31.43740810,-11.40112796
14.46956565,31.80725054,-11.48012478
13.60131782,32.12882678,-11.56878657
12.81177820,32.42912177,-11.67431801
14.60192183,15.30273585,-7.98147091
15.07478668,15.75334775,-8.08918221
15.55524365,16.19909514,-8.18173877
16.06269731,16.63811122,-8.26811487
16.62345249,17.06597081,-8.35789403
16.67328795,17.89512043,-8.58776123
16.82184351,18.76849718,-8.85496212
17.03941356,19.73450119,-9.14658185
17.32619214,20.87557377,-9.44757942
-20.12914905,20.56737197,-9.42861082
-20.19001549,21.46977733,-9.51531513
-20.29289462,22.18175016,-9.60463376
-20.40593351,22.82796876,-9.71665020
-20.51140631,23.49256902,-9.85925276
17.31330477,22.41431492,-9.79864910
17.29640906,24.04311615,-10.12973567
17.17218460,25.54070112,-10.41021222
16.96812760,26.87206136,-10.63412772
-20.13345829,24.34270658,-10.01517187
-19.76114943,25.33509705,-10.22536241
-19.40804814,26.40598789,-10.47603510
-19.07032620,27.44608403,-10.72926059
16.49135775,28.12445785,-10.83631267
16.06578151,29.31382850,-11.02862860
15.71200139,30.43077678,-11.21635678
-18.46801429,28.38125895,-10.92820718
-17.89639145,29.24807022,-11.09278312
-17.36534546,30.10948832,-11.26374576
-16.87735767,31.01385156,-11.49299156
0.35764058,34.72810593,-12.28915241
1.80419933,34.23748368,-12.22861204
3.27959858,33.86146234,-12.24227050
4.81182856,33.61047691,-12.31068798
0.62471304,11.36870052,-7.35040088
2.09462049,11.58109559,-7.35577243
3.47980421,11.75478248,-7.31652383
4.80475160,11.82713460,-7.21062555
-0.92411430,11.35000976,-7.29825755
-2.60816458,11.37213747,-7.19976433
-4.34464280,11.43087809,-7.04529240
-6.02155114,11.53548366,-6.83020658
-1.00025942,34.86490641,-12.28386418
-2.34032514,35.01381041,-12.34489528
-3.70596577,35.15444292,-12.45518810
-5.16410313,35.27269993,-12.57279604
-6.74372837,34.86864833,-12.54067459
-8.57050396,34.34862807,-12.47371263
-10.54972187,33.72442427,-12.36757627
-12.54291888,33.11245443,-12.22371131
-7.43410158,12.16435094,-6.58931967
-8.79316296,12.81729005,-6.42357808
-10.14056165,13.39009493,-6.38335676
-11.51490269,13.86076038,-6.47922374
11.50200642,14.00569393,-7.42087990
12.53143631,14.39814790,-7.65763398
13.56744111,14.82507533,-7.84407453
-12.90422969,14.67139421,-6.97836896
-14.28887705,15.55423205,-7.68828117
-15.69830702,16.59382509,-8.43732881
-17.19423360,17.67996654,-8.93372876
-17.89278337,18.60717715,-9.14955591
-18.60583146,19.40552943,-9.27650121
-19.34755516,20.05816772,-9.35951286
-15.74130416,31.40830941,-11.60219255
-14.66268593,31.88688710,-11.79317279
-13.60721778,32.45766320,-12.01919055
5.89056087,14.62359729,1.65978275
4.55162736,14.77261717,1.73091077
5.92124116,14.26341284,0.70860237
4.58141194,14.38252145,0.77013386
-5.62890866,14.80541410,0.82511246
-4.21083728,14.78461878,0.88041505
-5.58928435,15.26393615,1.77141133
-4.19101425,15.25493576,1.82968528
6.93277913,14.56682885,1.62211396
6.98185628,14.24514091,0.67863975
-6.82594745,14.92213619,0.72978773
-6.75674520,15.35392728,1.67901016
-8.01934403,15.05251979,0.61121103
-7.91769278,15.45825110,1.56130681
7.89847987,14.52344797,1.61912634
7.97325439,14.23573788,0.68218590
3.12698669,14.88858713,1.81461560
3.16017390,14.46411430,0.84728690
-2.77305567,14.73526575,0.91460403
-2.76973509,15.21908995,1.86919632
8.78187632,14.61497754,1.63005492
8.89115498,14.36713244,0.68669362
-9.17765150,15.31527509,0.44138024
-9.04161172,15.68577043,1.39289647
-1.29794626,14.73597738,0.89665832
-1.31123586,15.21476629,1.87089412
1.64987238,15.04348890,1.84853075
1.68456657,14.59823640,0.86674229
9.63826564,14.75156242,1.65673388
9.78474945,14.54194484,0.70491131
-10.35038214,15.60302402,0.27872489
-10.17443317,15.94519516,1.21116401
10.46906919,15.04453277,1.66210713
10.65596739,14.87732417,0.68400879
-11.47556535,16.01856434,0.10688754
-11.24394379,16.33485629,1.01373689
0.19306964,14.69062992,0.86417799
0.16547290,15.15657292,1.85179394
11.35008318,15.38617900,1.64915277
11.57000034,15.25871585,0.63572475
-12.60767689,16.45306750,-0.04793379
-12.31783606,16.74694776,0.83993513
-13.67923985,16.98425366,-0.23497076
-13.34549722,17.23231817,0.66699522
12.29492238,15.83947279,1.59167511
12.53396642,15.75022500,0.52743165
13.30918439,16.33033023,1.49128097
13.55195626,16.27134918,0.37405216
-14.70537659,17.55505070,-0.47149022
-14.34888286,17.72927415,0.48378705
14.04674902,16.72920627,1.38193898
14.27103439,16.68379411,0.23893062
-15.36569358,18.01913535,-0.67088467
-15.01878282,18.12533078,0.32442094
14.79802966,17.13485383,1.24165660
15.00322558,17.09693545,0.07838679
-16.02448485,18.49607774,-0.87894883
-15.68181491,18.53639468,0.14251778
-16.59507374,19.09584738,-1.10410986
-16.25607065,19.06824312,-0.06818998
15.50254311,17.65596961,1.04215893
15.67935655,17.62686461,-0.15491441
-17.19214540,19.68040509,-1.30304824
-16.85603904,19.60072550,-0.27564767
16.20637911,18.16720567,0.79829650
16.34750127,18.15390202,-0.41514938
16.80189610,19.02434591,0.41077889
16.89562009,19.03923558,-0.80507752
-17.62904703,20.60342188,-1.53484082
-17.32903663,20.45498903,-0.50842458
17.36149509,19.88549737,0.05849291
17.45120768,19.91425482,-1.13454590
-18.11110379,21.48770982,-1.73875152
-17.84622626,21.29351070,-0.68914378
17.47743100,20.74401902,-0.17102013
17.57893082,20.79962612,-1.33805322
-18.17356753,22.33425997,-1.87201502
-17.94530664,22.09508865,-0.79182606
17.60092272,21.58184615,-0.31524391
17.70592120,21.66903808,-1.47836059
-18.27472293,23.15484411,-2.00312962
-18.08322359,22.88131238,-0.88235151
-18.03494555,23.99307323,-2.13883169
-17.87315061,23.67053000,-0.99201691
17.37449411,22.44640793,-0.41880719
17.48969054,22.58617168,-1.57576795
-17.78592358,24.85954055,-2.28232983
-17.67378670,24.48550292,-1.12193543
17.16104077,23.30699972,-0.47432756
17.27784067,23.49682003,-1.63598082
12.72514830,29.20540890,-0.24684115
13.56387349,28.92285330,-0.30738772
12.52512853,29.87564033,-1.93528031
13.41171188,29.54916603,-1.91604840
11.43921053,29.50394443,-0.16122271
11.16225293,30.23345667,-1.96842248
-9.36623171,33.68169238,-2.79717379
-10.58268961,33.36064225,-2.85383173
-9.31593179,34.19427102,-1.35272495
-10.41480808,33.91308240,-1.43031071
-11.52155549,32.96840830,-2.89776670
-11.28616649,33.48725560,-1.50969818
9.92657649,29.88017936,-0.07973531
9.62068862,30.64928719,-2.02124517
-8.18610928,33.92536662,-2.73308186
-8.24447024,34.36489669,-1.27044319
14.34528577,28.64742514,-0.34249023
14.24139250,29.23225540,-1.89113873
-12.51288682,32.52020022,-2.93341040
-12.22485519,32.95948108,-1.59272892
-0.56581435,33.09282361,-2.30719381
-1.98220161,33.40836877,-2.31937364
-0.97447958,32.87308915,-0.23967636
-2.34999087,33.29533101,-0.39553590
0.46257624,32.39479535,-0.17290432
0.90866093,32.70125469,-2.27477669
8.06086261,30.27645083,-0.03680984
7.86774082,31.04506892,-2.10713985
-7.00081948,34.01221672,-2.67030769
-7.15875359,34.36193050,-1.16627667
15.00258895,28.22923596,-0.36577395
14.94576546,28.76841287,-1.85736443
-13.50286646,31.84085297,-2.94290102
-13.20988731,32.14795104,-1.66130422
-3.33086147,33.75421308,-2.38370047
-3.67226381,33.76013210,-0.62441104
2.01766378,31.94649487,-0.16670731
2.48264891,32.36312449,-2.26488388
3.81112288,31.31642740,-0.11249511
4.18652986,31.89236524,-2.24671958
-4.59460505,33.91427228,-2.48741871
-4.89634842,34.03926005,-0.83817640
5.93760659,30.84401108,-0.09966864
6.03591081,31.54420643,-2.22346606
-5.81933656,34.07036966,-2.61482371
-6.06613505,34.31876327,-1.04796950
15.66969340,27.81175078,-0.39150296
15.65614277,28.31017008,-1.83185394
-14.57202619,31.10148566,-2.93521712
-14.32679275,31.22728358,-1.70846289
-17.42680233,25.79119077,-2.42168901
-17.37751782,25.35536687,-1.23974231
16.90895671,24.15285936,-0.47057972
17.02247536,24.39519064,-1.66662674
15.95067979,27.10326517,-0.39411810
15.98618122,27.55398696,-1.74296136
-15.27183049,30.01227390,-2.82962407
-15.13105900,29.91565194,-1.65311246
-16.98989424,26.85135903,-2.56323106
-16.99887815,26.38726745,-1.38164357
16.67327390,25.01041842,-0.46876648
16.77920952,25.30157582,-1.69590172
16.25918102,26.41816194,-0.42468835
16.33293837,26.81380660,-1.68986384
-15.99039983,28.91055559,-2.72447217
-15.94936481,28.60494561,-1.58103620
16.45657042,25.70136097,-0.43355245
16.54841588,26.04859601,-1.67753364
-16.51392507,27.82823883,-2.63427312
-16.53132810,27.38841175,-1.46704031
5.92404494,13.88780038,-0.28902073
4.58083252,13.97420717,-0.26160016
7.00816073,13.89583661,-0.31920533
-6.90314430,14.48442309,-0.26919559
-5.67279959,14.35285169,-0.18601803
-4.23391126,14.31667762,-0.16438574
3.16401119,14.01568200,-0.21866521
-2.78091616,14.24499120,-0.15742081
-1.29520541,14.25551707,-0.17756024
1.69290703,14.14061464,-0.20578668
-8.13560046,14.62066697,-0.36884538
8.03506406,13.90467143,-0.32507088
-9.33594477,14.89562056,-0.50537997
8.99877315,14.05723080,-0.33624984
0.20110841,14.22573546,-0.20533988
9.94708071,14.24584364,-0.34295216
-10.55417115,15.19074134,-0.63704623
10.87381580,14.59687819,-0.39664826
-11.72631934,15.63268195,-0.79809672
11.83616738,14.99046018,-0.48072513
-12.89635807,16.11114256,-0.97609594
-13.99461264,16.71868691,-1.21533515
12.82685031,15.50007548,-0.62112239
-15.05324283,17.37284567,-1.50016981
13.85525045,16.03785332,-0.79389083
-15.73273497,17.88973326,-1.72049639
14.56123918,16.46020022,-0.94927240
15.27793869,16.88367847,-1.12562655
-16.41476477,18.40589365,-1.93566665
15.92236822,17.44307563,-1.35490338
-16.98639591,19.04766229,-2.15665503
16.57950392,17.99796304,-1.59638658
-17.59162142,19.65384723,-2.36474749
17.10930137,18.94426618,-1.94215266
-18.01539813,20.61556062,-2.62403974
17.66436877,19.87074408,-2.23014229
-18.49462630,21.53363233,-2.86278492
17.78339324,20.81232887,-2.43392530
-18.52002312,22.43850010,-3.02663032
17.90619710,21.73280556,-2.59841131
-18.57398433,23.32036181,-3.18285925
17.68247871,22.70990833,-2.71725633
-18.27098144,24.24136941,-3.30636989
-17.96605656,25.18459789,-3.43285958
17.46194540,23.67201600,-2.80763799
-17.57271375,26.17109519,-3.55352051
17.19279712,24.61212051,-2.86976074
-17.13912713,27.23790212,-3.67826042
16.93484807,25.54960150,-2.93048909
-16.69801916,28.21031840,-3.78029327
16.69519379,26.35534200,-2.98644188
-16.23719415,29.22822539,-3.89611627
16.46755373,27.17696682,-3.06947229
-15.57654641,30.21851396,-4.02615973
16.08262625,27.96501017,-3.17843723
-11.87446137,32.85346258,-4.27529463
-12.90011594,32.45282302,-4.26367766
-13.88810090,31.84121033,-4.22101149
14.19226594,29.77073867,-3.37676212
14.94833549,29.26555007,-3.33804976
13.31008822,30.11331661,-3.40630050
-14.93498943,31.20192384,-4.17253498
15.71371048,28.77323469,-3.30940661
-10.88985536,33.22342832,-4.27150658
12.38691309,30.46540923,-3.44049210
-9.56900407,33.56883597,-4.25944053
10.98896002,30.86944541,-3.51568851
-8.28507612,33.86450005,-4.22340884
9.48711845,31.32462587,-3.61119500
-6.99641789,34.01870504,-4.17428070
7.85828234,31.73888401,-3.71907902
-5.72035454,34.15723229,-4.13578636
6.19535511,32.23676846,-3.84084026
-3.07484188,33.99750900,-3.97142565
-4.41200719,34.07377873,-4.03625026
-1.67065792,33.74563303,-3.95017752
1.29281862,33.21536564,-3.92554619
2.86529933,32.95276896,-3.89837456
4.49457709,32.55009820,-3.87121023
-0.20985444,33.53399126,-3.96531029
7.02966450,13.35607832,-1.51852302
5.91436088,13.29609659,-1.51422054
-6.99180002,13.85876303,-1.53155879
-5.72664466,13.68770713,-1.49025756
4.56286764,13.33758215,-1.52603721
-4.26744325,13.62403452,-1.49527013
-2.79934038,13.52099509,-1.50473549
3.14766651,13.33170085,-1.52444209
-1.30372940,13.52795768,-1.52546532
1.68317415,13.43682722,-1.53537230
-8.26067593,14.02803739,-1.59137154
8.09516525,13.40869862,-1.51753936
0.19517992,13.50625431,-1.54414740
-9.49709933,14.34442505,-1.68897991
9.10197912,13.60732560,-1.53612729
-10.74814200,14.67913559,-1.80675523
10.09529986,13.83375638,-1.56697389
-11.96176035,15.18155594,-1.98450264
11.06675282,14.22325868,-1.65389174
12.06442248,14.65214421,-1.77175771
-13.17723006,15.73397101,-2.19655001
13.07401773,15.20453713,-1.93439770
-14.32284950,16.44364492,-2.46108814
-15.42697679,17.19179324,-2.76135766
14.11942573,15.77667756,-2.12107460
14.81791315,16.22431445,-2.27286494
-16.11767843,17.75912232,-2.98253857
15.53080536,16.67422011,-2.43389243
-16.81911039,18.30547687,-3.20003993
16.16041719,17.27957511,-2.62676813
-17.40060905,18.98091938,-3.41082536
16.81252742,17.87507399,-2.81693484
-18.01833551,19.61015004,-3.60638361
17.32139936,18.87668018,-3.11068020
-18.42249887,20.62109442,-3.85066015
17.87464979,19.83883334,-3.36411517
-18.88526397,21.57885533,-4.07427672
17.97896188,20.82263167,-3.54204120
-18.87422216,22.52789095,-4.19461799
18.08646075,21.78450644,-3.69508668
-18.89358383,23.44956762,-4.30930892
-18.57109545,24.43235185,-4.42148317
17.85986031,22.81559120,-3.84669857
-18.24967325,25.42885047,-4.54055189
17.63494747,23.82658667,-3.97498489
17.35872175,24.80761196,-4.07938471
-17.85057901,26.44777593,-4.66264398
17.09199269,25.77800308,-4.17773492
-17.42607958,27.50833408,-4.79312269
16.84074723,26.63385968,-4.24881753
-16.99566839,28.46872629,-4.89414790
-16.55512184,29.44919771,-5.00866002
16.60421022,27.50357361,-4.33580536
-15.89272412,30.38297732,-5.12149816
16.18776915,28.32803574,-4.41679198
-15.25136261,31.32268913,-5.25512916
15.79353488,29.17418869,-4.51012272
14.99495804,29.70030773,-4.53378192
-14.20385598,31.92571569,-5.31894380
-13.20897159,32.51514180,-5.38089924
14.21078732,30.24130874,-4.56874648
-12.15519610,32.89652903,-5.39509615
13.29960179,30.60053227,-4.58237477
-11.13995992,33.25862096,-5.39194304
12.36412094,30.96760636,-4.60479883
-9.74696224,33.62515418,-5.39143937
10.95427103,31.40964956,-4.68458671
-8.39068122,33.95711280,-5.35989662
9.48093097,31.89497374,-4.78180177
-7.02928928,34.15260777,-5.29678305
7.91078609,32.31212417,-4.87245895
-5.68738241,34.34149423,-5.24355733
6.31914697,32.79759910,-4.97152858
-2.93465710,34.29580131,-5.09911785
-4.32202919,34.31088323,-5.15327134
-1.49057069,34.10281874,-5.08020677
1.52030773,33.67975428,-5.05481940
3.09149026,33.46244949,-5.02932392
4.68396837,33.09213450,-5.00151147
-0.00046786,33.95277380,-5.09153853
-7.08455474,13.26713219,-2.67752602
-5.78624610,13.02741359,-2.68442656
-4.30572607,12.91862886,-2.72757316
5.90562866,12.71316084,-2.64517756
4.54255839,12.70093368,-2.70398355
7.05541677,12.84165222,-2.61640757
-2.81941058,12.77831682,-2.76318776
3.12627932,12.63769486,-2.74776708
1.67069956,12.72364497,-2.78405822
-1.31099668,12.78604758,-2.78956695
8.15931124,12.95236380,-2.60077008
-8.38673120,13.49610475,-2.69479461
0.18981009,12.77763524,-2.80273469
-9.65660168,13.87275066,-2.75663579
9.20632899,13.21781334,-2.62415021
10.23866260,13.50211036,-2.67768806
-10.93861066,14.25984861,-2.85996332
11.25323458,13.95296689,-2.79914806
-12.19313270,14.83858234,-3.04687774
12.28802321,14.43149709,-2.95192490
-13.44806056,15.48240462,-3.29774901
13.32083437,15.03174524,-3.14361034
-14.63336260,16.30228352,-3.63066340
-15.78458967,17.13050585,-3.99046449
14.38274823,15.63522801,-3.34043190
-16.49204347,17.73285302,-4.22742353
15.07013299,16.09973574,-3.48631841
-17.21430405,18.30100890,-4.44283293
15.77361607,16.56257610,-3.62902318
16.37981088,17.18899877,-3.78786013
-17.80328594,19.00636790,-4.62465991
-18.43387035,19.65691639,-4.78434716
17.01770220,17.79996194,-3.94053312
17.48995750,18.82189644,-4.20101001
-18.83078710,20.70040525,-4.98168016
18.01729692,19.79858170,-4.43238647
-19.29041278,21.67016093,-5.16466921
18.10490554,20.81042201,-4.60238462
-19.25899528,22.62919768,-5.25668009
18.19960571,21.81050563,-4.75639308
-19.25229942,23.55867211,-5.34673172
17.98652189,22.89975942,-4.93800922
-18.92084179,24.56663726,-5.45641904
-18.59052800,25.58519107,-5.57767418
17.77612710,23.97235187,-5.09892587
-18.18689245,26.61512682,-5.70186426
17.51051345,25.00971699,-5.22455224
-17.76773963,27.66632934,-5.83934001
17.24979142,26.02733617,-5.33464961
-17.34033196,28.63300099,-5.95078499
16.99644908,26.94709395,-5.40918217
-16.90931858,29.60728870,-6.07303758
16.75631045,27.87164665,-5.49073690
-16.23639489,30.51970127,-6.18472619
16.31116278,28.73535005,-5.55725722
-15.58959777,31.43989028,-6.31645583
15.88922030,29.61178555,-5.63334955
-14.53520654,32.02223428,-6.38619046
15.06094288,30.16081061,-5.65493040
-13.53177723,32.60045045,-6.45819891
14.25347226,30.72132822,-5.68929751
-12.45426498,32.97102357,-6.48602058
13.32088983,31.09224949,-5.70849226
-11.41326170,33.33065550,-6.49680420
12.38071282,31.47013967,-5.73795183
10.96475913,31.92767649,-5.80973962
-9.94422508,33.71751864,-6.49337724
-8.51404823,34.08300770,-6.45230266
9.51431346,32.42049865,-5.89568713
-7.08191457,34.31837843,-6.39087439
7.98306964,32.83851882,-5.98835957
-5.67581752,34.55449261,-6.33602057
6.43612834,33.31454487,-6.08357136
-4.25676429,34.57358459,-6.24370664
4.84154587,33.59465918,-6.10659750
-2.82399207,34.61252415,-6.18757396
3.27256320,33.94224130,-6.12644311
-1.34500955,34.46701622,-6.15910253
1.70227243,34.12552411,-6.13729039
0.16768932,34.36263582,-6.16082916
-5.83781308,12.55249594,-3.74316389
-4.33446310,12.39781980,-3.84658313
5.90454993,12.23645575,-3.68105855
4.53960979,12.19856791,-3.79968212
7.07931956,12.42048059,-3.61397187
-7.16598251,12.86567081,-3.67321465
-2.82452589,12.22819543,-3.92574772
3.12785843,12.10317720,-3.89879933
1.68528665,12.20130775,-3.95013172
-1.29540909,12.24919288,-3.95724103
-8.49656428,13.15948019,-3.63848123
8.21110483,12.57621586,-3.57854472
0.21169573,12.25536624,-3.96598925
-9.79507703,13.59295622,-3.67406741
9.28762951,12.90297800,-3.61289733
10.34797958,13.23861744,-3.69639406
-11.10585477,14.02415154,-3.77797985
11.39437364,13.75241884,-3.85829103
-12.40263129,14.66207845,-3.99273543
-13.70362147,15.36974498,-4.29494658
12.45868146,14.28183098,-4.04638210
-14.93040665,16.26694266,-4.69654768
13.51470156,14.93341513,-4.25337966
14.60111271,15.56076068,-4.44390193
-16.13003605,17.15638926,-5.11362581
15.27909610,16.03105056,-4.58690726
-16.86403527,17.79237513,-5.36788679
-17.62311123,18.38208726,-5.57581429
15.96907681,16.49180989,-4.72507493
-18.23202273,19.11110331,-5.73793617
16.53826925,17.11885109,-4.87926413
-18.88226818,19.77057809,-5.87572394
17.14445699,17.72903909,-5.02499363
17.55280975,18.74946689,-5.28061088
-19.26982333,20.81911902,-6.05647974
18.03874774,19.72582276,-5.50922633
-19.72207664,21.77484969,-6.22517152
18.11416279,20.75019493,-5.69123944
-19.67719929,22.72116342,-6.31742417
18.20757620,21.78380383,-5.86967041
-19.65231255,23.63817910,-6.40970013
-19.31973160,24.65017590,-6.52567619
18.02691283,22.93754106,-6.08848549
17.84984003,24.08896552,-6.28902712
-18.98616136,25.67776490,-6.65912696
-18.58700190,26.71433421,-6.81016422
17.61284895,25.20255428,-6.45549986
-18.17769319,27.75868907,-6.97891524
17.36974289,26.28263686,-6.59414073
-17.75442823,28.74023639,-7.12344961
17.12111329,27.28373944,-6.69014431
-17.33060110,29.71413207,-7.27252932
16.88068348,28.27500924,-6.78615353
-16.63786403,30.60612946,-7.39944087
16.40554227,29.18634918,-6.86330202
-15.97512612,31.50336985,-7.54730719
15.95450534,30.09707661,-6.94881703
-14.90877471,32.06318700,-7.63585489
15.09983639,30.66446105,-6.98615288
-13.89464080,32.62994766,-7.73679963
14.27517417,31.23652801,-7.03643167
-12.78988826,32.99087283,-7.78507140
13.32849546,31.60464588,-7.06298956
-11.72048351,33.35064655,-7.81820471
12.39412259,31.98090263,-7.10060840
-10.16553581,33.76699476,-7.85464074
10.97858292,32.45498868,-7.19902346
-8.65025166,34.17806037,-7.84537693
9.55535042,32.95472706,-7.31037369
-7.13322333,34.46418187,-7.79094909
8.05890870,33.36098410,-7.40761260
-5.65409579,34.75667503,-7.73470977
6.54816489,33.81700652,-7.49873943
-4.17873932,34.83868682,-7.64609751
4.99008185,34.08732947,-7.52105084
-2.70126423,34.94108674,-7.59292541
3.44589832,34.41967294,-7.53983516
-1.18888573,34.84853480,-7.55444141
1.88289995,34.58013594,-7.53681099
0.34211233,34.79002245,-7.55266910
5.89745120,11.77504182,-4.67734875
4.53533892,11.69812556,-4.85187515
-7.24172334,12.54250138,-4.60122236
-5.88701115,12.10678637,-4.74008443
-4.35752933,11.85832252,-4.90943857
7.08820212,12.03126003,-4.57077392
3.13111547,11.52701571,-5.00852012
-2.81656629,11.62594507,-5.04153537
8.23257806,12.23589783,-4.51514409
-8.59451986,12.93303708,-4.51425656
-1.25794027,11.65612292,-5.09061721
1.71305617,11.62575184,-5.08417269
0.25536706,11.67479978,-5.10374736
9.31620449,12.66424161,-4.54872424
-9.91370888,13.43960089,-4.51511590
-11.24635493,13.91536300,-4.60100785
10.37886267,13.10778250,-4.64357167
-12.58225807,14.58883071,-4.82087374
11.43437167,13.75848464,-4.82896874
12.51509394,14.36631575,-5.04197752
-13.92606754,15.32952339,-5.16211946
-15.19929505,16.30048570,-5.69260707
13.59113079,15.02658871,-5.28125889
14.69345876,15.61773569,-5.50607078
-16.47482440,17.25259009,-6.20859973
-17.24562324,17.91151833,-6.46850926
15.34365204,16.06401207,-5.66933694
16.00003758,16.50834707,-5.81760887
-18.04185993,18.52141126,-6.66445303
-18.66384253,19.28584899,-6.82295200
16.51673098,17.11934325,-5.97435514
-19.32554967,19.97125381,-6.95639531
17.08481393,17.71296214,-6.11143944
-19.69714586,21.03742687,-7.13438134
17.43145944,18.68992544,-6.35472616
17.88289318,19.61429978,-6.57721967
-20.13597556,21.96213085,-7.29188356
17.95161310,20.59835412,-6.77039468
-20.07764928,22.85437326,-7.38428309
18.04994030,21.63217695,-6.97569681
-20.03480197,23.71048050,-7.48017851
17.91410324,22.84593812,-7.24331115
-19.70871502,24.67704220,-7.60974609
-19.37801544,25.68193005,-7.76233299
17.79505914,24.11207004,-7.49504973
-18.98227404,26.71341747,-7.93687038
17.60508905,25.34452924,-7.69753060
-18.57759136,27.75461448,-8.13297679
17.38689561,26.51853809,-7.85689338
-18.14768952,28.75347110,-8.30969151
17.14307930,27.62547551,-7.97445124
-17.71975137,29.72213649,-8.48047360
16.90596083,28.70076615,-8.08910219
-16.99680202,30.58370143,-8.61309545
16.40332971,29.66062630,-8.18392876
-16.31285949,31.44986134,-8.76733230
15.93140182,30.59480308,-8.28607973
15.05554063,31.15263534,-8.33896600
-15.23460275,31.98319410,-8.86930073
-14.21365507,32.54002716,-8.99945885
14.22328565,31.70426299,-8.40418279
-13.08569704,32.89623885,-9.07811013
13.27001176,32.03875674,-8.44155005
-11.98967352,33.26382653,-9.14750944
12.34864560,32.38308892,-8.49354033
-10.33848322,33.72070292,-9.22630214
10.93901572,32.82234804,-8.61249044
-8.72698145,34.18349825,-9.24923795
9.54259386,33.28169370,-8.74622971
-7.12320136,34.51390814,-9.21588966
8.07376025,33.64495369,-8.86105541
-5.58295884,34.84530123,-9.16774272
6.58791701,34.05936784,-8.95500590
-4.07750496,34.96219596,-9.07261996
5.05512512,34.30987030,-8.96088089
-2.58793368,35.09588487,-9.01073512
3.53073297,34.62622989,-8.96351661
-1.07115934,35.02976425,-8.96304071
1.98412778,34.78339640,-8.94731075
0.45383968,34.98870738,-8.96243783
-5.92628294,11.73188386,-5.39540770
-4.37306760,11.40460360,-5.63337403
-7.29716410,12.29354696,-5.19487139
7.07302869,11.93199504,-5.21153404
5.87879031,11.55588880,-5.34748435
4.53400261,11.39952050,-5.57321946
-2.79728077,11.13794455,-5.81323867
3.14820003,11.13226265,-5.77452540
1.75944435,11.20867834,-5.85812824
0.31585412,11.23014729,-5.87666353
-1.20555149,11.18634631,-5.86792165
-8.65959893,12.79004329,-5.06784760
8.21650102,12.23665224,-5.14472918
-9.98720596,13.36872019,-5.05010889
9.29483555,12.79269626,-5.18883048
10.35060939,13.33245214,-5.31024751
-11.33109498,13.88000609,-5.12875628
-12.69334461,14.57414344,-5.37411997
11.41134499,14.00552477,-5.54657251
-14.07290018,15.34878925,-5.81903990
12.49480215,14.56235912,-5.82971823
13.55327289,15.15387317,-6.13790565
-15.39115664,16.38046955,-6.51481145
-16.72624544,17.38503255,-7.07064958
14.62211351,15.71455024,-6.38863224
15.23440649,16.14337947,-6.55205531
-17.52331027,18.10544753,-7.34365306
15.86168399,16.56662342,-6.68552893
-18.34631081,18.77752732,-7.54902091
-18.97652384,19.59089759,-7.70468442
16.35366137,17.13204835,-6.81294144
16.90382949,17.67548511,-6.92317668
-19.64767019,20.28132277,-7.81995737
-20.00907019,21.30217832,-7.97288535
17.21326182,18.54863216,-7.14506000
17.62859273,19.38615132,-7.36561879
-20.43825248,22.13846133,-8.10949393
17.68052212,20.31952581,-7.57934620
-20.37158005,22.94268630,-8.19802509
17.78516753,21.36577293,-7.81964071
-20.31791322,23.71461664,-8.29645633
-19.99813426,24.61379906,-8.43269913
17.71015600,22.68763513,-8.13257470
17.66453510,24.12139137,-8.42260027
-19.66492701,25.59151990,-8.60137687
17.52038371,25.49345285,-8.65576433
-19.26516049,26.63123361,-8.80503362
-18.86277929,27.69420586,-9.03636750
17.32000458,26.75465898,-8.83941900
17.07780536,27.94884012,-8.98669165
-18.43853981,28.72269530,-9.24625729
-18.02711487,29.69185023,-9.43025243
16.84470356,29.09470728,-9.13092843
-17.29098406,30.51902391,-9.55346800
16.32208750,30.10198459,-9.25315309
7.11172124,12.10192302,-5.96979518
5.93279255,11.62317290,-6.12886988
4.62420060,11.41972141,-6.34824255
-7.36594388,12.09356288,-5.82742628
-5.97443094,11.48720186,-6.09175001
-4.37810825,11.18470060,-6.34299858
-16.59604626,31.35082473,-9.69990249
-1.10418820,10.97387684,-6.58490439
0.44252481,11.04756458,-6.60681659
1.88581716,11.09793749,-6.58946864
15.84347357,31.07640435,-9.38087999
-2.74692409,10.93431303,-6.51697469
3.25467936,11.08336752,-6.51601691
-8.73196647,12.67350152,-5.64283650
8.23919016,12.50183273,-5.89241768
-15.50165964,31.85043986,-9.80304359
14.94951938,31.61736059,-9.44811418
-10.06141936,13.32443796,-5.61069858
9.31234737,13.11891980,-5.97823590
10.36405685,13.63369696,-6.17015176
-11.41248892,13.87764218,-5.70605405
11.42262975,14.17895875,-6.48446926
-12.80388756,14.60636757,-6.04941699
-14.47660399,32.40527620,-9.96246347
14.11047130,32.13499594,-9.52818451
12.48329903,14.61843899,-6.79608861
-14.22269388,15.41764310,-6.66682627
13.50735694,15.12849274,-7.08262915
-15.56966461,16.50094919,-7.46520931
-13.33029338,32.76941318,-10.08480104
13.14560514,32.40873005,-9.58312153
-12.20981320,33.16588181,-10.20498171
12.23404978,32.69509674,-9.65856044
14.53897001,15.64634659,-7.28142530
-16.96951138,17.62390731,-8.05133261
10.83283890,33.05400628,-9.81786086
-10.45431075,33.69562053,-10.34342266
-17.78873501,18.40436693,-8.29690904
15.12203399,16.03732062,-7.38989438
-8.72300573,34.23834888,-10.40835647
9.46463572,33.42315289,-9.99175079
15.72078708,16.42534415,-7.47722661
-18.62584844,19.09977267,-8.45670820
-7.01973597,34.61010982,-10.39210961
8.01720335,33.69651146,-10.11269051
-19.26670401,19.91272816,-8.58792828
16.17925429,16.93223472,-7.58721797
16.69351838,17.42262666,-7.69182122
-19.95434321,20.56089127,-8.67991124
16.96633819,18.22416252,-7.89224828
-20.30246257,21.47873186,-8.77983658
-5.43554980,34.95079011,-10.35069813
6.54284935,34.04099690,-10.18853285
-3.94069356,35.04896293,-10.26094096
5.02124598,34.27005498,-10.17289516
-2.48582317,35.15930901,-10.19829382
3.51054322,34.58151208,-10.15505808
17.35087023,19.03766338,-8.11601188
-20.71227387,22.21136303,-8.88366053
0.48383581,34.99762314,-10.12423528
1.98792715,34.76363195,-10.11660920
-1.00515792,35.06783024,-10.13394984
17.38383011,19.97263339,-8.38911935
-20.63191366,22.93063592,-8.99084464
17.48950907,21.08436851,-8.69213288
-20.55216466,23.63092059,-9.11595382
17.47811864,22.56141749,-9.03977106
-20.21359924,24.48254073,-9.26675364
17.48821545,24.15481658,-9.35771482
-19.86200636,25.46577119,-9.46567092
17.36057965,25.62888108,-9.61705846
-19.46431047,26.54569562,-9.70543969
17.15191352,26.95627568,-9.82334303
-19.08912510,27.63494239,-9.96331373
-18.68763560,28.67644077,-10.19220836
16.89323516,28.25670552,-10.00689682
-18.29195039,29.62593824,-10.37753507
16.66605569,29.51895906,-10.18987668
-17.54602278,30.41179969,-10.49623271
16.13576237,30.60908776,-10.35302072
-16.85174026,31.22579998,-10.66039380
15.66146595,31.60271783,-10.51407649
14.76081804,32.08308237,-10.59605450
-15.76782509,31.71944798,-10.78239580
-14.77016640,32.31838720,-10.99467704
13.93827566,32.51843419,-10.69064250
-13.62103264,32.71944104,-11.16062086
12.98431642,32.69917841,-10.76289132
-12.47126429,33.16922630,-11.31400821
12.10346889,32.89060192,-10.85749906
-10.55925442,33.79925692,-11.46274389
10.72046233,33.08950528,-11.03181917
-8.64971976,34.45403330,-11.54180608
9.35915765,33.29171094,-11.20966815
-6.81036283,34.86735036,-11.55727463
7.89322053,33.43050554,-11.32688731
-5.18923158,35.18865117,-11.54604281
6.40745801,33.70112329,-11.38917315
4.88483877,33.92553538,-11.34281425
-3.73937925,35.20679697,-11.45198508
-2.37051782,35.22080479,-11.37587066
3.38822325,34.26344345,-11.29900321
0.44682165,34.84458591,-11.27266000
-0.96936327,35.02050786,-11.29517410
1.90290567,34.51671997,-11.25465475
4.54333122,14.92282354,2.11949761
5.89746080,14.71127357,2.05344468
6.92218362,14.68693788,2.00821237
-4.19290570,15.43839636,2.21048775
-5.60238408,15.38656725,2.16584448
-6.74488360,15.51777270,2.07254746
7.87618994,14.67915237,1.99581840
-7.87735756,15.66747672,1.94967864
-9.00952691,15.83962557,1.79926494
8.77438088,14.70259808,2.01467416
-2.76492207,15.45646739,2.24352077
3.10699448,15.09582574,2.19787547
9.64176389,14.76566893,2.05063573
-10.15061668,16.03801318,1.63124787
10.46196888,15.07097019,2.05371130
-11.18938868,16.44065906,1.41755065
-1.31393021,15.41866058,2.25820118
1.63667541,15.23026246,2.24023731
-12.23251989,16.86712722,1.22277747
11.33718363,15.42513913,2.03978202
0.15787249,15.32579466,2.24947813
12.28731575,15.82619689,1.99394450
-13.26343022,17.31132977,1.04653411
-14.27069996,17.76612794,0.86957309
13.31097086,16.26684437,1.90495868
-14.88762960,18.20473672,0.71134258
14.03863866,16.72203111,1.79173613
14.77632290,17.18115695,1.64663484
-15.50467590,18.64764318,0.53510478
-16.13548165,19.09712413,0.34244561
15.51632621,17.64144472,1.46440429
16.25884951,18.10084191,1.24316917
-16.79052011,19.55549426,0.14177890
-17.04828054,20.38363820,-0.07478371
16.64254836,18.97516872,0.89168078
16.99323898,19.83217519,0.55550098
-17.34790468,21.18603547,-0.24814148
-17.69008906,21.97978233,-0.38240070
17.32728944,20.68743377,0.29753442
17.66639289,21.53174322,0.13077856
-18.07757500,22.77767314,-0.49396475
-17.78943988,23.52492406,-0.57053402
17.36205502,22.37181996,0.04421650
-0.97349975,32.55712454,0.56644024
-2.30169275,32.95830480,0.37404623
0.39679446,31.86313991,0.74439161
1.85061608,31.17735506,0.86928087
-3.60744962,33.38598649,0.11231079
-10.36228787,33.82137144,-0.92762919
-11.20232235,33.36847341,-1.01575987
-9.27552884,34.07179254,-0.83713981
11.33227164,29.03983189,0.48027790
12.62014460,28.80984662,0.32888273
13.44059085,28.53417271,0.22755501
-8.20840792,34.20221249,-0.73580686
9.80888953,29.30734720,0.65100892
3.57829095,30.61231923,0.89541992
-4.86938753,33.84151265,-0.18523057
-7.14630765,34.26252123,-0.61659004
7.93963271,29.68252409,0.77677669
-6.07802887,34.29648587,-0.47606735
5.76964245,30.29898834,0.78265514
17.08129179,23.20682282,0.00691602
-17.50940800,24.29835939,-0.65919199
-12.10899594,32.79841999,-1.11049601
14.20411942,28.25785937,0.16066242
14.94473759,27.97937633,0.11394793
-13.12377332,32.10715732,-1.20286227
-14.27732354,31.29923260,-1.27503931
15.68645355,27.69813903,0.07142140
16.81911714,24.04129249,-0.00814328
-17.20408299,25.15380292,-0.77005829
-14.98549097,29.85930177,-1.18368390
15.87123145,26.95119079,0.08373989
-15.69506041,28.41185870,-1.06334946
16.08232175,26.23563404,0.07317953
-16.83346227,26.17413235,-0.91643185
16.57494570,24.88427817,-0.02911204
16.31752654,25.54820226,0.03555595
-16.32080736,27.15750422,-0.96524490
-4.35363735,11.34584097,-6.66952396
-2.65426235,11.25738264,-6.81894529
4.72761812,11.75764792,-6.75835142
3.40047918,11.64425056,-6.88239292
2.00780255,11.41970410,-6.93758830
-0.99981813,11.19578274,-6.90727006
0.53290419,11.17006660,-6.95145192
5.99801513,11.70151075,-6.55954777
-5.99825130,11.47484455,-6.44247152
7.17456504,12.34666864,-6.43498632
-7.38716084,12.14185082,-6.18226575
8.28605924,12.87233735,-6.40170942
-8.73716612,12.81566489,-6.00807155
-10.08386816,13.39133110,-5.96119160
9.35590922,13.30176265,-6.48116341
10.40750526,13.65168294,-6.65369095
-11.45674650,13.86362574,-6.04277512
-12.83655255,14.69650024,-6.50385440
11.43958269,14.17817041,-6.97760087
12.46743884,14.60134177,-7.26429556
-14.22303199,15.59240434,-7.20917583
13.50525958,15.02662834,-7.48187612
-15.60979166,16.60834447,-7.95976511
-17.08302257,17.68050565,-8.49704371
14.55054898,15.49508357,-7.63658390
15.03611764,15.94320695,-7.75181920
-17.78976335,18.60826237,-8.74012267
15.53187591,16.38586290,-7.84703155
-18.51418206,19.41342054,-8.88507445
-19.26764063,20.07648301,-8.97766613
16.05672917,16.82171502,-7.93275709
-20.06258284,20.59665591,-9.04957713
16.63628284,17.24553180,-8.01975011
-20.14289796,21.52147452,-9.13795115
16.69031090,18.05959317,-8.23581091
16.84375751,18.90833322,-8.48658253
-20.27509676,22.24960034,-9.22725442
17.07872215,19.85046787,-8.76862668
-20.42499648,22.90398445,-9.33731059
17.38899906,20.97037328,-9.06724743
-20.57105087,23.56612950,-9.47692604
-20.19627495,24.41033201,-9.62902260
17.36811088,22.48458336,-9.41773962
17.36011118,24.10514311,-9.74137507
-19.81870892,25.39826651,-9.83385924
-19.45805691,26.48577409,-10.08526199
17.25228172,25.60762596,-10.01190603
-19.11923012,27.56434808,-10.34634459
17.06072071,26.95344164,-10.22739596
-18.52369725,28.52247628,-10.54620736
16.60264351,28.21445965,-10.41491142
-17.94562761,29.39417492,-10.70435564
16.19056212,29.42570343,-10.59628179
-17.39940931,30.24705740,-10.86066369
15.84197916,30.56749503,-10.77743889
-16.90132327,31.13869531,-11.06948297
15.54609242,31.59578077,-10.95590810
-15.74015787,31.51275035,-11.16370054
14.55923480,31.94518541,-11.02437017
-14.65361491,31.97642090,-11.34306499
13.65708207,32.25297470,-11.10405433
-13.60351996,32.53048387,-11.56354316
12.83763858,32.54904838,-11.20222376
-12.54184324,33.15952494,-11.76487520
12.08640663,32.84437430,-11.32289624
-10.55074174,33.73281022,-11.89959620
10.65439211,32.92889927,-11.48642495
-8.56886558,34.34062778,-11.98350525
9.24437898,33.03274714,-11.65185741
-6.73748124,34.86204164,-12.02847534
7.82355186,33.22834869,-11.78623315
-5.14917499,35.26274999,-12.04320862
6.37780131,33.56508883,-11.86912266
4.82016451,33.69137930,-11.79256034
-3.68443990,35.13292733,-11.92163636
-2.30689937,34.99898004,-11.81088529
3.31163301,33.94522309,-11.72108490
-0.95323345,34.87220774,-11.74932266
1.85043003,34.30354335,-11.70085468
0.41246512,34.75887833,-11.75086109
