0.49729167,13.36005783,-1.39595453
-0.35715351,13.47096950,-1.33891008
0.51459519,13.19606622,-1.28586384
-0.34267940,13.30763026,-1.23994184
-1.20468501,13.60280442,-1.25990750
-1.19282939,13.44228675,-1.16877841
-2.05817577,13.73771167,-1.14769682
-2.04865056,13.58327488,-1.05837663
-2.92889778,13.87408781,-0.99689461
-2.92223608,13.72814233,-0.90213034
-3.54516473,32.47545084,1.98803723
-2.55329096,32.65011519,1.95273443
-3.54222158,32.43633850,2.11403887
-2.55104039,32.60690834,2.07109373
-1.51641005,32.82564097,1.92687008
-1.51478174,32.78065802,2.03717468
-0.43888947,32.98674599,1.91231767
-0.43730921,32.94284092,2.01574870
0.67100953,33.12437834,1.90052414
0.67319298,33.08365735,1.99943103
-3.69200708,14.10357386,-0.83058660
-3.69121013,13.96227238,-0.72422027
-4.48209106,14.33102402,-0.64765959
-4.48949976,14.19440584,-0.52562563
-5.30634385,14.55664088,-0.46779563
-5.32510620,14.42447377,-0.32919628
-6.15443213,14.77499611,-0.31555662
-6.18642188,14.64914984,-0.16450685
-6.63115510,30.32574727,2.01287750
-5.84742039,30.82989162,2.00886294
-6.65401186,30.33821228,2.18847844
-5.86086066,30.82828052,2.17335249
-5.08630003,31.34614485,2.00560761
-5.09249627,31.33130261,2.15795794
-4.32488463,31.89184924,1.99670319
-4.32548530,31.86390590,2.13622462
-6.92753569,15.23884062,-0.14564633
-6.97595505,15.11915454,0.01946012
-7.68208263,15.68321444,-0.00972551
-7.74352264,15.57165510,0.16026855
-8.39488566,16.09339131,0.10173403
-8.46459673,15.98856211,0.26642105
-9.05806557,16.46323606,0.19418919
-9.13244807,16.36204731,0.34568778
-9.45925893,16.82955742,0.25629369
-9.53718323,16.73180469,0.39963695
-9.86036716,17.17457406,0.31311883
-9.94196644,17.07957794,0.44778651
-10.28007274,17.49485108,0.36855129
-10.36490238,17.40258388,0.49521536
-10.74024567,17.78808380,0.42833581
-10.82722955,17.69869832,0.54813585
-9.35361690,28.32680917,1.93547649
-8.54952280,28.83461667,1.93178783
-9.40779625,28.35305404,2.12280181
-8.59676389,28.85848974,2.12558578
-7.84775738,29.33620783,1.94163608
-7.88686717,29.35562351,2.13402206
-7.21644480,29.83184954,1.96977510
-7.24718810,29.84723408,2.15513457
-10.86724962,18.62013722,0.53231486
-10.96517464,18.53332917,0.65804689
-11.04068429,19.42164525,0.67057990
-11.14264521,19.34261139,0.80220459
-11.27201816,20.19873019,0.85796606
-11.37100437,20.13348798,0.99246158
-11.56930664,20.96910236,1.09731855
-11.66476457,20.92114261,1.23248313
-11.11680170,22.09928102,1.28711272
-11.20337503,22.06794861,1.43901904
-10.70946611,23.21485461,1.48317120
-10.78956731,23.19991929,1.65016184
-10.36074408,24.28658710,1.64156087
-10.43903411,24.28694869,1.82128744
-10.07587183,25.29268555,1.71219731
-10.15810431,25.30461530,1.90548578
-9.83549721,26.06915994,1.82740324
-9.91198976,26.09270291,2.02289315
-9.63379783,26.81782763,1.89135135
-9.70551187,26.84932191,2.08805474
-9.47158817,27.55847741,1.91963750
-9.53689857,27.59143144,2.11467884
0.48741707,13.53518343,-1.49945997
-0.36499495,13.64530242,-1.43275126
-1.21062348,13.77448742,-1.34766126
-2.06237957,13.90387316,-1.23508467
-2.93082796,14.03181375,-1.09108996
-3.54704735,32.52783959,1.86781853
-2.55396572,32.70418896,1.84032802
-1.51596622,32.87949312,1.82240531
-0.43831197,33.03862918,1.81448428
0.67096396,33.17278979,1.80690368
-3.68863084,14.25599196,-0.93727710
-4.47064303,14.47757981,-0.77055809
-5.28349006,14.69707532,-0.60803248
-6.11771312,14.90744827,-0.46925522
-6.60841974,30.34313353,1.83909248
-5.83377740,30.85717698,1.84800527
-5.07991528,31.38250816,1.85812637
-4.32363670,31.93717722,1.86285676
-6.87224331,15.36546746,-0.31433010
-7.61048021,15.80218313,-0.18509698
-8.31243546,16.20520634,-0.07032068
-8.96953964,16.57026998,0.03378122
-9.36597814,16.93340925,0.10266846
-9.76321596,17.27573414,0.16655437
-10.18006838,17.59343011,0.22881747
-10.63952373,17.88330386,0.29493857
-9.29894578,28.33107950,1.74092757
-8.50108295,28.84449245,1.73245557
-7.80765932,29.35062347,1.74664135
-7.18543802,29.84858766,1.78449297
-10.75123843,18.71653605,0.38904296
-10.91958263,19.51209807,0.52071845
-11.15773452,20.27439419,0.70775065
-11.46546635,21.02490719,0.95099283
-11.02025847,22.13972826,1.12228816
-10.61933148,23.23928939,1.30116755
-10.27183446,24.29755758,1.44354747
-9.98021794,25.29777281,1.49605569
-9.74761123,26.06458932,1.61027424
-9.55229031,26.80944365,1.67468443
-9.39980377,27.55345969,1.70915597
1.40042940,13.07914500,-1.31651237
1.38010725,13.24004432,-1.43916831
2.33273243,13.01106331,-1.36355994
2.31047844,13.17069248,-1.49436541
3.33602095,12.98517909,-1.44923193
3.31327634,13.14620243,-1.57984879
4.42927237,12.97052028,-1.57050021
4.40704050,13.13408765,-1.69472919
5.12964340,32.91070782,1.71321301
4.01886150,32.94157399,1.79796632
5.13212746,32.94155521,1.59344404
4.01792323,32.97190110,1.68872953
2.91713290,32.98921721,1.87588744
2.91496236,33.02145424,1.77392895
1.80499929,33.03889767,1.94333596
1.80264246,33.07480215,1.84474720
5.39234130,13.05100874,-1.67934130
5.37012826,13.22130395,-1.79668028
6.38843439,13.09174264,-1.77629476
6.36277044,13.26325856,-1.88904694
7.40078050,13.09668857,-1.84997791
7.36687183,13.25985703,-1.96393433
8.42673647,13.09640193,-1.88865362
8.37941372,13.23877682,-2.01019859
9.45591566,31.40318759,1.32167302
8.22337342,31.79032132,1.45312738
9.43503633,31.37431780,1.15969228
8.21801144,31.78225395,1.29348353
7.10498964,32.15803828,1.54366341
7.10746767,32.16732359,1.39273489
6.09181289,32.52451679,1.62177844
6.09610203,32.54651224,1.48568779
9.22358927,13.37306971,-1.80643325
9.16088340,13.49395508,-1.94058156
10.03705233,13.69909771,-1.69050456
9.95757166,13.78701323,-1.83793033
10.88404428,14.09901548,-1.54910246
10.78782196,14.14925996,-1.70739019
11.78434972,14.58440936,-1.39718921
11.67293090,14.59830594,-1.56197319
12.32223893,15.05406921,-1.27515303
12.20557184,15.04883915,-1.44197265
12.90031305,15.56277334,-1.16218087
12.77929665,15.54114284,-1.32917924
13.52964917,16.11476617,-1.06213260
13.40565582,16.08016556,-1.22755554
14.22764351,16.71752511,-0.97734396
14.10256783,16.67370129,-1.13985969
13.18175977,29.75236564,0.54473825
12.20533964,30.09183509,0.74543588
13.04248221,29.66875063,0.36428945
12.10022129,30.01507248,0.57015917
11.27138715,30.50606105,0.94237561
11.20417166,30.44438037,0.77406459
10.35482598,30.95417922,1.13714471
10.31648684,30.90940855,0.97295110
14.20678556,17.65308085,-0.81522034
14.06846663,17.62612183,-0.97609142
14.34773724,18.75217964,-0.66605730
14.20409674,18.74995709,-0.82467944
14.63823626,20.03106179,-0.52268292
14.49196949,20.05332391,-0.68034512
15.04555571,21.46358136,-0.38341962
14.89316154,21.49885413,-0.54336623
14.78021620,22.81635286,-0.28970357
14.62727999,22.85645836,-0.45282956
14.61508019,24.14932056,-0.17473293
14.45666855,24.16257610,-0.33698245
14.43725367,25.40385772,-0.05769182
14.26859236,25.37829507,-0.21993948
14.17988606,26.54609921,0.02729840
13.99283676,26.47988292,-0.13880393
13.92202251,27.37938944,0.19421271
13.73516624,27.29632555,0.02149969
13.63915050,28.17776327,0.33185923
13.45580928,28.08244433,0.15270525
13.37627239,28.95700840,0.44436257
13.20746158,28.86019463,0.26209529
1.36788553,13.41303328,-1.55414092
2.29685721,13.34309123,-1.61699327
3.29933199,13.32031553,-1.70278750
4.39267311,13.31176695,-1.81177950
5.13961092,32.98195490,1.47985322
4.02045414,33.01109925,1.58524160
2.91544227,33.06187391,1.67744398
1.80262333,33.11859719,1.75143994
5.35500380,13.40654575,-1.90765894
6.34377183,13.45152309,-1.99543871
7.33945837,13.44274317,-2.07069722
8.33814243,13.40525310,-2.12404309
9.42266257,31.35404610,1.00261976
8.22387299,31.78434252,1.13973700
7.12026428,32.18753071,1.24859595
6.10802865,32.57923016,1.35645305
9.10279582,13.64712523,-2.06640476
9.87918097,13.91434347,-1.97751592
10.68931906,14.24021873,-1.86017325
11.55694630,14.64943789,-1.72425300
12.08273927,15.07872489,-1.60827537
12.65088743,15.55260093,-1.49746795
13.27295237,16.07652627,-1.39607424
13.96752543,16.65889932,-1.30697207
12.90133501,29.59148655,0.18772938
11.99305183,29.94393692,0.39935550
11.13712718,30.38891302,0.61050670
10.28257007,30.87183174,0.81387502
13.91763400,17.63386962,-1.14347022
14.04410363,18.78614240,-0.99211754
14.32379305,20.11303284,-0.85011063
14.71279572,21.56328160,-0.71806417
14.44317230,22.90752311,-0.62611868
14.27271471,24.17241906,-0.50312150
14.08077980,25.34386297,-0.38250125
13.79443353,26.40631325,-0.30336040
13.53657958,27.20569987,-0.14945077
13.26239423,27.98225954,-0.02458488
13.03224815,28.76339566,0.08215135
-0.86796997,17.49837055,-10.71720062
-1.68615314,17.32831732,-10.63064583
-0.90576861,17.53097306,-10.50440880
-1.71186857,17.35599227,-10.42014423
-2.46247760,17.14521759,-10.53711563
-2.47458351,17.16738662,-10.32702119
-3.20683917,16.97185095,-10.45269639
-3.20535794,16.98480393,-10.24034938
-3.93219474,16.82204263,-10.36986735
-3.91850087,16.82163969,-10.15183521
-0.04573062,17.72379998,-10.56639320
0.00140396,17.68876124,-10.78360262
0.87366645,17.87431815,-10.62101697
0.92558506,17.84131335,-10.84166529
1.85800395,17.97691124,-10.67809770
1.90631237,17.95511276,-10.89855943
2.89326342,18.03285272,-10.73897731
2.92914290,18.03021017,-10.95755428
0.63693256,36.58068767,-9.16047122
-0.42466910,36.16378918,-9.01276945
0.63086702,36.48772686,-8.88762423
-0.42897712,36.06225087,-8.75312086
-1.56900573,35.79592102,-8.91426131
-1.57409535,35.69783958,-8.67578461
-2.83534174,35.48436499,-8.85066079
-2.84338164,35.40490704,-8.63711503
-4.26843892,35.33493776,-8.84857440
-4.27833734,35.26808437,-8.65716482
1.56222910,36.29646048,-8.93006038
1.57622364,36.41628167,-9.23142369
2.43608433,36.10444642,-8.97690363
2.45988436,36.24167045,-9.29816099
3.29689505,35.90882439,-9.05794488
3.32729304,36.04198767,-9.37799094
4.19495660,35.74273766,-9.20500932
4.23429918,35.86562906,-9.50639572
-4.54198696,16.88220895,-10.28096807
-4.51741063,16.86359670,-10.04853443
-5.14540862,16.99057575,-10.20868925
-5.11228347,16.95069909,-9.96543608
-5.75555752,17.14711377,-10.16180686
-5.71623625,17.08496739,-9.91002854
-6.39733296,17.32081248,-10.13242967
-6.35110346,17.24331292,-9.87490190
3.81189018,18.18361593,-10.75001362
3.83148868,18.20517168,-10.97497661
4.71616289,18.32812199,-10.77170069
4.71743007,18.37307702,-11.00054137
5.58662234,18.49421464,-10.82130304
5.57387771,18.55795916,-11.04656593
6.43264266,18.68593315,-10.88512683
6.41701168,18.76079708,-11.10062564
-5.61798155,34.81176421,-8.81588505
-5.61205280,34.74649396,-8.62454009
-6.94596290,34.42340937,-8.83872699
-6.92156411,34.36210963,-8.64220681
-8.24153448,34.08977492,-8.89677270
-8.20661857,34.03561649,-8.69402983
-9.53797519,33.72864777,-8.99027340
-9.48548844,33.68408338,-8.78527887
5.01761703,34.83996677,-9.21595856
5.04827437,34.97714824,-9.51900985
5.98207320,33.88079333,-9.32939191
6.00320960,34.01663505,-9.62124589
7.12855913,32.87084735,-9.52242938
7.14223236,32.99932353,-9.79022488
8.45303134,31.80880541,-9.79686686
8.48542215,31.93000084,-10.02866635
-7.03752795,17.62549543,-10.10999803
-6.97901851,17.54456024,-9.84709071
-7.70041231,17.95641218,-10.11692130
-7.63029975,17.88298514,-9.86188830
-8.40196347,18.28795641,-10.12822011
-8.32610379,18.22709246,-9.89702405
-9.12444207,18.62048736,-10.11615124
-9.04824362,18.57025370,-9.91032312
7.21522916,19.01181133,-10.92084203
7.20755786,19.09037157,-11.12898749
7.97188620,19.40294269,-10.96316296
7.98143222,19.48322007,-11.16233148
8.75549038,19.85485490,-11.01210497
8.78809359,19.93866268,-11.20029704
9.59947255,20.36453269,-11.05602733
9.65675179,20.45442043,-11.23695625
-11.77522609,31.65676541,-9.28487055
-11.14664697,32.17881297,-9.18427803
-11.72707473,31.57310903,-9.08568642
-11.09141562,32.10169689,-8.97626450
-10.59428604,32.69364008,-9.10318199
-10.53019110,32.62316052,-8.89126547
-10.06531735,33.20724460,-9.03816257
-10.00158035,33.15160096,-8.82682675
11.67395762,29.03931747,-10.76693673
10.75114059,29.44663590,-10.46358735
11.69711404,29.20733095,-10.92844430
10.78089347,29.60430898,-10.64188923
9.94809607,30.04702730,-10.20176143
9.98047346,30.19259763,-10.40018029
9.19715844,30.84907655,-9.97870914
9.22990020,30.97682561,-10.19682735
-9.44966524,18.98854982,-10.10466008
-9.37428140,18.94334540,-9.91432173
-9.80880208,19.35102074,-10.09238873
-9.73739442,19.30695973,-9.91538502
-10.17352568,19.72079355,-10.08728120
-10.10576590,19.67515839,-9.92324186
-10.60744950,20.09907659,-10.08745065
-10.53548316,20.04990948,-9.93275424
9.99339742,20.80502270,-11.06218894
10.06104793,20.90097167,-11.24485249
10.45759005,21.25918391,-11.08701929
10.53410062,21.36105688,-11.27292926
10.96229172,21.72716903,-11.13830173
11.04844153,21.83421613,-11.32874269
11.59360242,22.22575639,-11.22788840
11.70054091,22.33652680,-11.42695511
-10.61536108,20.87122560,-10.05793990
-10.51341399,20.83097043,-9.90433531
-10.69246565,21.64705247,-10.04292830
-10.56493662,21.61124648,-9.88880485
-10.78313750,22.46144126,-10.04312611
-10.63559489,22.42362685,-9.88948517
-10.94778106,23.30048847,-10.03690609
-10.78067526,23.25629689,-9.88459690
11.59999852,22.88221842,-11.18412655
11.73778898,22.98804968,-11.40566231
11.73193606,23.50558278,-11.19481333
11.89238258,23.60165995,-11.43827810
11.88731223,24.08846670,-11.24727603
12.06092337,24.17208754,-11.50243212
12.13570677,24.64356331,-11.32597799
12.31925559,24.72023521,-11.58286472
-10.86278261,24.29300722,-10.00273874
-10.68260441,24.23424670,-9.84695563
-10.83826225,25.36243017,-9.94778310
-10.65076818,25.27969778,-9.79093800
-10.92478755,26.36763721,-9.87274193
-10.73545634,26.27474381,-9.71712918
-11.10203649,27.48035025,-9.74060837
-10.91999688,27.35235163,-9.58533734
12.02842676,25.12067880,-11.30331895
12.20856623,25.20146812,-11.56292626
11.98760518,25.60785728,-11.28418223
12.15881312,25.70189174,-11.54187003
12.03497002,26.08008918,-11.28443346
12.19686846,26.18666982,-11.53278366
12.11884739,26.60418225,-11.26400669
12.26039500,26.74031297,-11.49248606
-11.14300355,28.49991010,-9.58120174
-10.97651400,28.36888436,-9.41240287
-11.27982556,29.51576220,-9.43345140
-11.14512064,29.39905867,-9.24154298
-11.49821636,30.54860361,-9.33456043
-11.40603586,30.44281906,-9.12910986
11.98225028,27.07782829,-11.15683556
12.09823964,27.22429975,-11.37039425
11.87563960,27.61449669,-11.04495951
11.96148705,27.76448015,-11.24287276
11.78106652,28.24377508,-10.92440878
11.83377460,28.40206975,-11.10398060
4.20074954,35.66533818,-8.89900872
5.04691054,34.77666847,-8.90550350
6.02771725,33.84280403,-9.02910911
7.16945691,32.84195968,-9.24915054
8.47211012,31.78127996,-9.54176886
2.85796250,18.03607828,-10.49764787
3.79273605,18.16485430,-10.49507922
4.71927292,18.28949263,-10.50628248
5.61326571,18.43644288,-10.54605617
6.46077999,18.62312407,-10.62151402
11.68129960,28.92537474,-10.60212226
10.76666718,29.35691739,-10.27184980
9.95770004,29.99467546,-9.98094850
9.20769101,30.82153792,-9.73789828
9.55258336,20.28740074,-10.87656374
9.94703175,20.71180251,-10.87839490
10.38327370,21.15680211,-10.90097198
10.87860441,21.62254442,-10.95093213
11.45386699,22.10826859,-11.03738674
11.46867260,22.77417429,-10.97493604
11.55950815,23.40205455,-10.95728778
11.72870149,23.99716575,-10.98829267
11.97869638,24.56467455,-11.06709880
-10.42724454,20.01378744,-9.77016555
-10.40139561,20.80688498,-9.74501678
-10.41701376,21.60212027,-9.73182297
-10.48384337,22.40799681,-9.72770001
-10.61855360,23.23273345,-9.72992589
11.87952995,25.05052887,-11.03308153
11.85952814,25.52455557,-11.02104804
11.91067533,26.00053486,-11.02500485
12.02199751,26.49250952,-11.03544542
-10.50640729,24.20522636,-9.68399463
-10.47706573,25.19769818,-9.63196117
-10.55447142,26.20279305,-9.55691696
-10.75600435,27.21029232,-9.43818415
11.91635022,26.97089447,-10.94504308
11.84297673,27.50939100,-10.84980129
11.77290324,28.14111076,-10.73847079
-10.83552228,28.24752939,-9.25178184
-11.03272196,29.28604505,-9.05354823
-11.32670022,30.35546618,-8.91124588
-11.67874311,31.49456489,-8.88670863
0.63353178,36.42758909,-8.60007894
1.56873601,36.20886003,-8.59944515
2.44530319,36.00575249,-8.64179840
3.30866311,35.82278216,-8.73884234
-0.94460854,17.57552906,-10.28274174
-0.09560293,17.76752799,-10.33872524
0.81805609,17.91325966,-10.38614801
1.80595554,18.00126625,-10.43652824
-1.73667093,17.39874901,-10.20147038
-2.48370673,17.20791832,-10.11076265
-3.20020317,17.01717717,-10.01582291
-3.90111512,16.84126967,-9.92440828
-0.42720447,36.00106637,-8.47929994
-1.57630485,35.63777430,-8.42462621
-2.84996728,35.36411543,-8.42200126
-4.28656842,35.23855123,-8.46555934
-5.59190610,34.71628855,-8.42959547
-6.87942546,34.33193709,-8.43886500
-8.14537200,34.00111500,-8.48819648
-9.41289597,33.65194333,-8.57136382
-4.48659790,16.86807582,-9.81065964
-5.07285488,16.93394817,-9.71263271
-5.67274512,17.04067144,-9.63693954
-6.29597296,17.18545841,-9.59108394
7.22942241,18.94802420,-10.67471391
7.97967852,19.33141821,-10.73839324
8.74002900,19.77822733,-10.80397890
-6.90638905,17.48288234,-9.56085654
-7.55103042,17.81321040,-9.56618401
-8.23340655,18.16528646,-9.60578410
-8.95621423,18.52599844,-9.67208775
-9.28903211,18.89316386,-9.68029698
-9.64178804,19.26474903,-9.70066847
-10.01960192,19.63890428,-9.73184012
-11.03250193,32.02894367,-8.76239728
-10.45111458,32.56822027,-8.67057045
-9.91686835,33.10946274,-8.60858922
1.91198977,34.87617526,0.88541489
0.67649950,34.92671731,0.92061760
1.84521482,34.02263086,1.25865517
0.65547060,34.04857223,1.30181812
-0.51437822,33.99187703,1.29641698
-0.53348263,34.84139469,0.92158894
-1.65904987,33.91358204,1.28479172
-1.71866250,34.75317066,0.92172967
3.14877768,34.84402315,0.81356157
3.03395405,34.00764307,1.17718675
4.38229871,34.65613751,0.65759976
4.20429715,33.81915769,1.02822560
-2.69429465,33.61817664,1.24562947
-2.78908443,34.48220927,0.87070284
5.63845370,34.51424014,0.49219280
5.38475316,33.67368296,0.85968310
-3.67668443,33.32484098,1.21795050
-3.80962633,34.22434007,0.83340323
6.80194386,34.06067914,0.31020011
6.47519078,33.26849565,0.67176793
-4.48511309,32.76390780,1.14936880
-4.65517051,33.66178478,0.74420706
-5.26596276,32.22822563,1.08161525
-5.47731298,33.12016641,0.65623776
7.96604509,33.58340891,0.14034799
7.59314317,32.84921850,0.50475876
9.04525036,32.96789748,-0.05332843
8.68300126,32.30782618,0.33905845
-6.00093885,31.65782811,0.98971216
-6.25029035,32.53557209,0.53293955
-6.75643503,31.09854306,0.89839159
-7.05024471,31.96097360,0.40337830
10.04411622,32.31023929,-0.29372045
9.75759150,31.71479536,0.15391256
-7.35994122,30.63513007,0.81468205
-7.67982003,31.49365397,0.28089147
10.69428217,31.78317104,-0.55215048
10.51257643,31.20464775,-0.04356691
11.31970245,31.30946847,-0.86989634
11.23084589,30.73107881,-0.27829639
-8.01754924,30.15011198,0.75227908
-8.36616541,30.99938165,0.17094343
11.78156976,30.65817180,-1.25306384
11.73240046,30.09656965,-0.56779169
-8.55928393,29.50836715,0.62404116
-8.91872904,30.32158362,-0.02584419
-9.18180691,28.84786458,0.53671558
-9.55115231,29.61513412,-0.18458681
12.47744775,30.11162031,-1.59569492
12.38262237,29.58409775,-0.84569424
12.66533347,29.15622577,-1.81232828
12.51694789,28.69417227,-1.03864097
-9.24474854,28.06208704,0.31138569
-9.59971207,28.71503465,-0.47915974
-9.37040909,27.28817075,0.12652665
-9.72328025,27.82574570,-0.71425014
12.99131719,28.26763770,-1.95532600
12.79759086,27.88409399,-1.18875074
13.16058862,27.32647422,-2.06014954
12.97096363,27.02380016,-1.26650321
-9.38386266,26.50222370,-0.02671410
-9.74437965,26.95723813,-0.95427455
-9.47417732,25.71527030,-0.15994358
-9.85376614,26.09737591,-1.14025694
13.36595045,26.44391746,-2.16264958
13.18022435,26.21916577,-1.35818534
-9.59599865,24.73324026,-0.23461466
-9.94877335,25.05143327,-1.22918679
13.46260039,25.39772385,-2.24662601
13.31656405,25.23169865,-1.43796179
-9.81760947,23.74398207,-0.33527020
-10.13300505,24.02683370,-1.30592460
13.54242279,24.41583587,-2.40583849
13.39944603,24.25866907,-1.59109833
-10.07247870,22.73574617,-0.44074383
-10.33522087,23.01612044,-1.39386737
13.57506995,23.42770942,-2.61729044
13.41647758,23.23707547,-1.76878544
13.66775046,22.43629801,-2.85595443
13.48131689,22.17539259,-1.95903034
-10.39296385,21.71262398,-0.53231384
-10.57929808,22.01340727,-1.48277111
13.45326847,21.38814628,-3.07980645
13.25516118,21.04381052,-2.14868537
-10.29955328,20.94044580,-0.74010186
-10.48129186,21.21581929,-1.65126648
-1.74442921,35.56785003,0.61934276
-0.52684367,35.65100467,0.60735790
3.27014885,35.68123720,0.49357232
1.99126329,35.70462199,0.55587932
4.55043226,35.48000663,0.35679105
-2.84261177,35.29522624,0.56825223
0.71714409,35.75039592,0.59641505
5.85584775,35.31548019,0.21734812
-3.89314648,35.04036268,0.52440303
13.40622626,20.32595121,-3.28845749
13.22358619,19.88538376,-2.32672891
-10.26916570,20.13473908,-0.88375882
-10.40562531,20.38825350,-1.78792522
7.07644878,34.82954884,0.04948236
-4.78642028,34.48973201,0.41653341
8.27473240,34.30535775,-0.12439266
-5.66121985,33.95574136,0.30492311
9.33795752,33.61841704,-0.35301112
-6.47977173,33.35001970,0.14613054
-9.87316084,19.47526732,-1.00992494
-9.94460764,19.67072956,-1.89870883
12.96475832,19.20269831,-3.42202510
12.84206217,18.69986635,-2.44204605
-7.32314226,32.74201586,-0.03219881
10.26884294,32.89115389,-0.66941365
-9.63276032,18.70729729,-1.05632031
-9.62439203,18.85759825,-1.95453655
12.73961909,18.11253298,-3.54428024
12.67739281,17.57472510,-2.55019753
10.83381439,32.30977391,-1.01274573
-7.96792397,32.24163674,-0.19805667
-9.27161308,18.32472232,-1.10122777
-9.23053707,18.42373628,-1.98449150
12.28176060,17.47459186,-3.59087501
12.21845418,16.96262516,-2.60470412
11.40959501,31.76093648,-1.42135990
-8.67209768,31.71321852,-0.35164996
-8.96777955,17.90418373,-1.13601182
-8.90386280,17.96261426,-2.00635672
11.90567813,16.87568497,-3.63771032
11.83169822,16.40026545,-2.66651735
-9.22816243,30.96728176,-0.59589436
11.89532683,31.02212859,-1.85394825
-8.60414627,17.60421743,-1.17954841
-8.53514542,17.62665155,-2.03101869
11.43226114,16.45096767,-3.66023296
11.33909818,16.00933691,-2.70979312
-8.25396247,17.28458180,-1.22380587
-8.18754540,17.28136164,-2.05698840
10.99748697,16.06509978,-3.67949120
10.88998805,15.65572705,-2.75419390
3.25616478,14.72757362,-2.98242819
4.31144199,14.78984448,-3.07434404
3.29032361,14.31468133,-2.36908829
4.36003988,14.36400394,-2.45805524
5.28747487,14.84299943,-3.16347093
5.33792683,14.42130444,-2.55325332
-2.88249788,14.96602685,-1.69214842
-3.62598990,15.09974353,-1.63589549
-2.95822478,15.24780799,-2.35862590
-3.70879699,15.32354652,-2.31378238
-2.03082716,14.83858780,-1.78598619
-2.09651787,15.16021620,-2.42833961
-7.72458990,16.85115939,-1.29637166
-7.66768822,16.82929829,-2.09137537
10.36405748,15.61558322,-3.67995329
10.26258425,15.24762028,-2.81134490
-1.18691918,14.69874968,-1.88232656
-1.23710711,15.04985617,-2.50915398
2.27901554,14.69553732,-2.88585610
2.30154051,14.29092806,-2.27403112
1.36095045,14.72364885,-2.78869728
1.38052931,14.31886817,-2.17748962
-0.34477245,14.54567359,-1.98289825
-0.37935069,14.92480195,-2.60028310
0.48142056,14.79908661,-2.69745240
0.50563282,14.40412321,-2.08414405
-4.37945083,15.21776497,-1.58223490
-4.45807184,15.38427275,-2.27394264
6.30475254,14.82673593,-3.26480994
6.34342932,14.41379607,-2.64795518
-7.16340070,16.39785455,-1.36088191
-7.12994310,16.38204242,-2.12643269
9.73822599,15.22239731,-3.66539543
9.65622159,14.88119803,-2.85554544
12.67004823,30.43017731,-2.19261898
-9.87093752,30.20621488,-0.79468223
7.27206260,14.87046402,-3.38544216
7.28930954,14.47174180,-2.73081184
-5.12082520,15.44267071,-1.52393950
-5.18349593,15.54470163,-2.24286089
8.99777861,15.01630102,-3.60832922
8.94666063,14.66698858,-2.84896036
-6.52374790,16.03390017,-1.41746636
-6.52322747,16.03971494,-2.16976724
8.22454975,14.82798546,-3.53446782
8.21027749,14.46188586,-2.82411242
-5.86471475,15.64982000,-1.47692914
-5.90018809,15.69522081,-2.21946818
12.93869681,29.46309339,-2.41237920
-9.92432109,29.21685278,-1.13898374
-10.06293184,28.26875081,-1.42160561
13.32479208,28.56772219,-2.56036996
13.48694262,27.59828253,-2.67108741
-10.07061032,27.35029469,-1.69661674
-10.17171050,26.44962317,-1.90083505
13.65728348,26.67942253,-2.78550989
-10.30523841,25.38443760,-2.00769018
13.71728381,25.62732411,-2.90304148
-10.52001556,24.32794603,-2.06938454
13.76217873,24.64393001,-3.09574358
13.77213189,23.67300537,-3.34834857
-10.72989371,23.28355507,-2.13100941
-10.96644143,22.24883131,-2.19572124
13.86602907,22.71618372,-3.62581149
-10.81276982,21.41511046,-2.34112114
13.67430287,21.71827960,-3.86546355
13.65476477,20.70922386,-4.07987723
-10.68959627,20.54770620,-2.46924631
-1.64754535,36.49647402,-0.00105174
-0.41743001,36.58823806,-0.00357604
4.76273577,36.47500976,-0.21338025
3.45155493,36.67491711,-0.10482765
-2.76275221,36.20290568,-0.08317096
2.14229338,36.67663125,-0.06007176
0.84450758,36.70642244,-0.01703517
6.09151956,36.28777891,-0.33159394
-3.83833624,35.92938521,-0.16736259
-10.15984040,19.76707251,-2.57833325
13.23116020,19.61367896,-4.22111140
-4.79322632,35.37325694,-0.29821808
7.33370683,35.75306614,-0.48919746
8.51879561,35.13656339,-0.69151782
-5.73305629,34.82226352,-0.43777051
9.51850622,34.30921870,-1.00270867
-6.61273823,34.16448694,-0.63149132
13.00740467,18.53319042,-4.35008621
-9.80442494,18.86684129,-2.63706554
-7.51770823,33.48557124,-0.84618236
10.35993849,33.40918649,-1.44703521
12.53912241,17.87203539,-4.40887478
-9.38254359,18.35967689,-2.66438691
-8.18687557,32.93438945,-1.03206147
10.87408487,32.69505635,-1.86212402
-9.04658270,17.82275307,-2.68059298
12.14835110,17.24596269,-4.46407484
-8.91975725,32.36762040,-1.20408889
11.46897131,32.04452694,-2.27609229
-8.66881874,17.43014129,-2.69058216
11.65234556,16.78892589,-4.48603054
11.19305845,16.37339237,-4.50097894
-8.32075124,17.03845135,-2.70261094
12.00242109,31.23125743,-2.67297627
-9.49304344,31.56833877,-1.43532573
-7.80064461,16.54079916,-2.72331086
10.50854569,15.88833052,-4.49192672
-7.27734721,16.06562481,-2.75303885
9.83042876,15.46717741,-4.46215445
3.15639420,14.78415684,-3.57329581
4.20404332,14.87007927,-3.67569384
-2.26110887,15.03314719,-3.10885800
-3.14414240,15.06158337,-3.03081787
-3.91124627,15.09218336,-2.97298101
5.18349808,14.95780055,-3.78821880
2.18531678,14.73184813,-3.48546053
-1.37797213,14.97413306,-3.19054753
6.21736249,14.97594614,-3.92685814
-4.66811502,15.11277167,-2.92283496
9.03437005,15.23762296,-4.37252532
-6.68822072,15.71678050,-2.78806899
-0.49849737,14.89697132,-3.26882033
1.26572343,14.74828342,-3.40893325
7.21419539,15.04739968,-4.08078867
-5.38546673,15.24301144,-2.87303922
0.37758411,14.80308136,-3.34413804
8.20765694,15.02889599,-4.26230533
-6.08443659,15.37852063,-2.83786813
12.83697195,30.61712191,-2.98464862
-10.14535446,30.77297014,-1.63196987
-10.17699642,29.72145579,-1.94218825
13.17744836,29.64282617,-3.20907936
-10.27607896,28.72321228,-2.22359474
13.61728421,28.76046861,-3.37378594
13.75823978,27.79003130,-3.50623024
-10.20346003,27.74842988,-2.51162991
-10.24731215,26.79063481,-2.73813408
13.85923005,26.86172139,-3.65954191
-10.37333654,25.71025956,-2.88550724
13.84492267,25.84425193,-3.83672545
13.81388259,24.88211069,-4.08740781
-10.60688896,24.63454496,-2.97122668
13.77715044,23.93655070,-4.38178017
-10.83879831,23.56709739,-3.03615895
13.86985580,23.02074263,-4.67856975
-11.09013188,22.51110283,-3.09906194
-10.92550487,21.63978561,-3.24318460
13.72629400,22.09382880,-4.92059750
-10.79097578,20.73984305,-3.38379501
13.74941286,21.17370206,-5.12787849
-10.24475519,19.91042740,-3.50725910
13.35761471,20.14315703,-5.25642294
13.14231215,19.12082708,-5.37106169
-9.87734815,18.95415573,-3.59380973
12.66726514,18.45323004,-5.43368156
-9.42826016,18.39245549,-3.64456443
12.26437645,17.81827899,-5.49416760
-9.07997177,17.79288288,-3.68356221
11.75057273,17.32769764,-5.51511562
-8.69562289,17.34661843,-3.69354085
11.27180058,16.88186725,-5.53011902
-8.35990366,16.90347237,-3.70233115
10.53421899,16.35723261,-5.53074193
-7.86530892,16.34572755,-3.72359653
9.80128536,15.90683640,-5.51111642
-7.38821574,15.82386592,-3.76052500
-6.84562843,15.45228004,-3.80587822
8.95211864,15.64012027,-5.43387065
-2.51369559,14.96559286,-4.21009297
-3.40600861,14.92053026,-4.12830033
2.95523012,14.92278750,-4.59473059
3.99429294,15.03588364,-4.71302248
-4.17852687,14.90085697,-4.05459083
4.97613755,15.16682444,-4.84261128
-4.93059433,14.87802428,-3.99006407
6.02212793,15.23425397,-5.00010788
1.98905205,14.84470322,-4.51066314
-1.61674768,14.96880978,-4.28926503
7.04386429,15.35588522,-5.15824687
-5.62496224,14.98106784,-3.92180319
8.06975321,15.40010330,-5.33512951
-6.28586854,15.10950347,-3.87625954
-0.72095801,14.94999455,-4.34819030
1.06610518,14.85250584,-4.44579994
0.16921873,14.89117725,-4.40024252
4.93329755,37.05272679,-1.26997590
3.64504457,37.23946493,-1.16816312
-2.55285756,36.71604415,-1.12798932
-1.41220853,37.01590652,-1.06131455
-0.18505639,37.11278572,-1.06153351
2.34905677,37.22300929,-1.11999164
1.06785061,37.24421311,-1.07798114
-3.66887411,36.43879576,-1.20528428
6.22100636,36.85900989,-1.39229451
-4.69594601,35.89196392,-1.30869563
7.39806776,36.28111239,-1.55151181
8.50245352,35.56563478,-1.75879159
-5.71530405,35.34246770,-1.43066978
9.45441877,34.59833519,-2.03762487
-6.67960313,34.66538542,-1.59458407
-7.67388770,33.95961047,-1.78558567
10.32025589,33.57338195,-2.40283852
-8.38516769,33.39793028,-1.95049056
10.85770996,32.79547242,-2.73857904
-9.15696900,32.82330129,-2.11247687
11.47552694,32.09812315,-3.09665986
-9.74759196,32.01292997,-2.30391780
12.03742963,31.24780294,-3.47162092
-10.40311963,31.20552743,-2.48248493
12.92873001,30.63719873,-3.78584518
13.32434279,29.66068745,-4.02910219
-10.40048773,30.10429419,-2.70748374
-10.45845354,29.04716963,-2.93728272
13.79287179,28.78881173,-4.22634571
13.89334462,27.81845066,-4.39907486
-10.32442788,28.00153257,-3.19015906
13.93046918,26.89287603,-4.60076888
-10.32575741,26.97777541,-3.41287227
-10.42377583,25.87684069,-3.57995085
13.87547170,25.92357667,-4.81959003
13.83908455,25.00558948,-5.09040494
-10.62617741,24.78570706,-3.70623393
-10.81871993,23.70800266,-3.82088239
13.82746709,24.10778316,-5.38348104
-11.01739870,22.64884480,-3.93859392
13.95011755,23.25081794,-5.66871135
-10.85458516,21.76262439,-4.12010864
13.84390459,22.40277475,-5.90466995
-10.71501766,20.85648060,-4.30813497
13.86657277,21.57961792,-6.12164304
-10.19479087,20.00990149,-4.46179026
13.46431797,20.62402024,-6.24206472
13.21584655,19.68232137,-6.35228707
-9.84294124,19.03765389,-4.58598402
-9.40409444,18.45223737,-4.65137177
12.72157302,19.01917717,-6.39812938
12.29649681,18.38719044,-6.44702066
-9.06353535,17.83018919,-4.71103345
11.76535676,17.87200836,-6.46291883
-8.68297287,17.36919851,-4.73790887
-8.35599719,16.91588571,-4.76730106
11.26874243,17.40163514,-6.47925587
-7.87142082,16.35494460,-4.81321652
10.48419071,16.82596726,-6.48600145
-7.42033404,15.83950329,-4.87697532
9.70578506,16.33348707,-6.47855309
-6.91183062,15.48254155,-4.93145176
8.82175113,16.00301652,-6.41003643
7.90341550,15.70717256,-6.31802750
-6.39033283,15.15775158,-5.00733881
3.77170830,15.09998138,-5.76174852
4.76857399,15.25648967,-5.87312975
-3.64642800,14.98933031,-5.23845804
-4.39733524,14.96934634,-5.17760262
2.72164873,14.99726543,-5.65977175
-2.77561841,15.04581283,-5.30244148
5.82777060,15.38149361,-6.01933152
-5.12023195,14.94262796,-5.12686786
6.86534624,15.57059969,-6.15862576
-5.77466006,15.03798481,-5.05790931
1.74424320,14.93405636,-5.58931540
-1.89015534,15.05734824,-5.37160299
-0.99558849,15.06079909,-5.42423328
0.80818025,14.96623098,-5.52532070
-0.09975356,15.01226973,-5.47844489
3.80707147,37.70835936,-2.20874198
2.51352157,37.67877011,-2.15263481
-1.29562737,37.42951778,-2.13917753
-0.03776105,37.53499587,-2.11537508
-2.48896174,37.12481843,-2.21324613
5.09078183,37.52463601,-2.30823138
1.23042634,37.68993927,-2.11983284
-3.66951492,36.84494708,-2.31522640
6.37654909,37.32718829,-2.43227924
-4.76732933,36.29717958,-2.41547041
7.54343051,36.70968843,-2.57949569
-5.86220459,35.73974213,-2.54157063
8.60587588,35.89292808,-2.77299124
9.49500951,34.76030074,-3.02512572
-6.89888349,35.03759925,-2.69716816
-7.97278541,34.29650093,-2.87578440
10.32248574,33.57957742,-3.35822939
-8.71657087,33.71704192,-3.02314256
10.85270404,32.74242878,-3.67162123
-9.51861316,33.12584219,-3.17279583
11.50436772,32.02955983,-4.02069985
12.13643969,31.19253305,-4.38013842
-10.10504890,32.29829417,-3.31565869
13.10813626,30.61140951,-4.70583136
-10.74368782,31.47465823,-3.46449004
-10.69172080,30.34006811,-3.60348621
13.57344703,29.65057006,-4.96523210
-10.68859820,29.24010794,-3.77320385
14.07989252,28.79158436,-5.20043057
14.14758031,27.82558384,-5.39832780
-10.47260067,28.13652150,-3.96415910
-10.41540816,27.05989635,-4.16333540
14.15668351,26.91186081,-5.62248965
14.10404265,25.99940914,-5.84638832
-10.47883037,25.95410196,-4.33015656
14.08429597,25.13585900,-6.10515572
-10.64455059,24.86525826,-4.48712015
14.07644538,24.29494450,-6.37962989
-10.79860465,23.79728361,-4.65072023
14.16624200,23.50069407,-6.66289328
-10.95079644,22.75575257,-4.82982121
14.03670354,22.73134501,-6.90628766
-10.82098460,21.87750774,-5.05168872
14.00134063,21.98770180,-7.15237230
-10.71275349,20.98667114,-5.28820443
13.55974687,21.11311261,-7.26264475
-10.25861685,20.14358833,-5.47181297
-9.94056395,19.18138534,-5.64545112
13.24760366,20.25230557,-7.37888910
-9.51805207,18.59456884,-5.74011976
12.72177192,19.62442843,-7.40480200
-9.18718818,17.97065807,-5.83021569
12.26217628,19.01995063,-7.44230906
11.71113365,18.49912669,-7.43677888
-8.80662104,17.50609864,-5.86786674
11.19562233,18.01368025,-7.44106031
-8.48265454,17.04720163,-5.90511141
10.36900538,17.38289388,-7.43716276
-7.99564790,16.47527972,-5.94932218
9.55314599,16.83364005,-7.43277763
-7.55535948,15.94885133,-6.00830818
-7.06428525,15.58489760,-6.05511160
8.64590889,16.42696685,-7.37986952
-6.56472957,15.25756163,-6.12174870
7.70150488,16.06445217,-7.31142222
-3.94516539,15.05061125,-6.32405822
-4.66956839,15.03844869,-6.26692040
3.49470931,15.18284330,-6.91167967
4.52301625,15.38027554,-6.98414073
-3.10692330,15.11702169,-6.39243879
2.41000983,15.07665452,-6.84158574
-5.98301004,15.12551779,-6.16458545
6.65843652,15.83254860,-7.19024851
5.60434551,15.57342658,-7.09362722
-5.36302082,15.02133697,-6.22704318
-2.24752116,15.14017709,-6.47838820
1.40151833,15.02441896,-6.78661307
-1.36525217,15.16938479,-6.54391955
0.44500387,15.07969523,-6.69919041
-0.47127289,15.13392024,-6.62175335
-0.14321249,37.90713841,-3.27201509
1.16608465,38.08191758,-3.26340610
2.48500251,38.06295843,-3.30026101
-1.45575026,37.78607915,-3.33701415
3.80514661,38.08985368,-3.38970194
-2.70000805,37.44092077,-3.44600684
5.11947517,37.88390905,-3.52237285
6.44402420,37.66218283,-3.69586303
-3.93728126,37.11640848,-3.59814769
7.66416650,36.99177390,-3.85310063
-5.08766462,36.53593807,-3.72457080
-6.24079899,35.94799545,-3.86415476
8.73894937,36.06614064,-4.02752845
9.58594949,34.76673707,-4.23260757
-7.32290565,35.20213950,-3.99649426
10.38097679,33.45635640,-4.52861866
-8.44299337,34.41720593,-4.13887016
10.91375242,32.58984498,-4.80886268
-9.18221755,33.81738247,-4.25044041
11.59835132,31.87684563,-5.14585081
-9.97194588,33.21161976,-4.37440524
-10.51480789,32.37681351,-4.47767545
12.29043102,31.05902958,-5.51704816
-11.10026575,31.55125902,-4.60547745
13.30818093,30.48645999,-5.92482850
13.83234438,29.54544455,-6.22356898
-10.95994274,30.41252552,-4.69423358
-10.83810032,29.30507085,-4.85072708
14.36508835,28.69497153,-6.50195932
14.40102687,27.75285916,-6.67074632
-10.45969143,28.18064707,-5.02412152
-10.27988707,27.08445255,-5.22595952
14.37638256,26.86968893,-6.85727466
14.30328420,26.02971579,-7.04872917
-10.26710689,26.00830091,-5.41309627
14.24937838,25.23756643,-7.27269881
-10.37941280,24.95914064,-5.59540520
14.18383340,24.46807020,-7.50211554
-10.51480597,23.93761430,-5.76235594
-10.67581866,22.94203419,-5.93902537
14.18344004,23.73487258,-7.76018619
13.99721755,23.03905668,-7.98618450
-10.63954039,22.08830393,-6.13786139
-10.63473264,21.21551355,-6.34945822
13.87978149,22.36032443,-8.23352565
13.43430014,21.57457679,-8.31809083
-10.33258185,20.37283350,-6.49095358
13.08886888,20.79586311,-8.42894927
-10.12070310,19.42956640,-6.65420080
-9.74385258,18.86576007,-6.75710005
12.55053123,20.23752987,-8.42435849
12.06824341,19.69260996,-8.43902490
-9.43454840,18.27156854,-6.86374638
11.51000987,19.20373917,-8.38429619
-9.04450855,17.83427412,-6.90773283
10.98591093,18.73426015,-8.34745606
-8.69909848,17.40149816,-6.95063469
10.13130441,18.09480438,-8.28401523
-8.15424841,16.86817335,-6.99835842
-7.66579661,16.37883354,-7.04795154
9.29719018,17.52105032,-8.22988575
8.39519181,17.06118166,-8.12621271
-7.14472373,16.03528834,-7.07071118
7.45785680,16.64952024,-8.03052509
-6.63138785,15.72482426,-7.10697485
6.43890659,16.35875196,-7.92212730
-6.06716458,15.58465790,-7.13395584
5.39522835,16.06895466,-7.86182467
-5.47928029,15.47043592,-7.17717615
-3.35651005,15.53534909,-7.30233224
-4.14649802,15.46162528,-7.25022878
3.26052273,15.65867829,-7.79628256
4.31019780,15.84931154,-7.81003394
-4.82785320,15.46386720,-7.20423981
2.14775505,15.59089623,-7.75941498
-2.53806985,15.58304676,-7.37509315
1.11149608,15.57445059,-7.71001271
-1.68165539,15.65494020,-7.43360449
0.12992616,15.63700309,-7.60862830
-0.79511087,15.66682124,-7.51385478
2.36367198,37.99834712,-4.23551875
1.02675560,38.00125728,-4.19222235
-0.30290787,37.79576732,-4.20796648
3.69104525,38.04829495,-4.37815618
-1.64142925,37.63837241,-4.31416205
4.99903233,37.85974139,-4.60188086
-2.91094123,37.25349427,-4.47476547
6.30192009,37.64658832,-4.88303343
-4.17604538,36.90796176,-4.67308032
7.52803247,36.96728252,-5.07050581
-5.35451061,36.34362819,-4.80414251
-6.52829050,35.77634553,-4.92178864
8.63913081,35.99273254,-5.18960184
9.54348398,34.60680664,-5.28356780
-7.60743855,35.03913063,-5.00542970
-8.71454013,34.25879699,-5.09601235
10.37279317,33.22129052,-5.51183503
-9.41449560,33.66702851,-5.17531472
10.91179421,32.33396176,-5.77737922
-10.15982088,33.07204757,-5.27275216
11.60838532,31.61772233,-6.13864801
12.32902885,30.82406367,-6.53901303
-10.65504977,32.26446645,-5.35034478
-11.18889670,31.46859893,-5.45904768
13.32065216,30.24324937,-6.96237384
-11.00437712,30.37029159,-5.55155721
13.81572014,29.32837724,-7.22596796
14.26125558,28.49849281,-7.45862949
-10.79940276,29.29962337,-5.72953207
-10.27862772,28.20076097,-5.93834906
14.24030094,27.60923409,-7.58115556
14.15578074,26.77939095,-7.71569336
-9.97761464,27.11914325,-6.16063387
14.03767245,26.01386942,-7.85085939
-9.89755015,26.07726721,-6.33873430
13.92250436,25.29010675,-8.01652318
-9.97838929,25.06176312,-6.48803484
13.79360409,24.58531773,-8.19807690
-10.12152282,24.07012527,-6.61165171
-10.32040267,23.09537816,-6.73536677
13.71229867,23.90810734,-8.41732174
-10.36945652,22.24104906,-6.87190103
13.48701144,23.27049153,-8.61605752
13.32765042,22.64098419,-8.84925032
-10.45835021,21.36242689,-7.02517488
-9.81846751,19.06042416,-7.29588614
-10.15818254,19.59451473,-7.21425890
-10.28040784,20.51760926,-7.09969120
12.68550116,21.16381975,-9.00299912
12.97119829,21.90168023,-8.90955703
12.19556203,20.64971296,-8.97740918
11.74581890,20.14521490,-8.97300541
-9.52708223,18.50614820,-7.38912089
-8.77964442,17.70849302,-7.45049569
-9.13706615,18.10591034,-7.41887111
-8.18997253,17.22804459,-7.49057847
9.90484542,18.60687229,-8.70731043
10.74153163,19.23151983,-8.81742027
11.23377102,19.68348858,-8.88558782
-7.65286449,16.78947374,-7.52755007
9.08409045,18.03482709,-8.60664381
8.20458410,17.55532295,-8.45357855
-7.09467157,16.47900986,-7.53053047
7.28846417,17.13042728,-8.31828650
-6.55685118,16.19732510,-7.54415900
6.29754408,16.83231079,-8.18493271
-5.99092781,16.06407647,-7.55412191
-5.41582347,15.95355983,-7.57961080
5.27241604,16.56066140,-8.11116460
-4.79237272,15.93389422,-7.58873216
4.19440165,16.36886638,-8.05278839
-4.14464393,15.92588647,-7.61721770
3.14043477,16.22560401,-8.03473700
-3.39430852,16.01680874,-7.65771825
2.01769403,16.22344322,-7.99426705
0.96980988,16.24646127,-7.95023525
-2.61602198,16.09838151,-7.71546179
-0.93140212,16.27557160,-7.79870720
-0.01622028,16.29327133,-7.86534362
-1.79402015,16.21035249,-7.74915013
-1.67554893,36.62321497,-5.63761952
-0.38146959,36.82847008,-5.54043483
4.42914786,37.00555303,-5.99324565
3.30413625,37.20576983,-5.76191576
2.10940478,37.13017973,-5.59575969
-2.93695276,36.23325966,-5.78922792
0.87821025,37.06890037,-5.55993960
-8.74978215,33.71578802,-6.29942244
-7.64903003,34.36593069,-6.24126767
9.83982929,32.63774942,-6.72637637
8.80664684,33.98420647,-6.54788394
10.45122507,31.75512003,-6.98671911
-9.43155610,33.22764878,-6.36057758
5.50975970,36.73374863,-6.28445064
-4.21250556,35.91165973,-6.01979410
7.72087888,35.24021539,-6.53460295
-6.59123980,34.98936607,-6.20937479
6.61067058,36.10137626,-6.44291346
-5.41111113,35.44924877,-6.11644064
11.14673696,31.02305382,-7.37242697
-10.17590462,32.74974042,-6.46989629
-10.64208900,32.04075333,-6.51651273
11.81247269,30.23601861,-7.77145415
12.58740397,29.63302971,-8.23103703
-11.16679563,31.34738101,-6.63821786
-10.95427224,30.31266025,-6.64563572
12.90317408,28.81816027,-8.41983507
-10.76096244,29.32513832,-6.84255821
13.14670689,28.10563883,-8.62526522
13.03466426,27.35623584,-8.65155730
-10.20151031,28.29275455,-7.08550926
12.89870452,26.65174280,-8.71860542
-9.83507799,27.24138308,-7.32286949
-9.66090740,26.21108065,-7.45598556
12.76830358,26.01080637,-8.80581291
12.55472884,24.18281894,-9.28529199
12.57720076,24.78640101,-9.08725364
-10.10649090,22.30462667,-7.70014653
-9.98109899,23.18101534,-7.65896176
-9.77210409,24.17272380,-7.58887737
12.46301220,23.58358850,-9.42518640
-9.66612229,25.18404662,-7.53525865
12.66444822,25.39734023,-8.93726760
11.90962534,21.56331753,-9.74898135
12.13614144,22.26813524,-9.65321911
-10.13267223,19.72991703,-7.90488159
-10.18552880,20.59495115,-7.80961619
11.49988135,21.07334774,-9.67679242
-9.82738283,19.23893370,-7.93257774
-8.80315865,18.05157928,-8.03565718
-9.16622948,18.39262705,-8.00574178
9.47636951,19.22184411,-9.28338264
10.22833960,19.79750333,-9.44661814
-8.17682854,17.62411253,-8.05803498
10.66865013,20.19236056,-9.52885437
12.43297013,22.96902355,-9.60873306
-10.28001540,21.42172264,-7.77426324
-9.55172957,18.73752711,-7.98624455
11.12759323,20.59334648,-9.63462300
-7.59454165,17.22635864,-8.08366389
8.72734383,18.67439613,-9.13484478
6.10724787,17.45761254,-8.57321249
7.04390806,17.77036321,-8.75499338
-6.42478068,16.69713236,-8.09451176
-6.99617667,16.94798805,-8.08465517
-5.84774337,16.56310297,-8.09540160
7.90937369,18.19990895,-8.93694387
3.00687275,17.02863336,-8.40458781
4.05774780,17.08800845,-8.40717296
-3.33589142,16.55937941,-8.22872361
-4.04302621,16.45152262,-8.17918543
1.88473396,17.06554973,-8.39256576
-4.66355113,16.44104576,-8.13496590
5.12008524,17.21074422,-8.46992597
-5.27411950,16.45212615,-8.11439384
-2.60866794,16.67528744,-8.29739844
0.83686030,17.07909397,-8.40397859
-1.83787141,16.85840595,-8.34653888
-0.13839043,17.08796966,-8.39132703
-1.02352501,17.01263149,-8.39537174
0.65923240,33.58234495,1.52875316
1.81919011,33.48825339,1.47153835
-0.46555594,33.43937425,1.51953742
-1.55628752,33.27035442,1.50494390
2.95893969,33.40020725,1.38419176
4.09465964,33.32965787,1.26762642
-2.60616351,33.08429002,1.49722961
5.25333637,33.29236014,1.12984734
-3.60963588,32.89542721,1.50031958
-4.37949246,32.27890509,1.44894269
6.26150687,32.85026945,0.95883925
-5.12329133,31.69700920,1.39676574
7.29933166,32.40467606,0.80671881
8.39282336,31.92553260,0.66576290
-5.86008164,31.14585607,1.33895564
-6.61413553,30.60448037,1.28246487
9.52583380,31.40175431,0.50859386
10.27445477,30.84467193,0.31123714
-7.15686462,30.10225370,1.18640699
10.98906710,30.29413761,0.09158839
-7.74174857,29.59031683,1.10915149
-8.39639375,29.05961553,1.06516933
11.70429577,29.80112498,-0.14483190
-9.15829242,28.50904883,1.06809174
12.51836676,29.43511245,-0.37694392
12.55198247,28.52776344,-0.50185098
-9.15994243,27.72890341,0.92695333
12.72308899,27.70537123,-0.60610669
-9.22670394,26.98157282,0.81304670
-9.35733834,26.23807733,0.70786962
12.97693448,26.93329826,-0.71251643
13.24141348,26.17754023,-0.84413340
-9.54009578,25.48460238,0.58382140
13.48433700,25.20159165,-0.92015897
-9.80978175,24.48223166,0.57412691
-10.13382127,23.45533310,0.48945584
13.63344057,24.17016026,-1.05920942
-10.50683180,22.40298098,0.37244600
13.74541205,23.08218993,-1.22700971
13.94014658,21.91344867,-1.37999766
-10.93614768,21.33077400,0.27063853
13.53989212,20.58218816,-1.51643186
-10.54601171,20.66799498,-0.01655075
13.27675138,19.27262147,-1.64928910
-10.27743003,19.95889048,-0.21073763
13.18900096,18.04182510,-1.78056218
-10.13825095,19.17236644,-0.30995930
-10.10657852,18.30637970,-0.34119951
13.30103723,16.94644862,-1.91857792
-9.66839519,18.01469869,-0.41393084
12.66987874,16.39909595,-1.99465068
-9.28477262,17.68838325,-0.47728565
12.11472344,15.91528939,-2.07802201
11.61585751,15.48293207,-2.16589039
-8.92867567,17.33462168,-0.53915374
-8.57850416,16.96013791,-0.60317811
11.16088732,15.09068358,-2.25459690
10.38887422,14.75978964,-2.34303398
-7.96656727,16.60144004,-0.70979661
9.66696586,14.48349272,-2.41206958
-7.32439300,16.20808485,-0.80674755
8.96107362,14.23645551,-2.45769827
-6.65457271,15.78225304,-0.89838748
-2.90479448,14.53902088,-1.39212638
-3.64710612,14.75282714,-1.28687991
4.36808978,13.87799701,-2.15025910
5.32724680,13.99826800,-2.23788110
-2.04683964,14.41178399,-1.51103762
3.28606238,13.85509525,-2.05591210
-1.20114060,14.27578555,-1.61827152
2.29033902,13.85201503,-1.96698907
1.36590085,13.90283004,-1.88414337
-0.35949372,14.13538532,-1.71549020
0.49007106,14.01016390,-1.80468824
6.30673161,14.06143646,-2.31980773
-4.40448427,14.95791262,-1.18080358
-5.96831510,15.33330817,-0.99815027
8.24559174,13.99018778,-2.47990444
7.28279727,14.05310516,-2.40058965
-5.18040825,15.15403662,-1.08270685
3.95637003,17.75731778,-9.27666431
4.96116068,17.86772190,-9.25262168
5.92061022,18.04879516,-9.32667321
-5.12670348,16.73737442,-8.76738861
-5.71803305,16.82042834,-8.71306777
-4.54289323,16.68891085,-8.85031097
-6.32416163,16.93359798,-8.68534998
6.81402913,18.29553263,-9.49315990
2.93460677,17.68874644,-9.35969144
-3.96009000,16.67829203,-8.96333120
-6.89916502,17.21763181,-8.63941670
7.60014321,18.67475827,-9.62092421
-3.27265416,16.85732269,-9.05233749
1.78747936,17.72527979,-9.34976759
8.34332450,19.09143147,-9.77998218
-7.50216756,17.53387137,-8.61192081
0.73105453,17.70485961,-9.35006080
-2.57495341,17.05207126,-9.15421500
9.06979223,19.54592163,-9.95056441
-8.14136160,17.87817392,-8.60410065
-0.21618985,17.60122752,-9.35280674
-1.84825013,17.24765626,-9.25544106
9.81806138,20.04196520,-10.12730678
-8.82264680,18.24407340,-8.62666480
-9.13056877,18.63362885,-8.59527341
10.18871773,20.45420938,-10.15696356
-1.06972377,17.42433078,-9.34606468
-9.45714019,19.03026930,-8.59006161
10.58479446,20.88323402,-10.20896104
-9.81085350,19.43208621,-8.62298958
11.02190885,21.32992759,-10.28598587
-10.20284513,19.83736035,-8.70814433
11.52270946,21.79651505,-10.39183085
11.55357478,22.47220526,-10.25982571
-10.12608044,20.69308369,-8.64928140
-10.10372203,21.53861189,-8.66591567
11.65276314,23.12332469,-10.17097541
-10.14660756,22.37953417,-8.74738668
11.82218194,23.75583466,-10.13418976
-10.26679865,23.22691038,-8.86478063
12.06484370,24.37525689,-10.15495804
-10.11748863,24.21813590,-8.82793554
12.01238329,24.92654910,-10.02776583
12.03630296,25.47447392,-9.93868283
-10.06207786,25.22706095,-8.78766717
12.12204535,26.02548475,-9.89091267
-10.12730979,26.24798219,-8.72080010
12.25254251,26.58231752,-9.88473714
-10.33958888,27.26684181,-8.58064877
-10.44601372,28.29684182,-8.28587293
12.22372786,27.14083795,-9.75638645
12.19566300,27.74374153,-9.66149415
-10.67860002,29.30574966,-7.96527530
9.14314079,32.14857101,-7.98240084
7.95831568,33.28006195,-7.68005569
9.78860534,31.18831516,-8.21249596
-9.51877592,33.02205440,-7.42430755
-9.00360028,33.57537335,-7.41796364
-7.78200156,34.02718087,-7.34701326
-10.08103117,32.47210742,-7.47799561
10.45821790,30.37556248,-8.59436095
11.20854964,29.72483066,-9.05055942
-10.70590380,31.92713805,-7.59600342
-11.01630373,30.32003368,-7.75224690
12.13430286,28.40762753,-9.59115365
12.02039558,29.17195055,-9.53288809
-11.40263462,31.38665381,-7.79560100
-6.61680312,34.46863905,-7.31292369
6.82923925,34.32451300,-7.53168971
5.78847522,35.21895098,-7.40627221
-5.44705988,34.91917569,-7.29812003
-4.24272110,35.41778337,-7.30509076
4.81175503,35.94783547,-7.30977017
3.86295343,36.11098856,-7.02873560
2.88260850,36.22796257,-6.84740415
-2.86362055,35.57007147,-7.06364139
-1.58135486,35.80733409,-6.88867201
-0.36861253,36.10972850,-6.81515873
1.86023011,36.33377081,-6.78243238
0.78203975,36.46091627,-6.86009247
