-0.61846310,12.43760357,1.45386557
-1.92031895,12.57466363,1.46518649
-0.65854152,12.25149836,1.63078956
-1.95404089,12.38949779,1.63577228
-3.17768667,12.68913442,1.47456015
-3.20271223,12.50537186,1.64459477
-4.35988659,12.73994388,1.49331982
-4.37554459,12.56351066,1.65863539
-5.46206295,12.72573201,1.51502330
-5.47135806,12.56013237,1.67496232
-4.00578269,32.08339770,2.85967422
-2.80089150,32.00990567,2.85401749
-4.02258090,32.03972945,3.06312658
-2.81353479,31.96218773,3.06541634
-1.59888473,31.92660907,2.86512025
-1.60988402,31.87705132,3.08289660
-0.38969586,31.83775725,2.91714070
-0.40135522,31.78666337,3.14071227
0.83610390,31.74800606,3.01714321
0.81952492,31.69646659,3.24804620
-6.33569189,12.85666773,1.52875680
-6.34458482,12.69686611,1.68902920
-7.17737408,12.94895161,1.53452908
-7.18794824,12.79503302,1.69754983
-8.00736777,12.99984590,1.53846286
-8.02073821,12.85542395,1.70206207
-8.84782080,13.00179388,1.53366331
-8.86516205,12.86534552,1.70153974
-8.53560751,30.84709153,2.51935438
-7.37674296,31.26209982,2.62766355
-8.57156907,30.78909012,2.72814965
-7.40845847,31.20445674,2.84313209
-6.23911120,31.60233776,2.73105283
-6.26556530,31.54942960,2.94091439
-5.11747142,31.86954940,2.80639599
-5.13865104,31.82066433,3.01254614
-9.52761304,13.45830591,1.56759141
-9.55200383,13.32281189,1.74282265
-10.23594967,13.83094858,1.58039258
-10.26838584,13.69630514,1.76358488
-10.98712254,14.13051451,1.57333256
-11.02882541,13.99674094,1.76139431
-11.81053517,14.35310688,1.54598956
-11.85902120,14.22611808,1.73654042
-12.33660752,14.66316281,1.52374390
-12.38516231,14.54744575,1.71886567
-12.90386079,14.94409195,1.48979987
-12.95067814,14.84154102,1.69039195
-13.51540594,15.19520422,1.44257452
-13.56048859,15.10712189,1.64824503
-14.18171348,15.42536341,1.37189477
-14.22593525,15.35052601,1.58644226
-12.07246962,28.97692862,2.18274607
-11.15682311,29.45988655,2.18784933
-12.10829114,28.91087194,2.36828917
-11.19289035,29.38798074,2.38125802
-10.27274948,29.94445803,2.25508278
-10.30914098,29.87108370,2.45948502
-9.39635720,30.40904122,2.36854658
-9.43280863,30.34083065,2.57878166
-14.20230409,16.48571208,1.46374787
-14.25761094,16.42006117,1.68052905
-14.27251320,17.52246795,1.53849495
-14.34519812,17.46419720,1.75854195
-14.40222945,18.57733028,1.61246468
-14.49884056,18.52448323,1.82881011
-14.61790358,19.67686403,1.70750570
-14.74081747,19.62541950,1.92354101
-13.99461086,21.22608967,1.73816782
-14.11843363,21.17715317,1.95292496
-13.56554295,22.73245681,1.79480169
-13.67388678,22.68213936,2.00644349
-13.27273001,24.16438321,1.85821044
-13.36043431,24.11182046,2.06099570
-13.04563984,25.50400163,1.87469462
-13.11741843,25.44701563,2.08114280
-12.80508815,26.44921202,1.97143188
-12.86503185,26.38868492,2.16837607
-12.56363677,27.33680364,2.03890265
-12.61341385,27.27280674,2.23095499
-12.32848692,28.17859664,2.10603142
-12.36969110,28.11242427,2.29411099
-0.57858082,12.63719576,1.26302637
-1.88069547,12.76791854,1.28030983
-3.14451097,12.86944209,1.29724756
-4.33448678,12.91182974,1.31950846
-5.44384940,12.88790544,1.34320099
-3.99016847,32.15393242,2.62959628
-2.78788954,32.08355148,2.62217685
-1.58661990,32.00278847,2.62790024
-0.37649710,31.91729642,2.67033478
0.85314299,31.82957207,2.76602328
-6.31809904,13.01675988,1.35392567
-7.15968969,13.09985142,1.35843998
-7.98893323,13.13949081,1.35509815
-8.82732576,13.13237453,1.34452768
-8.50877919,30.93920396,2.27683312
-7.35586340,31.35405637,2.37808199
-6.21971938,31.68648321,2.48323291
-5.10031907,31.94714009,2.56735104
-9.50155266,13.58491792,1.37339250
-10.20102393,13.95819192,1.38113632
-10.94714593,14.25280230,1.36691033
-11.76729392,14.46772667,1.33439684
-12.28928856,14.77050277,1.30887760
-12.85768826,15.03697392,1.26815108
-13.47739760,15.27284426,1.21158658
-14.14895904,15.48925222,1.13305698
-12.04764365,29.07127176,1.98345436
-11.13176240,29.56268873,1.97910831
-10.24480997,30.05136987,2.02874678
-9.37300163,30.51482901,2.13003462
-14.14527233,16.54702139,1.22152665
-14.19144753,17.57913706,1.28657888
-14.29883680,18.62636546,1.34984680
-14.49470323,19.72149224,1.44592398
-13.86457753,21.26817852,1.46682279
-13.46029465,22.77684164,1.54024240
-13.19177694,24.21757325,1.61897401
-12.98153656,25.56724625,1.64283721
-12.75356732,26.52035028,1.75671106
-12.52354732,27.41567981,1.83420921
-12.28948010,28.26285711,1.90387910
0.63666352,12.05973952,1.63517429
0.67848453,12.23777858,1.45278779
1.88653125,11.88056014,1.64304981
1.92714396,12.05216099,1.45073109
3.04814768,11.70466386,1.65395373
3.08447388,11.87149773,1.45633460
4.08845800,11.52043738,1.68614215
4.12157525,11.68249745,1.48431519
5.61847063,31.11295435,3.60077325
4.45872514,31.23090264,3.53319290
5.67900987,31.17532072,3.36543476
4.51141154,31.29361681,3.29021034
3.26578484,31.36473623,3.43603889
3.30505363,31.42686633,3.19054499
2.04682805,31.52047569,3.33810054
2.07301084,31.57889312,3.09467372
4.88870356,11.52203330,1.71614179
4.91338410,11.68269945,1.51336422
5.62643414,11.51201565,1.74849974
5.64252118,11.66463067,1.55393154
6.31890420,11.48191702,1.79394485
6.32783672,11.62630900,1.60307484
6.98768656,11.42168919,1.84406556
6.98853380,11.55582261,1.66258772
9.43781161,29.36166251,3.58085438
8.53012553,29.89240468,3.59491376
9.48249418,29.43470776,3.34899180
8.58745623,29.97087877,3.35839769
7.59891296,30.35037082,3.60498152
7.66267521,30.42735255,3.36721180
6.62894245,30.74786223,3.61093920
6.69471389,30.82006279,3.37012572
7.56174477,11.82816701,1.95924964
7.55170737,11.96028653,1.78003432
8.14792701,12.20769548,2.06618194
8.12572017,12.33936926,1.89434798
8.76037668,12.55678056,2.16384323
8.72369717,12.69442961,1.99604635
9.42209514,12.86605721,2.24651648
9.37004671,13.00726909,2.08474791
9.87553496,13.27557014,2.30834792
9.81476309,13.41538061,2.14683071
10.37296832,13.65620701,2.36609626
10.30212114,13.79574220,2.20064655
10.92680627,13.99392569,2.41038809
10.84733471,14.12975578,2.24577474
11.56689320,14.27787966,2.44855061
11.47695406,14.41193200,2.28039812
12.15156945,26.96599395,3.33432502
11.44324905,27.62415909,3.37650651
12.15409389,27.01898323,3.11152821
11.46285096,27.68806784,3.15055999
10.76632438,28.24855389,3.42976182
10.79849308,28.32128455,3.20028356
10.09911234,28.82765132,3.49846863
10.13980800,28.90470825,3.26475843
11.86098832,15.42008056,2.51514531
11.76743837,15.54881144,2.33438398
12.24546592,16.46213893,2.57189306
12.14655953,16.58435706,2.37712744
12.71687667,17.43210397,2.64309347
12.61111963,17.54615888,2.44242391
13.28103385,18.35600083,2.75686986
13.16625729,18.46350054,2.54902127
13.10997659,19.72374502,2.80277276
13.01218958,19.81245419,2.59328999
13.00152303,21.01927730,2.86619527
12.91942988,21.09461012,2.65282089
12.91686923,22.25950027,2.91480858
12.84976935,22.32417537,2.69456423
12.81954410,23.45330492,2.91811796
12.76971476,23.51132476,2.69061287
12.65470429,24.35636286,3.04058575
12.61972598,24.41339986,2.81027214
12.48386865,25.24466179,3.14040190
12.46432337,25.30057796,2.91337515
12.32180491,26.11748613,3.23606102
12.31577614,26.17197832,3.01283247
0.71393516,12.43291749,1.25445104
1.95440333,12.24103725,1.24641147
3.10291510,12.05598136,1.25084829
4.13490481,11.86379163,1.27714414
5.74671436,31.28606328,3.10194716
4.56709638,31.40381334,3.01810175
3.34380244,31.52833213,2.92339886
2.09860250,31.67153824,2.83086338
4.91806155,11.86810458,1.30447830
5.64103308,11.84340463,1.35004698
6.32191727,11.78932085,1.40912301
6.97845547,11.70647916,1.47748793
9.55315306,29.54631921,3.09048948
8.67066286,30.09847368,3.08650797
7.74670430,30.55657238,3.09132636
6.77366503,30.94396267,3.09744225
7.53316976,12.10372435,1.59794794
8.09676552,12.48208630,1.71562900
8.68505090,12.83302097,1.82146859
9.31900760,13.14633587,1.91415864
9.75475720,13.55262730,1.97949200
10.23450751,13.92559136,2.03291412
10.77536488,14.25542050,2.07554613
11.39753333,14.53513462,2.10410523
12.19279052,27.09517005,2.87302615
11.51921682,27.78113136,2.89974087
10.86500757,28.42779725,2.94157801
10.21317799,29.01922593,3.00525550
11.67560173,15.66969360,2.14536159
12.04395588,16.69950890,2.17694302
12.50174093,17.65359672,2.22843748
13.05564019,18.56226408,2.33088914
12.90985720,19.89655869,2.36850918
12.83825368,21.16654522,2.42301832
12.78858980,22.38834969,2.45837529
12.73080481,23.57450800,2.43686363
12.60322864,24.47897170,2.55828349
12.47041764,25.37014833,2.66155583
12.33547152,26.24482960,2.76404005
-0.98156983,14.15722223,-9.03797071
-1.65552507,14.22835315,-9.07248718
-0.97256017,14.19751354,-8.73156849
-1.64433020,14.26196737,-8.75374108
-2.34012109,14.28072098,-9.11294754
-2.32775268,14.30846866,-8.78354562
-3.04295349,14.31902172,-9.15867018
-3.03094465,14.33693281,-8.82342682
-3.77444015,14.33297154,-9.21224754
-3.76324251,14.34109278,-8.87865967
-0.28904254,14.24581665,-8.70217387
-0.29548218,14.19736198,-8.99844423
0.40062715,14.28196312,-8.67979768
0.39744928,14.22645258,-8.96713409
1.10726669,14.30927306,-8.66769387
1.10829446,14.25161218,-8.94697230
1.84001235,14.32150413,-8.67516468
1.84650997,14.26520719,-8.94867203
1.69072643,33.03909298,-7.65165797
0.24334560,32.68315610,-7.69000891
1.72060025,32.90906099,-7.39026271
0.25761954,32.52936068,-7.41845384
-1.18594380,32.48597983,-7.78579764
-1.18820136,32.32882242,-7.50424924
-2.59480014,32.41593554,-7.93453720
-2.61400948,32.27223451,-7.64588789
-3.98297413,32.42707864,-8.12921529
-4.01413326,32.29853219,-7.83318892
3.09096451,32.84160381,-7.35391970
3.04890764,32.92942950,-7.61439401
4.44223511,32.86626660,-7.36857336
4.39088720,32.91198419,-7.62784601
5.77795906,32.90669825,-7.41022284
5.72086500,32.91720332,-7.66757526
7.09880768,32.90180711,-7.46435284
7.04239107,32.89139639,-7.71924014
-4.40986870,14.70719737,-9.21303924
-4.40353883,14.70388944,-8.87478886
-5.07554816,15.05126926,-9.22121080
-5.07343563,15.03707703,-8.88549931
-5.77862101,15.36652565,-9.24290497
-5.77838720,15.34110463,-8.91865100
-6.53213743,15.64421192,-9.28538671
-6.52831956,15.61239580,-8.97799800
2.58166561,14.70451976,-8.66298552
2.59042198,14.65466013,-8.94246857
3.36499261,15.03478532,-8.69122383
3.37737091,14.99536919,-8.97766705
4.20274121,15.29970228,-8.77624662
4.22123450,15.27221784,-9.06775782
5.10979965,15.49550844,-8.92418013
5.13661702,15.47403838,-9.21801129
-5.31518435,32.05529262,-8.27246274
-5.35066979,31.95357951,-7.96563890
-6.59878569,31.76549858,-8.41433400
-6.62826951,31.68218399,-8.10723684
-7.86619843,31.52033390,-8.52873747
-7.88148906,31.45061593,-8.23715401
-9.16811837,31.29298525,-8.62949168
-9.16508279,31.23252453,-8.36317784
8.28514532,32.38271021,-7.43845711
8.23546336,32.35107670,-7.70582358
9.47946692,31.79500019,-7.42674452
9.44487015,31.75875246,-7.70794424
10.69717309,31.10983123,-7.45410197
10.68057515,31.08476779,-7.74885655
11.95085279,30.35830867,-7.58552515
11.94168256,30.35788168,-7.88607761
-7.30000813,16.11095683,-9.32059120
-7.28810273,16.07824247,-9.02956450
-8.15267495,16.52417918,-9.38414641
-8.12569726,16.49498036,-9.11170240
-9.12249780,16.88073318,-9.48464942
-9.07693823,16.85644122,-9.22940357
-10.24984606,17.17738158,-9.63204281
-10.18667501,17.15576971,-9.38970211
6.12444651,15.81951506,-9.10425718
6.15588970,15.79976689,-9.40160962
7.23069589,16.05933654,-9.31939122
7.26348223,16.03103123,-9.60760584
8.42967118,16.21224362,-9.53280541
8.46098366,16.17121514,-9.80128831
9.70734674,16.27018037,-9.71945227
9.73793010,16.21810814,-9.96489797
-11.38672041,30.18993468,-8.85789459
-10.78887318,30.51433957,-8.77948735
-11.38392479,30.18159105,-8.62625585
-10.78422140,30.49254515,-8.53974486
-10.22485415,30.79656046,-8.71971079
-10.22004274,30.76171208,-8.47135037
-9.68731428,31.05225297,-8.67141766
-9.68283701,31.00424501,-8.41353652
13.84981983,28.47584552,-8.27786405
13.39502475,28.92133873,-8.04914585
13.80367694,28.50774857,-8.56695992
13.35729714,28.94809128,-8.34623211
12.92043605,29.38655234,-7.85566996
12.89464629,29.40503398,-8.15749019
12.43579206,29.86750597,-7.70062839
12.42034290,29.87649612,-8.00387905
-10.83031553,17.61381584,-9.68232753
-10.76205636,17.58961473,-9.44173808
-11.47633970,18.02189009,-9.75493843
-11.40428341,17.99649157,-9.51478262
-12.18938684,18.40327558,-9.84525479
-12.11833398,18.37698017,-9.60559767
-12.96292463,18.76224309,-9.94859477
-12.89778060,18.73535567,-9.71020071
10.40314025,16.47682871,-9.76105857
10.43449403,16.42833711,-10.00338714
11.10214673,16.64811146,-9.80830762
11.13751589,16.60141680,-10.05015262
11.80604641,16.79359265,-9.87145184
11.85106548,16.74810440,-10.11435583
12.51452421,16.92700129,-9.95510369
12.57427642,16.88272829,-10.20050169
-12.91828601,19.82723672,-9.89626370
-12.82917596,19.82188957,-9.64830005
-12.94354699,20.82702047,-9.85835816
-12.83919557,20.84073589,-9.60438044
-13.03922558,21.76282016,-9.82296643
-12.93115191,21.79051545,-9.56572710
-13.19176673,22.64748596,-9.78210147
-13.08898515,22.68487410,-9.52366524
12.63968238,17.71861439,-9.87492949
12.71476909,17.68425494,-10.13857211
12.79231484,18.52522313,-9.81015173
12.88254085,18.50115478,-10.08843513
12.99318938,19.37391093,-9.77414527
13.09475782,19.36028562,-10.05934202
13.25306635,20.27835034,-9.76249883
13.36055861,20.27311253,-10.04568403
-12.91207287,23.89830583,-9.60582602
-12.82797543,23.94777961,-9.34498570
-12.68579819,25.10055258,-9.41778483
-12.62731100,25.15773564,-9.15832014
-12.49080771,26.26027551,-9.24199367
-12.45444201,26.31857801,-8.98556977
-12.31186039,27.36891843,-9.10161184
-12.29053788,27.42026001,-8.85142798
13.29967373,21.60757463,-9.63403154
13.38842764,21.61082629,-9.91543470
13.44671869,22.92668350,-9.48741824
13.50941637,22.93430460,-9.76381450
13.64377138,24.19899586,-9.29353893
13.67856706,24.21061877,-9.57011809
13.84809785,25.39984243,-9.05725321
13.85658398,25.41809207,-9.33801005
-12.05605486,28.14398011,-8.99763956
-12.04575846,28.18574532,-8.75123960
-11.81475045,28.87072375,-8.92296976
-11.81178379,28.89901586,-8.68090345
-11.58953746,29.55044058,-8.87618337
-11.58970483,29.56216347,-8.63909894
13.88900414,26.21347962,-8.83615542
13.87615750,26.23686797,-9.12303357
13.91111260,26.99047820,-8.62495689
13.88119340,27.01849600,-8.91648881
13.90109040,27.74081307,-8.43560416
13.85974084,27.77133120,-8.72714177
7.15192084,32.93504907,-7.18229934
8.32338864,32.43143439,-7.13740390
9.49378718,31.84300049,-7.10573020
10.68539655,31.14143906,-7.11820942
11.92980695,30.36271496,-7.24943824
1.85520687,14.35734581,-8.36083243
2.59888681,14.72159205,-8.33758371
3.38137532,15.02800197,-8.35696452
4.21319799,15.26918812,-8.43709415
5.10909120,15.45058995,-8.58434049
13.88894233,28.44438902,-7.96411598
13.41417636,28.89521066,-7.72382653
12.91971998,29.36907694,-7.52265956
12.42123790,29.86091075,-7.36435475
9.68137498,16.26817520,-9.42967339
10.37507007,16.47854835,-9.47524220
11.06924225,16.65595580,-9.52641996
11.76424080,16.81035158,-9.59184741
12.46002427,16.95178223,-9.67896200
12.56900241,17.73581441,-9.56972235
12.70869171,18.53567220,-9.48069647
12.90106214,19.37960943,-9.43656069
13.15855780,20.28070432,-9.43381907
-12.83744507,18.69828547,-9.45853640
-12.74186687,19.80815282,-9.38597567
-12.73564027,20.84775733,-9.33533831
-12.82508871,21.81532974,-9.29549132
-12.99023524,22.72440041,-9.25528749
13.22517321,21.60304849,-9.30863259
13.39786061,22.91680039,-9.16902959
13.62320082,24.18344213,-8.97998065
13.85207823,25.37547880,-8.74221886
-12.75350539,23.99958772,-9.07356407
-12.58364493,25.21534733,-8.88735020
-12.43950901,26.37621962,-8.71930196
-12.29404106,27.47253435,-8.59036685
13.91129773,26.18408596,-8.51637833
13.94455099,26.95737113,-8.30307961
13.93945971,27.70721422,-8.11506396
-12.06316769,28.22982513,-8.49103380
-11.83760544,28.93250692,-8.42250577
-11.61835906,29.58288401,-8.38546153
-11.40841871,30.18644751,-8.37844620
1.76076999,32.82104270,-7.09887527
3.14107659,32.79407436,-7.06064836
4.49843336,32.85534966,-7.07721587
5.83619830,32.92570757,-7.12299312
-0.95950147,14.23488906,-8.37451013
-0.27397467,14.28937434,-8.35829140
0.41711242,14.32929555,-8.34790196
1.12390301,14.35336787,-8.34581980
-1.63393794,14.29332206,-8.37730104
-2.32154134,14.33161561,-8.38982718
-3.03085976,14.34651322,-8.41905027
-3.76965161,14.33496774,-8.47343622
0.28485037,32.42133283,-7.10950122
-1.17668343,32.21761578,-7.18260765
-2.62215295,32.17299294,-7.31853608
-4.04037259,32.21188687,-7.50513396
-5.38967042,31.89710870,-7.61730715
-6.67320699,31.64075605,-7.74967006
-7.92191193,31.41496525,-7.89198287
-9.19194633,31.19849159,-8.05299151
-4.42077915,14.68070219,-8.45959670
-5.10029333,14.99600549,-8.47285246
-5.81093813,15.28261744,-8.51957404
-6.55922505,15.54234845,-8.60140538
6.11428940,15.76387726,-8.76131912
7.21201396,16.00843024,-8.98146518
8.40611998,16.18146333,-9.21502130
-7.31097176,16.00324308,-8.67675911
-8.12966225,16.42445827,-8.78740055
-9.05429991,16.79689708,-8.93371777
-10.13961470,17.10888662,-9.11990674
-10.70533068,17.54446297,-9.17699871
-11.34098332,17.95376297,-9.25377358
-12.05186146,18.33747650,-9.34859056
-10.80860538,30.48580212,-8.27600756
-10.24510638,30.74486019,-8.19017062
-9.70899406,30.97859667,-8.11690339
2.64654067,33.84408565,0.11601016
1.31944814,33.91414935,0.04638392
2.38308964,33.03924293,1.08415121
1.08779449,33.15020901,1.01416083
0.00173220,33.84425995,-0.07938140
-0.18151229,33.19053844,0.88554878
4.00050572,33.84098443,0.22387022
3.70740013,32.96537298,1.18687431
-1.31258108,33.85511480,-0.16386523
-1.43902162,33.25548973,0.80161083
5.37368899,33.86514911,0.35326875
5.04539927,32.91401378,1.30394403
-2.65400127,33.94309497,-0.21998056
-2.70972214,33.34345209,0.74810843
6.72740037,33.84549741,0.48522847
6.35617868,32.84417242,1.41818592
-4.04517497,34.09464259,-0.25445618
-4.00950525,33.44580824,0.71179676
-5.39780789,33.93799617,-0.37122123
-5.25231291,33.26592944,0.58373005
7.91482940,33.44960781,0.49428369
7.50439363,32.50717651,1.39647689
9.05339371,32.95731344,0.50397477
8.58921461,32.07814801,1.37993121
-6.75883415,33.78007229,-0.44343452
-6.50305553,33.03921083,0.49402777
-8.08421022,33.54663159,-0.46516172
-7.72620482,32.71603638,0.46103684
10.14042173,32.32573561,0.51075276
9.60616639,31.52166630,1.37175914
-9.32452627,33.14066516,-0.43544761
-8.88455490,32.23341027,0.49980913
11.17567905,31.52036566,0.51590430
10.55254382,30.80787272,1.38129366
-10.06544544,32.64227298,-0.45175094
-9.66300426,31.73705492,0.49377742
11.82605501,30.80521131,0.45596601
11.20206615,30.16805241,1.31613045
-10.78904845,32.05487571,-0.45152744
-10.43282253,31.16999051,0.52104709
12.46440195,30.01641264,0.40295197
11.82545091,29.44479420,1.27292828
-11.53967618,31.41561032,-0.44044054
-11.22845157,30.56615489,0.57576659
13.09664714,29.17516127,0.35825347
12.42760983,28.65837660,1.25517984
-12.37074909,30.77029534,-0.42113693
-12.08545719,29.96500760,0.64862634
13.73239890,28.31094063,0.32458816
13.02303833,27.83832367,1.25906910
13.75516683,27.23712818,0.14663246
13.05808127,26.86617147,1.11986399
-12.54503891,29.70849086,-0.56755924
-12.28686741,29.03125017,0.54329048
-12.77115674,28.63171173,-0.71791807
-12.49761255,28.06532432,0.43281825
13.72308740,26.15910526,0.00262974
13.04148807,25.87228054,1.01908073
2.88648220,34.14340603,-0.67351132
1.53199923,34.19525205,-0.74026230
0.16636540,34.06171550,-0.85849387
-1.20288062,34.03290950,-0.93314608
4.24875210,34.16729138,-0.56344020
5.61152719,34.22197300,-0.42057925
-2.60412528,34.10832132,-0.97812721
-4.05878676,34.27745789,-1.01055587
6.95761047,34.24524768,-0.26059829
-5.48257315,34.15636937,-1.12020899
8.15075248,33.84062063,-0.19743453
-13.03329720,27.54634355,-0.88598308
-12.71464631,27.06466913,0.29487174
13.66782467,25.10610438,-0.11265616
13.00508487,24.88273580,0.94306205
9.31412374,33.33471235,-0.13749697
-6.91086210,34.05150222,-1.20112877
-8.29832156,33.86952744,-1.24910882
10.44641136,32.67211052,-0.09502248
-9.59833289,33.50372816,-1.26193510
11.55077200,31.81615704,-0.07686152
13.61131519,24.08199199,-0.20995267
12.97390352,23.90528034,0.86878281
-13.30769795,26.44981086,-1.09183485
-12.93442516,26.02221663,0.09218089
-10.31186783,33.02643119,-1.30959694
12.19268377,31.06880376,-0.13704216
-11.00996305,32.45949829,-1.35182343
12.83532747,30.25609849,-0.20513541
13.35105716,22.80547164,-0.22581521
12.76377364,22.68039024,0.89619861
-13.41827358,24.95993640,-1.32486714
-13.03181553,24.57216503,-0.12839352
-13.51480633,23.42616597,-1.63897317
-13.15934900,23.05487620,-0.47148459
13.12093147,21.53842154,-0.25302675
12.59850104,21.45499212,0.87660028
-11.74004355,31.83735207,-1.39197359
13.48561425,29.40042663,-0.27874928
12.96095086,20.25481161,-0.30302558
12.50048113,20.20976345,0.82951399
-13.72228120,21.86674319,-1.94437457
-13.42483732,21.50435606,-0.79313165
-12.56455712,31.20643577,-1.43662819
14.15537388,28.53608839,-0.35785151
-14.21633966,20.32178177,-2.13020689
-13.98112871,19.96528158,-0.89639511
12.91619587,18.94073278,-0.35850811
12.50745690,18.93482109,0.80022017
-12.74186026,30.13004335,-1.58502073
14.17115742,27.40776039,-0.58160078
12.37492118,17.99143559,-0.40819762
11.97168302,18.04266840,0.74354855
-14.08278708,19.17239609,-2.18469120
-13.86566616,18.86121547,-0.90567048
-14.05069885,18.04980674,-2.19000760
-13.84132574,17.81081700,-0.84508083
11.93302817,17.02554736,-0.41157300
11.54093380,17.13057903,0.75653237
-12.99487856,29.03386464,-1.73541517
14.14382031,26.30354250,-0.79070220
3.10581885,34.29649274,-1.52220466
1.72329090,34.33274374,-1.57365900
0.30791848,34.14133400,-1.66410742
4.47562308,34.32831893,-1.43473692
-1.11599219,34.06840555,-1.71905722
-14.06775272,16.94467453,-2.17217575
-13.86705529,16.79420090,-0.76533499
11.57893750,16.03844892,-0.38158383
11.20837422,16.17382218,0.81196341
5.82473037,34.38133426,-1.31329314
-2.57258157,34.12256737,-1.75588924
-13.29828185,27.93356283,-1.89798881
14.09834786,25.24469373,-0.97859509
7.14906039,34.40472093,-1.15516175
-4.08104153,34.29699304,-1.80241502
-5.56038390,34.20235516,-1.91992102
8.32380310,33.97074945,-1.03675173
11.30675084,15.02023195,-0.33295186
10.97079095,15.13877729,0.88095307
-14.09815561,15.85779619,-2.14683789
-13.91685031,15.78154402,-0.69499914
-7.03066204,34.11974964,-2.04261469
9.47890604,33.42937777,-0.91857569
10.61913394,32.72065358,-0.82454106
-8.44538994,33.93609867,-2.15852031
14.04983097,24.22619518,-1.14231454
-13.60524832,26.83200866,-2.08424674
10.66835387,14.73446365,-0.30463446
10.38559759,14.86547129,0.88308056
-13.36403619,15.52403578,-2.06047008
-13.22183437,15.56318676,-0.60864289
-9.76358349,33.53972616,-2.25591552
11.75661996,31.81152425,-0.77843840
10.11444078,14.42227278,-0.30516482
9.87858423,14.55348923,0.86492772
-12.68682135,15.20257951,-1.97453368
-12.58389294,15.34029691,-0.53292225
-10.43349935,33.05158335,-2.34454713
12.36646124,31.04380308,-0.84372530
-12.06601340,14.88312948,-1.88939633
-12.00284567,15.09619224,-0.47074255
9.62582541,14.08642149,-0.32839333
9.43109743,14.20763061,0.82665294
-13.72573095,25.34426910,-2.27469565
13.80599546,22.94243396,-1.23193849
9.18701014,13.73028320,-0.36999203
9.02846079,13.83355328,0.77509285
-11.49984564,14.55601580,-1.80993064
-11.47545498,14.81973877,-0.41669521
12.98480653,30.22113209,-0.93331423
-11.09799905,32.48762592,-2.43108838
8.50810024,13.47014358,-0.47444163
8.41273987,13.56115076,0.66443136
-10.55443871,14.33488575,-1.69671505
-10.62001922,14.63144452,-0.35695765
13.57595342,21.65498865,-1.29207911
-13.75964384,23.82780929,-2.54252311
-9.70326894,14.06937978,-1.60322779
-9.85244512,14.36100606,-0.30612720
7.87236445,13.18432689,-0.59884945
7.84097833,13.25553022,0.54035954
13.62060894,29.37040846,-1.04669922
-11.80561992,31.88448765,-2.52067691
-8.92001728,13.73977114,-1.54137355
-9.14232169,14.00310391,-0.27724703
7.25507947,12.87237280,-0.73344765
7.29353523,12.91645635,0.40861145
-13.84796738,22.28844007,-2.84081988
13.40429040,20.33735329,-1.35411003
-8.18018790,13.33886361,-1.51186592
-8.46493571,13.55892612,-0.26847986
6.63669295,12.53472915,-0.86979842
6.75349292,12.54425461,0.28120613
14.28574837,28.53085038,-1.18671783
-12.61823320,31.28843298,-2.62329874
13.35168541,18.97430112,-1.43004454
-14.21000615,20.75602272,-3.08228571
-5.55209318,13.18914460,-1.40599497
-4.69289354,13.06294492,-1.40939913
-5.92550037,13.42675131,-0.18538993
-5.05040355,13.31485419,-0.18921448
3.54036395,12.54292436,-1.29163997
4.35353928,12.58244003,-1.21659115
3.88610877,12.63453782,-0.09109859
4.66057682,12.65584150,-0.03009727
-3.64952133,13.14557007,-1.41677068
-3.94768497,13.39781832,-0.21909363
2.54611077,12.70987961,-1.36075482
2.88290787,12.81730005,-0.16125336
-6.41102043,13.27455973,-1.42124763
-6.77412808,13.50216685,-0.20077584
5.13838172,12.59263165,-1.12162905
5.39008513,12.64821828,0.05133435
5.89824156,12.57538991,-1.00526491
6.08445826,12.61094594,0.15672423
-7.28228525,13.32339932,-1.45654409
-7.61444414,13.54646233,-0.22911348
1.53025921,12.85996149,-1.40202484
1.81295601,12.98860030,-0.20521868
-2.60797227,13.17481616,-1.42766245
-2.80663134,13.42285075,-0.24419760
0.50291872,12.98993384,-1.42574029
0.69054996,13.15262291,-0.23656753
-1.56780220,13.15484323,-1.43565130
-1.63839840,13.38641142,-0.25807132
-0.53049779,13.09443925,-1.43877213
-0.46617290,13.30298835,-0.25866473
14.30512794,27.41485216,-1.44731664
-14.04825217,19.59501672,-3.16573791
12.81720588,17.96406259,-1.48936101
-12.81425235,30.26578362,-2.73022570
-14.01968185,18.45001500,-3.21727173
12.39196665,16.92158807,-1.52732980
14.29919469,26.35032934,-1.70372016
-13.07764692,29.21670250,-2.84795379
-14.05374381,17.31035201,-3.25874047
12.06123095,15.85009276,-1.54632950
3.25699873,34.26504555,-2.49418377
1.85684591,34.25499238,-2.52900454
0.40387372,33.97198388,-2.57166272
4.63189331,34.33668855,-2.44140448
-1.06120246,33.83584327,-2.59262142
-13.37736966,28.15703734,-2.98419843
14.27690793,25.33826494,-1.93718318
-2.56047433,33.86289877,-2.61232763
5.97401853,34.40784051,-2.37390192
-14.09560675,16.18088990,-3.30029192
11.81138228,14.75181869,-1.55305263
7.28240526,34.42386444,-2.28590963
-4.10838281,34.04366833,-2.66574249
8.43227781,33.93367453,-2.18067920
-5.62200817,33.96501508,-2.78061264
-13.66299051,27.09265141,-3.14927085
9.55327708,33.31358216,-2.07535936
14.24435162,24.36272824,-2.14284666
-7.10581597,33.88561734,-2.93659458
11.12469621,14.40603648,-1.50647582
-13.37167215,15.77271575,-3.21191756
10.65497858,32.50963253,-1.99345329
-8.51621007,33.67928816,-3.12027428
-12.69944906,15.38115202,-3.12498360
10.51773147,14.04852135,-1.48702236
-12.07693284,14.99969450,-3.03884435
9.97295603,13.68274978,-1.49084968
11.76545388,31.51213955,-1.96941616
-9.82944663,33.23829740,-3.31118570
14.01706600,23.10762045,-2.27310779
-13.74331627,25.64717946,-3.30243135
9.47659129,13.31001150,-1.51625476
-11.50155265,14.62006958,-2.95776926
-10.46249131,32.75166161,-3.43316330
12.31741242,30.73802943,-2.05234497
8.68066809,13.06937581,-1.58877553
-10.50833773,14.36056087,-2.80012017
13.78082357,21.83066549,-2.36374167
-13.71582447,24.17814399,-3.52608430
-9.60203411,14.08255286,-2.65838846
7.93503207,12.82111458,-1.68949138
12.88755883,29.93325647,-2.17349177
-11.11315720,32.21984502,-3.55830121
7.21464221,12.56113824,-1.80395471
-8.76295232,13.76024554,-2.54877118
-13.71602395,22.68197204,-3.79201745
13.58561283,20.50662758,-2.44135096
6.49963058,12.28758160,-1.92163984
-7.97203505,13.38277755,-2.47756756
-11.82489352,31.67679214,-3.69348896
13.48687284,29.12813901,-2.33574337
-7.05327816,13.36809276,-2.37088229
5.69561762,12.37215378,-2.02647983
-6.16957746,13.31633976,-2.30138816
4.88649414,12.43273596,-2.11693349
-5.31080919,13.22209705,-2.26568853
4.06957655,12.46081329,-2.19063529
-4.46735232,13.08134559,-2.26077458
3.24247756,12.45040142,-2.25010619
2.28082127,12.66458758,-2.29205006
-3.46730670,13.16720432,-2.25732711
-2.48977687,13.19276780,-2.27080101
1.32291187,12.84363180,-2.31133774
13.50766024,19.12249991,-2.53724309
-13.95066653,21.17114862,-4.04892681
0.37128762,12.98718087,-2.31548923
-1.52869047,13.16557058,-2.29069071
-0.57750206,13.09317154,-2.31039389
14.12902701,28.36049282,-2.54155842
-12.64796165,31.15905852,-3.84735296
13.00134218,18.06825100,-2.59512769
-13.75423469,20.01136266,-4.13571039
14.20064399,27.33167123,-2.75017154
-12.87691520,30.21576887,-3.91535689
-13.72047609,18.85985248,-4.21802182
12.61331945,16.96978774,-2.66730317
-13.13940227,29.24080000,-4.00272811
14.25586440,26.34834654,-2.95808819
12.32352994,15.83905776,-2.74525653
-13.77749668,17.70501396,-4.31152925
-13.40666045,28.24598597,-4.11499120
14.29139359,25.40275962,-3.15583363
1.92777779,33.76477195,-3.45828785
0.45775612,33.39702823,-3.44735430
3.31779904,33.82626225,-3.44527773
12.10868995,14.69000107,-2.81924012
-13.85939930,16.55174964,-4.41685600
-1.03173793,33.22143237,-3.42738892
4.67183424,33.95332184,-3.42701094
5.98786393,34.06684069,-3.41816718
-2.55756653,33.25125825,-3.42619406
-4.12308447,33.45323638,-3.48085553
7.26847058,34.10526182,-3.42584812
-13.64052909,27.23876233,-4.25796291
14.30296198,24.47909200,-3.34047690
-13.15728829,16.11760636,-4.31739268
11.41152346,14.28018124,-2.76678991
-5.64454571,33.39551557,-3.60084151
8.39752814,33.62069260,-3.38804222
10.78172195,13.87445189,-2.72907881
-12.50869363,15.69697788,-4.22007664
-7.11073432,33.31297190,-3.79766616
9.50217465,32.99001481,-3.36527927
-11.90684588,15.28529183,-4.12938321
10.20511862,13.47633820,-2.71008746
14.10804213,23.26227947,-3.45392159
10.58972637,32.15853498,-3.37485124
-13.65246776,25.85702110,-4.38399613
-8.49005000,33.07422414,-4.04276457
9.66912614,13.09042235,-2.70690049
-11.34713906,14.87754282,-4.04447525
11.69335797,31.13838227,-3.45361261
-9.80472021,32.61252571,-4.29669786
-10.34812852,14.59926665,-3.84398118
8.77878210,12.88250200,-2.71726441
13.86039994,22.01602429,-3.54438564
-13.56808730,24.45432447,-4.56572571
-9.42833392,14.31889538,-3.66005529
7.94057890,12.70180346,-2.76331936
12.19746228,30.39558455,-3.55431748
-10.42121260,32.16723310,-4.42553214
-8.56946721,14.00733029,-3.50910556
7.13286400,12.53143312,-2.83002083
13.61521543,20.71680788,-3.62519622
-13.50508456,23.02097910,-4.78780077
12.72443991,29.64062810,-3.69385733
-11.07203211,31.70466501,-4.55823781
-7.75541383,13.64964867,-3.40363651
6.33846776,12.35614541,-2.91004524
-6.84492702,13.62586539,-3.24904891
5.49356829,12.49515207,-2.97196258
-5.96978183,13.56349119,-3.14406050
4.65879049,12.59603911,-3.03088704
3.83043390,12.64979792,-3.08544921
-5.12326753,13.45621636,-3.08715677
-4.29964441,13.29950497,-3.07260525
3.00590089,12.65241731,-3.13385611
-3.33819098,13.39156615,-3.05335266
2.08383737,12.88707430,-3.15514421
-13.63627993,21.55122249,-5.02356580
13.47231692,19.35093081,-3.72892765
-2.40795788,13.42082668,-3.06617774
1.17703543,13.07571225,-3.15752338
-11.78344103,31.24487782,-4.70370941
13.28252367,28.89853752,-3.87613309
-1.50103700,13.39398874,-3.09539254
0.28225040,13.21927156,-3.14746567
-0.60833893,13.31607143,-3.12802782
13.88102778,28.19803615,-4.10483010
-12.57966241,30.80498285,-4.87967423
12.98341788,18.28933755,-3.77977769
-13.40770939,20.40731104,-5.09027096
13.97624333,27.22995492,-4.22352338
-12.82918349,29.97246381,-4.94254605
12.63305935,17.17634239,-3.87910430
-13.36444969,19.25309987,-5.17246465
14.06522390,26.30725058,-4.35439149
-13.07451355,29.09893385,-5.03590360
-13.44350168,18.08118022,-5.28502759
12.39321925,16.03356579,-4.01397920
-13.29725348,28.19559378,-5.15990381
14.13788671,25.41938944,-4.49203038
-13.57557236,16.89875843,-5.42919218
12.22668371,14.89065745,-4.16006028
3.29933257,33.17037887,-4.60538757
1.93153773,33.09941944,-4.60740930
0.46036304,32.69470751,-4.53749563
11.54979752,14.44959163,-4.11644483
-12.90184786,16.45180295,-5.32771310
-1.03293605,32.51693526,-4.48921638
4.62327274,33.30662396,-4.61675755
-13.47611256,27.27145196,-5.31593725
14.18418849,24.54994733,-4.63257307
5.90658027,33.42483428,-4.65456120
-2.55350526,32.55369788,-4.49391478
10.92049912,14.03156128,-4.07861384
-12.28204583,16.02166780,-5.22925795
-4.08711173,32.72973705,-4.59065948
7.15260545,33.45510910,-4.73495786
-5.56275373,32.61828931,-4.72269633
8.24141628,32.96780979,-4.69219156
10.32711348,13.63976734,-4.04666697
-11.70558454,15.60296951,-5.13653328
14.03418901,23.38438114,-4.70530607
-13.44422047,25.98537338,-5.45187667
9.31313249,32.34334084,-4.68676387
-6.96540948,32.45599686,-4.94425656
-11.16568633,15.18982828,-5.05282254
9.76187983,13.27462770,-4.02344827
-10.15727927,14.93778384,-4.80922787
8.79572991,13.10305759,-3.96126046
10.38541904,31.53882624,-4.73876450
-8.30085898,32.16027017,-5.20911300
13.79641426,22.18713828,-4.76553136
-13.33138080,24.67702318,-5.62481398
-9.22441982,14.68907294,-4.58679302
7.88114143,12.97501146,-3.93505810
11.49913195,30.58270344,-4.90239998
-9.62713636,31.75074965,-5.50744313
-8.35343368,14.40980932,-4.40392410
7.00239477,12.86304463,-3.93770365
-13.23363983,23.33635274,-5.82664995
13.52196679,20.93735265,-4.81893120
6.14620623,12.74342424,-3.96395328
-7.52979251,14.08295781,-4.27112780
11.97304718,29.92815416,-5.02654804
-10.21872965,31.41374832,-5.65067473
-6.64050361,14.04919169,-4.08715514
5.27854363,12.87888089,-3.96963354
4.43141768,12.97311293,-3.98761266
-5.78771773,13.97039020,-3.96171422
3.60053175,13.01789925,-4.01451212
-4.96532062,13.84404045,-3.89276272
12.47533762,29.27870326,-5.19866183
-10.83120358,31.07731042,-5.82006013
2.78256856,13.01011927,-4.04702838
-4.16878350,13.66751640,-3.87614802
-13.28697346,21.94744980,-6.03894641
13.32065502,19.62311566,-4.89663741
-3.24974654,13.75400200,-3.84463750
1.89838728,13.24387519,-4.03618163
-2.36402903,13.77747664,-3.85959214
1.03454233,13.43046205,-4.01446840
0.18538006,13.56889220,-3.98385598
-1.50387882,13.74410263,-3.89892597
-0.65929620,13.65728978,-3.94818601
-11.47126813,30.74403546,-6.03153762
13.01404134,28.65716605,-5.42115465
12.84377500,18.60406044,-4.92140403
-13.02964691,20.85700673,-6.06841483
-12.14145146,30.40953937,-6.30371789
13.59644876,28.08807834,-5.69972406
-12.95867918,19.73460735,-6.12039983
12.51827343,17.53588613,-5.02402269
13.69652657,27.22652316,-5.79018582
-12.38756821,29.72392595,-6.35099707
-13.03375603,18.57632925,-6.20750405
12.31364895,16.44059444,-5.18854552
-12.61033794,28.98463188,-6.44977378
13.78997997,26.39635292,-5.91020766
12.18232015,15.35433285,-5.39021850
-13.19156689,17.39245334,-6.34290004
-12.80291721,28.20131787,-6.59373466
13.86522098,25.58582961,-6.05368266
-12.55053023,16.93679637,-6.22504933
11.53699333,14.92343950,-5.37435822
13.91191290,24.77891403,-6.21433928
-12.95994330,27.38202716,-6.77376615
-11.97126618,16.49540511,-6.11748473
10.92118517,14.52468356,-5.36450125
-11.43679591,16.06369869,-6.02335185
10.32227798,14.16332039,-5.35342763
13.76493674,23.62901769,-6.28219524
-12.95892123,26.20111193,-6.91943808
-10.93573011,15.63768679,-5.94425406
9.73627134,13.83734497,-5.34032226
8.71252522,13.71030543,-5.23455839
-9.95157163,15.37979583,-5.69312849
-12.89888932,24.98666874,-7.09302656
13.55154499,22.43398213,-6.31157339
-9.02581873,15.14470039,-5.45705925
7.73833549,13.62817139,-5.14575675
6.80617795,13.55688013,-5.07997803
-8.15217766,14.89869660,-5.25160040
13.31402296,21.19477492,-6.31345941
-12.84964063,23.73340085,-7.27878321
5.90720780,13.46936313,-5.04233020
-7.32327382,14.61539791,-5.09506793
5.03201189,13.58093372,-4.98610475
-6.45139883,14.59385391,-4.89849863
-5.62007585,14.51931885,-4.76758307
4.18529289,13.64857901,-4.95815035
3.36264898,13.66487350,-4.95438280
-4.82257683,14.39036736,-4.69827628
13.13314315,19.91596474,-6.34728369
-12.91157058,22.42201363,-7.46123616
-4.05396813,14.20716902,-4.68571100
2.56024945,13.62698165,-4.96909312
1.71661060,13.83983632,-4.92615446
-3.17691839,14.29644307,-4.65219383
-2.33403225,14.31974608,-4.67155473
0.89464403,14.00657989,-4.88165232
0.08741433,14.12579915,-4.83344766
-1.51694924,14.28443288,-4.72050445
-0.71586274,14.19590699,-4.78357618
12.71549843,18.96616140,-6.30012366
-12.64381048,21.41045925,-7.45658339
-12.52781379,20.35115273,-7.47528394
12.42393004,17.99940327,-6.37304280
-12.56606198,19.23306774,-7.52918992
12.24435825,17.03106295,-6.56154814
12.13295060,16.09821602,-6.84540590
-12.72060942,18.06104399,-7.64083351
11.48298302,15.74573565,-6.78322305
-12.03836878,17.61739296,-7.50799114
-11.45389615,17.17060345,-7.38469537
10.85697877,15.41099473,-6.75949636
-10.94198382,16.72206850,-7.26991109
10.23906011,15.09797633,-6.75539085
9.62024059,14.80670485,-6.75874395
-10.48085639,16.27301037,-7.16728083
-9.58086298,15.97543544,-6.83831950
8.53067032,14.67619631,-6.59354578
-8.72981319,15.69127139,-6.55903966
7.50364354,14.58647056,-6.44172481
6.53322648,14.50478983,-6.31334463
-7.90198370,15.40678760,-6.34070451
5.60889606,14.39854736,-6.22343656
-7.09754452,15.10625694,-6.17901069
4.74385930,14.45322016,-6.11963357
-6.25959981,15.04844033,-5.98683392
-5.45486561,14.95409512,-5.85425859
3.90930009,14.45204803,-6.07309095
3.10101548,14.38399743,-6.07844826
-4.68255871,14.81103651,-5.78376616
-3.94079590,14.61007968,-5.77782692
2.31610611,14.24907734,-6.12108486
1.52148909,14.39558512,-6.07099694
-3.10217273,14.70898730,-5.73348460
-2.30020417,14.73390622,-5.75525372
0.74751626,14.50318912,-6.02049361
-1.52651731,14.69628000,-5.81801955
-0.01318014,14.57445111,-5.96340790
-0.77147711,14.60788647,-5.90217423
0.94633881,32.41286618,1.83767603
-0.30135123,32.48982620,1.72024383
2.22253908,32.28720404,1.89100562
-1.52933905,32.56886755,1.65389111
3.51603189,32.18384057,1.97665646
4.80600551,32.10173111,2.06976430
-2.75489481,32.64789895,1.62122303
6.05787856,32.01334028,2.15999528
-3.98916165,32.72054989,1.60147574
-5.14591760,32.53611478,1.46608765
7.15219189,31.69830012,2.12959393
-6.31408560,32.29710009,1.34333860
8.18504055,31.30961894,2.10575730
-7.48000499,31.96857000,1.27091844
9.15147862,30.81023878,2.09768896
10.04871300,30.17088101,2.11792623
-8.62629029,31.51495670,1.27558695
10.70101404,29.59942611,2.04246945
-9.44978665,31.07141530,1.21949243
-10.27344479,30.56466791,1.21230729
11.32750195,28.94378223,1.99716714
11.93597258,28.22245042,1.98188090
-11.11875388,30.02109518,1.24124335
-12.00776232,29.47174092,1.29944562
12.54336098,27.46047044,1.99024985
12.62360674,26.56313426,1.86460020
-12.23085669,28.61687867,1.21125147
-12.45012583,27.72249360,1.12658485
12.66783525,25.63761464,1.76842427
-12.66654130,26.78464091,1.02052679
12.70200649,24.70432017,1.68426968
-12.87975749,25.79295076,0.85610871
12.73927424,23.76898315,1.59088063
-13.01887842,24.39099349,0.73302560
12.65740376,22.56966693,1.63817328
-13.20115155,22.90631677,0.50061954
12.60283181,21.35464107,1.62267731
-13.52233281,21.37675692,0.28189110
12.59267111,20.10767693,1.58097532
12.67665283,18.81505680,1.56384150
-14.11456381,19.84957543,0.26015280
12.13296528,17.92635218,1.48344486
-13.97659540,18.77468496,0.22270301
11.70177538,17.00130638,1.47334998
-13.92676151,17.75126383,0.23878326
11.36906472,16.00822784,1.50005449
-13.93048741,16.74470631,0.26093774
11.12493878,14.91406313,1.52391887
-13.96988310,15.71450241,0.25848949
-13.30083944,15.50742007,0.34899505
10.53338313,14.63396866,1.50814711
10.01981145,14.30837646,1.47555401
-12.68590852,15.28303972,0.42326482
-12.12438233,15.02985413,0.48242227
9.56470532,13.94427786,1.42761763
9.15280853,13.54935494,1.36729105
-11.61204393,14.73954797,0.52888663
-10.79044136,14.53928376,0.58388241
8.53570720,13.25911660,1.26232817
-10.04765234,14.25682227,0.62240811
7.96153913,12.93706580,1.14307076
7.41168956,12.58576157,1.01616323
-9.35491061,13.89209404,0.63946496
-8.68843395,13.44501515,0.63238851
6.87147332,12.20725434,0.88961986
-5.29357985,13.22670431,0.68594883
-4.16990905,13.28861168,0.64899386
3.03966455,12.55827936,0.56288421
4.05004081,12.36449323,0.60471964
4.81630426,12.37744583,0.64182440
-6.17366480,13.34059069,0.69152020
1.93599029,12.73837369,0.55210738
-2.98061505,13.28429806,0.61497440
-1.73888649,13.21545317,0.58559189
0.75344404,12.92098839,0.55439004
-0.48211443,13.10416891,0.56234158
5.53292378,12.35543914,0.70455435
-7.01983409,13.41315338,0.68459995
-7.85099751,13.44860124,0.66384447
6.21358010,12.29839962,0.78861461
3.24343996,32.89207486,-5.72878526
1.87233092,32.84199161,-5.74295461
0.40037641,32.44257142,-5.63960114
-1.07842721,32.25619374,-5.60657601
4.57820615,33.00596830,-5.76407011
5.88116554,33.10648503,-5.83512080
-2.56673121,32.25034020,-5.68916554
7.15352147,33.12650394,-5.93876372
-4.04594178,32.33749735,-5.91764442
8.24998206,32.64030628,-5.84814118
-5.46081635,32.12938861,-6.04040172
9.33373552,32.03225935,-5.79809214
-6.81188661,31.90562834,-6.23539912
10.43210466,31.27144879,-5.81859872
-8.11744138,31.63993499,-6.45747246
-9.41733983,31.34905259,-6.72954387
11.60070537,30.39963612,-5.98378694
-9.96660278,31.09853334,-6.85372730
12.09083596,29.82581366,-6.11204383
-10.52407024,30.84129911,-7.00759735
12.61810827,29.26984250,-6.29674772
-11.09557874,30.56998296,-7.19645995
13.18508438,28.75022979,-6.53900100
13.78131307,28.27976759,-6.83745190
-11.69102554,30.27298241,-7.41991921
-11.93281004,29.66295886,-7.43325575
13.86761123,27.50102923,-6.96240419
-12.15892812,28.99563711,-7.49525933
13.92948446,26.73458486,-7.13441367
-12.36714600,28.27568660,-7.60101602
13.95645605,25.96667719,-7.34429353
-12.55920980,27.50755859,-7.74268573
13.94068152,25.17741982,-7.57821305
-12.63721637,26.38727880,-7.87753505
13.71185252,24.00030460,-7.75517958
-12.68417624,25.21242818,-8.04943985
13.45823587,22.74293489,-7.85937233
-12.75125597,23.98308600,-8.23884638
13.24015385,21.43163576,-7.89494291
-12.91073569,22.68384381,-8.42815208
13.11994392,20.10955235,-7.94945559
12.79177723,19.17856985,-7.87379333
-12.68060598,21.71690741,-8.44216292
-12.56397055,20.69235630,-8.46965167
12.55606758,18.29442190,-7.94828249
-12.58162213,19.59937439,-8.52404311
12.40715138,17.46100271,-8.17195975
-12.71507060,18.44116108,-8.62134534
12.30834232,16.67885657,-8.47156591
11.62969665,16.43020125,-8.36483665
-11.94787680,18.03316195,-8.48096559
-11.28062226,17.60498882,-8.36052409
10.96039993,16.17960290,-8.29938568
-10.70070311,17.15843817,-8.25949643
10.29471883,15.92686234,-8.25927405
-10.19091694,16.69620784,-8.17758427
9.62438035,15.66908907,-8.22996217
-9.22804564,16.35052433,-7.89575782
8.42029765,15.48817612,-7.95148450
7.30676572,15.30018553,-7.69297546
-8.39171201,15.99726538,-7.63350790
-7.61422990,15.63733399,-7.40759580
6.28172948,15.10257931,-7.48043782
5.32684957,14.88197448,-7.33262948
-6.86254285,15.26276002,-7.23899975
4.46042756,14.81792584,-7.19365522
-6.08465578,15.11649556,-7.05526083
3.63176169,14.71018736,-7.13681678
-5.32576549,14.94098055,-6.94367647
-4.58947972,14.72452200,-6.90539470
2.83341404,14.54009380,-7.15167880
-3.87969241,14.45671443,-6.93955353
2.06319196,14.30349377,-7.21395100
1.30629734,14.37407176,-7.17549653
-3.08188556,14.52013681,-6.89755131
0.57046712,14.41328197,-7.14238283
-2.31903301,14.52647021,-6.92156693
-1.58514179,14.48714005,-6.98356927
-0.15163888,14.42606121,-7.10442815
-0.87125898,14.41310797,-7.06135072
