-0.63408769,21.07568826,1.68693502
-1.07442062,21.01569275,1.69314678
-0.61784405,20.86959364,1.77172229
-1.07385641,20.80571599,1.78145036
-1.51605469,20.93997958,1.72813244
-1.53088127,20.72735854,1.82209460
-1.97651797,20.84349758,1.78102573
-2.00683964,20.62769014,1.88250930
-2.47478852,20.72329791,1.84613771
-2.52056746,20.50531995,1.95727375
-2.34843643,32.19448979,2.96410070
-1.70962423,32.18578129,2.98219130
-2.36498401,32.21949432,3.06570307
-1.71908254,32.21326582,3.08218925
-1.12137322,32.22556514,3.01261563
-1.12375955,32.25225251,3.11119688
-0.55812794,32.30986550,3.05137635
-0.55409137,32.33453352,3.14934148
0.00775065,32.42940450,3.09529205
0.01746849,32.45240822,3.19281861
-2.85699048,20.78804572,1.92137543
-2.91417395,20.57824402,2.03938432
-3.24533815,20.87373436,2.00213390
-3.31298248,20.67408664,2.12672200
-3.67463510,20.95336613,2.07454632
-3.75391570,20.76222274,2.20560539
-4.19642180,20.99219920,2.12189067
-4.29069198,20.80454501,2.26007665
-4.48255971,30.50874783,2.82191419
-3.81383223,30.79956380,2.80591911
-4.53090695,30.52811592,2.93462465
-3.85004577,30.81880835,2.91324540
-3.25691981,31.19132508,2.83488451
-3.28436081,31.21178795,2.93894897
-2.78087918,31.66549053,2.89201354
-2.80163922,31.68727878,2.99408230
-4.54909928,21.26081789,2.18462068
-4.65121706,21.08932985,2.32664243
-5.03586480,21.45329238,2.23161444
-5.15135892,21.29003197,2.38060925
-5.65475020,21.61287966,2.29248827
-5.79254524,21.45124830,2.45223769
-6.41078190,21.77338497,2.39177902
-6.57817622,21.61112843,2.56388950
-6.85233221,22.02173542,2.47211470
-7.02799973,21.87151716,2.65026617
-7.44809798,22.23645586,2.59192621
-7.63316183,22.09723951,2.77486500
-8.23092462,22.41628094,2.77132260
-8.42567420,22.28805679,2.95609299
-9.17091190,22.59805902,2.99996227
-9.37263615,22.48267833,3.18057674
-7.64975206,30.19212809,3.13318694
-6.54624001,30.03005063,2.95850865
-7.74770264,30.21243919,3.26278733
-6.62906760,30.04971791,3.08499517
-5.65772332,30.01206069,2.84450120
-5.72570399,30.02931609,2.96545080
-4.98338439,30.17577199,2.80481171
-5.03895644,30.19198634,2.92102962
-8.99937030,23.32109146,3.03434999
-9.19769446,23.23456283,3.21638294
-9.05926706,23.96583394,3.07841966
-9.25612604,23.90604096,3.25752759
-9.36812957,24.61018231,3.15894357
-9.57199031,24.57463683,3.33249958
-9.95126254,25.33120597,3.28360071
-10.16766080,25.31887357,3.44754827
-9.03484179,25.79263332,3.05639486
-9.22803516,25.79883548,3.22490899
-8.39911884,26.23804046,2.86914160
-8.57360678,26.25703934,3.03488249
-7.98608618,26.74738457,2.74778381
-8.15022615,26.77874923,2.90808626
-7.72963390,27.36103529,2.69079090
-7.88932152,27.40608692,2.84567692
-7.49325617,27.83749134,2.73189982
-7.64074966,27.88432707,2.88185512
-7.36092449,28.42578450,2.81441116
-7.49542902,28.47066479,2.95880711
-7.40255419,29.20094559,2.95153586
-7.52017045,29.23665121,3.08864122
-0.64666224,21.29256228,1.61659660
-1.06642074,21.25166541,1.63160082
-1.49064391,21.18089921,1.66151712
-1.93694293,21.08195462,1.70259524
-2.42528853,20.95433583,1.75282228
-2.33610107,32.17989429,2.85528221
-1.70552216,32.16897216,2.87701710
-1.12478504,32.21387536,2.90946474
-0.56640429,32.30242505,2.94892601
-0.00607932,32.42444012,2.99303953
-2.78313260,21.02854593,1.82202756
-3.16887606,21.09149714,1.88637448
-3.59712736,21.14852980,1.94231235
-4.08568968,21.20158044,1.98859853
-4.43653818,30.49326745,2.70465763
-3.77240137,30.77439601,2.69848003
-3.23081745,31.17337436,2.73077439
-2.76379713,31.65118087,2.78525213
-4.46210575,21.41816606,2.04325001
-4.91552794,21.62425339,2.08501503
-5.48010055,21.81930589,2.12711058
-6.20261689,21.98867514,2.20820393
-6.65277433,22.19965966,2.29176707
-7.20733318,22.39764608,2.40910980
-7.88674164,22.59206107,2.56871641
-8.71498948,22.79756082,2.77285747
-7.39538342,30.02486277,2.96133312
-6.36862618,29.91135409,2.80306151
-5.56032776,29.96091664,2.71213340
-4.93246377,30.16389105,2.68447193
-8.66706697,23.43658324,2.82118489
-8.80135818,24.03079152,2.88658807
-9.11601633,24.64301857,2.97625687
-9.61929248,25.32845491,3.09524910
-8.76291059,25.76651556,2.86391158
-8.11704823,26.17885577,2.67200490
-7.67201509,26.64116752,2.54496590
-7.42292855,27.22021683,2.49473827
-7.22508585,27.70201285,2.55053903
-7.15868558,28.32584999,2.65484283
-7.22009326,29.10456654,2.79722467
-0.14968763,20.86595160,1.79044643
-0.18220243,21.07053931,1.70578496
0.34383473,20.85508302,1.83290424
0.29473953,21.05858403,1.74609350
0.87663874,20.83006666,1.88840869
0.81041514,21.03260958,1.79644393
1.46430326,20.79106795,1.95021288
1.38042235,20.99335669,1.85028598
2.64622185,32.28485250,3.20634718
1.91867724,32.27983599,3.19383150
2.61237182,32.27533461,3.10988932
1.89063083,32.26554693,3.09765422
1.25328536,32.30495806,3.19125226
1.23133944,32.28720686,3.09481794
0.62816904,32.36290485,3.19168610
0.61229745,32.34249883,3.09497311
1.93962171,20.91944525,2.03576116
1.84418879,21.11362646,1.92798475
2.42832468,21.07292578,2.13089335
2.32231748,21.25885140,2.01385566
2.95900923,21.23210625,2.21934614
2.84181718,21.41144530,2.09267630
3.57533065,21.36365401,2.29175515
3.44457145,21.53961278,2.15473526
5.51572333,31.08810062,3.10805592
4.72341373,31.23241226,3.07688245
5.45986845,31.09110135,3.01003344
4.67342746,31.23684954,2.98110352
3.98863732,31.48550690,3.09281956
3.94404838,31.48783887,2.99805957
3.30395306,31.84021170,3.14100185
3.26482587,31.83787845,3.04589656
4.01736296,21.73863481,2.39501764
3.88178753,21.90300936,2.24865296
4.57360831,22.06236508,2.50124000
4.42884601,22.22072209,2.34377173
5.22525924,22.38648618,2.63901043
5.06478726,22.54147246,2.46945687
5.94735236,22.77417054,2.80020717
5.76687239,22.92525767,2.61888165
6.32100001,23.23771590,2.88074226
6.14059594,23.37571571,2.69696261
6.81154284,23.69381138,2.98349988
6.62794667,23.82010478,2.79804922
7.46093109,24.11750077,3.12884184
7.26985384,24.23379097,2.94379642
8.27578749,24.50233608,3.31447118
8.07125298,24.61260332,3.13230070
8.37433258,31.18578803,3.36212126
7.51020103,30.99421493,3.23173018
8.29457013,31.17833041,3.26053728
7.43877051,30.99038522,3.13043455
6.74849122,30.89946925,3.13749398
6.68440268,30.89981918,3.03777941
6.08784026,30.92885212,3.09748391
6.02898846,30.93213643,2.99932562
8.14596286,25.33722481,3.25727241
7.96062833,25.42379707,3.08334077
8.30444595,26.03368701,3.25214588
8.12847124,26.10135909,3.08757284
8.73034260,26.64395398,3.31105503
8.55029548,26.69691638,3.15339823
9.43008392,27.21997987,3.43592216
9.23248559,27.26026120,3.28316508
8.85006714,27.71426132,3.22823652
8.69105667,27.74061295,3.08704612
8.55373955,28.16720086,3.08630591
8.41686999,28.18503140,2.95596031
8.43259674,28.63136695,3.00390226
8.30492449,28.64072836,2.88100700
8.39621748,29.13217308,2.96914150
8.27154300,29.13057523,2.85065685
8.29992777,29.49468458,3.00594752
8.18438647,29.48857582,2.89089667
8.23854933,29.90888689,3.07343444
8.13310055,29.89915151,2.96208513
8.25765893,30.44569347,3.18996080
8.16431194,30.43481021,3.08299498
-0.21035708,21.30173975,1.64881042
0.24828782,21.28826522,1.68840047
0.74579073,21.25601380,1.73017339
1.30129647,21.20654097,1.77033069
2.57675687,32.27681262,3.00747573
1.86210051,32.26132162,2.99663900
1.20821878,32.28369842,2.99463453
0.59293221,32.33853931,2.99439493
1.74046045,21.33578984,1.84203299
2.21104333,21.46326812,1.90693669
2.72563331,21.59594117,1.96548836
3.29904284,21.73764791,2.02400739
5.40270881,31.09706838,2.90835430
4.61676200,31.23623632,2.88453508
3.89771118,31.49195152,2.90228702
3.22494506,31.84330744,2.94687404
3.76044731,22.05419741,2.10481797
4.27881305,22.39013543,2.18847972
4.86838793,22.75017246,2.29071135
5.54863171,23.13898763,2.42436448
5.94060101,23.54713766,2.51092637
6.40236966,23.96452279,2.61330399
6.95908892,24.38368289,2.73911437
7.65244020,24.78893916,2.89814152
8.10397573,31.05001606,3.12079989
7.29912897,30.91177385,3.00168972
6.59692411,30.87694083,2.92679004
5.97178257,30.94008221,2.89733981
7.67228032,25.53408389,2.88253818
7.91114851,26.17373246,2.91552035
8.33835422,26.74988498,2.99161266
8.94600384,27.29943996,3.11086115
8.47477760,27.76139817,2.92986367
8.19859891,28.18649248,2.80395169
8.06105319,28.61426015,2.72819914
8.03281019,29.07894573,2.70276417
7.97675327,29.43366489,2.75240126
7.97656648,29.85676879,2.83773964
8.02368474,30.38294233,2.96126727
-0.57261600,31.96072438,2.42548170
-0.04656768,32.09762866,2.46815026
-0.59542675,31.74441032,2.08017322
-0.09057775,31.89118282,2.12158105
0.51571499,32.03211070,2.47537411
0.44884639,31.84103034,2.13294153
-1.09437040,31.85932300,2.38451521
-1.09453140,31.63395454,2.03832693
1.09609432,32.00016978,2.47911930
1.00757873,31.82551973,2.13926132
-1.63470959,31.80436403,2.34770600
-1.60968570,31.57097704,1.99828900
1.71632174,32.00094862,2.48161752
1.60685850,31.84261263,2.14201773
-2.21951608,31.80844900,2.31753718
-2.16568218,31.56876164,1.96213905
2.39865661,32.03589821,2.48883838
2.26895150,31.89185196,2.14650118
-2.61654962,31.26845695,2.24831507
-2.54556804,31.02717950,1.89455986
3.01415628,31.63628658,2.43686327
2.86449423,31.51816518,2.10141498
-3.04949192,30.78542039,2.18887183
-2.95954107,30.54927152,1.83311723
3.65840661,31.31596809,2.39674324
3.49184866,31.22142857,2.06517381
-3.55108479,30.38951371,2.14482075
-3.43834891,30.16222746,1.78245253
4.35355541,31.08149027,2.37785260
4.17327429,31.00438262,2.04557588
-4.16444256,30.11364915,2.12951001
-4.02169072,29.89379386,1.75434972
5.11836578,30.94556805,2.39391994
4.92657251,30.87457399,2.05561420
-4.62870878,29.79785088,2.09905374
-4.46748121,29.59127511,1.71830637
5.67516362,30.79319495,2.38604319
5.47768376,30.72729375,2.04876159
-5.21466267,29.60304513,2.10989371
-5.02701003,29.40272854,1.71724589
6.28617261,30.72243271,2.41477204
6.08138952,30.65284293,2.07435591
-5.97247709,29.55618701,2.18306522
-5.74908733,29.35358368,1.77401063
6.97100044,30.74054840,2.48981922
6.75561356,30.65957745,2.14492912
-6.94988710,29.67491397,2.33159163
-6.68638492,29.46654404,1.90673961
7.75424872,30.85523709,2.61440933
7.52437773,30.75663032,2.26695980
-6.80812112,28.80495638,2.18352391
-6.57297716,28.64061395,1.77574781
7.68398605,30.25954430,2.47585430
7.46489331,30.20706597,2.14656935
-6.78261123,28.08872543,2.06157999
-6.57356070,27.97014323,1.67105474
7.65137917,29.79006283,2.37473726
7.44480795,29.77120286,2.06264210
-6.87922326,27.52596936,1.97764462
-6.69004472,27.44735841,1.60231097
7.66654693,29.40711266,2.30944571
7.47160437,29.41127120,2.01146189
-7.09698555,27.09438427,1.93887582
-6.91906587,27.04545629,1.57430346
7.73516725,29.08046669,2.27550037
7.54940639,29.10014762,1.98780192
-7.34429304,26.56324998,1.97901268
-7.16628898,26.54326069,1.60801971
7.76481190,28.64384673,2.29679989
7.58264021,28.68052807,2.00702501
-7.77032119,26.13646668,2.09150452
-7.57898358,26.13694337,1.70630635
7.89345272,28.23710975,2.35877897
7.70838279,28.28711126,2.05996480
-8.38734861,25.75532734,2.27195463
-8.17214853,25.77276216,1.87008346
8.14608185,27.83161813,2.46136844
7.94922399,27.89376809,2.14670724
-9.21450100,25.35112698,2.50448467
-8.97182187,25.38692804,2.09119013
8.57263822,27.39249861,2.61151572
8.35048771,27.46874115,2.27406592
-8.74595697,24.72359653,2.37822228
-8.52821216,24.79695290,1.96444222
8.00305430,26.87079573,2.48759218
7.80815133,26.96526862,2.15043392
-8.46117490,24.16312481,2.28818257
-8.26291786,24.26926297,1.87588804
7.59968029,26.32075780,2.40357855
7.42065725,26.43252399,2.06156881
-8.35085974,23.61502242,2.22687654
-8.16701740,23.75010290,1.81672399
7.36974345,25.70784172,2.35863208
7.19515834,25.83761918,2.00671464
-8.41815077,23.01696311,2.18679297
-8.24394798,23.17870669,1.77970311
7.34535795,24.99101342,2.36002161
7.16437807,25.14015398,1.99451246
-7.63075548,22.83691944,1.99171778
-7.48578372,23.01346280,1.59570795
6.68639474,24.60070604,2.20749586
6.52564601,24.76085309,1.84894128
-6.98803736,22.66217439,1.84780166
-6.86750855,22.85036582,1.46457062
6.14992359,24.19899309,2.08868089
6.00010065,24.37102545,1.73577967
-6.46473908,22.47997828,1.74815549
-6.36404305,22.67802235,1.37728604
5.70014710,23.79939337,1.99365565
5.55567705,23.98358170,1.64542801
-6.04047429,22.28302645,1.68202005
-5.95539197,22.49004725,1.32221905
5.31546502,23.40859437,1.91458181
5.17327140,23.60433501,1.57064199
-5.35486579,22.12522629,1.62668590
-5.29216538,22.34000023,1.28272891
4.65083431,23.03679437,1.79973081
4.51616421,23.24323561,1.46766346
-1.13282017,21.58866739,1.25291744
-0.72509146,21.62572250,1.24266057
-1.18536188,21.82431255,0.98556811
-0.78470487,21.85879766,0.97878431
-4.81841935,21.94176123,1.60508942
-4.77222978,22.16501599,1.27248431
-0.30105756,21.63653915,1.27233083
-0.36794643,21.87116345,1.00676176
4.07333697,22.69102085,1.71590196
3.94391531,22.90637247,1.39436842
-1.54348444,21.52321783,1.27618835
-1.58796269,21.76250572,1.00379141
-4.38736309,21.74739124,1.57981265
-4.35433885,21.97890230,1.25646341
0.14465077,21.62595712,1.30766180
0.07007967,21.86296847,1.03925217
3.56539798,22.36750868,1.64939884
3.44024945,22.59095721,1.33715399
-1.97389538,21.43066614,1.30862763
-2.00870487,21.67469195,1.02999648
-4.02975743,21.54230031,1.53955393
-4.00760261,21.78190467,1.22451322
0.62780434,21.59742080,1.34319844
0.54471514,21.83748255,1.07069888
3.11355404,22.06285894,1.58375256
2.99249020,22.29421380,1.27966581
-2.44304449,21.31059577,1.34829514
-2.46603757,21.56001893,1.06200273
-3.56336039,21.49353363,1.50669199
-3.55483115,21.73591302,1.20012747
1.16695037,21.55235238,1.37496190
1.07413119,21.79613696,1.09689040
2.55453545,21.92633099,1.54007696
2.44130306,22.16068888,1.24465961
-2.78573807,21.38096587,1.40848487
-2.79948568,21.62801235,1.11611412
-3.15441433,21.44051114,1.46238450
-3.15775681,21.68514605,1.16337459
1.59470986,21.67627477,1.43849142
1.49544692,21.91667967,1.15565169
2.05303373,21.79874694,1.49334143
1.94703767,22.03615646,1.20479923
-0.64446629,31.51728219,1.67528421
-0.16234285,31.67442423,1.71532363
0.35247779,31.64270002,1.73186081
-1.11929309,31.39691681,1.63246964
0.88798893,31.64648268,1.74112032
-1.60731768,31.32445586,1.58857149
1.46473692,31.68234884,1.74439410
-2.13192726,31.31362704,1.54548371
2.10486717,31.74840108,1.74564162
-2.49536431,30.78053753,1.48083315
2.67958020,31.40711023,1.70997543
-2.89074115,30.31699849,1.41813217
3.28967475,31.13952015,1.67865150
-3.34665771,29.94585870,1.36166999
3.95761286,30.94486237,1.65861885
-3.89903908,29.68865783,1.32089138
4.70028302,30.82563306,1.66106596
-4.32548668,29.40311372,1.27977570
5.24744762,30.68569215,1.65465388
-4.85676182,29.22213718,1.26607546
5.84538502,30.60871079,1.67538436
-5.53804295,29.16790272,1.30175142
6.50929021,30.60342686,1.73695527
-6.42432210,29.26596522,1.40914702
7.26165109,30.67941030,1.84967180
-6.34710725,28.49770740,1.30293162
7.21836703,30.17948592,1.75408247
-6.37809622,27.88109045,1.22109181
7.21505270,29.77800841,1.69168623
-6.51572401,27.40093121,1.17062839
7.25635569,29.44083589,1.65703285
-6.75551816,27.02804745,1.15462859
7.34593796,29.14514697,1.64491152
-7.00359910,26.55600682,1.18176541
7.38578596,28.74376505,1.66210221
-7.40250002,26.17020519,1.26235803
7.51135613,28.36507629,1.70487343
-7.96743691,25.82233620,1.39968348
7.74265528,27.98551846,1.77294164
-8.72816410,25.45430697,1.59375579
8.12002868,27.57631889,1.87257499
-8.31443540,24.90570131,1.47015481
7.61130322,27.09334568,1.75374453
-8.07073425,24.41314621,1.38397020
7.24357257,26.58074293,1.66173885
-7.98881864,23.92555134,1.32586659
7.02367715,26.00717566,1.59458124
-8.07362412,23.38389100,1.28892509
6.98298389,25.33289291,1.56202590
-7.35030069,23.23383028,1.12245700
6.36443835,24.96737488,1.42670730
-6.75986741,23.08268700,1.00816449
5.84823606,24.59208302,1.32059008
-6.27790241,22.92113441,0.93507791
5.40701048,24.21863438,1.23505332
-5.88546236,22.74360950,0.89128693
5.02443051,23.85267005,1.16384316
-5.24564363,22.60332714,0.86789843
4.37224117,23.50351535,1.07335569
-1.25811743,22.11337043,0.65349207
-0.86444897,22.14512234,0.65112425
-4.74251037,22.43863180,0.86837745
-0.45498290,22.15962209,0.67737518
3.80248243,23.17643959,1.00998882
-1.65247475,22.05585643,0.66566467
-4.33770644,22.26297848,0.86109518
-0.02456661,22.15485586,0.70656131
3.30053205,22.87023487,0.96101629
-2.06314815,21.97380543,0.68414521
-4.00181378,22.07600969,0.83701403
0.44154580,22.13373350,0.73337000
2.85462858,22.58269709,0.91029484
-2.50785433,21.86583227,0.70648380
-3.56351799,22.03331525,0.82181712
0.96116860,22.09747032,0.75335403
2.31010497,22.45235984,0.88381400
-2.83162582,21.93115501,0.75379776
-3.17897472,21.98554725,0.79334345
1.37658045,22.21462962,0.80735900
1.82210585,22.33093224,0.85072038
-0.73442012,31.32335624,1.20977584
-0.27438310,31.48867036,1.24853592
0.21658328,31.47598061,1.27103617
-1.18563224,31.19524552,1.16554777
0.72967812,31.49894075,1.28409409
-1.64705765,31.11416017,1.11744772
1.28466720,31.55338457,1.28825841
-2.14037473,31.09317581,1.06670859
1.90335275,31.63642568,1.28637407
-2.48980478,30.58165259,1.00659370
2.45879215,31.33194585,1.26206016
-2.86887699,30.14281259,0.94470734
3.05376284,31.09689046,1.23739533
-3.30369627,29.79366903,0.88419018
3.71057159,30.92768040,1.21758911
-3.82660506,29.54981013,0.83229192
4.44552091,30.82296726,1.21210348
-4.23435460,29.28315645,0.78802554
4.99229876,30.69251591,1.20554137
-4.73764956,29.10940538,0.76296686
5.58770467,30.61491681,1.21976694
-5.37697542,29.04690800,0.77565655
6.24368705,30.59790121,1.26799613
-6.20610439,29.12136214,0.84966078
6.97979754,30.65189371,1.36400107
-6.16939882,28.41913265,0.77589438
6.95848795,30.19960154,1.29893820
-6.23132438,27.85741409,0.72131450
6.97565380,29.82935783,1.26144936
-6.38864756,27.41645909,0.69129815
7.03453606,29.51252059,1.24491898
-6.63690652,27.06779764,0.68739763
7.13804830,29.23028633,1.24445867
-6.88710857,26.62357209,0.70871569
7.18876773,28.84756568,1.25992383
-7.27336480,26.25596459,0.76979703
7.31849613,28.48437125,1.29155391
-7.81058334,25.92188477,0.87476909
7.54511326,28.11979899,1.33895766
-8.52771722,25.56905358,1.02678371
7.90398588,27.72713565,1.40703680
-8.14684887,25.06103631,0.91073380
7.43408116,27.26656128,1.29820745
-7.92413663,24.60273373,0.82645568
7.09026797,26.77626257,1.20690420
-7.85414087,24.14608746,0.76548775
6.87890114,26.22625003,1.12947619
-7.94191202,23.63506670,0.72252607
6.82840239,25.57837780,1.07285835
-7.25705790,23.49875863,0.58068673
6.22755320,25.22986331,0.95150130
-6.69559954,23.35931232,0.48625606
5.71737298,24.87150478,0.85364038
-6.23477839,23.20885852,0.42764326
5.27541348,24.51364856,0.77222929
-5.85717917,23.04311384,0.39371219
4.88822016,24.16229212,0.70249767
-5.23930438,22.91470271,0.38440539
4.23523439,23.82556254,0.62248665
-1.35978052,22.45863633,0.25052854
-0.97173150,22.48785596,0.25327425
-4.75102997,22.76314080,0.39263550
-0.56822870,22.50573966,0.27759314
3.66202692,23.50877871,0.56613924
-1.74705194,22.40563096,0.25538701
-4.35758097,22.59997812,0.39158052
-0.14393252,22.50556848,0.30321543
3.15638717,23.21217472,0.52165767
-2.14858336,22.32975489,0.26430184
-4.03088315,22.42500255,0.37361630
0.31542070,22.49029068,0.32496436
2.70770816,22.93416277,0.47472682
-2.58124284,22.22951065,0.27546566
-3.60622819,22.38691345,0.36707718
0.82721279,22.46085469,0.33846393
2.16596933,22.80712679,0.45482549
-2.89624210,22.29141707,0.31545962
-3.23339727,22.34280874,0.34713225
1.23900137,22.57487282,0.38834108
1.68108287,22.68849170,0.42714442
-0.88380044,31.24763835,0.67631807
-0.44126699,31.41460484,0.71437442
0.03087709,31.41620234,0.74391329
-1.31595109,31.11681655,0.63033290
0.52677573,31.45274163,0.76174218
-1.75542245,31.03021818,0.57790096
1.06522879,31.52044334,0.76767697
-2.22189009,30.99908925,0.51965105
1.66747219,31.61559917,0.76355341
-2.56223567,30.52054024,0.46644840
2.20962278,31.34597144,0.75261545
-2.92940360,30.11234156,0.40801019
2.79553914,31.14114982,0.73621531
-3.34755703,29.78665674,0.34618009
3.44715958,30.99612024,0.71800282
-3.84596194,29.55562173,0.28641061
4.18040890,30.90677283,0.70538566
-4.23725431,29.30451477,0.24226961
4.73218109,30.78546688,0.69915671
-4.71571191,29.13428835,0.20914361
5.33055317,30.70825697,0.70673190
-5.31744959,29.05985773,0.20121669
5.98372519,30.68097619,0.73955748
-6.09157776,29.10419795,0.23956257
6.70690463,30.71398356,0.81275789
-6.09333609,28.46421847,0.20341804
6.71151032,30.29959556,0.78160509
-6.18210522,27.94803570,0.17944631
6.75191914,29.95299373,0.76990041
-6.35442713,27.53474632,0.17072493
6.83042423,29.65066390,0.77159514
-6.60746826,27.19987855,0.17852495
6.94970042,29.37754314,0.78265974
-6.86131198,26.77640361,0.19577199
7.01650315,29.01216084,0.79658879
-7.23793287,26.42040896,0.23796163
7.15665058,28.66408333,0.81699442
-7.75183330,26.09391145,0.30900068
7.38640769,28.31412251,0.84301121
-8.42968944,25.74989637,0.41239645
7.73688518,27.93748068,0.87742104
-8.08276312,25.27467767,0.31253157
7.30878730,27.49972218,0.78419992
-7.88070791,24.84305760,0.23224056
6.99177470,27.03261563,0.69832984
-7.82039644,24.41113925,0.16479696
6.79204820,26.50728110,0.61492189
-7.90559796,23.92637253,0.10687787
6.73489731,25.88613741,0.53707070
-7.25782148,23.80084079,-0.00474859
6.14734970,25.55739843,0.43527210
-6.72204906,23.67171339,-0.07840563
5.63923591,25.21754490,0.34926860
-6.27838556,23.53235458,-0.12462141
5.19230094,24.87628962,0.27345444
-5.91189306,23.37865012,-0.15233083
4.79604267,24.53917014,0.20457755
-5.31072108,23.26506362,-0.15324899
4.13360398,24.21468753,0.13296513
-1.50297519,22.85557500,-0.22258816
-1.11678969,22.88335033,-0.21418456
-4.83256259,23.12923836,-0.14315877
-0.71558122,22.90626353,-0.19187337
3.54764708,23.90757629,0.07813261
-1.88670767,22.80613678,-0.22607279
-4.44596360,22.98087428,-0.14290246
-0.29313222,22.91264294,-0.17004093
3.02891419,23.61984672,0.03156336
-2.28237933,22.73574926,-0.22737877
-4.12414831,22.81927872,-0.15857983
0.16440796,22.90497857,-0.15322218
2.56889739,23.35035631,-0.01783976
-2.70614195,22.64238776,-0.22880570
-3.70991619,22.78743901,-0.15823598
0.67418877,22.88385439,-0.14574970
2.02168418,23.22555827,-0.03540107
-3.01542044,22.70056298,-0.19557009
-3.34559818,22.74800663,-0.17108741
1.08772841,22.99662589,-0.09797986
1.53266996,23.10877033,-0.06127170
-1.11482293,31.43121841,0.04213983
-0.67816454,31.59082163,0.08034337
-0.21261854,31.59659988,0.11833786
-1.53913299,31.30408666,-0.00580011
0.27904057,31.63423064,0.14278858
-1.96769266,31.21595810,-0.06269630
0.81457418,31.70152424,0.15264419
-2.41843750,31.17637909,-0.12833042
1.41435494,31.79610556,0.14850822
-2.75941859,30.73340275,-0.17172736
1.95625075,31.54951624,0.15259511
-3.12377521,30.35391579,-0.22361054
2.54617339,31.36319297,0.14638676
-3.53425174,30.04674482,-0.28288689
3.20505247,31.23198792,0.13207209
-4.01829334,29.82197378,-0.34639866
3.94785673,31.15104458,0.11506052
-4.39814410,29.57566321,-0.38582899
4.51190412,31.03243436,0.11153116
-4.85857561,29.39947803,-0.42122125
5.12047041,30.95211579,0.11526005
-5.43236032,29.30612538,-0.44313482
5.77754819,30.91376419,0.13510025
-6.16414261,29.31634191,-0.43603206
6.49365846,30.92591197,0.18488796
-6.19550781,28.71678803,-0.42926868
6.52498269,30.53002073,0.18726800
-6.30234400,28.22302164,-0.41939026
6.58885619,30.19265669,0.20114318
-6.48196743,27.81565152,-0.40444843
6.68732480,29.89418183,0.22127348
-6.73439505,27.47633630,-0.38279945
6.82334153,29.62187773,0.24432612
-6.99349713,27.05892857,-0.36592594
6.91242537,29.26944915,0.25755514
-7.36515098,26.70189656,-0.33893993
7.07100926,28.93289411,0.26780773
-7.86303239,26.37086072,-0.29915688
7.31467111,28.59435586,0.27320986
-8.51086169,26.02286601,-0.24469947
7.67138112,28.22941842,0.27430611
-8.19209604,25.56363537,-0.31978585
7.28470825,27.81255281,0.20156282
-8.00737023,25.14285987,-0.38997377
6.99529810,27.36724062,0.12650670
-7.95467102,24.71995152,-0.46034771
6.80935331,26.86477668,0.04243604
-8.03485351,24.24655166,-0.53397895
6.74903282,26.26711241,-0.05116495
-7.41492078,24.12707955,-0.61263372
6.16812623,25.96108262,-0.12686661
-6.89664243,24.00524786,-0.66572577
5.65640235,25.64135756,-0.19561211
-6.46291629,23.87493894,-0.70117267
5.19956507,25.31629036,-0.26149764
-6.10077685,23.73167699,-0.72554634
4.78917173,24.99155661,-0.32652299
-5.50765718,23.63482599,-0.72221285
4.10682444,24.67744058,-0.38822221
-1.70134618,23.28983863,-0.75122141
-1.30977606,23.31896829,-0.73745139
-5.03205091,23.51603773,-0.71474799
-0.90355893,23.34956801,-0.71717378
3.49647485,24.37666770,-0.44240812
-2.08857915,23.24103368,-0.76271477
-4.64505550,23.38284725,-0.71806098
-0.47452278,23.36491642,-0.69870011
2.95245565,24.09373206,-0.49393708
-2.48555412,23.17267581,-0.77441119
-4.32099608,23.23491290,-0.73636979
-0.00887390,23.36691482,-0.68631061
2.46870905,23.82791906,-0.55022808
-2.90763142,23.08250511,-0.78816269
-3.91016393,23.21174961,-0.73213661
0.51076358,23.35576985,-0.68363582
1.90181258,23.70297308,-0.56938968
-3.21774412,23.13638803,-0.75984592
-3.54757673,23.17882125,-0.74041264
0.93629514,23.47089405,-0.63527949
1.39568243,23.58504662,-0.59710522
-1.30573784,31.76780294,-0.44067808
-0.86119296,31.91933703,-0.40130294
-0.38877830,31.91993072,-0.35630183
-1.73606869,31.64589908,-0.49081671
0.11234373,31.95016871,-0.32620523
-2.16822474,31.55881667,-0.55119385
0.65936540,32.00808851,-0.31206414
-2.61954274,31.51585080,-0.62216172
1.27182196,32.09315654,-0.31355700
-2.97123729,31.09098044,-0.65858879
1.82445212,31.84859047,-0.29978908
-3.34323865,30.72416190,-0.70476017
2.42817183,31.66169525,-0.29843836
-3.75807107,30.42290598,-0.76050269
3.10244355,31.52807421,-0.30829818
-4.24254456,30.19580734,-0.82390803
3.86055917,31.44343421,-0.32483375
-4.62043441,29.94250248,-0.85637810
4.43625797,31.31775993,-0.32351846
-5.07569700,29.75373688,-0.88897860
5.05416708,31.22887043,-0.31851643
-5.64040670,29.64237412,-0.91444422
5.71604304,31.17941734,-0.30247222
-6.35685158,29.62894100,-0.92171923
6.43046859,31.17713469,-0.26303555
-6.40003375,29.03420792,-0.88312703
6.47649165,30.77581766,-0.24081863
-6.51160137,28.53398839,-0.84741681
6.55300441,30.43151684,-0.21044524
-6.69054455,28.11280942,-0.81319867
6.66256646,30.12576548,-0.17765810
-6.93821786,27.75576989,-0.77870183
6.80811353,29.84615284,-0.14528800
-7.20114569,27.32945646,-0.75792618
6.91424060,29.49641231,-0.13141962
-7.57165507,26.96044846,-0.73652179
7.08880151,29.16252289,-0.12601131
-8.06331438,26.61591304,-0.71301335
7.34721248,28.82643148,-0.13205664
-8.69791283,26.25445633,-0.68692999
7.71652093,28.46336592,-0.15069571
-8.38991607,25.79109030,-0.74163941
7.35366030,28.05601817,-0.20814079
-8.21108699,25.36420813,-0.80193751
7.08051168,27.62125080,-0.27350000
-8.15903092,24.93461543,-0.87147525
6.90317462,27.12972348,-0.35462151
-8.23259860,24.45537024,-0.95320497
6.84203473,26.54229603,-0.45444863
-7.62294984,24.33604793,-1.00952509
6.26068707,26.25241940,-0.51030319
-7.10901458,24.21591210,-1.04864047
5.74326443,25.94610674,-0.56473480
-6.67572374,24.08853522,-1.07663381
5.27707803,25.63106761,-0.62124850
-6.31125748,23.94953609,-1.09856667
4.85479264,25.31272898,-0.68116272
-5.71606073,23.86320588,-1.09240981
4.15350124,25.00480292,-0.73424757
-1.85640260,23.57026500,-1.10481810
-1.45618383,23.60273301,-1.08830471
-5.23595448,23.75463939,-1.08642534
-1.04127412,23.64017747,-1.06930031
3.52042364,24.70618013,-0.78693516
-2.25104225,23.51909995,-1.12066251
-4.84310769,23.63008514,-1.09226865
-0.60156358,23.66269530,-1.05268955
2.95235810,24.42256175,-0.84122536
-2.65406554,23.44858611,-1.13771639
-4.51214823,23.48907504,-1.11286474
-0.12302127,23.67191004,-1.04265717
2.44557660,24.15422760,-0.90192058
-3.08063011,23.35623814,-1.15804466
-4.09801842,23.47302207,-1.10726762
0.41212134,23.66753137,-1.04252804
1.85614091,24.02722516,-0.92295603
-3.39642775,23.40683492,-1.13148082
-3.73123452,23.44540310,-1.11398371
0.85282009,23.78747738,-0.99266236
1.32979897,23.90589902,-0.95276881
-1.44741666,32.12419186,-0.82747508
-0.98983070,32.26943236,-0.78553809
-0.50635547,32.26346876,-0.73453044
-1.88898225,32.00648000,-0.88047180
0.00832141,32.28536815,-0.69910034
-2.33044218,31.92131640,-0.94430914
0.57122705,32.33379974,-0.68042377
-2.78886299,31.87719550,-1.01954866
1.20098844,32.40947792,-0.67797679
-3.15609760,31.46214799,-1.05307182
1.76670337,32.15974483,-0.65866408
-3.54110962,31.10168812,-1.09598196
2.38612981,31.96634957,-0.65242642
-3.96634508,30.80202225,-1.14949422
3.07706941,31.82549513,-0.65857301
-4.45874138,30.57149960,-1.21249836
3.85073527,31.73380538,-0.67301423
-4.84056707,30.30921009,-1.23816686
4.43574321,31.59793661,-0.66653585
-5.29772263,30.10789379,-1.26617273
5.06017797,31.49827801,-0.65808582
-5.86249260,29.98180049,-1.29122992
5.72510222,31.43783146,-0.64116807
-6.57565027,29.95136339,-1.30548513
6.43838765,31.42364235,-0.60471560
-6.62335527,29.34578930,-1.24091022
6.49218218,31.00659967,-0.56954029
-6.73469613,28.82881748,-1.18296257
6.57535028,30.64852592,-0.52712139
-6.91015914,28.38732642,-1.13106611
6.69068246,30.33066036,-0.48390985
-7.15203975,28.00856870,-1.08345156
6.84137397,30.04024758,-0.44337712
-7.41752958,27.56810515,-1.05679548
6.96028078,29.68827666,-0.42818627
-7.78778908,27.18341798,-1.03639178
7.14748659,29.35234621,-0.42520900
-8.27607067,26.82241885,-1.02150650
7.41868575,29.01392548,-0.43802999
-8.90313788,26.44431615,-1.01300757
7.80021035,28.64762710,-0.46938836
-8.59818317,25.96985243,-1.05057636
7.45155644,28.24384140,-0.51512421
-8.41976199,25.53095733,-1.10176344
7.18828918,27.81351435,-0.57236355
-8.36439599,25.08938981,-1.16901692
7.01632969,27.32652195,-0.64982579
-8.43053126,24.59883477,-1.25539988
6.95456653,26.74265337,-0.75207596
-7.82378223,24.47727732,-1.29482847
6.37073209,26.46462048,-0.79234665
-7.30923581,24.35635283,-1.32312379
5.84775818,26.16807755,-0.83497816
-6.87298664,24.22938226,-1.34505933
5.37384624,25.85986384,-0.88311585
-6.50375140,24.09145622,-1.36428839
4.94199728,25.54540396,-0.93785629
-5.90294789,24.01208746,-1.35498223
4.22490916,25.24206963,-0.98312857
-1.97558001,23.76101433,-1.35685888
-1.56646726,23.79684243,-1.33848951
-5.41596017,23.90998581,-1.34915182
-1.14250397,23.84018422,-1.32046714
3.57270433,24.94421421,-1.03339453
-2.37815183,23.70641408,-1.37525882
-5.01567002,23.79062273,-1.35615559
-0.69178159,23.86842619,-1.30534530
2.98392010,24.65846910,-1.08877376
-2.78813586,23.63247901,-1.39552224
-4.67676326,23.65361214,-1.37843584
-0.19989041,23.88308392,-1.29667871
2.45673251,24.38612939,-1.15234389
-3.22068629,23.53641858,-1.41999160
-4.25708712,23.64323324,-1.37173692
0.35132159,23.88356123,-1.29806724
1.84618658,24.25673030,-1.17439114
-3.54319285,23.58464507,-1.39414543
-3.88440817,23.61995314,-1.37760765
0.80666527,24.00874365,-1.24704441
1.30064242,24.13171786,-1.20575541
-1.54499786,32.44777585,-1.13739091
-1.07358564,32.58888809,-1.09206120
-0.57842579,32.57665732,-1.03578815
-1.99895464,32.33315489,-1.19373974
-0.05018653,32.59139782,-0.99575144
-2.45142150,32.24982287,-1.26089588
0.52819078,32.63235417,-0.97248902
-2.91951946,32.20592813,-1.33983253
1.17456450,32.70077392,-0.96542930
-3.30241552,31.79556578,-1.37398958
1.75227257,32.44362900,-0.94338111
-3.70158013,31.43810856,-1.41670910
2.38564337,32.24272769,-0.93442603
-4.13920913,31.13847165,-1.46953745
3.09092709,32.09436123,-0.93784042
-4.64254444,30.90540051,-1.53275410
3.87758279,31.99620648,-0.95004031
-5.03133065,30.63502569,-1.55289913
4.46904710,31.84990578,-0.93925588
-5.49436932,30.42400062,-1.57679385
5.09770923,31.74042901,-0.92724030
-6.06435746,30.28773529,-1.60047030
5.76436349,31.67078271,-0.90794591
-6.77988955,30.24545056,-1.61803906
6.47670877,31.64729336,-0.87148917
-6.83063246,29.62479473,-1.53289800
6.53477196,31.21086606,-0.82822138
-6.94078214,29.08869011,-1.45589041
6.62122835,30.83670077,-0.77687334
-7.11216710,28.62597938,-1.38758041
6.73929567,30.50530656,-0.72507841
-7.34826061,28.22582324,-1.32702440
6.89266709,30.20304744,-0.67698541
-7.61542765,27.76989169,-1.29392295
7.02102003,29.84616985,-0.66037820
-7.98567750,27.36942193,-1.27220196
7.21795691,29.50606905,-0.65841935
-8.47155215,26.99211382,-1.26178361
7.49943451,29.16325595,-0.67565409
-9.09319308,26.59748059,-1.26473746
7.89113237,28.79164031,-0.71543883
-8.78814667,26.11004420,-1.28757608
7.55129571,28.38816156,-0.75211003
-8.60752559,25.65785180,-1.33040336
7.29405941,27.95883539,-0.80268508
-8.54736401,25.20361527,-1.39469629
7.12546151,27.47293940,-0.87643673
-8.60600517,24.70079963,-1.48373778
7.06292081,26.88931390,-0.97935911
-7.99899632,24.57624281,-1.50990905
6.47620531,26.62017984,-1.00745273
-7.48220802,24.45337365,-1.52945007
5.94855782,26.33086610,-1.04052826
-7.04190597,24.32543455,-1.54592771
5.46839262,26.02771494,-1.08143340
-6.66758611,24.18746167,-1.56247596
5.02908017,25.71583584,-1.13131027
-6.06025143,24.11262615,-1.54971125
4.29949461,25.41625061,-1.16949284
-2.06662171,23.89470372,-1.54279140
-1.64949276,23.93382703,-1.52330154
-5.56619499,24.01486390,-1.54323804
-1.21725517,23.98181143,-1.50604186
3.63201289,25.11882543,-1.21688111
-2.47641820,23.83682441,-1.56297157
-5.15842327,23.89879357,-1.55060717
-0.75646542,24.01478019,-1.49182398
3.02616356,24.83077419,-1.27234568
-2.89297843,23.75944321,-1.58554547
-4.81180116,23.76427950,-1.57367028
-0.25241457,24.03362795,-1.48431085
2.48183357,24.55451580,-1.33743801
-3.33136919,23.65949805,-1.61277099
-4.38649909,23.75846369,-1.56612370
0.31341287,24.03747883,-1.48678774
1.85306577,24.42296528,-1.36008082
-3.66043853,23.70574798,-1.58731702
-4.00779811,23.73853913,-1.57121728
0.78177352,24.16755286,-1.43482819
1.29068253,24.29477812,-1.39244710
-1.61116051,32.72399781,-1.38298697
-1.12693848,32.86268364,-1.33405537
-0.62062389,32.84483439,-1.27353230
-2.07696243,32.61165902,-1.44265467
-0.08010118,32.85382406,-1.22919342
-2.54047792,32.53011435,-1.51304292
0.51188305,32.88901990,-1.20182145
-3.01897595,32.48746702,-1.59525624
1.17256538,32.95293073,-1.19043133
-3.41523707,32.07833974,-1.63184704
1.76064175,32.68806405,-1.16720672
-3.82697527,31.72150808,-1.67606438
2.40540768,32.47982891,-1.15672666
-4.27642128,31.42162922,-1.72981877
3.12215253,32.32497216,-1.15828655
-4.79085052,31.18652575,-1.79399910
3.91856926,32.22158079,-1.16844534
-5.18708248,30.90931787,-1.81033892
4.51410339,32.06591864,-1.15453365
-5.65721923,30.69107403,-1.83097022
5.14517558,31.94807073,-1.13934754
-6.23419317,30.54777423,-1.85321712
5.81255383,31.87083605,-1.11751433
-6.95379530,30.49651488,-1.87248509
6.52412530,31.84006713,-1.07974933
-7.00765621,29.86144472,-1.77185450
6.58466461,31.38481396,-1.03219969
-7.11743884,29.30791806,-1.67920701
6.67302632,30.99494793,-0.97457889
-7.28585183,28.82619353,-1.59650260
6.79237937,30.65016731,-0.91596141
-7.51693121,28.40668368,-1.52407652
6.94687375,30.33659044,-0.86153467
-7.78537124,27.93640004,-1.48449258
7.08227880,29.97409816,-0.84347669
-8.15512441,27.52119143,-1.46043245
7.28657087,29.62878922,-0.84189075
-8.63922321,27.12921939,-1.45226040
7.57608772,29.28087873,-0.86203403
-9.25670121,26.71951230,-1.46262030
7.97580025,28.90321895,-0.90761379
-8.95012220,26.21943081,-1.47301816
7.64158838,28.49849687,-0.93724355
-8.76657947,25.75503923,-1.50847352
7.38821844,28.06869986,-0.98244087
-8.70152364,25.28879687,-1.56956077
7.22158144,27.58207894,-1.05290966
-8.75288645,24.77498544,-1.66002676
7.15818319,26.99724529,-1.15570273
-8.14497198,24.64718785,-1.67566638
6.56881077,26.73475108,-1.17417358
-7.62531927,24.52209308,-1.68783163
6.03726026,26.45083279,-1.19934281
-7.18100141,24.39294105,-1.69966760
5.55226920,26.15152057,-1.23432407
-6.80194820,24.25398623,-1.71369790
5.10723900,25.84137989,-1.27986690
-6.18844079,24.18225196,-1.69734410
4.36790971,25.54501951,-1.31186555
-2.13592435,23.99046445,-1.68256914
-1.71199646,24.03235901,-1.66226243
-5.68782013,24.08743091,-1.68973759
-1.27265214,24.08417853,-1.64553579
3.68850350,25.24800694,-1.35631468
-2.55195165,23.92973772,-1.70405507
-5.27344875,23.97352595,-1.69706765
-0.80327070,24.12071715,-1.63219402
3.06908716,24.95816094,-1.41130222
-2.97416901,23.84911039,-1.72824432
-4.92001232,23.84060560,-1.72050520
-0.28876062,24.14276694,-1.62548815
2.51082526,24.67822259,-1.47727320
-3.41775003,23.74570757,-1.75753387
-4.48951718,23.83837383,-1.71219230
0.28959607,24.14932271,-1.62887973
1.86697281,24.54498923,-1.50008679
-3.75252279,23.79046348,-1.73230642
-4.10549487,23.82118578,-1.71662971
0.76896276,24.28336275,-1.57617919
1.29049625,24.41401087,-1.53308678
-0.56531003,32.14813683,2.71354147
-0.02064957,32.27662811,2.75706403
0.56158334,32.19948960,2.76096280
-1.10693981,32.05403807,2.67336992
1.16092474,32.15455708,2.76267338
-1.66921957,32.00491295,2.63902089
1.79943055,32.14211652,2.76503859
-2.27904341,32.01334847,2.61364064
2.49938080,32.16602378,2.77441411
-2.69232400,31.47875962,2.54370219
3.13254828,31.74679814,2.71729218
-3.14324680,30.99671045,2.48670365
3.79212613,31.40859817,2.67449533
-3.66611457,30.59767284,2.44895841
4.50001731,31.16157334,2.65628911
-4.30675236,30.31806422,2.44529117
5.27600799,31.02288656,2.67699673
-4.78788348,29.99345798,2.42034323
5.83904781,30.86744170,2.66770898
-5.39665683,29.79364802,2.44076940
6.45734988,30.80056434,2.69729686
-6.18319701,29.74650913,2.52502431
7.15155412,30.82810629,2.77325040
-7.18973568,29.86442612,2.68116844
7.94682920,30.95647917,2.89631422
-7.02786205,28.96397850,2.52287180
7.87024146,30.32142200,2.74522523
-6.98187860,28.21199436,2.38845527
7.82893446,29.82140807,2.63114302
-7.06151482,27.61516945,2.29289056
7.83526584,29.41710688,2.55438290
-7.26859093,27.15655452,2.24475783
7.89683754,29.07559513,2.51190524
-7.51690871,26.59954297,2.29066963
7.92508260,28.62393878,2.53523467
-7.95407776,26.15394183,2.41239562
8.05803440,28.20588378,2.60485895
-8.58822188,25.75644636,2.60123103
8.32278667,27.78966067,2.72043380
-9.43348845,25.33440956,2.83578874
8.77324031,27.33824762,2.88828928
-8.94482705,24.67496114,2.71236778
8.18224218,26.80118357,2.76640102
-8.64355936,24.08624675,2.62207661
7.76570009,26.23685155,2.68674070
-8.52041251,23.51296643,2.55856689
7.53128791,25.60904019,2.64883138
-8.57772637,22.89248182,2.51429070
7.51021634,24.87657700,2.65893641
-7.76728357,22.69864252,2.31320097
6.83278604,24.47777213,2.50219512
-7.10404639,22.51346904,2.15991744
6.28561282,24.06632840,2.37921795
-6.56371172,22.32262012,2.05030732
5.82980261,23.65675067,2.28010713
-6.12535314,22.11804450,1.97458937
5.44147777,23.25650006,2.19704528
-0.68035590,21.43945571,1.45210148
-1.09453023,21.40047137,1.46505994
-5.41985031,21.95383335,1.90533298
-0.24971795,21.44935841,1.48311618
4.76890961,22.87534206,2.07204940
-1.51250478,21.33181586,1.49214327
-4.86838276,21.76389494,1.87285785
0.20296129,21.43702747,1.52093559
4.18535832,22.52180680,1.97828822
-1.95149564,21.23571886,1.52944310
-4.42537135,21.56296364,1.83874919
0.69382013,21.40631260,1.55977164
3.67217197,22.19144694,1.90269587
-2.43104611,21.11141393,1.57503256
-4.05767045,21.35146413,1.79084138
1.24177605,21.35866808,1.59622544
3.21546584,21.88023168,1.82913351
-2.78194955,21.18368998,1.64028117
-3.57927648,21.30021040,1.75064715
1.67562411,21.48540281,1.66409635
2.64891521,21.74086466,1.77733324
-3.15987870,21.24508276,1.69997626
2.14045939,21.61061558,1.72427482
-1.65659656,32.95250451,-1.57599831
-1.16114673,33.08958053,-1.52374080
-0.64485042,33.06708134,-1.45972605
-2.13299889,32.84190402,-1.63880222
-0.09366529,33.07163938,-1.41187560
-2.60664925,32.76177327,-1.71214396
0.50976132,33.10280340,-1.38088235
-3.09497949,32.72043915,-1.79690511
1.18224592,33.16347755,-1.36566249
-3.50235695,32.31108681,-1.83678175
1.77891360,32.89144908,-1.34189720
-3.92474306,31.95403796,-1.88302198
2.43285332,32.67698032,-1.33049053
-4.38440593,31.65339290,-1.93841067
3.15836287,32.51669003,-1.33092314
-4.90908769,31.41706791,-2.00401000
3.96196370,32.40929029,-1.33945978
-5.31201724,31.13440612,-2.01783545
4.56008556,32.24581610,-1.32320820
-5.78890934,30.91066453,-2.03609370
5.19242463,32.12095804,-1.30550170
-6.37258818,30.76203217,-2.05711887
5.85993732,32.03762282,-1.28137128
-7.09641415,30.70379340,-2.07736547
6.57094040,32.00122576,-1.24219976
-7.15192426,30.05527614,-1.96558506
6.63248609,31.52854840,-1.19237737
-7.26228210,29.48718588,-1.86054116
6.72191732,31.12469938,-1.13063941
-7.42896493,28.98974901,-1.76601948
6.84214133,30.76809656,-1.06686638
-7.65629181,28.55383868,-1.68323277
6.99697067,30.44431010,-1.00711780
-7.92568431,28.07096374,-1.63791910
7.13760210,30.07621856,-0.98787105
-8.29503953,27.64315120,-1.61106030
7.34748487,29.72588023,-0.98636777
-8.77747759,27.23840060,-1.60378358
7.64319367,29.37289802,-1.00842121
-9.39172468,26.81584484,-1.61913364
8.04912627,28.98951298,-1.05829751
-9.08347267,26.30482605,-1.61901721
7.71854874,28.58278997,-1.08223423
-8.89678609,25.82964406,-1.64804004
7.46776777,28.15156544,-1.12304000
-8.82712353,25.35323809,-1.70619140
7.30220956,27.66383649,-1.19079022
-8.87231465,24.82984866,-1.79734813
7.23796523,27.07716180,-1.29311380
-8.26306039,24.69894920,-1.80441003
6.64632373,26.81957071,-1.30401737
-7.74071865,24.57180546,-1.81059291
6.11170530,26.53983561,-1.32304006
-7.29297515,24.44101035,-1.81847301
5.62296930,26.24326550,-1.35299924
-6.90971548,24.30125926,-1.83012547
5.17347238,25.93456616,-1.39491393
-1.75909388,24.10420462,-1.76789405
-2.18867079,24.05993711,-1.78890378
-6.29096476,24.23134178,-1.81054561
-1.31389643,24.15905887,-1.75170345
4.42684059,25.64063892,-1.42155892
-2.60979520,23.99678973,-1.81121066
-5.78472360,24.13866005,-1.80179902
-0.83734297,24.19840337,-1.73887755
3.73821063,25.34416833,-1.46328861
-3.03674446,23.91348495,-1.83658572
-5.36468097,24.02628938,-1.80876600
-0.31417942,24.22289894,-1.73284886
3.10817353,25.05278040,-1.51760673
-3.48469026,23.80710016,-1.86754887
-5.00539729,23.89446807,-1.83229753
0.27456756,24.23131125,-1.73686418
2.53875923,24.76998362,-1.58384657
-3.82427783,23.85062426,-1.84239397
-4.57048458,23.89496971,-1.82311864
0.76295177,24.36865800,-1.68369225
1.88272996,24.63540822,-1.60659344
-4.18192174,23.87989619,-1.82701607
1.29480918,24.50211398,-1.64003165
