1.42251197,14.36155396,1.48720231
0.74831121,14.40187061,1.54504462
1.40601229,14.30657953,1.76530424
0.72714395,14.34342130,1.81466780
0.06210954,14.43662878,1.60332435
0.03609299,14.38300883,1.86055939
-0.65048987,14.45100702,1.66236620
-0.67974706,14.40761111,1.90244173
-1.40441896,14.45090936,1.71736448
-1.43356870,14.42216908,1.94043503
-2.49713536,30.07097390,0.99848833
-1.96018935,30.02806243,1.06022933
-2.53921711,30.13645149,1.23574964
-1.99392056,30.09377189,1.29939453
-1.45198984,30.02389122,1.12846541
-1.47735559,30.09089806,1.36642152
-0.95968877,30.05760939,1.20685701
-0.97585501,30.12443312,1.44078534
-0.46955941,30.13083824,1.29428196
-0.47663604,30.19857019,1.52257773
-2.01064249,14.66871056,1.71092468
-2.03795705,14.64985856,1.93128889
-2.63642322,14.85983616,1.70259062
-2.66085138,14.85003006,1.91975320
-3.29413928,15.02777962,1.69806587
-3.31587407,15.02507349,1.91056565
-3.99791992,15.17707192,1.70704178
-4.02057073,15.17563641,1.91200415
-4.61247805,29.59754329,0.94500213
-3.99717184,29.66492926,0.90858588
-4.69485123,29.67032692,1.19098559
-4.06796673,29.73408352,1.15868546
-3.45133505,29.76432904,0.91637336
-3.51237392,29.83154755,1.16543605
-2.95566860,29.89745868,0.94151657
-3.00699561,29.96263171,1.18527431
-4.57414569,15.52201391,1.67874503
-4.60038602,15.52339649,1.88700379
-5.21497017,15.82812384,1.66079187
-5.24674033,15.83243540,1.87215900
-5.91271418,16.14328715,1.66603315
-5.95439812,16.14715823,1.87895368
-6.72410665,16.42943385,1.69255927
-6.77922229,16.43099424,1.90300996
-7.19114586,16.81257725,1.69206395
-7.25622864,16.81508721,1.90857635
-7.71949654,17.22190798,1.70567742
-7.79798801,17.22213324,1.92731595
-8.32709151,17.63345154,1.72652312
-8.41521536,17.63322789,1.94893354
-9.03857560,18.08923208,1.72688567
-9.13201436,18.09449167,1.94948564
-6.97011822,29.24981279,0.95929973
-6.24045856,29.30757891,0.92925355
-7.08683464,29.31678512,1.19285177
-6.34657726,29.37678636,1.17620717
-5.62988782,29.39072025,0.91300687
-5.72847062,29.46273063,1.16309159
-5.09070826,29.48710931,0.91428898
-5.18143799,29.55996689,1.16528567
-8.82460196,19.33887516,1.64828043
-8.95430578,19.35331238,1.92881714
-8.84479020,20.57457436,1.61019274
-9.00875209,20.59378439,1.93378703
-9.04100564,21.80930606,1.60527727
-9.22271604,21.83429919,1.94147141
-9.38395954,23.01541924,1.57393729
-9.57680737,23.04414509,1.89645829
-8.66497279,24.27402614,1.45526178
-8.85424509,24.30785018,1.83127365
-8.17202134,25.36736800,1.29422912
-8.35334632,25.40954551,1.68630740
-7.79831493,26.31320895,1.09941374
-7.96798442,26.36648622,1.48144240
-7.52403682,27.14199263,0.86366222
-7.67536083,27.20295819,1.22024951
-7.32464819,27.71440493,0.91304030
-7.46988767,27.77714015,1.23989921
-7.16977815,28.24497123,0.95202234
-7.31030145,28.31064919,1.24590917
-7.04944445,28.75067123,0.95882429
-7.17800936,28.81671444,1.22150450
1.44418561,14.37991890,1.19342899
0.76978366,14.41924929,1.25629716
0.08177807,14.44545578,1.33181362
-0.63412638,14.45637740,1.41095927
-1.39505602,14.44607821,1.48934603
-2.45061244,30.01543734,0.74169264
-1.92019906,29.97179029,0.79467602
-1.41976596,29.96677812,0.86281950
-0.93628294,30.00057104,0.94445610
-0.45530343,30.07274640,1.03789528
-2.00490150,14.64611232,1.48835558
-2.63339901,14.82888541,1.48767342
-3.29489268,14.99056665,1.48921368
-4.00637287,15.12572570,1.49726390
-4.53423060,29.53078045,0.67986094
-3.92631198,29.60016036,0.64149500
-3.38856493,29.70431532,0.64171169
-2.90212701,29.84279925,0.67664367
-4.58295809,15.46553457,1.46893920
-5.20783215,15.78818872,1.45324947
-5.90123165,16.09611458,1.45688308
-6.69032908,16.39500565,1.48143392
-7.14630689,16.78409305,1.47538841
-7.66536924,17.18382302,1.48024275
-8.26293837,17.60130802,1.49290054
-8.95724905,18.04495876,1.50152275
-6.84255044,29.16943557,0.71427829
-6.13995638,29.23770272,0.67040634
-5.53276893,29.31777523,0.64484915
-5.00258311,29.41474636,0.64759543
-8.72221378,19.28478266,1.35149027
-8.68589228,20.53201648,1.22111156
-8.85095663,21.77431769,1.18548857
-9.16759631,22.97527240,1.19220146
-8.49361999,24.22527982,1.05419981
-7.99543956,25.31049164,0.88193238
-7.63707378,26.25132444,0.69132096
-7.38827457,27.07369496,0.49570293
-7.18461655,27.64336076,0.57769082
-7.03205144,28.17295931,0.63706895
-6.92078807,28.67760573,0.68116647
2.06667691,14.30547078,1.78541987
2.07953929,14.35506444,1.50317701
2.72704181,14.30675762,1.82481054
2.73871498,14.34465093,1.54270084
3.40436070,14.29887661,1.87642666
3.41845331,14.31786941,1.60117080
4.10826348,14.28582292,1.96015069
4.12891684,14.28136672,1.69559478
1.74432244,30.41962706,1.72651728
1.13541679,30.31397043,1.66956950
1.72049418,30.35189208,1.49491938
1.11956898,30.24620716,1.43515131
0.57323243,30.24142774,1.61595380
0.56514119,30.17293935,1.38124234
0.04094816,30.20036141,1.56677359
0.04056556,30.13263527,1.33456857
4.59367893,14.54916797,2.01215359
4.61816449,14.53194674,1.74762079
5.09440692,14.81116445,2.08005784
5.12219215,14.78316030,1.81926618
5.62355975,15.07776065,2.16793848
5.65248032,15.04239073,1.91430052
6.19861797,15.35309192,2.28618415
6.22113335,15.32031009,2.04463287
4.50689036,30.13579734,1.95070531
3.70100440,30.16871518,1.87796318
4.44918289,30.06481073,1.71501762
3.65332439,30.10006811,1.63650196
2.98661790,30.22522632,1.82351778
2.94746233,30.15725174,1.58190443
2.34005889,30.30528829,1.76740378
2.30907404,30.23797584,1.53005358
6.58028542,15.94019218,2.38499452
6.58805146,15.91698084,2.14262583
7.04202007,16.52363508,2.48995019
7.03255514,16.50984986,2.24527580
7.56961704,17.16245617,2.60777301
7.53702962,17.16379684,2.35821535
8.24541860,17.79832517,2.75001254
8.18854769,17.81343312,2.49681123
8.59504886,18.48896438,2.81981622
8.51690286,18.51511262,2.54930212
9.04286565,19.21467325,2.88393575
8.94361024,19.25492936,2.59223266
9.63077782,19.93318155,2.92792167
9.52305616,19.98430038,2.61849109
10.40400644,20.68598229,2.90704360
10.30795846,20.73788006,2.58454124
7.70185540,29.88621399,1.90334089
6.72766506,29.91146669,1.91328101
7.62504557,29.82598141,1.69809959
6.65613960,29.84814824,1.68889686
5.89894994,29.97105900,1.92366492
5.83055911,29.90407164,1.69027174
5.16395075,30.04799364,1.93342716
5.10051770,29.97865160,1.69541516
10.33065127,22.22027252,2.71069605
10.22651747,22.27303171,2.33169133
10.58151450,23.53331101,2.52215090
10.48330455,23.57659960,2.14872886
10.95189677,24.66045472,2.33242455
10.86528891,24.68298141,2.01193145
11.41042376,25.62696974,2.20942501
11.32525765,25.63265553,1.95007042
10.58783186,26.49439452,2.08764246
10.50371979,26.48358238,1.82910654
9.97178997,27.19934565,1.97206827
9.88375754,27.17237190,1.71640522
9.45527692,27.79813539,1.85079096
9.36229033,27.75672953,1.59779157
9.01733807,28.33634585,1.71075721
8.92575499,28.28668151,1.46220391
8.62129341,28.72061383,1.76328858
8.53104716,28.66690474,1.52017137
8.27506905,29.10182218,1.82133144
8.18432320,29.04392118,1.58830096
7.96333222,29.48521751,1.86488211
7.87891842,29.42589026,1.64448613
2.10446701,14.36074399,1.20957863
2.77013995,14.33215494,1.25251596
3.45553566,14.29151567,1.32574586
4.17737861,14.23435125,1.43138989
1.70348536,30.29399620,1.24392032
1.11117754,30.18786446,1.17628879
0.56486369,30.11374979,1.11968041
0.04785087,30.07459263,1.07392346
4.67681910,14.46032447,1.48170618
5.18450207,14.69979349,1.56106581
5.71641833,14.95098408,1.66909640
6.29281108,15.21117567,1.80251706
4.39879646,30.00152125,1.45932636
3.61192888,30.03756211,1.37798721
2.91556458,30.09714435,1.31534161
2.28582387,30.18173333,1.27141503
6.65124846,15.81265607,1.89766184
7.05815344,16.44690833,2.00265576
7.54728901,17.10561908,2.11800279
8.15915812,17.78470884,2.24276670
8.45981286,18.51153509,2.27750578
8.87129942,19.24967939,2.29933457
9.43896704,19.99670069,2.29950816
10.21947462,20.73735515,2.27088443
7.53213401,29.75657803,1.48516328
6.58715080,29.78648680,1.45555615
5.76426998,29.83937157,1.43985378
5.04159692,29.91188725,1.44147150
10.14746142,22.27913998,1.97778249
10.39404751,23.59709024,1.77529873
10.77932708,24.69778733,1.68686115
11.21444989,25.62716949,1.69111083
10.42528673,26.46462424,1.57861002
9.78485382,27.13663800,1.46193568
9.26319547,27.71217173,1.33518979
8.83705292,28.23559197,1.20872258
8.43385860,28.60992050,1.27281624
8.08758581,28.98378078,1.34214299
7.78940886,29.36405888,1.41416204
1.30438767,14.10761808,-7.41836440
0.32127339,14.06208032,-7.50341898
1.30329267,14.18688663,-7.20591774
0.32390537,14.15088562,-7.27925344
-0.65294951,13.97887976,-7.54447389
-0.64641927,14.06875070,-7.31279718
-1.62749112,13.86175127,-7.54295871
-1.61734212,13.94313836,-7.30825207
-2.61490027,13.72420607,-7.50578480
-2.60218378,13.78794535,-7.27155241
2.28316863,14.29519141,-7.10842142
2.28813118,14.22720525,-7.30943731
3.25165362,14.38247147,-7.00382600
3.26060776,14.33088102,-7.19148692
4.21787116,14.45679805,-6.90745167
4.23035634,14.42573645,-7.08182986
5.19608748,14.53116668,-6.83341116
5.21075020,14.52378869,-6.99660707
0.39935163,29.59136806,-10.71477829
-0.57644986,29.25614812,-10.66086989
0.35301985,29.55747922,-10.40472070
-0.61921117,29.21852224,-10.35573584
-1.55373894,29.04405655,-10.64185762
-1.58902200,29.00214861,-10.34282400
-2.50681298,28.89126020,-10.65026966
-2.53152653,28.84705284,-10.35951799
-3.45311700,28.81779841,-10.68618546
-3.46398176,28.76956709,-10.40256495
1.28071934,29.52536118,-10.26745195
1.33305066,29.55243566,-10.58355207
2.25278517,29.61437211,-10.16805288
2.30971405,29.63644881,-10.48770014
3.23439250,29.73044671,-10.10276939
3.29495947,29.74722373,-10.42427657
4.23215665,29.87085589,-10.07811642
4.29705701,29.88410546,-10.40110386
-3.43874640,13.92268432,-7.52608255
-3.42408270,13.97629684,-7.28341590
-4.24871295,14.13249676,-7.56963288
-4.23036058,14.17252161,-7.32158860
-5.05632315,14.37060959,-7.64617829
-5.03163809,14.39372127,-7.39519774
-5.87644299,14.65373613,-7.75389445
-5.84149397,14.65759479,-7.50217084
5.98954321,15.00677753,-6.82507629
6.00926933,15.00985782,-6.99138748
6.76205955,15.52397447,-6.87610566
6.78947440,15.53249708,-7.04989285
7.53986822,16.08026842,-6.98538831
7.57808394,16.08861373,-7.17012129
8.34625398,16.67417937,-7.14329711
8.39937442,16.67432830,-7.34080074
-4.43514285,28.41574700,-10.57016543
-4.42849815,28.36823880,-10.28667151
-5.41228810,28.14026050,-10.50012659
-5.38698523,28.09350525,-10.21521993
-6.35547281,27.87085438,-10.44519305
-6.31231051,27.82535349,-10.15889796
-7.48561397,27.68829647,-10.45000639
-7.41823201,27.63250511,-10.17009361
5.23285407,29.72049254,-9.88967794
5.30890392,29.73313264,-10.22160126
6.27474573,29.63462913,-9.73621741
6.36104785,29.64633917,-10.07609359
7.30282657,29.50747661,-9.58160888
7.39760861,29.51890850,-9.92559843
8.53292809,29.39415500,-9.44039620
8.63882325,29.41420974,-9.77656274
-6.64727309,15.19343698,-7.96041335
-6.59692179,15.18084825,-7.70496235
-7.44514498,15.81667779,-8.20119239
-7.37469523,15.78879981,-7.94655433
-8.27889222,16.52745849,-8.46342225
-8.18428737,16.49094237,-8.21639761
-9.18773716,17.27654211,-8.70386789
-9.06868570,17.24247820,-8.47153474
9.10708013,17.49890574,-7.36243079
9.18336427,17.47781610,-7.57701254
9.92875917,18.29798327,-7.55082311
10.03246230,18.25504727,-7.78049379
10.82197671,19.07318879,-7.67113061
10.95704406,19.01355484,-7.91407222
11.82277961,19.83071009,-7.71495228
11.98430283,19.76300390,-7.96419103
-9.94999352,26.76090919,-10.47340087
-9.25290180,26.93218717,-10.44218313
-9.86823904,26.70627387,-10.23052623
-9.17174020,26.88007256,-10.18460358
-8.61742595,27.16990950,-10.43065731
-8.53825365,27.11755711,-10.16157140
-8.03060643,27.43238075,-10.43626606
-7.95604323,27.37803072,-10.16060325
11.32589989,28.50194631,-8.95379237
10.54235461,28.70949913,-9.07118014
11.41032599,28.52695913,-9.23654783
10.63717086,28.73159434,-9.37253009
9.81749247,28.94849653,-9.19714608
9.91959366,28.96916333,-9.51359515
9.14805309,29.18397072,-9.32547453
9.25401457,29.20465393,-9.65316078
-9.56883505,17.91087942,-8.86952657
-9.43911017,17.88854804,-8.64059135
-9.99136053,18.50259861,-9.00922006
-9.85390114,18.49014352,-8.78258404
-10.47840909,19.06074212,-9.13440754
-10.33487527,19.05470821,-8.91074633
-11.08069482,19.60079387,-9.26230149
-10.93230485,19.59727306,-9.04270258
12.27766780,20.41275848,-7.71733836
12.45075009,20.34075360,-7.97579914
12.78332200,20.96271147,-7.69381491
12.95996038,20.89128712,-7.95710257
13.35529672,21.48940170,-7.63900952
13.52690159,21.42548218,-7.90042609
14.03269622,22.00351778,-7.54671648
14.19232460,21.95324608,-7.79968689
-10.96421585,20.34391698,-9.44371142
-10.79141197,20.35517458,-9.20356818
-10.98168524,21.02516082,-9.62535302
-10.79161214,21.04319651,-9.36896874
-11.09046204,21.64037169,-9.79003600
-10.89119058,21.65903061,-9.52726252
-11.26342387,22.20158756,-9.91340891
-11.05913394,22.21389224,-9.65288008
13.94752235,22.68374607,-7.59015402
14.12395362,22.63315614,-7.85862664
13.94828610,23.32787923,-7.62869412
14.13215250,23.28177741,-7.90771518
13.99819857,23.91635695,-7.68482094
14.17972947,23.87645638,-7.96882668
14.07616873,24.44660565,-7.75565452
14.25149719,24.41536735,-8.03828142
-11.09059683,22.79550407,-9.97105041
-10.89037565,22.80140655,-9.70065714
-10.99443015,23.35239068,-9.99803272
-10.80097971,23.34663866,-9.72210775
-10.91836345,23.90825223,-10.03197279
-10.73596499,23.88806683,-9.75108078
-10.83827346,24.52931447,-10.09929466
-10.67317941,24.49011161,-9.81937390
13.74537384,25.00216465,-7.86526479
13.91390168,24.97896423,-8.15939970
13.47101916,25.51217023,-7.96806180
13.62862260,25.50065350,-8.26975996
13.19840393,26.01033243,-8.08845395
13.34061817,26.01283281,-8.39375642
12.89072512,26.55526758,-8.24680317
13.01478426,26.57398979,-8.54794659
-10.63179812,25.01196044,-10.15234585
-10.48663552,24.96230973,-9.87277130
-10.43118947,25.57508079,-10.24338778
-10.30993543,25.51832034,-9.97318993
-10.20877941,26.17267730,-10.36064331
-10.11073273,26.11559587,-10.10624563
12.50594839,26.98453307,-8.38046085
12.61735075,27.01176890,-8.68101238
12.12076869,27.47605337,-8.55184415
12.22000966,27.50731273,-8.84691157
11.72926522,27.99324774,-8.75398637
11.81892084,28.02255743,-9.04227818
4.20042531,29.83735688,-9.81497975
5.15630923,29.70835257,-9.59337266
6.16606674,29.59793330,-9.41209485
7.24374333,29.49276408,-9.26567878
8.40453941,29.38168440,-9.15172503
5.15657468,14.60621985,-6.73686363
5.94409675,15.03859024,-6.71100394
6.70525356,15.52725283,-6.74659589
7.45822592,16.07457388,-6.84401116
8.22647163,16.67076137,-6.99659714
11.30765023,28.47365585,-8.74968088
10.50880758,28.69844107,-8.81675013
9.76126914,28.92684442,-8.90632164
9.06135293,29.15544118,-9.01856842
11.60730412,19.84589923,-7.52437905
12.06579855,20.44024630,-7.49631723
12.56633015,20.99503157,-7.45828869
13.10753117,21.50929876,-7.41601166
13.68564735,21.98321674,-7.37461201
13.66714640,22.71954020,-7.36615127
13.68683134,23.36652249,-7.38225966
13.73368187,23.94793819,-7.42798860
13.79975732,24.48143525,-7.50574805
-10.61956604,19.53385682,-8.84595323
-10.53677487,20.35701928,-8.97962803
-10.54865060,21.05668151,-9.12271727
-10.63855916,21.67104439,-9.26955423
-10.78990546,22.23312757,-9.40364333
13.50817495,25.00856006,-7.58080649
13.24152161,25.50560594,-7.67996372
12.99737152,25.98634887,-7.80581326
12.77292394,26.46209923,-7.95793482
-10.65121758,22.79245052,-9.42948052
-10.56414410,23.32503240,-9.44960908
-10.51869843,23.84658279,-9.48788351
-10.50478316,24.37193600,-9.56146788
12.35973139,26.93973297,-8.10387945
11.97797267,27.43006304,-8.28132199
11.62705945,27.93987626,-8.49499795
-10.31664005,24.89817068,-9.61457846
-10.15024114,25.45090494,-9.71766005
-9.99647515,26.03683897,-9.86898857
-9.84794195,26.66248550,-10.06096649
0.30860967,29.49313911,-10.13758359
1.24053522,29.50659424,-9.98940665
2.19647101,29.58041896,-9.88575536
3.18191112,29.69666160,-9.82693747
1.30396413,14.31562264,-7.06494928
2.27160849,14.40927433,-6.97194478
3.23486243,14.47927313,-6.87486340
4.19556476,14.54053243,-6.79110805
0.33614606,14.27919220,-7.12529559
-0.63017945,14.19115764,-7.15202792
-1.59723132,14.05871762,-7.15091353
-2.56624549,13.89561774,-7.13464821
-0.66480999,29.19128365,-10.08652512
-1.61828571,28.95363321,-10.07854970
-2.55778024,28.79125476,-10.10782403
-3.49656688,28.70524966,-10.17063527
-4.41686103,28.33478418,-10.03037361
-5.34266061,28.03263690,-9.93525022
-6.30282124,27.78953267,-9.89358463
-7.33186093,27.60143852,-9.92186993
-3.38375834,14.05260146,-7.11884330
-4.18159426,14.22303619,-7.13991666
-4.96388975,14.42792823,-7.20647639
-5.74137189,14.68138457,-7.32092505
8.94752203,17.51574899,-7.20149900
9.73880487,18.32973844,-7.38027046
10.62184063,19.10365466,-7.48650026
-6.46471853,15.20402937,-7.52289407
-7.21880928,15.80018642,-7.76573517
-8.02528725,16.46820758,-8.02678231
-8.90067448,17.18391843,-8.28070646
-9.28143128,17.83273963,-8.43320611
-9.69063924,18.44305357,-8.56935426
-10.13399744,19.01022358,-8.70242616
-9.15081272,26.85579396,-9.97313368
-8.50404165,27.07886152,-9.91882847
-7.90027474,27.32828640,-9.90132904
4.41008079,13.93600573,-0.38754036
3.72618061,13.89340633,-0.45735751
4.71750377,13.47032090,-1.69417382
3.99137996,13.44002425,-1.72290529
-1.36058189,13.88724138,-1.58341061
-0.56944687,13.81287484,-1.61418377
-1.29094620,14.32107253,-0.23789676
-0.54439333,14.22034678,-0.31107175
4.94604609,14.11106929,-0.34342040
5.29085504,13.66560703,-1.67408736
-2.03319575,14.03745110,-1.58769817
-1.92230441,14.48276632,-0.22361945
-2.71698508,14.16206849,-1.58802781
-2.57093767,14.62565959,-0.19915225
5.48038601,14.30922036,-0.25710590
5.85374181,13.89305390,-1.62279762
3.04556609,13.85487391,-0.48304381
3.26405990,13.41354723,-1.72297758
0.21079928,13.69876220,-1.63786138
0.18772365,14.09677839,-0.36856608
5.91715175,14.70324379,-0.18682158
6.31451358,14.34718964,-1.58178701
-3.37078177,14.38022689,-1.63214398
-3.18798543,14.85530576,-0.22496742
0.98543718,13.68372209,-1.70624268
0.91363774,14.06893095,-0.47749098
2.33307781,13.94632050,-0.53828328
2.50479373,13.53668033,-1.75174055
6.35205586,15.13923940,-0.07834091
6.75673905,14.85730209,-1.50874899
-4.04398397,14.57922420,-1.67088724
-3.83241415,15.06653859,-0.23663503
6.64971378,15.80007969,-0.00686536
7.05817254,15.61708216,-1.45602253
-4.66817231,14.88299886,-1.75297203
-4.41816554,15.37122635,-0.29682033
1.74723508,13.63861345,-1.75992344
1.62604339,14.02583566,-0.56064576
6.97019273,16.50315184,0.08272248
7.36682751,16.42414389,-1.38438931
-5.32566154,15.18818513,-1.82983965
-5.04547218,15.66629347,-0.34127754
-5.97591184,15.58516479,-1.92876400
-5.66728846,16.02772433,-0.41083373
7.25454696,17.34884883,0.12810292
7.63347953,17.38010713,-1.33498024
7.65581511,18.20184002,0.16346678
8.02303061,18.32505425,-1.28495604
-6.68680762,16.00941850,-2.01510452
-6.36121612,16.39648029,-0.45522544
7.99725324,18.87217697,0.15263327
8.35952716,19.03935870,-1.25585800
-7.18824503,16.37962559,-2.07775019
-6.86698513,16.70978963,-0.50055686
8.49099161,19.54079676,0.15403236
8.85920356,19.73365567,-1.20642268
-7.73911285,16.77379870,-2.12561903
-7.43147072,17.03849314,-0.52537994
-8.19370348,17.37659511,-2.23050330
-7.86936600,17.56024652,-0.65457416
8.96016891,20.41644777,0.07205331
9.36964883,20.61251426,-1.20622934
-8.72221732,18.01194099,-2.29603581
-8.38698735,18.11284605,-0.75260415
9.71408710,21.25267062,0.06263816
10.14789470,21.44617915,-1.15148408
10.34651039,22.62211118,-0.04915568
10.78657106,22.77109816,-1.17673004
-9.03888093,19.24615420,-2.43473206
-8.59119277,19.24128386,-1.13163544
11.19379476,23.79979709,0.04451625
11.56268930,23.93242644,-1.05154712
-9.50669961,20.49061994,-2.44032733
-8.98744630,20.42215825,-1.28934208
11.18367773,24.87505489,0.06752073
11.52043530,24.95462510,-1.03623007
-9.50916436,21.80135871,-2.42745620
-8.88715800,21.73172997,-1.39490396
11.18919759,25.77496304,0.17717583
11.48788837,25.82513518,-0.96066067
-9.56060814,23.01319665,-2.38199180
-8.88889285,22.97944061,-1.33414147
-9.21405382,24.17285599,-2.42263504
-8.50019740,24.20639627,-1.36521237
10.57459108,26.54791785,0.07513742
10.88945369,26.55635695,-1.07094626
-8.88629853,25.16771599,-2.50506939
-8.20341933,25.27118266,-1.39068820
10.06285652,27.19189003,-0.01619301
10.37563315,27.18585874,-1.15739751
4.57343299,30.22037842,-0.13371901
5.23791213,30.12740174,-0.09294080
4.86773005,30.51122465,-1.55822301
5.52521503,30.38881978,-1.49406885
3.78565980,30.29313885,-0.23921249
4.06771447,30.61730366,-1.66171020
-3.93245624,29.79917952,-2.62540284
-4.62352748,29.64892469,-2.64747559
-3.86151435,29.77416066,-1.09223137
-4.50311143,29.66826471,-1.07668699
-5.17670302,29.50018989,-2.67209342
-5.01971742,29.54909565,-1.09741326
3.08934122,30.38268366,-0.30848368
3.35835299,30.73434892,-1.73267080
-3.32102173,29.98787728,-2.56995593
-3.29299614,29.91417980,-1.06197956
5.98689233,30.04908001,-0.01964108
6.26418350,30.27936933,-1.39851104
-5.79377561,29.37434635,-2.66645374
-5.59809192,29.45005008,-1.08039346
-0.10347258,30.67694107,-2.20515092
-0.61645904,30.59096091,-2.26363719
-0.26362205,30.34402954,-0.69220679
-0.74824062,30.30044546,-0.76933276
0.23226057,30.38635914,-0.63582004
0.41624030,30.73239007,-2.12088298
2.44377117,30.43121039,-0.38952368
2.69904242,30.79807867,-1.82398953
-2.73865554,30.14214555,-2.52729899
-2.74677892,30.02357037,-1.03092560
6.73284882,29.89310554,0.00776362
6.99813903,30.08178577,-1.33843387
-6.38010928,29.14247135,-2.68334196
-6.14148572,29.25415727,-1.10412784
-1.14157758,30.54586245,-2.30110857
-1.24576168,30.29248511,-0.82441561
0.74124584,30.46344200,-0.55722741
0.94624488,30.82554750,-2.01486206
1.27964018,30.46755587,-0.51202275
1.50281962,30.83702313,-1.96448803
-1.65783729,30.42064198,-2.39122381
-1.73149440,30.21192503,-0.90829218
1.85212768,30.49958983,-0.44363925
2.09189256,30.87777074,-1.89225855
-2.20570127,30.33331199,-2.46157591
-2.24820358,30.16513677,-0.96897449
7.58560582,29.76467909,0.08354483
7.83522603,29.91659689,-1.22594967
-7.04174515,28.93039453,-2.65602939
-6.76029859,29.07234366,-1.08383371
-8.52593172,26.01870110,-2.61869933
-7.90108944,26.18394004,-1.41052767
9.55209925,27.74656580,-0.08574183
9.86290373,27.74101184,-1.24419904
7.98935960,29.40681836,-0.00448162
8.25394456,29.51680862,-1.25284144
-7.33450397,28.44060328,-2.70474385
-6.99161729,28.61145888,-1.21117207
-8.20407498,26.78431267,-2.71863318
-7.66264084,26.99426854,-1.43585925
9.12575417,28.26964682,-0.13110113
9.42590579,28.27718584,-1.29450032
8.44853740,29.06350128,-0.06139149
8.72596791,29.13826750,-1.24228635
-7.67848540,27.94926218,-2.71491829
-7.27482898,28.13804486,-1.31558911
8.76314091,28.66566093,-0.10784614
9.05228692,28.70462468,-1.28410788
-7.91700664,27.37626359,-2.73866231
-7.44602340,27.58342572,-1.38588370
4.87933783,13.33307531,-2.41622601
4.12510878,13.29649168,-2.43645559
5.48025482,13.56152863,-2.40207200
-2.19717358,13.81827638,-2.29625874
-1.48602761,13.68188029,-2.28930655
-0.65843907,13.63610523,-2.31560522
3.36606219,13.26238357,-2.43746386
0.16059696,13.53706984,-2.34403487
0.97443435,13.54989821,-2.38679158
2.56971496,13.40530592,-2.43648859
-2.91754212,13.92273831,-2.30697526
6.06692557,13.82715186,-2.36451820
-3.60559644,14.13696956,-2.33981437
6.54381501,14.34440219,-2.31306913
1.77377493,13.51804028,-2.42431274
6.99724029,14.91958428,-2.23716112
-4.30891549,14.33065421,-2.37683026
7.31082893,15.75376271,-2.15689889
-4.96621059,14.64905906,-2.43918334
7.63615826,16.62204857,-2.06456540
-5.65312016,14.97439759,-2.50642702
-6.32904345,15.41300786,-2.58889020
7.92777755,17.62665665,-1.98190567
-7.06374061,15.88391007,-2.66983244
8.36424075,18.59623528,-1.90138209
-7.57399658,16.29500877,-2.73136040
8.74177945,19.31278737,-1.85481726
9.29099502,19.99732603,-1.79420261
-8.13300367,16.73071262,-2.78272348
9.84333595,20.85215893,-1.76261310
-8.59149196,17.39567475,-2.84220950
10.63653081,21.66045787,-1.69409352
-9.12585809,18.07942478,-2.87052537
11.23309668,22.92984798,-1.69666955
-9.46076868,19.35871167,-2.89959269
11.92900442,24.05093047,-1.59318555
-9.94385147,20.60081832,-2.86737022
11.85158432,25.02877189,-1.60955055
-9.98619617,21.87327976,-2.85114567
11.78554060,25.87204364,-1.58647019
-10.06434064,23.03374134,-2.85106852
11.19770503,26.58725059,-1.70309014
-9.74012258,24.13657184,-2.93586530
-9.39296160,25.07848752,-3.07123959
10.68481166,27.21603412,-1.79458942
-8.98859641,25.88680773,-3.22708183
10.16907468,27.77953248,-1.87971818
-8.61862102,26.62095232,-3.35879296
9.72509619,28.32915085,-1.92998587
-8.31155631,27.21064833,-3.43652391
9.35647451,28.79085729,-1.95182230
-8.05474936,27.78760499,-3.47206047
9.03368729,29.26185659,-1.94637349
-7.68320840,28.29197494,-3.50427200
8.55099530,29.67634504,-1.98795277
-5.46862415,29.46165437,-3.52568417
-6.09858657,29.30870978,-3.52139903
-6.69521562,29.04467765,-3.52801961
6.55805867,30.54165226,-2.19687556
7.29050539,30.31274945,-2.11853988
5.81144233,30.66943930,-2.30424629
-7.36801172,28.80069563,-3.49960830
8.12302430,30.11579746,-1.99889369
-4.90229994,29.63565630,-3.50819766
5.14469635,30.80741966,-2.38687574
-4.18242623,29.82973878,-3.49190189
4.31076690,30.93717026,-2.51307957
-3.54269087,30.06028721,-3.45212893
3.56894960,31.07136982,-2.61212177
-2.93088326,30.25376191,-3.41703686
2.87228679,31.13982934,-2.72011717
-2.36659768,30.48335581,-3.36595938
2.22827993,31.21923829,-2.80782210
-1.23384812,30.76780739,-3.23342709
-1.78578438,30.60616233,-3.30729167
-0.67477194,30.84653941,-3.19428976
0.43712351,31.03749153,-3.05608578
1.00975456,31.14681238,-2.95530511
1.60239432,31.16858880,-2.89119112
-0.12466348,30.96695298,-3.13827099
5.61787022,13.78568093,-3.01581220
4.99583222,13.51106742,-3.04623471
-2.43703242,13.82836203,-2.88911494
-1.68798319,13.70915937,-2.89566636
4.21242760,13.45610518,-3.05705286
-0.82017648,13.70238977,-2.91507785
0.04163619,13.63174803,-2.94568816
3.41889561,13.40561733,-3.05574764
0.90066111,13.67666001,-2.97456246
2.58262935,13.55221859,-3.03297360
-3.19063991,13.91396900,-2.89433739
6.21747410,14.10294053,-2.96796875
1.74421192,13.66103238,-3.00652529
-3.90572788,14.12083270,-2.90755669
6.69996158,14.67696299,-2.88837645
-4.62986971,14.31099813,-2.93438685
7.15809962,15.30361353,-2.79333374
-5.31229987,14.64112631,-2.97844423
7.49248296,16.17527689,-2.68276750
7.85495073,17.05991250,-2.56889489
-6.02130106,14.98394939,-3.03612181
8.20711579,18.05176621,-2.45645247
-6.71447280,15.45493035,-3.10344334
-7.46745662,15.95816016,-3.17674462
8.73194524,18.99217222,-2.34811270
9.16896988,19.67078880,-2.27865425
-7.97484644,16.39518345,-3.22554344
9.77509837,20.31600599,-2.19982462
-8.53155066,16.85237815,-3.26677636
10.36767603,21.12410055,-2.14421093
-8.98468619,17.54285012,-3.28984388
11.15638691,21.89216397,-2.06404242
-9.51395114,18.23805187,-3.28988227
11.70037669,23.09111753,-2.05223418
-9.84611306,19.50163183,-3.26057985
12.31129821,24.15892026,-1.97549827
-10.31805045,20.70245221,-3.21986779
12.19358114,25.09209005,-1.99850782
-10.36107253,21.91177665,-3.20266817
12.08828493,25.90745125,-1.99721656
-10.43232746,23.01237620,-3.22514543
-10.13645059,24.06302257,-3.33454229
11.52258115,26.61728022,-2.11146255
-9.80321611,24.96560823,-3.48828781
11.02019298,27.25044205,-2.20632302
10.51133134,27.82419885,-2.29622441
-9.40403140,25.74667525,-3.65593794
10.06821971,28.38647600,-2.35838827
-9.03221213,26.46171904,-3.80081604
9.69139510,28.87887398,-2.39095947
-8.71288784,27.06366936,-3.89244786
-8.44414219,27.65503177,-3.94743672
9.36252996,29.38170161,-2.40247141
-8.04500459,28.17823529,-3.98785451
8.85398181,29.82209550,-2.45261686
-7.70720525,28.70814626,-3.99548558
8.40499130,30.28893948,-2.48035620
7.56787879,30.51214287,-2.60177193
-7.03249456,28.98026968,-4.02426624
-6.43147535,29.27102809,-4.02652610
6.82900711,30.76648815,-2.69410354
-5.78728781,29.44567595,-4.02711342
6.06364288,30.90478465,-2.80451933
-5.20590340,29.63948306,-4.01122529
5.37837832,31.05084186,-2.89612109
-4.45685790,29.86604618,-4.00006717
4.50462837,31.19449167,-3.03920111
-3.78871547,30.12725611,-3.97149180
3.72637398,31.33757675,-3.15859180
-3.14515966,30.34663746,-3.93940498
2.99049222,31.40206613,-3.27343905
-2.54910501,30.60113392,-3.89569828
2.30957586,31.47417183,-3.36865097
-1.35840705,30.93625704,-3.78567243
-1.94028870,30.74914990,-3.84637493
-0.76779036,31.03641461,-3.74563075
0.41291970,31.26271546,-3.61703108
1.02221547,31.38610393,-3.52629933
1.64871983,31.41602434,-3.45600901
-0.18410979,31.17861671,-3.69260446
-2.68635321,13.99750122,-3.33123341
-1.90568984,13.90309310,-3.34336250
-1.00363767,13.93328342,-3.35765451
5.06677981,13.86036161,-3.50969968
4.25797978,13.78719588,-3.51676696
5.70797918,14.16449230,-3.46717455
-0.10446258,13.89470806,-3.39027472
3.43264800,13.72384955,-3.51559736
2.55936789,13.86465671,-3.47860812
0.79646786,13.96661005,-3.41186748
6.32022091,14.51637467,-3.41166123
-3.46648425,14.06130173,-3.33728984
1.68159872,13.96361869,-3.44301135
-4.20030979,14.25244701,-3.34527325
6.81443244,15.11444825,-3.31661654
7.28708825,15.76166726,-3.21241149
-4.93660002,14.43617048,-3.37360592
7.66173652,16.62684471,-3.08810773
-5.63447859,14.76791923,-3.41593696
8.08281317,17.48864419,-2.96353879
-6.35596566,15.11840814,-3.47786046
8.51900349,18.43580156,-2.83201542
-7.05806459,15.60709599,-3.54728243
-7.82055806,16.12800234,-3.62679629
9.14512987,19.32749691,-2.70033863
-8.31981896,16.57715815,-3.67475682
9.64157101,19.96218480,-2.61274021
-8.86788000,17.04251391,-3.71647171
10.29436646,20.56829002,-2.51976850
10.90719613,21.33002464,-2.44529363
-9.30737220,17.73397241,-3.71868075
-9.82004560,18.42020233,-3.70559752
11.67126550,22.05885395,-2.36141833
12.15638957,23.18628004,-2.34177311
-10.13292196,19.63211655,-3.64297097
12.68549779,24.19874251,-2.29382209
-10.57688557,20.77039494,-3.60320653
12.54416703,25.09336440,-2.32073143
-10.62502644,21.90319836,-3.58269902
12.41163245,25.88511596,-2.33776352
-10.69976245,22.93880660,-3.61614402
11.87815151,26.59263822,-2.44347597
-10.45519952,23.93597486,-3.72625565
-10.16871581,24.80379103,-3.87512894
11.39415957,27.22996455,-2.53857755
-9.80256224,25.56506070,-4.03261650
10.89443458,27.81283130,-2.62930531
-9.45081035,26.26707875,-4.17471415
10.45333885,28.38392993,-2.70146679
-9.13452515,26.88359748,-4.27407226
10.06787345,28.90501803,-2.75011162
-8.86392551,27.49054537,-4.34618173
9.73185311,29.43784320,-2.78629731
-8.44702316,28.03060902,-4.40000096
9.19874048,29.90614927,-2.85617904
-8.09321872,28.58042540,-4.42915998
8.72980597,30.40361081,-2.91460108
-7.41706597,28.87879613,-4.45675782
7.88335272,30.65411708,-3.03754824
-6.81140056,29.19534385,-4.46848681
7.13407681,30.93560360,-3.14570929
-6.15568555,29.39041002,-4.47440800
6.34915972,31.09028823,-3.26737374
-5.56160752,29.60417228,-4.46935333
5.64443896,31.25135772,-3.37745894
4.72072613,31.41049180,-3.53858448
-4.77312305,29.86420409,-4.46438104
-4.06831637,30.15837360,-4.44729732
3.89792187,31.56495926,-3.67856935
-3.39199857,30.40705190,-4.43178366
3.11985946,31.63337391,-3.81382445
-2.76294703,30.69100201,-4.40946550
2.39833709,31.70538758,-3.92944553
-2.12156709,30.86596313,-4.37033013
1.69665560,31.64061022,-4.01816038
-1.50545769,31.08040375,-4.32394995
1.03083035,31.60344628,-4.09225337
-0.87781083,31.20156647,-4.28430611
0.38056920,31.46427323,-4.16963452
-0.25533828,31.36558193,-4.23595539
-2.11007488,14.11638689,-3.73590911
-1.18162276,14.17874464,-3.74756571
5.11917661,14.19201204,-3.91307683
4.28560228,14.10907150,-3.91959776
5.78403399,14.51088300,-3.86709295
-2.91668966,14.18663594,-3.72513244
-0.25211733,14.17061208,-3.78331562
3.42931159,14.04203763,-3.92034336
2.52209324,14.17569571,-3.87292535
0.68630052,14.26161869,-3.79930661
-3.71739117,14.23198710,-3.73809980
6.41585023,14.88337979,-3.81211020
1.60902512,14.26520027,-3.82963739
-4.46606864,14.40996262,-3.75482310
6.93425829,15.49185554,-3.71871189
7.43533783,16.14842926,-3.62079664
-5.21030959,14.59221633,-3.79781339
7.86493930,16.99666036,-3.49945566
-5.91809615,14.92574338,-3.85513240
-6.64534522,15.28403725,-3.93779457
8.35687755,17.82967661,-3.37565796
-7.34718616,15.78792757,-4.02545792
8.88192275,18.73016466,-3.22862919
9.60167779,19.57444004,-3.07385433
-8.10613304,16.32598600,-4.12770586
10.14510930,20.16886355,-2.97170856
-8.58877471,16.78566322,-4.19002608
-9.11662282,17.25885828,-4.24796388
10.82460325,20.74000094,-2.87184760
-9.53380580,17.94330218,-4.24756641
11.43646598,21.45696295,-2.78548328
-10.01843882,18.61525244,-4.24012486
12.16060564,22.14487752,-2.71111667
12.58506954,23.19333605,-2.69075947
-10.30206578,19.75459747,-4.16308631
13.03828294,24.14032020,-2.67762663
-10.70509470,20.81405223,-4.13686762
12.89188600,24.98723896,-2.70231869
-10.76237948,21.84863146,-4.10840676
12.74922100,25.74659490,-2.73308001
-10.85033739,22.80060257,-4.14618326
-10.67635533,23.72848019,-4.23969465
12.26390944,26.44429666,-2.82280307
11.81228115,27.07833462,-2.91392402
-10.46598287,24.55134657,-4.36859163
-10.17104317,25.28280097,-4.50788093
11.34079920,27.66083347,-3.00784218
-9.87134214,25.96222447,-4.64271882
10.91585873,28.23000531,-3.09555791
-9.58472052,26.58705908,-4.74934179
10.53081408,28.77389887,-3.16984059
-9.33205584,27.20294234,-4.84301527
10.19317121,29.32966688,-3.24511792
-8.91260270,27.75386291,-4.91220723
9.63945844,29.82448235,-3.34501438
-8.55235506,28.31785241,-4.97386329
9.15262560,30.35310260,-3.45084707
-7.88554198,28.63977852,-5.00019037
8.30207904,30.63863878,-3.58005575
-7.28326290,28.98156637,-5.02835677
7.54575624,30.95721025,-3.71670924
-6.61752496,29.19914574,-5.03952360
6.73868357,31.14011775,-3.85458567
-6.01081832,29.43696493,-5.05029651
6.01171202,31.33021481,-3.99304508
-5.18344314,29.73836077,-5.07797309
5.03324947,31.52866959,-4.20788792
-4.44112610,30.07665376,-5.10439136
4.16025542,31.71803393,-4.40922375
-3.72069909,30.36629564,-5.12214607
3.32627337,31.80441468,-4.58511780
-3.04627938,30.69269557,-5.13977608
2.54925937,31.88553228,-4.73872240
-2.36199098,30.90744327,-5.12728843
1.79069083,31.82221808,-4.84125473
-1.69892457,31.16294622,-5.11488227
1.06805506,31.78291588,-4.93109492
-1.01739183,31.31489160,-5.08530139
0.35702479,31.62665281,-4.99530430
-0.33737343,31.51118959,-5.05455646
5.15782212,14.48384350,-4.40965635
4.29535990,14.39312289,-4.41481249
-3.13705694,14.36229957,-4.21946013
-2.31061611,14.31266734,-4.22729998
-1.36157807,14.40099925,-4.23703750
5.85471368,14.81038610,-4.36654580
3.40604577,14.32379763,-4.41833412
-0.40742993,14.41748965,-4.27637444
6.51568133,15.19720067,-4.32155124
-3.95108174,14.39400317,-4.24217801
0.56290427,14.52558089,-4.28960007
2.46606567,14.45192257,-4.36655332
1.51953014,14.53472262,-4.32012418
7.06936814,15.80643532,-4.24070541
-4.70443759,14.56292786,-4.26965005
-5.44498993,14.74990600,-4.33063378
7.60810435,16.46681362,-4.16152246
-6.15337037,15.09045200,-4.41988665
8.10231844,17.30166849,-4.06824438
8.66840584,18.11395341,-3.96762202
-6.87480761,15.46369607,-4.54352215
-7.56254786,15.99143656,-4.67208538
9.27443982,18.97820511,-3.81733805
10.06405313,19.78355245,-3.65055230
-8.30045119,16.55859327,-4.82280908
-8.75051085,17.03436230,-4.91459464
10.62267240,20.34020481,-3.54050572
11.28978253,20.87587413,-3.44535057
-9.24062572,17.52094425,-5.00532168
-9.61581493,18.19819341,-5.01973196
11.86492993,21.53829910,-3.34981109
-10.05029384,18.85442918,-5.03655662
12.52309272,22.17259706,-3.29135692
-10.26852320,19.90797140,-4.96891444
12.86988069,23.11888163,-3.26463254
13.23893763,23.97496202,-3.27930614
-10.59445106,20.87221444,-4.97454543
13.09274527,24.74367636,-3.27806947
-10.63831339,21.78008178,-4.92656310
12.94931206,25.44208695,-3.30244824
-10.72783401,22.62034512,-4.95170667
12.52449506,26.09809294,-3.36718228
-10.62155426,23.44739572,-5.01347250
-10.49643154,24.19699422,-5.11044521
12.12165175,26.69932288,-3.44806540
-10.29636372,24.87833085,-5.21479422
11.69349080,27.25589417,-3.53667166
-10.07323496,25.51993592,-5.32867038
11.29944653,27.79762787,-3.63187342
-9.84176474,26.13895028,-5.43308030
10.92749584,28.33829935,-3.72632778
-9.62869370,26.75184048,-5.54466343
10.59719420,28.88984074,-3.83686104
-9.23056128,27.30212524,-5.61380970
10.03670050,29.38973618,-3.95488290
-8.87848962,27.86695393,-5.70050451
9.54148297,29.92432809,-4.09965074
8.70324735,30.23503912,-4.22394333
-8.23569235,28.19812502,-5.70880990
-7.64915645,28.55145169,-5.74353737
7.95364628,30.57929095,-4.38291946
-6.98829965,28.78047737,-5.74861349
7.14242948,30.79546569,-4.53617427
-6.38183689,29.03242200,-5.77183400
6.40967667,31.02218394,-4.70861548
-5.52154924,29.36585640,-5.82931058
5.39094810,31.27481207,-4.98558428
-4.74583462,29.74029595,-5.90271137
4.48120461,31.51224355,-5.25698380
-3.98737760,30.06168343,-5.96485014
3.60557408,31.63185022,-5.48979424
-3.27010498,30.42017336,-6.03219466
2.78258775,31.73122077,-5.69208288
-2.54121454,30.66712922,-6.04341871
1.96931163,31.68091662,-5.80979686
-1.82651081,30.95484368,-6.06047254
1.18975199,31.64513863,-5.91473635
-1.08684992,31.13228676,-6.04204180
0.41433151,31.48107173,-5.97225292
-0.34298652,31.35332502,-6.03125430
-2.43745173,14.40527369,-4.75066348
-1.48341704,14.50143918,-4.77040743
-3.27106639,14.44982782,-4.74628348
5.89340413,14.97509016,-4.88501460
5.16711235,14.64112651,-4.91685327
4.28119860,14.54059032,-4.92973104
-0.52091353,14.52649918,-4.82245466
3.36704027,14.46383392,-4.94772287
2.40635476,14.58196403,-4.89763136
1.44060029,14.65671904,-4.85139716
0.46523243,14.64311872,-4.82940584
-4.08744614,14.48187321,-4.77902255
6.58378739,15.37398057,-4.86279179
-4.83783882,14.65576874,-4.82230790
7.17410820,15.98821669,-4.81714156
7.75229783,16.65958851,-4.78562482
-5.56948023,14.85708382,-4.90751863
-6.26941805,15.21136472,-5.03407170
8.30196381,17.49737961,-4.75305893
-6.97806651,15.60713298,-5.20547589
8.92277515,18.31397934,-4.71205149
9.57209519,19.17507487,-4.59398590
-7.64872922,16.16765992,-5.38674667
-8.36680827,16.77534305,-5.59688600
10.37947580,19.97361761,-4.44922813
10.92024306,20.51386996,-4.35842557
-8.79150592,17.27669366,-5.73437716
11.54937573,21.02816430,-4.29013737
-9.25534302,17.78659991,-5.87300206
-9.59111095,18.46558504,-5.91774054
12.06676776,21.64178344,-4.18470746
12.65805069,22.22205660,-4.13087034
-9.98030112,19.11410760,-5.97166138
-10.11637647,20.10327235,-5.95584101
12.92930769,23.06766662,-4.09323248
13.23027872,23.82855655,-4.12047976
-10.35505591,20.98869405,-6.01869954
13.07175892,24.50419075,-4.07418066
-10.33841030,21.77667055,-5.95898547
12.92534989,25.12193651,-4.06980563
-10.39235096,22.50238669,-5.96332478
-10.30865910,23.21993909,-5.98482510
12.54504090,25.71112574,-4.10208898
12.18642678,26.25622754,-4.16458746
-10.23389612,23.88408353,-6.04282192
11.80643828,26.76356548,-4.24371827
-10.11096443,24.50166759,-6.11441122
-9.96840744,25.09689225,-6.21096381
11.45596311,27.25813562,-4.34233113
11.11654023,27.76755570,-4.44950594
-9.80760226,25.69738351,-6.31553864
-9.65751714,26.29861431,-6.44876715
10.81553209,28.28760442,-4.58648208
-9.30892112,26.84119580,-6.50784888
10.27419926,28.76675213,-4.70169793
5.92224587,15.06262299,-5.67977015
5.15751296,14.71154231,-5.70574258
4.24567072,14.57733528,-5.72563279
-3.36223300,14.40260652,-5.65185169
-2.53125439,14.33898789,-5.67168012
-1.58042980,14.41776945,-5.69621060
-8.99589154,27.39901450,-6.60729775
0.36956803,14.55673591,-5.75518301
1.35260265,14.58868027,-5.76219970
2.33228099,14.54558022,-5.76292256
9.79572316,29.27773666,-4.86428253
-0.61859480,14.43412618,-5.74529262
3.30962265,14.46606894,-5.76316989
-4.17287523,14.45904045,-5.67670236
6.65540725,15.47891196,-5.68560211
-8.38672425,27.72798997,-6.57319108
8.98623012,29.59139850,-4.95782752
-4.91646585,14.65861300,-5.73967101
7.30268831,16.10213434,-5.71022746
7.94694937,16.78771488,-5.77273622
-5.64031690,14.89326674,-5.85763802
8.58164479,17.63427244,-5.85401886
-6.34004143,15.28121188,-6.03317888
-7.82632482,28.07802591,-6.58955264
8.26055167,29.93408837,-5.10904293
9.28238217,18.46445233,-5.92348786
-7.05590518,15.72396206,-6.26463004
9.99409991,19.34472743,-5.91473391
-7.74390457,16.35322145,-6.53431841
-7.17934942,28.29954797,-6.56273234
7.46521678,30.15850079,-5.24916777
-6.58304735,28.54338698,-6.57560203
6.74812444,30.39581183,-5.42968358
10.82796979,20.16150178,-5.86166096
-8.49457429,17.04458890,-6.82542633
5.72833857,30.67156561,-5.74121106
-5.70998835,28.87267657,-6.63922214
-8.93002836,17.58672567,-6.98792188
11.34051804,20.69602871,-5.79327237
-4.91672026,29.23922588,-6.74006232
4.81793882,30.92112358,-6.05387425
11.92490771,21.19227705,-5.73748889
-9.40398597,18.12724607,-7.14366281
-4.12899122,29.55275668,-6.81455755
3.92727854,31.05413650,-6.30671854
-9.73012524,18.82060003,-7.25283082
12.38113752,21.77191709,-5.66168199
12.90894310,22.29993677,-5.62931090
-10.10413024,19.46626745,-7.37342189
13.09696424,23.05274322,-5.56394133
-10.17763544,20.38348526,-7.41982260
-3.37375691,29.89559330,-6.89689826
3.08226709,31.15348859,-6.52475090
-2.60321779,30.12783260,-6.91189954
2.23340160,31.10826253,-6.65163146
-1.83655396,30.39642457,-6.93500981
1.41263044,31.06677396,-6.76848744
13.33952390,23.72003454,-5.57008733
-10.35293900,21.17590425,-7.52561322
-0.23464133,30.78799425,-6.88522755
0.57955922,30.91216381,-6.82196652
-1.04037045,30.57144326,-6.90230407
13.15524117,24.30520885,-5.55328861
-10.24898132,21.85388085,-7.53727775
13.00191020,24.83195334,-5.57885359
-10.22700051,22.45968315,-7.58102085
12.66274422,25.34548105,-5.60678386
-10.11046875,23.05620583,-7.57890996
12.36198949,25.82494460,-5.67498500
-10.04257679,23.61733337,-7.60832642
12.05327348,26.27861897,-5.76168996
-9.96781569,24.15300100,-7.65224349
11.78666892,26.72695697,-5.88270945
-9.91254432,24.68491709,-7.73950381
-9.85699640,25.24998128,-7.86173766
11.53201832,27.20248897,-6.03363240
-9.82568758,25.82731332,-8.03201290
11.32649794,27.69324925,-6.23264903
-9.54703794,26.34654265,-8.09559355
10.84557160,28.14361022,-6.36651972
-9.30158782,26.88064679,-8.21279903
10.43036670,28.62268936,-6.56239966
9.65293570,28.91474809,-6.59644052
-8.70200386,27.19240432,-8.12268662
-8.15392735,27.52120264,-8.09280190
8.95838258,29.22497093,-6.69609285
-7.49390251,27.71638130,-7.99695495
8.16456470,29.40551302,-6.74684578
-6.88823845,27.92729082,-7.95712823
7.44856981,29.59322578,-6.85286945
-5.97875434,28.21022201,-7.96023512
6.40104135,29.81284512,-7.07320900
-5.14528508,28.51902303,-8.03499753
5.45759079,30.00988449,-7.32355570
-4.30423793,28.76982436,-8.09883005
4.52064912,30.10185523,-7.53648363
-3.48287692,29.04964085,-8.19340401
3.62833211,30.17487743,-7.74952771
2.70815398,30.13093377,-7.85378794
-2.63889019,29.24430028,-8.18351831
-1.78727253,29.48272040,-8.19729712
1.81515863,30.09515051,-7.97320824
-0.00407157,29.83743724,-8.11987644
-0.90457223,29.63606573,-8.14338005
0.89465319,29.94887059,-8.03183673
3.56152104,14.18137932,0.35209749
4.26814973,14.14251775,0.46841881
4.75610453,14.38266308,0.50269975
-0.56506788,14.43164532,0.49505148
-1.31428081,14.45744534,0.60567693
-1.91575332,14.66841271,0.60024876
5.23978582,14.64659635,0.57473187
-2.53045217,14.86195179,0.60032683
-3.17174764,15.03600232,0.60823359
5.73268773,14.93372222,0.68513482
0.15076885,14.38737599,0.39440396
2.87941461,14.21195028,0.27904743
6.25405058,15.24094709,0.83118887
-3.85559135,15.18757631,0.62895230
6.54408404,15.90271038,0.90299442
-4.41343092,15.52706488,0.57308023
0.84758010,14.32718948,0.30764319
2.20834824,14.23555683,0.24407979
-5.01403440,15.85313556,0.53176150
6.86655917,16.60248014,0.98643305
1.53691209,14.25266036,0.24262564
7.26121174,17.32542002,1.07518768
-5.67555288,16.16913975,0.51423475
-6.42409031,16.48037311,0.52731977
7.77889725,18.06210023,1.16290093
-6.85012867,16.86715416,0.47147828
8.01550163,18.82382376,1.11906530
8.38894939,19.58719215,1.06894670
-7.33303833,17.26715523,0.42980811
-7.88862800,17.68600409,0.40679287
8.96068653,20.34501855,1.02647157
9.79364913,21.07914636,1.01517080
-8.53737724,18.13039876,0.40352093
-8.32135396,19.33151737,-0.05549854
9.88491955,22.55844990,0.70062947
10.25083574,23.79918055,0.60858575
-8.31394930,20.55361723,-0.36749605
-8.49240850,21.78387385,-0.43191966
10.69262141,24.83947051,0.67947812
11.14562814,25.72950303,0.83918325
-8.81024306,22.98214812,-0.33263308
-8.26078310,24.20458752,-0.45111630
10.40787712,26.51065647,0.72868672
-0.36625591,30.16976836,0.05140503
-0.83481284,30.09068826,-0.05217878
0.13267145,30.16508294,0.08016213
0.64188848,30.19623988,0.12853168
-1.30966345,30.04685307,-0.13358521
-4.43991408,29.51557227,-0.33170736
-4.91184316,29.38850199,-0.36795668
-3.82341674,29.60397818,-0.37223128
3.64518025,30.06757006,0.41353700
4.42453584,30.01463606,0.51864664
5.06242816,29.91855870,0.52139369
-3.27757122,29.72633278,-0.36359056
2.95653101,30.14099410,0.34217004
1.17710103,30.26021203,0.19738274
-1.80544046,30.03892472,-0.19232960
-2.78636041,29.88090016,-0.31343734
2.33325076,30.23549113,0.30168605
-2.33496757,30.06617533,-0.22800305
1.75552027,30.35347820,0.28758149
9.80106788,27.14508819,0.61749254
-7.86591139,25.26652854,-0.52344105
-5.44355086,29.27974382,-0.36636364
5.77878069,29.83729956,0.55494238
6.59468591,29.77524435,0.62249403
-6.04681309,29.18878741,-0.32486739
-6.73688865,29.11201654,-0.24779719
7.53324639,29.73926253,0.72329432
9.30013726,27.69962589,0.50967679
-7.58118443,26.18836937,-0.59738170
-6.83076240,28.61854498,-0.35963726
7.80145854,29.34635868,0.62403078
-6.96332878,28.10923175,-0.47054895
8.11156610,28.96475855,0.53710249
-7.37611667,26.99971864,-0.67928648
8.88531750,28.21566725,0.41793314
8.47026514,28.58970653,0.46740568
-7.14254280,27.57376505,-0.57709212
-1.59033703,14.32859349,-6.34847078
-0.62266178,14.44982462,-6.36489420
4.20690010,14.62953025,-6.21108408
3.25302743,14.59620610,-6.25494924
2.29105084,14.55601365,-6.30946123
0.34700621,14.50446400,-6.37297913
1.31999531,14.48750743,-6.36335383
5.15493224,14.67482974,-6.18920042
-2.55618168,14.15655426,-6.33656205
5.91628169,15.10096716,-6.15868072
-3.36777717,14.30010397,-6.30703421
6.64363067,15.59105321,-6.17615205
-4.15616139,14.44363443,-6.32479769
-4.92358542,14.60903181,-6.39553142
7.35563928,16.14768949,-6.24312356
8.07659720,16.76359790,-6.35721916
-5.67929093,14.81437424,-6.52021189
-6.36705152,15.29491594,-6.71580969
8.72940886,17.65407409,-6.49861001
9.44723219,18.51599118,-6.61868136
-7.07591331,15.84036800,-6.96442791
10.25400894,19.32884922,-6.67655521
-7.83156383,16.45728225,-7.24660876
-8.65856873,17.13763522,-7.53607599
11.17331534,20.09231381,-6.68116417
11.59545989,20.69466033,-6.61454107
-9.01803932,17.79115340,-7.68805060
12.07823593,21.24868467,-6.55435258
-9.40968909,18.41474528,-7.82407225
-9.83872238,19.00308076,-7.95835660
12.62551438,21.75369148,-6.51090561
-10.31177315,19.55363395,-8.10767328
13.23341100,22.21139342,-6.48875482
-10.19898939,20.42880166,-8.15951678
13.18951030,22.95045045,-6.42613229
13.19944709,23.59226529,-6.40944164
-10.18798671,21.16816546,-8.23832832
13.24980088,24.16457115,-6.43805649
-10.26731481,21.80859431,-8.35067081
13.33242281,24.68633556,-6.51101600
-10.42176837,22.38323186,-8.48119022
-10.28069691,22.94667424,-8.47816500
13.00706444,25.19427914,-6.55172864
12.72155235,25.66938931,-6.62675255
-10.19686807,23.47851850,-8.49122616
-10.15557519,23.99599691,-8.53627504
12.47451017,26.12812639,-6.73572966
-10.14615718,24.51361552,-8.62326987
12.26430055,26.58263958,-6.87933719
-9.96885870,25.03193769,-8.66425624
11.86192960,27.03405553,-6.99654942
-9.81900341,25.56789802,-8.75896148
11.50839681,27.50077000,-7.15813272
-9.69279054,26.12489737,-8.90700061
11.19945722,27.98987606,-7.37078493
-9.58336064,26.70651511,-9.10937166
10.92851787,28.50504280,-7.63870849
-8.88990166,26.92120786,-8.96214439
10.08975683,28.72711091,-7.63138764
-8.25324186,27.16015081,-8.86726242
9.31896126,28.95673446,-7.67100249
-7.66684208,27.41850051,-8.82602966
8.61358693,29.19134120,-7.75720528
-7.12338077,27.69246871,-8.83752196
7.96683995,29.42702933,-7.88447445
-6.14430186,27.90655725,-8.79114103
6.83617215,29.56343206,-8.01472497
-5.24506801,28.15469389,-8.83245761
5.80580752,29.68756109,-8.19461685
-4.38588664,28.43857064,-8.93579882
4.84519555,29.80241652,-8.40469883
-3.53124923,28.76810975,-9.08418657
3.93246904,29.91805393,-8.64252183
2.93796821,29.78757458,-8.67711655
-2.63250275,28.87420983,-9.01093494
-1.73123802,29.04059739,-8.97391869
1.97682956,29.67292965,-8.74760308
-0.81186202,29.27029831,-8.97238496
1.04418415,29.59071402,-8.85670197
0.13401018,29.55723434,-9.00991816
