0.78055298,14.18382532,0.25923063
-0.28209672,14.30994095,0.31165352
0.80118449,14.08903026,0.39819177
-0.26449635,14.21701495,0.45126184
-1.36758163,14.37611953,0.38179768
-1.35317967,14.28557080,0.52673974
-2.48696362,14.36831115,0.46691272
-2.47594316,14.28060496,0.61382845
-3.64986936,14.28461693,0.54510292
-3.64199569,14.20046478,0.69294416
-5.11931513,35.81611305,1.41426221
-3.77198965,35.79680566,1.50740839
-5.10837643,35.79807892,1.54541954
-3.75980438,35.78536163,1.63946388
-2.44387484,35.74232734,1.59541884
-2.43026972,35.73787558,1.72626105
-1.12688861,35.68541826,1.67860994
-1.11104241,35.68594343,1.80784659
0.19839836,35.64693338,1.74881385
0.21753633,35.65190321,1.87791218
-4.69376184,14.26533524,0.58481105
-4.68930190,14.18510059,0.73543429
-5.75837455,14.20261972,0.60626226
-5.75718597,14.12631549,0.76130139
-6.83188077,14.11798307,0.62382642
-6.83445751,14.04703346,0.78013062
-7.90199221,14.03247472,0.64168309
-7.90883011,13.96510018,0.80213113
-10.01384877,33.80773807,1.10304701
-8.87241484,34.43150170,1.20371837
-10.01731854,33.78527885,1.24311468
-8.87060214,34.40579468,1.34185803
-7.66176813,34.96840930,1.28816876
-7.65598360,34.94316932,1.42146625
-6.40094473,35.42215689,1.35672406
-6.39211575,35.39887554,1.48862689
-8.88995592,14.30142347,0.67918072
-8.90231641,14.23525745,0.84571896
-9.85352960,14.64841151,0.69567964
-9.87293666,14.57938427,0.86935436
-10.79552127,15.09165360,0.68109635
-10.82360983,15.01541187,0.86045635
-11.73630784,15.61269546,0.62770027
-11.77272492,15.53005154,0.81117217
-12.35865065,16.17239905,0.55516823
-12.39774551,16.09092035,0.74351577
-12.99925363,16.72357154,0.46784306
-13.03939469,16.64538671,0.65999530
-13.67138651,17.22247756,0.37736179
-13.71138703,17.15101555,0.57055038
-14.39164208,17.65492085,0.28743065
-14.43001758,17.59116592,0.48202643
-13.50623430,31.26927233,0.83841739
-12.51600703,31.89723979,0.82852564
-13.51763757,31.24783862,1.00185659
-12.52786493,31.87797382,0.98479586
-11.64486537,32.54165999,0.88250149
-11.65474619,32.52193259,1.03383529
-10.82354675,33.18209264,0.98195484
-10.83081057,33.16108701,1.12731140
-14.72968649,18.73957677,0.19188025
-14.76755536,18.68608586,0.38530424
-15.11448891,19.74042015,0.13641137
-15.15200677,19.69359524,0.33058451
-15.54886268,20.70632416,0.13645350
-15.58804914,20.66488584,0.32635342
-16.04216624,21.67200682,0.20996659
-16.08221791,21.63442251,0.40132526
-15.81470866,22.98708780,0.30894452
-15.85245081,22.95450883,0.49675741
-15.59107812,24.32558875,0.45734632
-15.62808340,24.29775258,0.64650197
-15.31678407,25.70007310,0.59003872
-15.35580286,25.67706731,0.77624086
-14.96785358,27.10482860,0.65210988
-15.00961451,27.08575163,0.83907689
-14.56083673,28.20438779,0.77346214
-14.59790043,28.18493991,0.95496121
-14.16259502,29.27256689,0.83466569
-14.19234683,29.25226857,1.01037485
-13.81870491,30.29621001,0.84684650
-13.83882306,30.27554298,1.01614344
0.75945219,14.27805360,0.11944576
-0.29985233,14.40122391,0.17093330
-1.38133201,14.46137409,0.24158396
-2.49769785,14.45233510,0.32358155
-3.65754930,14.36700315,0.39761374
-5.13006307,35.83359733,1.28342310
-3.78367368,35.80788592,1.37819480
-2.45714613,35.74643843,1.46649041
-1.14288196,35.68350616,1.54800773
0.17918459,35.64063213,1.61915732
-4.69836575,14.34716564,0.43244344
-5.75936724,14.27984628,0.45125386
-6.82860576,14.18915615,0.46189616
-7.89394542,14.10011509,0.47531323
-10.00982283,33.82989234,0.96142766
-8.87555519,34.45935885,1.06613034
-7.66799142,34.99461679,1.15303513
-6.41014351,35.44577427,1.22392661
-8.87685917,14.36654963,0.50889593
-9.83248836,14.71825317,0.52098700
-10.76805939,15.16609724,0.49982214
-11.70216934,15.69258015,0.44101516
-12.31872100,16.25368882,0.36586811
-12.95709025,16.79923522,0.27533865
-13.63491256,17.29164086,0.18225247
-14.36048312,17.71466556,0.09356268
-13.49734946,31.29196315,0.67250085
-12.50695068,31.91761413,0.67214192
-11.63439687,32.56105434,0.73155978
-10.81947761,33.20506942,0.83620008
-14.68832225,18.79363579,0.00142773
-15.06867756,19.79022339,-0.05488467
-15.50436789,20.74987436,-0.05662473
-16.00233141,21.70988257,0.01905293
-15.77093449,23.02044995,0.11742335
-15.55196596,24.35268758,0.26810473
-15.27828493,25.72309965,0.39871607
-14.92510325,27.12392022,0.46262674
-14.52394012,28.22395692,0.59101577
-14.13476456,29.29258113,0.65955462
-13.79172933,30.31396516,0.67632626
1.86174000,13.87006974,0.38004688
1.83930518,13.96048275,0.24157126
2.90905752,13.62507048,0.38537536
2.88523418,13.70831531,0.24356056
3.93774029,13.38726918,0.41105673
3.91197873,13.46275284,0.26650861
4.95203843,13.18889440,0.47245872
4.92313491,13.25693990,0.32211416
5.56366990,35.08241611,1.97095958
4.22628431,35.19962831,1.98750296
5.53032516,35.07070022,1.84358578
4.19528839,35.18835589,1.85931139
2.88300167,35.33299487,1.97396525
2.85548541,35.32307001,1.84543169
1.54467729,35.48302449,1.93940586
1.52118547,35.47500406,1.80921762
5.78797381,13.18645284,0.54268110
5.75518127,13.24798719,0.38918679
6.61620737,13.24491360,0.63610388
6.58020939,13.29866892,0.48289278
7.44771978,13.35957622,0.76015804
7.40744723,13.40700746,0.60109595
8.29759222,13.51245959,0.90860256
8.25283459,13.55520404,0.74580887
10.00893438,32.80615491,2.03374769
8.94194403,33.45819912,2.01709321
9.95978065,32.79289020,1.89346518
8.89593650,33.44417808,1.88186359
7.84944120,34.04385677,2.00647761
7.80754328,34.03000661,1.87584852
6.72283892,34.57482282,1.99798117
6.68494750,34.56220018,1.86797010
9.00930839,13.99132413,1.06259901
8.95876724,14.03199904,0.89745270
9.75055407,14.47766282,1.21782899
9.69377949,14.51976492,1.05309706
10.51990777,14.96277204,1.36778569
10.45514256,15.01023460,1.19957766
11.32393325,15.43071610,1.50246322
11.25252408,15.48351554,1.33276930
11.82472474,15.88498434,1.56640155
11.75250844,15.93725194,1.39657860
12.35494641,16.33527843,1.62147037
12.28094526,16.38693074,1.44742131
12.92655692,16.77167584,1.65933375
12.85209114,16.82110534,1.48641600
13.56933487,17.19090763,1.68934878
13.49253437,17.23798721,1.51374755
13.27071195,30.02537858,2.00887421
12.33174250,30.69677850,1.99396248
13.22135923,30.02342795,1.85556648
12.28208842,30.69172347,1.84614435
11.50258413,31.40237415,1.99854686
11.45305191,31.39516601,1.85431445
10.73865984,32.11113035,2.01526077
10.68880657,32.10097453,1.87210258
13.73349610,18.19971438,1.65157092
13.65593788,18.24133590,1.47670311
14.04182768,19.17779726,1.64425480
13.96216764,19.21300287,1.46832205
14.50208556,20.12952150,1.67997873
14.41539820,20.15833838,1.50616298
15.09659604,21.07675575,1.75301772
14.99797762,21.09940965,1.57508303
14.84401126,22.24658554,1.74452882
14.75328405,22.26010743,1.57579943
14.64789096,23.44671510,1.76854914
14.56179511,23.45354405,1.60476074
14.46973751,24.69100231,1.80457051
14.38646949,24.69186879,1.64317050
14.28523520,25.95664858,1.82619810
14.20466238,25.95260127,1.66942370
14.04068438,26.95600570,1.92318808
13.96698068,26.95170887,1.76630183
13.76622938,27.95900682,1.97465113
13.70076006,27.95529204,1.82141396
13.50287184,28.98211797,1.99780890
13.44623053,28.97899403,1.84671113
1.81656661,14.05057321,0.10039496
2.86129747,13.79091561,0.10105199
3.88657553,13.53817117,0.12371939
4.89514408,13.32511375,0.17453014
5.49626956,35.05699758,1.71698244
4.16403634,35.17665391,1.73048086
2.82815996,35.31225798,1.71809789
1.49758187,35.46564758,1.67949035
5.72294499,13.31222187,0.23752980
6.54437764,13.35562747,0.32834805
7.36866383,13.45468635,0.44489379
8.20964618,13.59812420,0.58446468
9.91016318,32.77777158,1.75515952
8.85114890,33.43128592,1.74513189
7.76500107,34.01504531,1.74317037
6.64713271,34.54885018,1.73840977
8.91056799,14.07180657,0.73521100
9.63727539,14.56240152,0.88745477
10.39393946,15.05563138,1.03128976
11.18507855,15.53379029,1.16065272
11.68176626,15.98856457,1.22658748
12.20975129,16.43489024,1.27694766
12.78394237,16.86808590,1.31359241
13.42401622,17.28291110,1.33560309
13.17775975,30.02311130,1.70551101
12.23634227,30.68736655,1.69884023
11.40423509,31.38619597,1.70994230
10.64327466,32.09199994,1.73141796
13.57802651,18.28256589,1.30138932
13.87718941,19.24911311,1.29640519
14.32562334,20.18742447,1.33106200
14.90342960,21.12177853,1.39837007
14.65806690,22.27316612,1.40618332
14.47589360,23.46039509,1.44056720
14.30541820,24.69357877,1.48352063
14.12429310,25.94846328,1.51114501
13.89497906,26.94762656,1.61106619
13.63708910,27.95097762,1.66774695
13.38336089,28.97198959,1.69441425
0.30101409,15.37685743,-7.79579846
-0.59747922,15.45425066,-7.79115899
0.27855027,15.41852573,-7.58595410
-0.61841586,15.49677138,-7.58213991
-1.47067491,15.51347094,-7.78990846
-1.49008574,15.55645150,-7.58163801
-2.32652929,15.56309506,-7.79992258
-2.34429990,15.60345726,-7.59250882
-3.16848928,15.60074895,-7.82820223
-3.18490947,15.63723737,-7.62181809
1.18720350,15.37025078,-7.57226432
1.21121170,15.33024154,-7.78349880
2.12364697,15.28937181,-7.55181506
2.14890349,15.25210021,-7.76466107
3.07231275,15.18591739,-7.52987903
3.09787591,15.15370974,-7.74339768
4.01981397,15.07027328,-7.51090462
4.04553435,15.04407214,-7.72548936
0.24792499,36.84663274,-7.67608283
-1.25208893,36.57323579,-7.70712828
0.22842743,36.82785531,-7.46788018
-1.26860948,36.56102618,-7.49602369
-2.75197211,36.38442969,-7.73022951
-2.76607703,36.38047812,-7.51749107
-4.26689644,36.25308926,-7.77499089
-4.27959074,36.25968006,-7.56354804
-5.79126938,36.14443956,-7.87173134
-5.80263479,36.15957346,-7.66191005
1.63577852,36.50996526,-7.36816266
1.66002340,36.53722867,-7.57560968
3.02720182,36.20184873,-7.27398685
3.05692240,36.23554408,-7.48127018
4.42642439,35.88114098,-7.20449578
4.46129746,35.91718572,-7.41113517
5.86527298,35.54204170,-7.17943286
5.90577981,35.57790039,-7.38379404
-3.95317526,15.84242990,-7.86880024
-3.96784600,15.87299276,-7.66037961
-4.72141970,16.08482679,-7.94717950
-4.73446802,16.10891091,-7.73590516
-5.48484015,16.33647799,-8.06104252
-5.49636724,16.35268983,-7.84674776
-6.25748308,16.60337874,-8.20707054
-6.26703390,16.61336235,-7.98863288
4.79310351,15.13261738,-7.45753355
4.81978486,15.11135945,-7.67600634
5.54759119,15.20499705,-7.41363114
5.57531715,15.18825392,-7.63661894
6.28094036,15.29771394,-7.38231406
6.30967639,15.28521026,-7.60966234
7.00387939,15.41355389,-7.36843049
7.03482988,15.40366592,-7.60008449
-7.22788484,35.52439184,-7.92472038
-7.23555288,35.54129707,-7.71776298
-8.58974872,34.83414998,-7.96538091
-8.59151781,34.84851796,-7.76087602
-9.83824232,34.00661381,-7.94740132
-9.83229350,34.01469870,-7.74832383
-11.01238106,33.07542278,-7.91678828
-10.99660793,33.07428969,-7.72299867
7.07416283,34.49015349,-7.15100949
7.12234708,34.52497461,-7.35846004
8.29338909,33.42391843,-7.13847621
8.35117555,33.45861894,-7.34637325
9.53166086,32.36554038,-7.09110861
9.60022424,32.40075492,-7.29565959
10.85308806,31.36636482,-7.03284350
10.93524923,31.40446866,-7.23227000
-7.06083014,17.05744417,-8.38863583
-7.06700402,17.06393886,-8.16348150
-7.91157409,17.55837790,-8.58983343
-7.91338087,17.56493719,-8.35800944
-8.83906732,18.10189330,-8.80078853
-8.83705972,18.11166042,-8.56394854
-9.86801104,18.64093992,-9.01452155
-9.86310998,18.65578548,-8.77510332
7.67706603,15.66902437,-7.35782770
7.71204182,15.65993301,-7.59785279
8.36973078,15.95807250,-7.38520099
8.40971961,15.94861582,-7.63170330
9.09674297,16.28115507,-7.47977335
9.14256731,16.27196535,-7.73315269
9.87903094,16.63558520,-7.68675794
9.93172488,16.62835476,-7.94302569
-12.92361020,30.79785225,-8.14042128
-12.37314205,31.32747368,-8.01947863
-12.90500200,30.79468585,-7.95021050
-12.35431985,31.32423130,-7.82965313
-11.88056915,31.88433912,-7.95049754
-11.86266199,31.88177836,-7.76032839
-11.43242829,32.46952006,-7.92096827
-11.41528002,32.46747903,-7.72919476
13.04405971,29.13817603,-7.23624801
12.39028072,29.61592727,-7.13576538
13.12918785,29.16867195,-7.43805733
12.47457997,29.64791171,-7.33779344
11.81377877,30.14614739,-7.07201542
11.89725213,30.17961584,-7.27324169
11.30560416,30.73052618,-7.03963509
11.38846616,30.76630288,-7.24000900
-10.47258127,19.15072048,-9.09246166
-10.46877796,19.16519680,-8.85025800
-11.11767449,19.62162598,-9.16671061
-11.11504804,19.63551957,-8.92229439
-11.80404774,20.03729412,-9.24541535
-11.80291738,20.04996651,-9.00101825
-12.52859528,20.38562195,-9.33884344
-12.52776674,20.39646127,-9.09705570
10.26004675,17.00970485,-7.80528484
10.31533251,17.00623869,-8.06362224
10.68471719,17.39813226,-7.96194412
10.74357872,17.39869773,-8.21992110
11.16826407,17.80003504,-8.15133540
11.23306968,17.80595562,-8.40474127
11.72623252,18.21722625,-8.35398401
11.79871532,18.22774303,-8.59832600
-12.80365758,21.26773762,-9.25735722
-12.79404524,21.28115085,-9.00953707
-13.09969827,22.07077612,-9.24569434
-13.08079827,22.08545635,-8.99748164
-13.41427978,22.81534826,-9.29270524
-13.38566968,22.82933066,-9.04737123
-13.74453271,23.53017861,-9.36342356
-13.70624457,23.54229434,-9.12278010
11.76274990,19.01170297,-8.35049786
11.84695837,19.02412793,-8.59999041
11.88564642,19.83963417,-8.34738156
11.98234687,19.85499087,-8.59781306
12.10647466,20.69985457,-8.33787436
12.21586001,20.71871676,-8.58578155
12.43337866,21.59161138,-8.31368553
12.55584193,21.61410339,-8.55581601
-13.75223063,24.56647221,-9.32507649
-13.70916737,24.57269412,-9.09157173
-13.74308076,25.60969501,-9.20346628
-13.69728115,25.61069073,-8.97893534
-13.70505933,26.66991800,-9.00002622
-13.65608166,26.66660394,-8.78289903
-13.63951211,27.73515938,-8.76048412
-13.58906042,27.72915755,-8.55083312
12.53972714,22.79799377,-8.16407871
12.66301742,22.82356268,-8.40504744
12.75098072,24.01669143,-8.00484456
12.87367535,24.04315967,-8.24121859
12.99018114,25.18038495,-7.84242064
13.11332352,25.20742105,-8.07379177
13.19551817,26.24843094,-7.68515920
13.31792762,26.27596431,-7.90982292
-13.44732950,28.50966359,-8.55388063
-13.40258144,28.50319552,-8.34984935
-13.25362899,29.27084101,-8.37479700
-13.21699443,29.26476033,-8.17623116
-13.07247688,30.02717983,-8.23375841
-13.04527698,30.02240142,-8.04017065
13.14982485,26.96011604,-7.54620983
13.26350273,26.98792982,-7.76594093
13.09112522,27.65575683,-7.42182374
13.19530855,27.68474863,-7.63621336
13.04504798,28.36841739,-7.31753954
13.13867200,28.39822485,-7.52533172
5.82724270,35.50828185,-6.97314966
7.02890381,34.45713831,-6.94156355
8.23899395,33.39170795,-6.92768113
9.46689992,32.33320985,-6.88372178
10.77521642,31.33120645,-6.83077954
3.99619363,15.09503987,-7.29841089
4.76852841,15.15261565,-7.24077791
5.52216263,15.22061991,-7.19268672
6.25475837,15.30921557,-7.15692106
6.97546995,15.42306474,-7.13814068
12.96432485,29.11098356,-7.03203537
12.31140900,29.58738517,-6.93166577
11.73473399,30.11554817,-6.86853961
11.22738958,30.69824667,-6.83692257
9.83041302,16.64494589,-7.42994413
10.20909951,17.01549618,-7.54592024
10.63084102,17.39944631,-7.70364523
11.10909574,17.79700925,-7.89604930
11.66063198,18.20913472,-8.10701351
11.68483768,19.00193139,-8.09721899
11.79627605,19.82661401,-8.09163727
12.00476168,20.68301422,-8.08417274
12.31939864,21.57090935,-8.06589004
-12.52902947,20.40425322,-8.85525752
-12.78603691,21.29208580,-8.76139233
-13.06323982,22.09726212,-8.74783795
-13.35897079,22.84077395,-8.80150789
-13.66954358,23.55264030,-8.88235770
12.42456141,22.77417526,-7.91765405
12.63489919,23.99064968,-7.76199467
12.87493528,25.15396360,-7.60619551
13.07989320,26.22135284,-7.45595623
-13.66812072,24.57790627,-8.85753441
-13.65283561,25.61038002,-8.75277047
-13.60970121,26.66257482,-8.56582755
-13.54080519,27.72273647,-8.34128118
13.04302546,26.93364341,-7.32261896
12.99325900,27.62887248,-7.20435603
12.95635300,28.34129925,-7.10632314
-13.36023790,28.49705203,-8.14576412
-13.18236817,29.25902475,-7.97749916
-13.02017473,30.01791028,-7.84671451
-12.88860381,30.79237376,-7.75983838
0.20987880,36.81215520,-7.25851147
1.61267161,36.48473858,-7.15913555
2.99895402,36.16956403,-7.06519293
4.39380099,35.84782378,-6.99637126
0.25805676,15.45801225,-7.37785549
1.16535524,15.40823457,-7.36249345
2.10066194,15.32485524,-7.34078088
3.04883835,15.21655172,-7.31811883
-0.63760188,15.53761721,-7.37436182
-1.50815309,15.59769599,-7.37440733
-2.36102264,15.64225950,-7.38628184
-3.20069314,15.67192751,-7.41628311
-1.28478358,36.55210730,-7.28371448
-2.78022919,36.37948314,-7.30370078
-4.29276882,36.27002578,-7.35010357
-5.81494585,36.17795531,-7.45112619
-7.24439082,35.56168188,-7.50918266
-8.59523432,34.86544345,-7.55530969
-9.82799014,34.02493037,-7.54819574
-10.98325856,33.07518566,-7.52877518
-3.98228919,15.90220607,-7.45260467
-4.74796786,16.13133180,-7.52585139
-5.50885898,16.36750967,-7.63333722
-6.27825666,16.62179362,-7.77086965
7.64514995,15.67837436,-7.12059777
8.33300025,15.96856688,-7.14010961
9.05460939,16.29216912,-7.22794308
-7.07514782,17.06837030,-7.93901444
-7.91766114,17.56935253,-8.12677312
-8.83704494,18.11898855,-8.32711149
-9.86088183,18.66758393,-8.53620541
-10.46656521,19.17692190,-8.60808375
-11.11422899,19.64695338,-8.67746256
-11.80259858,20.06020169,-8.75607215
-12.33809159,31.32225593,-7.64016856
-11.84707753,31.88054083,-7.56968576
-11.40074833,32.46742804,-7.53719060
1.31798025,35.64743657,-0.12315459
0.00589741,35.90561384,-0.20033245
1.39925996,35.57190701,0.78704240
0.08446047,35.78781764,0.71721033
-1.33530209,35.96968153,-0.25877578
-1.24564623,35.84189555,0.65163650
2.63482336,35.42607741,-0.06136023
2.72340450,35.38471122,0.83712211
-2.67882650,36.07429859,-0.32614400
-2.57271569,35.92538540,0.57655039
3.95866513,35.22970456,-0.02958325
4.05427216,35.21890332,0.85910115
-4.04452074,36.18778000,-0.40695144
-3.91640602,36.01155968,0.49300080
5.28807064,35.05116433,-0.03891591
5.38583759,35.07025487,0.84635012
-5.43641292,36.26196362,-0.50997783
-5.28338429,36.05941070,0.39540489
-6.75462962,35.86777968,-0.58550882
-6.58182837,35.66890428,0.32914478
6.42664496,34.44070509,-0.00160876
6.53110912,34.51444208,0.87403564
7.53042335,33.80181379,-0.00251324
7.64168199,33.93146670,0.87366435
-8.02773035,35.36933653,-0.68176221
-7.84777689,35.19533536,0.24613029
-9.21371423,34.72974340,-0.80011122
-9.04617935,34.61064384,0.14260467
8.59917969,33.11128138,-0.02221688
8.71826969,33.29738739,0.86248069
-10.29749788,33.95504767,-0.94323381
-10.15645641,33.91039892,0.01711571
9.64551657,32.35753163,-0.04046779
9.76875254,32.59521719,0.85642419
-10.95108257,33.27685755,-1.08799843
-10.88673219,33.25873228,-0.12050253
10.26591980,31.66657584,-0.07398166
10.44155867,31.90543435,0.82619834
-11.61820108,32.59103701,-1.22564179
-11.62611925,32.59269871,-0.24524189
10.92529960,30.97263292,-0.11009705
11.14695945,31.20266796,0.79580835
-12.35099662,31.92237835,-1.34127067
-12.42813543,31.93548168,-0.33429762
11.66271598,30.29961214,-0.14881769
11.92788345,30.51328622,0.77112846
-13.21121383,31.29223872,-1.42262281
-13.35582546,31.30713883,-0.37530227
12.50719432,29.66828620,-0.18969165
12.81766239,29.86113147,0.75379705
12.67533623,28.68961716,-0.19253883
13.00338225,28.84167182,0.74691085
-13.42922781,30.34258089,-1.48153636
-13.61198521,30.34365906,-0.40393258
-13.71302039,29.37610612,-1.56043184
-13.92690301,29.34885081,-0.45159755
12.89569433,27.75432919,-0.21962194
13.24042572,27.85945112,0.72032134
1.26439476,35.71275316,-1.07419978
-0.04841176,36.01131607,-1.15746013
-1.40516289,36.07799297,-1.20647166
-2.76996435,36.19731428,-1.26779324
2.57561002,35.45811399,-1.00396376
3.89357863,35.23182429,-0.96165836
-4.16173999,36.33348059,-1.34612160
-5.58205318,36.43109239,-1.45699189
5.22185359,35.02305848,-0.96665473
-6.92049140,36.02715345,-1.54266143
6.35485249,34.35051460,-0.91762037
-14.05223796,28.37652274,-1.67889687
-14.29521100,28.31225906,-0.54460837
13.12178806,26.83960558,-0.28008396
13.48284917,26.89707835,0.66241725
7.45481609,33.64915204,-0.91552880
-8.19947796,35.49751855,-1.65056779
-9.37068989,34.79752001,-1.77901159
8.52035791,32.89704385,-0.93911878
-10.42864257,33.94729841,-1.93224083
9.56974219,32.09021058,-0.96513704
13.31738037,25.92328056,-0.38007362
13.69503597,25.93687743,0.56344209
-14.41326820,27.35046378,-1.83732377
-14.68185567,27.24515029,-0.68777931
-11.01118287,33.24636723,-2.07479671
10.14693546,31.40198039,-0.99798584
-11.61223350,32.54629220,-2.21747239
10.76862636,30.72163421,-1.03923603
13.41567786,24.73655115,-0.43113376
13.83382625,24.71475589,0.52126491
-14.71469714,26.02644137,-1.94323202
-15.01455534,25.87652670,-0.77376104
-14.94386355,24.73752177,-2.07001755
-15.26715209,24.54084296,-0.90407854
13.49394353,23.56200202,-0.51200711
13.95593713,23.51218471,0.45733485
-12.28068719,31.87249152,-2.34680731
11.47127386,30.07195221,-1.08845847
13.57584027,22.43382100,-0.60894728
14.08308586,22.35918804,0.38960835
-15.10527022,23.49440663,-2.19322143
-15.45350397,23.24818670,-1.04714881
-13.07117538,31.24352185,-2.45901389
12.27736920,29.46800478,-1.15156090
-15.25885335,22.26627919,-2.28440780
-15.64062843,21.97506889,-1.14757343
13.69784791,21.36300655,-0.70933252
14.25867968,21.25544728,0.33653244
-13.25428448,30.31129385,-2.54179353
12.42739086,28.53581120,-1.15466006
13.21757158,20.50759961,-0.75307708
13.73103196,20.36696165,0.27960277
-14.76402955,21.39187399,-2.32197222
-15.13422350,21.05855064,-1.21431712
-14.33663708,20.50136840,-2.32996411
-14.69779898,20.13757105,-1.22010730
12.84347324,19.64921529,-0.78721886
13.32004682,19.47377130,0.24553119
-13.50464805,29.37636087,-2.64379737
12.62838180,27.65179109,-1.18460776
1.24773070,35.78733656,-2.09974621
-0.07058822,36.11956672,-2.18601144
-1.44765253,36.17214410,-2.22514836
2.55807316,35.50404416,-2.02129173
-2.83747095,36.28988637,-2.27778384
-13.96785737,19.57188990,-2.31787031
-14.32271117,19.18153514,-1.18006495
12.58734429,18.76786225,-0.80956810
13.04133087,18.55302358,0.23914104
3.87400729,35.24966469,-1.97051196
-4.25763366,36.43302545,-2.35482598
-13.80744268,28.41893818,-2.78050704
12.83481616,26.78765635,-1.24985130
5.20520181,35.01121849,-1.97143869
-5.70608987,36.54034194,-2.47441691
-7.06289554,36.11379743,-2.56764719
6.33658419,34.26954160,-1.91017688
12.45921683,17.84969018,-0.81991202
12.90058940,17.59397931,0.25875993
-13.65301707,18.58218306,-2.28279654
-14.00450667,18.15632412,-1.10082077
-8.34545244,35.54462966,-2.68396396
7.43869900,33.49968383,-1.90400329
8.50896204,32.68243740,-1.92662361
-9.50170793,34.78253874,-2.81339814
13.01079547,25.91732450,-1.35311106
-14.13258715,27.44147051,-2.94825902
11.90011157,17.41769705,-0.78804103
12.30483897,17.16843083,0.25828193
-12.94817419,18.18585163,-2.19344172
-13.29189371,17.74951214,-1.01229893
-10.53921461,33.86432440,-2.96382031
9.57248332,31.82340010,-1.95518618
11.39666522,16.96661822,-0.78143170
11.76962945,16.72340163,0.24156328
-12.30558259,17.71084158,-2.09329789
-12.63731887,17.26569313,-0.91061423
-11.06031272,33.15153601,-3.09399742
10.11406610,31.14177845,-1.98561214
-11.71720897,17.17151510,-1.98172181
-12.03038610,16.71945953,-0.80538081
10.93262888,16.50329760,-0.79976317
11.27560080,16.26548918,0.20447698
-14.39307021,26.17367019,-3.06867563
13.06390449,24.76417412,-1.41042194
10.49601974,16.03408154,-0.84205597
10.81110916,15.79969857,0.15000999
-11.16359257,16.60271335,-1.87195814
-11.45125142,16.14938671,-0.70688888
10.70564568,30.48008510,-2.02944986
-11.60564670,32.44959942,-3.22747314
9.74857289,15.52802315,-0.92463232
10.04388090,15.30080694,0.04064821
-10.29029433,16.02748204,-1.74402932
-10.55191229,15.59446087,-0.61278106
13.09521551,23.61072685,-1.50251223
-14.59790136,24.94077388,-3.18728278
-9.41887519,15.53630769,-1.65318833
-9.65012012,15.12431749,-0.55666452
9.03269527,15.03557920,-1.04023692
9.30894649,14.80054212,-0.09134435
11.37869547,29.85783876,-2.08897291
-12.21737423,31.78135670,-3.35707605
-8.52219187,15.16278417,-1.59492926
-8.72327169,14.76412496,-0.53499726
8.34705131,14.57700922,-1.17228182
8.60450447,14.31900973,-0.23487198
-14.74401265,23.75325638,-3.28430052
13.13131744,22.49346488,-1.62209584
-7.59115811,14.90035790,-1.55673530
-7.76347250,14.50452796,-0.53241292
7.68517400,14.16308592,-1.30954481
7.92558031,13.86888617,-0.37780732
12.15066931,29.28517972,-2.17246755
-12.94009254,31.16109283,-3.48506149
13.20738020,21.43442624,-1.76161010
-14.87847151,22.57378380,-3.35504508
-4.59010251,15.09063063,-1.43258726
-3.60748545,15.09948027,-1.43341345
-4.65117186,14.74041039,-0.49412585
-3.63505788,14.75941901,-0.51224833
4.54361912,14.05288410,-1.59070939
5.34113888,13.99830363,-1.54033058
4.71128686,13.67916862,-0.71578891
5.52047879,13.64100803,-0.66146956
-2.52909756,15.18565872,-1.46751793
-2.51281631,14.84790528,-0.56714579
3.56688261,14.31007443,-1.61270248
3.72340463,13.92385534,-0.74879005
-5.58866155,15.03519349,-1.46034285
-5.68588943,14.67339170,-0.49991695
6.12556153,13.99272812,-1.47716115
6.31975755,13.65803401,-0.58821414
6.90272405,14.04876259,-1.39968181
7.11709472,13.73639825,-0.49255379
-6.59284811,14.96100498,-1.50543561
-6.72757020,14.58480138,-0.51611903
2.57058633,14.57861545,-1.62283406
2.71653894,14.19395874,-0.76154446
-1.48487095,15.19738325,-1.51878753
-1.43049645,14.85820879,-0.63440495
1.55833248,14.82790062,-1.62437361
1.69012596,14.45683648,-0.76155976
-0.46481681,15.14287242,-1.57052467
-0.37880703,14.79913457,-0.69746792
0.54455302,15.02416234,-1.61101894
0.65550449,14.67381219,-0.74372495
12.27744166,28.40120502,-2.17950455
-14.41459836,21.73929789,-3.35309536
12.76683104,20.59662822,-1.79482537
-13.09699559,30.25440308,-3.57851541
-14.00640570,20.87616317,-3.35275107
12.42704249,19.75856312,-1.82813446
12.45226152,27.56827495,-2.21752275
-13.31756205,29.35631400,-3.69480281
-13.64793910,19.96486920,-3.36772556
12.19687793,18.90481531,-1.86309989
1.27264977,35.88689321,-3.23980682
-0.05581438,36.23836901,-3.32683340
-1.45611210,36.24961366,-3.35577307
2.58767254,35.58329642,-3.15619673
-2.87075870,36.33549487,-3.39930390
-13.58420373,28.44511788,-3.84250692
12.63178489,26.75391348,-2.29081003
-4.31617591,36.45522990,-3.47298749
3.90741636,35.30528734,-3.09852141
-13.33468681,18.99478105,-3.38874346
12.08464292,18.02256639,-1.90364698
5.24778374,35.03856856,-3.09379726
-5.78656028,36.54481332,-3.59612168
6.38235080,34.22119484,-3.02670312
-7.15668523,36.07964461,-3.69380477
-13.87134248,27.51947624,-4.01759090
7.49437459,33.37811685,-3.01493915
12.78060108,25.92764249,-2.40110831
-8.44167221,35.46809721,-3.80804500
11.55510282,17.59239144,-1.83324199
-12.62967514,18.60501912,-3.29913697
8.58006279,32.49468806,-3.03131061
-9.59089978,34.65832652,-3.92219982
-11.98631938,18.13491775,-3.20410498
11.07910663,17.14494539,-1.79658380
-11.39917484,17.60392028,-3.10103165
10.64127128,16.68713042,-1.79251612
9.67180189,31.58705403,-3.05517292
-10.62451680,33.69806901,-4.04836151
12.77932633,24.80221536,-2.46508007
-14.08795467,26.31170519,-4.15070763
10.22988664,16.22541335,-1.82048106
-10.85326741,17.04308134,-2.99758743
-11.10082978,32.99434801,-4.15270017
10.18381024,30.91615091,-3.08080525
9.49954763,15.73085362,-1.86839270
-9.98802503,16.45829696,-2.84463219
12.75409243,23.65792335,-2.56660189
-14.26570279,25.13642990,-4.26542791
-9.13723780,15.95098248,-2.72619698
8.79992865,15.26161501,-1.96296771
10.74990474,30.27642815,-3.12424586
-11.60571108,32.30871202,-4.26302830
8.12921042,14.83667166,-2.08116512
-8.26879213,15.56159294,-2.63751038
-14.39876875,24.00293880,-4.33756279
12.73820114,22.53404783,-2.70063023
7.47993515,14.46454348,-2.20870736
-7.37246520,15.28497632,-2.56720615
-12.17287412,31.66003395,-4.38139238
11.39601680,29.68336271,-3.19186790
-6.42063008,15.31341660,-2.48600083
6.71691361,14.36831815,-2.27782418
-5.46433655,15.35856788,-2.41931944
5.95333125,14.32914331,-2.34281604
-4.51223094,15.38810994,-2.37420779
5.17768664,14.34643254,-2.40010797
-3.57154574,15.37580441,-2.36150004
4.38597550,14.40490336,-2.45185358
3.41374942,14.65695147,-2.46931501
-2.54275391,15.45346215,-2.37594521
-1.53965326,15.46388539,-2.41008876
2.42400848,14.90975761,-2.48164152
12.77052910,21.46347711,-2.86658502
-14.52012311,22.87301429,-4.38183357
1.42419905,15.13575286,-2.48847963
-0.55258232,15.41439813,-2.44921113
0.43116147,15.30585830,-2.48190975
12.13520658,29.14241404,-3.29252652
-12.83601551,31.05710945,-4.51500598
12.36649306,20.62779954,-2.88411710
-14.09751503,22.07491197,-4.33413663
12.23247687,28.30370039,-3.30936765
-12.97813768,30.18382353,-4.61088686
-13.71601764,21.24099521,-4.31456594
12.06161973,19.79712776,-2.91129312
-13.17565904,29.32544660,-4.73471665
12.37445375,27.51728342,-3.35918617
11.86096516,18.95991038,-2.95291269
-13.37190228,20.34822172,-4.34713401
-13.41076667,28.46062261,-4.89014340
12.52100772,26.74756761,-3.44340362
-0.00254501,36.37849136,-4.58788800
-1.42802448,36.31717989,-4.60794004
1.34126862,36.02544694,-4.50183767
11.77008463,18.10704457,-3.01270658
-13.06236214,19.39086929,-4.41726556
-2.86630991,36.33735784,-4.63876904
2.66816182,35.71232784,-4.41512401
3.99965821,35.41608490,-4.35356464
-4.33223405,36.39987341,-4.70425258
-5.81785171,36.44379469,-4.82512960
5.35729093,35.12295434,-4.34499522
-13.66279017,27.58509822,-5.06988258
12.63816422,25.96063119,-3.55997869
-12.35129440,19.00614582,-4.32679439
11.26400553,17.68668773,-2.89943323
-7.20064842,35.93191558,-4.91648615
6.50137248,34.22574723,-4.28061639
10.81151977,17.25345839,-2.82555630
-11.69811762,18.54034446,-4.23826453
-8.49475748,35.28635992,-5.01564111
7.63218427,33.30632856,-4.26447377
-11.09963377,18.01541873,-4.15085498
10.39648135,16.81208111,-2.79482308
12.57564710,24.85513237,-3.63412686
8.74678942,32.35808231,-4.26632310
-13.83586235,26.43338102,-5.21727949
-9.65346822,34.45317039,-5.09701366
10.00852051,16.36914127,-2.80134896
-10.54733120,17.46049138,-4.06189577
9.88576176,31.40871112,-4.27349880
-10.70628616,33.48106222,-5.17985114
-9.66969130,16.87299235,-3.89705471
9.29166527,15.90327697,-2.80799316
12.48720710,23.70871559,-3.74087275
-13.98226319,25.30993498,-5.33212932
-8.82638216,16.35331665,-3.76117995
8.60482658,15.46773781,-2.87586387
10.37376662,30.75072733,-4.29079472
-11.15376427,32.80381032,-5.25039710
-7.98169928,15.94616872,-3.64958942
7.94478792,15.08028613,-2.97510653
12.41549197,22.56359673,-3.87928417
-14.09703042,24.22359441,-5.38580115
10.91818379,30.13348455,-4.33064011
-11.63143216,32.14807405,-5.33235117
-7.12206855,15.64683213,-3.55801826
7.30291613,14.74733392,-3.09025833
-6.22168599,15.63217256,-3.45790613
6.55422617,14.66368628,-3.14480046
-5.31948497,15.63525506,-3.37699849
5.79978454,14.63223634,-3.20189886
5.02897797,14.65042766,-3.25970273
-4.41931452,15.62697394,-3.32249075
-3.52476188,15.58383106,-3.30103340
4.23991845,14.70194941,-3.31672403
-2.54754305,15.64659998,-3.29872422
3.26979481,14.93774995,-3.33491114
-14.20264392,23.13886351,-5.40132697
12.40834127,21.46382789,-4.05145561
-1.58605849,15.65226830,-3.31569621
2.28599313,15.16676562,-3.35104124
-12.16487309,31.52797658,-5.43367594
11.53966038,29.56789545,-4.40043966
-0.63197621,15.60623427,-3.34189717
1.29905378,15.36486863,-3.36430235
0.32697151,15.50754489,-3.36477063
12.24877164,29.05566458,-4.50901590
-12.77984246,30.94884697,-5.56510780
12.03708584,20.61933692,-4.05405506
-13.82112574,22.37455072,-5.31542404
12.31163586,28.25391610,-4.53962019
-12.91510824,30.11228375,-5.65751841
11.76708303,19.78716216,-4.06795761
-13.46845893,21.57112954,-5.27012250
12.41756193,27.50555969,-4.60388293
-13.09624757,29.29310438,-5.78433991
-13.14265439,20.70081480,-5.30488342
11.59879314,18.95867181,-4.10552974
-13.30631970,28.47098769,-5.94445817
12.52926162,26.77248489,-4.69987920
-12.84122986,19.75653168,-5.40997667
11.53299995,18.12816485,-4.17195043
1.45446742,36.21946444,-5.83019685
0.08720779,36.56177271,-5.91998885
-1.36827738,36.40500630,-5.93684384
11.04127594,17.72136174,-4.01197257
-12.12171818,19.37815557,-5.31554809
-2.83166268,36.33378355,-5.95928004
2.80380898,35.90426289,-5.74226835
-13.52869980,27.63922760,-6.12913349
12.61472182,26.01908223,-4.82373992
4.15898002,35.59442044,-5.67740342
-4.31781271,36.31508264,-6.01369941
10.60483165,17.30705934,-3.89880355
-11.45395628,18.91940610,-5.23551793
-5.81789575,36.29415887,-6.12670795
5.54631754,35.27689817,-5.66381426
-7.21852632,35.73169253,-6.20402936
6.71059706,34.29986704,-5.61339094
10.20735995,16.88854109,-3.83418164
-10.83849921,18.40121101,-5.16186296
12.49122867,24.92891223,-4.91439492
-13.66200561,26.53367822,-6.29350059
7.87234862,33.30422932,-5.59724798
-8.53352129,35.06020397,-6.27878342
-10.27060793,17.85078720,-5.08973942
9.83779675,16.47073508,-3.81498200
-9.36441408,17.26278112,-4.92020322
9.12826431,16.04235450,-3.77251012
9.03307002,32.29606394,-5.57849019
-9.72037746,34.22140545,-6.31633423
12.33849267,23.77394807,-5.02953314
-13.77458564,25.45093328,-6.41794125
-8.51622646,16.73125117,-4.77398595
8.44867223,15.64427504,-3.80808534
10.24303233,31.31444516,-5.55804991
-10.81463297,33.25781744,-6.34584494
-7.68824518,16.30388374,-4.64935977
7.79372178,15.29265680,-3.88600745
-13.86278257,24.39963987,-6.46802349
12.20996346,22.59911838,-5.16979107
7.15411457,14.99272616,-3.98489643
-6.86302347,15.97376794,-4.54383656
10.71170727,30.67000696,-5.56737142
-11.24444643,32.61581593,-6.38165748
-6.01356974,15.90675085,-4.43308329
6.41630815,14.91436819,-4.02937524
5.66846154,14.88188828,-4.08328225
-5.16475837,15.85772009,-4.34554509
4.90102636,14.89112049,-4.14359817
-4.31583357,15.80208684,-4.28607563
11.23706411,30.07267767,-5.60210831
-11.70392235,31.99559580,-6.43533424
4.11390640,14.92705289,-4.20841256
-3.46590842,15.72009322,-4.26087569
-13.94409244,23.35113296,-6.46406044
12.16677577,21.46055073,-5.33414858
-2.53783162,15.76366213,-4.24506239
3.14611922,15.14000389,-4.22877964
-1.61550015,15.76119060,-4.24910854
2.16895598,15.34145349,-4.25029535
1.19552897,15.51001490,-4.26902233
-0.69206961,15.71620930,-4.26316030
0.24374606,15.62642282,-4.27790070
-12.21278383,31.40771062,-6.51892518
11.83605604,29.52978577,-5.66930173
11.82258135,20.59994154,-5.32436616
-13.59628673,22.61541741,-6.35284313
-12.79042180,30.85443939,-6.64458461
12.51712493,29.04006275,-5.77686224
-13.26932003,21.84104048,-6.28814348
11.58356118,19.75995912,-5.32604423
12.54386738,28.26250010,-5.82878584
-12.92323594,30.05242465,-6.73325861
-12.96260456,20.99603821,-6.31467179
11.44576786,18.93503067,-5.35057243
-13.09333488,29.26776894,-6.86153510
12.61364649,27.53997759,-5.91010288
11.40504124,18.12167077,-5.40700316
-12.67430234,20.06766147,-6.43507032
-13.28507106,28.48105705,-7.02577076
12.69207958,26.83290337,-6.01859633
-11.94748065,19.69911691,-6.33608057
10.91320171,17.72421711,-5.20593341
12.75017561,26.10571213,-6.14907354
-13.48475859,27.68419432,-7.21604075
-11.26588015,19.25171486,-6.26082837
10.48080445,17.32691223,-5.05260937
-10.63268069,18.74416079,-6.19758622
10.09111195,16.93038253,-4.95142618
12.57571682,25.02838382,-6.26670611
-13.58470545,26.61028125,-7.40720758
-10.04740897,18.20077134,-6.13661113
9.73226426,16.53761644,-4.90033598
9.01940425,16.14761614,-4.80278141
-9.10271129,17.61623040,-5.96116662
-13.66393029,25.55189298,-7.55763734
12.36822446,23.86580732,-6.39884415
-8.23868784,17.07273474,-5.80602591
8.33897700,15.78498332,-4.80086089
7.68277190,15.46409142,-4.85190088
-7.41945049,16.62043473,-5.66939971
12.19008601,22.66324414,-6.54321675
-13.71892362,24.51882231,-7.62599042
7.04008569,15.18965325,-4.93039337
-6.62034411,16.25283107,-5.55178150
6.31066390,15.10886470,-4.96838600
-5.81430393,16.12638751,-5.43566824
-5.01153073,16.01842105,-5.34499949
5.56832194,15.06702236,-5.02057128
4.80441251,15.05927182,-5.08274341
-4.20642807,15.90886504,-5.28329929
12.11429479,21.48611055,-6.69641970
-13.76488045,23.49102737,-7.62490425
-3.39395516,15.78201213,-5.25577916
4.02028010,15.07176014,-5.15224900
3.05645389,15.25782858,-5.17507100
-2.50813307,15.80356400,-5.23137287
-1.61943080,15.79027984,-5.22564638
2.08743720,15.42949377,-5.20026110
1.12747758,15.56880338,-5.22349265
-0.72192052,15.74363743,-5.23092656
0.19410748,15.66061286,-5.23852450
11.78898480,20.60804879,-6.68958217
-13.43954150,22.77437433,-7.51404030
-13.13113670,22.02161940,-7.44434416
11.57217384,19.75807966,-6.68565474
-12.84140752,21.20001451,-7.46249581
11.45621171,18.93379670,-6.69657511
11.43285721,18.13330694,-6.73114006
-12.56960743,20.29013521,-7.57925226
10.92038330,17.73365416,-6.50621991
-11.83938067,19.93444908,-7.47592356
-11.14997339,19.50305322,-7.39943993
10.47449548,17.34290495,-6.32060949
-10.50500084,19.01164521,-7.33678808
10.07789171,16.95978630,-6.18426648
9.71736976,16.58490176,-6.09798788
-9.90586759,18.48146465,-7.27575418
-8.91909694,17.90938526,-7.08583538
8.98443873,16.22391773,-5.94351167
-8.03027418,17.35815107,-6.91248699
8.29173377,15.88905977,-5.89923579
7.62571314,15.59062196,-5.91790516
-7.20684356,16.87914538,-6.75601380
6.97379026,15.33234956,-5.96960838
-6.41879956,16.47099516,-6.61873802
6.25034449,15.24082281,-6.00039379
-5.64132135,16.28118807,-6.49524724
-4.86993565,16.11005374,-6.39938000
5.51330384,15.18091634,-6.04794082
4.75400275,15.14792911,-6.10725868
-4.09457515,15.94238370,-6.33422529
-3.30674967,15.76614534,-6.30385531
3.97486897,15.12959911,-6.17535412
3.01769665,15.28529483,-6.19862868
-2.45182820,15.76344358,-6.27480224
-1.58748731,15.73653564,-6.26361995
2.05828761,15.42591265,-6.22454297
-0.70865362,15.68535201,-6.26379107
1.11139036,15.53674070,-6.24938553
0.19330982,15.60622097,-6.26735435
0.13027775,35.71916800,1.16894652
-1.19558303,35.76735370,1.09988500
1.44688388,35.52387837,1.23379457
-2.51581403,35.84019172,1.02202870
2.77463763,35.35378106,1.27862392
4.10839164,35.20308709,1.29561241
-3.85047582,35.91326805,0.93626573
5.44073138,35.06913250,1.28246488
-5.20647727,35.94924501,0.84067147
-6.49555657,35.55987276,0.77829909
6.58908109,34.53805810,1.30644667
-7.75763086,35.09762967,0.70065360
7.70308747,33.98036948,1.30727308
-8.96101327,34.53830110,0.60534873
8.78434699,33.37210912,1.30212152
9.83907660,32.69501980,1.30457100
-10.08371258,33.87389178,0.49096595
10.54094755,32.00679945,1.27712496
-10.85346193,33.23561051,0.35909915
-11.63034743,32.58054028,0.24391815
11.27309921,31.30179610,1.25088762
12.07836596,30.60653108,1.23251555
-12.46760418,31.93005833,0.16889669
-13.42756408,31.30309552,0.14899302
12.99331306,29.94725498,1.22716719
13.18838344,28.91056175,1.21776584
-13.70298277,30.33265056,0.13652777
-14.03245609,29.32445854,0.10563574
13.43386872,27.90785432,1.19181301
-14.41204619,28.27114147,0.02486698
13.68383979,26.92391444,1.13421478
-14.80710489,27.18649479,-0.11069373
13.90432617,25.94342710,1.03481250
-15.15147855,25.80030185,-0.18458845
14.06410903,24.70442317,0.99995233
-15.41470081,24.44581365,-0.31538615
14.20943948,23.48657460,0.94585857
-15.61660646,23.13212047,-0.46367355
14.36233649,22.31745637,0.89464750
14.57049758,21.19119400,0.86508861
-15.82487021,21.83947299,-0.56430528
14.01793968,20.28120629,0.80300183
-15.32087958,20.90120352,-0.63708100
13.58770804,19.36665394,0.76772194
-14.88377815,19.96234930,-0.64047550
13.29874232,18.42334199,0.76873663
-14.50610540,18.98762406,-0.58965320
13.15156052,17.44369814,0.79806242
-14.18398046,17.93763091,-0.50002172
-13.46535031,17.52342564,-0.41116404
12.53472640,17.02340331,0.78550160
11.98086605,16.58368908,0.75810111
-12.80003024,17.03471807,-0.31292924
-12.17845032,16.48774257,-0.21436446
11.47048998,16.13116267,0.71386843
10.99046083,15.67018667,0.65351739
-11.58163391,15.92099709,-0.12669357
-10.66551138,15.37960365,-0.05012318
10.21196914,15.18032189,0.53382995
-9.74668948,14.92084109,-0.01264411
9.46642453,14.68185507,0.39468104
8.75139604,14.19388904,0.24723770
-8.80525034,14.56554127,-0.00792449
-7.83303191,14.30393912,-0.02530016
8.06168130,13.73037416,0.09919003
-3.64675631,14.56876881,-0.05495314
-2.50501284,14.65637294,-0.12080313
3.80364958,13.72890871,-0.31446632
4.80078548,13.49751106,-0.27220802
5.61837447,13.47152653,-0.21486801
-4.67625720,14.54861796,-0.02883091
2.78870492,13.99254643,-0.33073406
-1.40521970,14.66569264,-0.19539758
-0.33855604,14.60567233,-0.26303842
1.75385007,14.25643430,-0.33094469
0.70834714,14.48005229,-0.31163885
6.42798286,13.50145492,-0.13275093
-5.72524251,14.48003892,-0.02147451
-6.78169948,14.38943415,-0.02425474
7.23788115,13.59092200,-0.02749110
1.52799075,36.34237177,-6.49867518
0.14468434,36.67714816,-6.59236480
-1.32893394,36.46863260,-6.61209677
-2.80713389,36.34684642,-6.63232253
2.89372773,36.02737517,-6.40836149
4.26652390,35.71156779,-6.34190056
-4.30519382,36.28279932,-6.68228581
5.67467853,35.38280412,-6.32393819
-5.81486560,36.22635739,-6.78951458
6.85509083,34.36755175,-6.28320570
-7.22813443,35.63758466,-6.85776632
8.03844991,33.33569584,-6.26848570
-8.55909311,34.95401384,-6.91849936
9.22990357,32.30085566,-6.23759800
-9.76677909,34.11492088,-6.93288486
-10.88919939,33.15847122,-6.93625673
10.48546342,31.30736500,-6.20096226
-11.31249863,32.53445023,-6.95709843
10.94568894,30.66922093,-6.20794349
-11.76494796,31.93150051,-6.99890970
11.46206784,30.07995054,-6.24070397
-12.26421799,31.35909067,-7.07508591
12.05007493,29.54552245,-6.30597038
12.71712271,29.06373621,-6.41018280
-12.82690656,30.81803707,-7.19739503
-12.95931621,30.03104094,-7.28480907
12.72621638,28.29231997,-6.47373029
-13.12541437,29.26078101,-7.41442920
12.77903289,27.57709127,-6.56391404
-13.31020218,28.48820648,-7.58127929
12.84239218,26.87793100,-6.67806485
-13.50090365,27.70427650,-7.77507844
12.88909962,26.15984744,-6.81062968
-13.58588101,26.63957127,-7.98300294
12.69650356,25.08827242,-6.94451682
-13.64768411,25.58620722,-8.15122175
12.46956549,23.92412791,-7.08816138
-13.68338798,24.55543602,-8.23615249
12.27316059,22.71251924,-7.23743916
-13.70787184,23.53121603,-8.24559539
12.18334278,21.52039608,-7.38730026
11.86450822,20.63593076,-7.39070319
-13.39043197,22.81868621,-8.14662866
-13.08895692,22.07220687,-8.08248640
11.65396248,19.78219488,-7.39030024
-12.80596786,21.25976280,-8.09767492
11.54281874,18.95763735,-7.39732317
-12.54184966,20.36075696,-8.20480192
11.52154126,18.16180477,-7.41895951
10.99102078,17.75648367,-7.19521250
-11.81261874,20.01124827,-8.10220640
-11.12268552,19.58865449,-8.02446715
10.53065038,17.36356869,-7.00164565
-10.47534413,19.10755864,-7.95905518
10.12350715,16.98160762,-6.85173643
-9.87189682,18.58678764,-7.89358742
9.75590804,16.61066535,-6.74904860
-8.86569082,18.02518817,-7.69400588
9.00438973,16.25683323,-6.56819347
8.29952442,15.93012944,-6.50168336
-7.96201540,17.47328282,-7.50765527
-7.13075287,16.98221865,-7.33661519
7.62428979,15.63820544,-6.50177012
6.96478510,15.38324638,-6.53716329
-6.34065372,16.55418378,-7.18477653
6.24325342,15.28221183,-6.56286131
-5.56978379,16.33206462,-7.05520957
5.50863353,15.20940709,-6.60545585
-4.80617351,16.12853976,-6.95421042
-4.03843474,15.93048772,-6.88563616
4.75217085,15.16017144,-6.66027304
-3.25610772,15.72784100,-6.85285256
3.97639002,15.12320547,-6.72460622
3.02375910,15.26233933,-6.74652012
-2.41098566,15.71213602,-6.82273275
2.06993663,15.38681286,-6.77152556
-1.55405116,15.67686275,-6.81069214
-0.68073439,15.62187099,-6.81011376
1.12905941,15.48383215,-6.79549223
0.21699708,15.54311356,-6.81288281
