-5.71064655,18.51112334,1.81358823
-6.46924867,18.77401392,1.78776239
-5.67963768,18.34708353,1.94368189
-6.46363953,18.61197958,1.92205576
-7.07565029,18.96885512,1.76786221
-7.09154083,18.81239534,1.90712324
-7.56975151,19.09721422,1.75246085
-7.60214177,18.94655942,1.89599918
-7.99085235,19.17149988,1.74164134
-8.03584238,19.02508666,1.88867800
-1.32540877,28.58327941,2.46765795
0.44957845,28.48033145,2.42329589
-1.41415034,28.66304503,2.59682297
0.35435787,28.57910662,2.56776097
1.74189143,28.35197443,2.31420718
1.69281167,28.47286827,2.47161619
2.61037572,28.24729034,2.22557514
2.60822737,28.38199039,2.40464808
3.23763261,28.20327633,2.17762704
3.26571553,28.34358475,2.37598133
-8.26525367,19.37463095,1.72641063
-8.32394316,19.23373362,1.88181738
-8.50975503,19.53348690,1.70961263
-8.58074399,19.39621604,1.87309700
-8.74075633,19.65030000,1.69275311
-8.82274482,19.51490143,1.86333418
-8.97305743,19.72277361,1.67783118
-9.06514557,19.58673053,1.85368661
-6.14054514,27.75113215,2.05033916
-5.37887138,27.96628792,2.11208492
-6.16213514,27.85349189,2.20377719
-5.38558214,28.05857926,2.25383900
-4.37169611,28.14257970,2.19572282
-4.38997762,28.22640459,2.32587544
-2.98305674,28.34257931,2.34191040
-3.03377862,28.42116752,2.46631385
-9.02355732,20.15369565,1.68953192
-9.12604478,20.02177576,1.87569242
-9.09245769,20.49336257,1.69177033
-9.20574457,20.36352788,1.88683641
-9.20235742,20.74097138,1.70162803
-9.32474412,20.60941457,1.89931730
-9.38125580,20.88052919,1.72937263
-9.51084300,20.74142767,1.91930630
-9.47525459,21.03557537,1.75133122
-9.60804214,20.89641934,1.93595378
-9.63665288,21.10167501,1.77865341
-9.77194121,20.96086107,1.95158517
-9.88165180,21.06591380,1.79411667
-10.02054107,20.92476569,1.95281962
-10.24155295,20.91212170,1.77325180
-10.38624306,20.77516322,1.91933770
-8.41565641,26.85076053,1.85931519
-7.63775756,26.87666966,1.84255503
-8.53294609,26.94450082,2.01726372
-7.72464512,26.97961626,2.03276471
-7.10005708,27.10652719,1.85524455
-7.16764378,27.21567350,2.05845603
-6.62875180,27.42411616,1.94221223
-6.67394000,27.53221182,2.12294883
-10.14375214,21.34885810,1.79552421
-10.29694252,21.22308236,1.93792888
-10.16685222,21.65821243,1.80155087
-10.32944308,21.54658266,1.93690583
-10.32975326,21.88213894,1.79119031
-10.50614491,21.78856816,1.91497331
-10.70485578,22.08621901,1.75779075
-10.90804860,22.02086570,1.86467234
-10.06595271,22.79985695,1.82077557
-10.25204454,22.75650959,1.94310348
-9.58635382,23.40403286,1.81819981
-9.75934409,23.38728709,1.96469298
-9.21605797,23.94565291,1.76816607
-9.37944613,23.95862947,1.94707715
-8.93156418,24.47352490,1.68666304
-9.08705013,24.51724131,1.89974247
-8.74225986,24.94998255,1.76304054
-8.88564693,25.01208975,1.95956035
-8.59055657,25.48117491,1.82495393
-8.72394491,25.55956489,2.00291281
-8.47705508,26.10052218,1.86195655
-8.60264438,26.19099548,2.02555750
-5.70975608,18.65042704,1.67302817
-6.44125873,18.91088896,1.63917761
-7.02636091,19.10132108,1.61076528
-7.50496264,19.22543857,1.58755370
-7.91456391,19.29683530,1.56999246
-1.22164896,28.48994539,2.31173045
0.53855649,28.36444902,2.23998966
1.76707702,28.21540815,2.09360059
2.57986843,28.10164862,1.96129979
3.17886361,28.05764394,1.88742783
-8.17426604,19.49453125,1.54249311
-8.40606812,19.64939649,1.51469632
-8.62597002,19.76423165,1.48873498
-8.84907156,19.83661546,1.46719806
-6.09475869,27.63956127,1.84330797
-5.34475314,27.86355484,1.93229803
-4.32448645,28.04825285,2.03745324
-2.90686650,28.25255326,2.19234783
-8.88707268,20.26200564,1.46012175
-8.94417412,20.59781775,1.44626021
-9.04527450,20.84588981,1.44623217
-9.22027281,20.99239807,1.47520180
-9.31317152,21.14799138,1.49828603
-9.47636903,21.21763567,1.53758458
-9.72426651,21.18556446,1.57484670
-10.08546599,21.03179832,1.57910743
-8.31046974,26.76163449,1.65613437
-7.54857460,26.77545842,1.58294868
-7.01317590,26.99326915,1.56844831
-6.55696876,27.30794857,1.68350991
-9.98116516,21.45921411,1.60164728
-9.99886458,21.75750353,1.61736940
-10.15416434,21.96773727,1.62588665
-10.51076491,22.14943518,1.62157628
-9.88596389,22.83931734,1.65302153
-9.41676776,23.41564685,1.60790334
-9.05597471,23.92783066,1.51505072
-8.78368260,24.42758008,1.40760855
-8.60597761,24.88717186,1.49361018
-8.46517290,25.40356308,1.57665840
-8.36146973,26.01273055,1.63871543
-4.71173407,17.97244265,1.98940796
-4.77056268,18.13009540,1.86322270
-3.61153883,17.65295139,2.06111896
-3.68689762,17.79333383,1.93172737
-2.47587050,17.47579317,2.18261867
-2.55387037,17.60133564,2.03661753
-1.34227808,17.40485434,2.36844216
-1.41630948,17.53467851,2.19931118
4.94378022,28.34040441,2.38613597
4.55788547,28.20543789,2.34151844
4.88133499,28.19851871,2.13795429
4.49684604,28.06269083,2.09029922
4.16813620,28.16412662,2.32150004
4.11010811,28.02044738,2.07524057
3.75192281,28.21079731,2.33181308
3.70266382,28.06704357,2.10216861
-0.37603755,17.59774758,2.53184322
-0.44843022,17.73866459,2.34381462
0.61306221,17.78808175,2.68351374
0.53995888,17.94945828,2.48612460
1.65406888,17.94798444,2.78801119
1.57515567,18.13337774,2.59294635
2.79586115,18.04979072,2.82451927
2.70635844,18.25923223,2.63758483
6.35686076,28.29217082,2.60452860
5.92787584,28.17792955,2.52764984
6.27402825,28.14827218,2.41231928
5.85340207,28.03381972,2.31640844
5.56331866,28.15157486,2.46387633
5.49459070,28.00759806,2.23472228
5.24060635,28.20550470,2.41515736
5.17556949,28.06225800,2.17252244
3.83643815,18.67359453,2.80891102
3.72800539,18.88227521,2.62114046
4.97040294,19.14626271,2.74119272
4.84565239,19.34679165,2.55644558
6.21588709,19.53028212,2.64670414
6.08166466,19.70772978,2.46318418
7.56750936,19.91351834,2.53895962
7.42662678,20.05977554,2.35238404
8.40516289,20.37787327,2.45205363
8.25981010,20.49717453,2.26171587
9.29614532,20.85239542,2.34890033
9.14493219,20.95063988,2.15287535
10.26634661,21.33622782,2.22855603
10.11041312,21.42092136,2.02689265
11.35898600,21.81068849,2.07953366
11.20769302,21.88542674,1.88521795
8.32000562,28.67565179,2.68676144
7.62720394,28.46013228,2.65643131
8.22003212,28.56525032,2.48039713
7.53023042,28.33764858,2.44940394
7.10242235,28.33135143,2.62943443
7.01040896,28.19987601,2.42418658
6.69100128,28.27910852,2.61200778
6.60372823,28.14058667,2.41183971
11.36569627,22.85624007,1.95693170
11.18976286,22.91527332,1.75587831
11.51547051,23.76218817,1.89117632
11.32704726,23.80620927,1.69222234
11.80450763,24.61051925,1.86736985
11.61440449,24.63996375,1.66974103
12.23068571,25.45426493,1.85815743
12.04600257,25.47041367,1.66010610
11.18388188,25.77108931,2.10966787
11.00264827,25.75366743,1.90374507
10.37374980,26.06351416,2.23608645
10.20448492,26.02298830,2.01046460
9.76208179,26.40921727,2.27418112
9.61184460,26.35890883,2.01356403
9.30524998,26.82479440,2.25646361
9.17995925,26.77687610,1.94249629
8.96682800,27.18124747,2.38594253
8.85650914,27.10241904,2.09936330
8.69927482,27.60955128,2.49884160
8.59577799,27.50939025,2.24250151
8.48715069,28.10681699,2.59914554
8.38605576,27.99662884,2.37106665
-4.80436170,18.26704043,1.73026126
-3.74824666,17.91809874,1.79809933
-2.62873048,17.71124809,1.88658330
-1.49561158,17.64569050,2.01929692
4.81806913,28.06490172,1.78975436
4.42838055,27.92601705,1.74755910
4.03693016,27.88039662,1.74055311
3.62961885,27.92330160,1.78222512
-0.53061446,17.85778142,2.13163834
0.45504291,18.08759731,2.24821214
1.48470904,18.29808255,2.34566026
2.60623236,18.45114900,2.39928046
6.20559847,28.01588632,2.11072473
5.79212065,27.90148992,1.98999005
5.43606026,27.87508701,1.89287849
5.11603259,27.92927508,1.82364909
3.60653740,19.07572780,2.38420657
4.70409836,19.53806721,2.33403034
5.92785063,19.88279878,2.25552942
7.26578308,20.20651206,2.14901386
8.09370634,20.61835014,2.05695417
8.97348817,21.05170077,1.94366966
9.93649875,21.50962803,1.81210424
11.04399906,21.96344372,1.67643816
8.15672001,28.48680780,2.14478049
7.46595834,28.24057971,2.11391835
6.94536728,28.08812340,2.09442488
6.53723737,28.01735968,2.09415542
10.99858800,22.98622323,1.53335502
11.12350203,23.86742885,1.46364378
11.41043871,24.69036390,1.43274506
11.84908627,25.50907645,1.41505585
10.81402068,25.77324427,1.63868095
10.03205482,26.03373170,1.70724924
9.46237069,26.37213442,1.65290140
9.06182055,26.79876588,1.50985518
8.76982201,27.08940649,1.68951514
8.52726242,27.46547739,1.85553979
8.32401191,27.92970551,2.00956068
-1.13098601,15.47576641,-11.07990131
-1.52166240,15.34062997,-11.02861922
-1.12265118,15.57673087,-10.85365016
-1.50111827,15.43088664,-10.81317871
-1.90926918,15.20135922,-10.98313433
-1.87686582,15.28096417,-10.77970612
-2.30444680,15.06659018,-10.95045404
-2.26050424,15.13205179,-10.75929913
-2.71653440,14.93600257,-10.91727719
-2.66306253,14.98285095,-10.73700028
-0.71687417,15.78734000,-10.89400470
-0.71185978,15.67352146,-11.13226890
-0.28656799,15.99592632,-10.94676963
-0.26694424,15.86795604,-11.19500322
0.18560726,16.20826909,-11.01357550
0.22228073,16.06999778,-11.26629722
0.71790198,16.42388371,-11.08824241
0.77410547,16.27909985,-11.34086886
-0.64806502,32.03704570,-11.43352005
-1.78807358,32.09433904,-11.41054820
-0.65111983,32.07256397,-11.20351243
-1.80337695,32.13153471,-11.15853967
-2.98787954,32.23579471,-11.34620574
-3.01006099,32.27014040,-11.06529918
-4.19608370,32.38318511,-11.25455643
-4.21342384,32.41471558,-10.95405812
-5.35754120,32.50842231,-11.21379806
-5.35299133,32.52994705,-10.91336762
0.57910233,31.48704261,-11.18456468
0.55029827,31.48553137,-11.39676482
1.69217646,31.03463872,-11.13286816
1.64442356,31.07261462,-11.32670665
2.67323072,30.75493740,-11.07500677
2.62354913,30.81749535,-11.24857737
3.55931474,30.68500802,-11.01596161
3.51636415,30.76236394,-11.17412520
-3.05392229,15.01851355,-10.88337327
-2.99546059,15.04758292,-10.70612864
-3.42580115,15.10741070,-10.86408430
-3.36333963,15.11500709,-10.69004424
-3.85197152,15.20757430,-10.86739017
-3.78386994,15.19152653,-10.69295407
-4.37001343,15.30401963,-10.89398857
-4.29008138,15.26713988,-10.71291600
1.27528974,16.85505920,-11.11200967
1.34927291,16.70749764,-11.36947101
1.89731718,17.29716072,-11.14037395
1.98659043,17.15094178,-11.39657336
2.60762356,17.74310856,-11.18468515
2.70729735,17.60110805,-11.43257860
3.43337011,18.18403234,-11.22643437
3.54178451,18.04120819,-11.46525793
-6.41412723,32.18002950,-11.16147814
-6.36840705,32.17843287,-10.85692461
-7.45512481,31.81853175,-11.13342561
-7.36560469,31.79727624,-10.83019268
-8.50782133,31.40328439,-11.09056440
-8.38280204,31.36240915,-10.80026133
-9.63331730,30.89004324,-11.04155805
-9.48200010,30.84454854,-10.78310764
4.38336149,30.18736975,-10.94092890
4.36805883,30.29205937,-11.08420315
5.13315969,29.90610882,-10.86900860
5.15308324,30.02295771,-11.00891680
5.86899094,29.82471539,-10.79166592
5.92542113,29.94901752,-10.93683488
6.64973470,29.91446578,-10.73277250
6.74653410,30.05172307,-10.88955192
-4.98481841,15.55652342,-10.96325527
-4.88273511,15.50826489,-10.76359431
-5.77249864,15.88722118,-11.10994814
-5.63898390,15.83544940,-10.88863047
-6.77561361,16.29804699,-11.32616964
-6.61729868,16.25944323,-11.10173549
-7.94242728,16.78776647,-11.52107901
-7.78181436,16.77677810,-11.32639022
4.35846880,18.77055308,-11.23256539
4.47643444,18.61605972,-11.46803082
5.38844742,19.35022543,-11.23992388
5.51560149,19.18192982,-11.46922653
6.53439617,19.89100401,-11.24620267
6.67047204,19.71914196,-11.46345705
7.76182688,20.39220724,-11.22389835
7.90953360,20.23214550,-11.42799019
-12.39502413,28.83784830,-11.19239001
-11.61212096,29.38261804,-11.13188415
-12.30521024,28.77918110,-10.98420311
-11.49940608,29.33185376,-10.90851492
-10.91751858,29.90044625,-11.08394280
-10.78270278,29.85243311,-10.84663165
-10.26401730,30.40034312,-11.05295290
-10.11340062,30.35541170,-10.80228365
8.63299853,29.68940768,-10.83119950
8.02415339,29.65738774,-10.75857164
8.75512526,29.84514090,-11.02786181
8.14868007,29.81786450,-10.95601487
7.51577565,29.68209703,-10.72384956
7.63962289,29.84427634,-10.91270405
7.06452590,29.76522191,-10.71813913
7.17985415,29.91749138,-10.89203768
-8.58193234,17.29662993,-11.58569043
-8.42722095,17.29911596,-11.41369589
-9.29293558,17.79130615,-11.62292662
-9.14852501,17.80307369,-11.46321314
-10.02723842,18.24880260,-11.65509064
-9.89722818,18.26460103,-11.50019358
-10.87134195,18.63958764,-11.69926778
-10.75043162,18.64912188,-11.54316076
8.35502901,20.87390886,-11.18053807
8.50287607,20.72800680,-11.37916502
8.99854115,21.33109994,-11.13752490
9.14448859,21.20593735,-11.33007849
9.64304280,21.77333767,-11.10231925
9.78780071,21.67514440,-11.28710631
10.37062448,22.21345736,-11.06671437
10.52809290,22.14550726,-11.24318365
-11.20954483,19.44951749,-11.72392245
-11.06993405,19.46102766,-11.56081696
-11.65854917,20.22687079,-11.77131283
-11.51213791,20.22664389,-11.60124929
-12.11955463,21.04400871,-11.83456636
-11.97784278,21.02417482,-11.65620634
-12.65175901,21.89888942,-11.88073445
-12.51624630,21.86524897,-11.68970376
10.34478912,23.14639706,-10.97503098
10.52646752,23.07915280,-11.15156704
10.40698112,23.96568784,-10.92569446
10.60468949,23.91037176,-11.10257900
10.44491049,24.70693193,-10.91794018
10.64683900,24.67241382,-11.09215072
10.51545920,25.39513504,-10.92127227
10.72102785,25.38742350,-11.09283176
-12.81486040,22.86627105,-11.87923368
-12.68374665,22.82939428,-11.67243740
-12.97235935,23.85683011,-11.84021324
-12.84714453,23.81370687,-11.61758951
-13.11185654,24.73205481,-11.77744176
-12.99134118,24.69304452,-11.54641789
-13.19655018,25.64868235,-11.66008685
-13.07893523,25.58406112,-11.43586187
10.20512820,26.02553920,-10.92167087
10.40741607,26.04767171,-11.10425012
9.91590778,26.60363467,-10.91449967
10.11239456,26.66484120,-11.11277442
9.71041700,27.11438246,-10.91437968
9.90384311,27.20656226,-11.12202178
9.51887688,27.64876796,-10.90374746
9.69841262,27.78550159,-11.11581785
-13.02064280,26.48518822,-11.52916783
-12.90602791,26.41750868,-11.30588722
-12.82333603,27.28762616,-11.40824996
-12.71362117,27.22816734,-11.18528621
-12.61773033,28.05821423,-11.30423348
-12.51841578,28.00087439,-11.08587529
9.19292909,28.07961826,-10.86039841
9.36679415,28.24012328,-11.08207092
8.94376994,28.54682093,-10.83668045
9.10830492,28.71468786,-11.05950947
8.76762911,29.07410315,-10.83689311
8.91206474,29.23981152,-11.04991174
3.55734359,30.61768225,-10.88395598
4.34823402,30.09096117,-10.81428141
5.06413666,29.79939615,-10.73603324
5.76596069,29.70575413,-10.64724777
6.50430658,29.77490773,-10.55667610
0.64816259,16.56078125,-10.77391558
1.18235175,16.99377488,-10.77657362
1.78437991,17.43426492,-10.79400080
2.47765684,17.88202439,-10.82991530
3.28841231,18.33421049,-10.88775710
8.47800395,29.52686235,-10.60231651
7.85498953,29.48783413,-10.51890363
7.33837087,29.51599080,-10.49803338
6.89742937,29.61114945,-10.51849219
7.59286101,20.56526218,-11.00648402
8.19263325,21.02918527,-10.96185343
8.81533491,21.47111958,-10.92655937
9.46485593,21.89259974,-10.90133037
10.14813632,22.29842920,-10.88604287
10.13407163,23.22459094,-10.78426319
10.15438430,24.03191422,-10.72517409
10.20411466,24.74846293,-10.70305499
10.28346308,25.40336926,-10.71154519
-10.57892057,18.67654695,-11.37571390
-10.91372272,19.49026039,-11.38917928
-11.32652644,20.25587293,-11.42740933
-11.81463053,21.02355205,-11.47124416
-12.36393384,21.83838420,-11.50226327
9.96545422,26.00236772,-10.68037074
9.69396545,26.52330098,-10.64964037
9.47783614,27.00732166,-10.62804204
9.32204550,27.49216916,-10.62633278
-12.53413291,22.79802820,-11.46578566
-12.70593016,23.74069607,-11.40236690
-12.85342597,24.63974879,-11.31816400
-12.96342103,25.47577379,-11.22408850
8.99624871,27.90751106,-10.56818949
8.75521927,28.36881713,-10.54895178
8.58776728,28.90181901,-10.56661739
-12.80041391,26.32196141,-11.09682134
-12.61750722,27.13325754,-10.97698782
-12.41980155,27.92176824,-10.87303855
-12.21599723,28.70042937,-10.78966811
-0.65936625,32.09030952,-10.99806251
0.58638503,31.47561046,-10.99319002
1.70494735,30.98787783,-10.96957100
2.68045009,30.69514417,-10.93494191
-1.13169409,15.67290942,-10.59348407
-0.73931563,15.89269604,-10.61168589
-0.32320811,16.11394000,-10.64393663
0.13234810,16.33700390,-10.69592661
-1.49868239,15.52001275,-10.57136202
-1.86258128,15.36483383,-10.55825635
-2.23522048,15.20596887,-10.54982698
-2.62855987,15.04164043,-10.54445321
-1.80752158,32.13292118,-10.92652163
-3.00251359,32.24650130,-10.80321464
-4.19039567,32.37902789,-10.68052773
-5.30630247,32.48507845,-10.62975576
-6.26718673,32.09083849,-10.55228089
-7.21648318,31.67784323,-10.50832137
-8.20468138,31.23037405,-10.49149154
-9.29128121,30.72785290,-10.50055223
-2.95661819,15.09315943,-10.51790239
-3.32119710,15.14269104,-10.50024945
-3.73865671,15.19471454,-10.49309027
-4.23155743,15.25822322,-10.50250680
4.19480406,18.93189566,-10.90788273
5.22774780,19.52179126,-10.94339353
6.36817343,20.07826452,-10.98137490
-4.80212995,15.49119859,-10.53514681
-5.53346597,15.79433566,-10.61896165
-6.47107798,16.21027952,-10.79039727
-7.62959663,16.75920413,-11.05912995
-8.28400455,17.29317450,-11.16621435
-8.99021080,17.81657420,-11.24836190
-9.75521576,18.29186396,-11.31212791
-11.38149144,29.24635027,-10.68946988
-10.62338648,29.76366209,-10.60261451
-9.92978298,30.25409884,-10.53833101
2.90767525,28.08215888,-0.50240581
2.34374583,28.14005445,-0.49236010
3.29248814,27.59078664,0.13345555
2.75537058,27.64546521,0.17168217
2.13391222,27.70031279,0.19770699
1.70622636,28.15237978,-0.48403435
1.39716414,27.79946255,0.22901306
0.95572525,28.20296440,-0.49964292
3.42389352,28.09267342,-0.52827906
3.78892796,27.61512031,0.10112268
3.86002051,28.03029581,-0.59028167
4.22748556,27.56090734,0.06362709
0.47507384,27.75177070,0.22344424
0.05329041,28.14036269,-0.57398370
4.28317623,28.05111133,-0.66952764
4.65864197,27.59633126,0.02530594
-0.68715805,27.72380679,0.19418608
-0.97684617,28.12129545,-0.67381265
4.65961196,27.89281746,-0.72268821
5.03309615,27.49331041,-0.00455298
-1.92765167,27.52785207,0.13506983
-1.97978162,27.92002792,-0.76072046
-3.15808627,27.38628832,0.06237524
-2.99277862,27.76905557,-0.86990963
5.04649740,27.82442322,-0.79307610
5.42326093,27.48086897,-0.03829537
5.42850734,27.77738841,-0.88569629
5.81942396,27.49416403,-0.08294848
-4.19004592,27.20607475,-0.08741869
-3.95400704,27.57927628,-1.00133314
-5.08910831,27.01559588,-0.27894424
-4.93114534,27.36121679,-1.13167351
5.85821245,27.82453585,-1.00365447
6.26584989,27.60422751,-0.14181212
-5.74610827,26.81910229,-0.43382833
-5.69986145,27.13041673,-1.22928594
6.21225399,27.89708957,-1.12973432
6.64481446,27.72454362,-0.22091642
6.63747399,28.03502203,-1.27739412
7.08914764,27.91884513,-0.31939676
-6.46300987,26.64902868,-0.46193729
-6.52726454,26.87849224,-1.28183009
7.01488295,28.01789132,-1.44449816
7.47861849,27.95528141,-0.45667350
-7.09400819,26.33794515,-0.44377693
-7.23886588,26.46303206,-1.31167942
-7.85649649,26.17311624,-0.27102012
-8.03546354,26.13808838,-1.28394268
7.51990014,28.09780373,-1.63601515
7.96736772,28.08336027,-0.61630979
7.64318394,27.73876987,-1.73806730
8.05393035,27.75124265,-0.73522431
-7.99729986,25.51428259,-0.33719104
-8.19706385,25.45010471,-1.30462042
-8.19580205,24.97482770,-0.38287078
-8.40636361,24.87833781,-1.31436442
7.83831658,27.46724048,-1.85536331
8.18313171,27.49832148,-0.87157035
7.91355903,27.11885823,-1.97753970
8.21887639,27.17836643,-0.95938082
-8.25180709,24.45567196,-0.47106005
-8.47246660,24.34744205,-1.37186686
-8.36711051,24.02227695,-0.53271837
-8.59426908,23.89238180,-1.41982164
8.07624063,26.83756730,-2.11090600
8.31260983,26.91668127,-1.06449805
-8.49840531,23.58081635,-0.46451142
-8.68406839,23.41130188,-1.42073916
8.29386859,26.51120615,-2.14937247
8.48023845,26.61455308,-1.09242028
-8.72599541,23.17305213,-0.32454957
-8.85186608,22.96267509,-1.39631238
8.65766624,26.24425398,-2.19098506
8.79227542,26.37168512,-1.14381555
-9.01828093,22.76366246,-0.11548509
-9.05496259,22.52001773,-1.35388247
9.11917538,25.95225694,-2.21074570
9.24808369,26.11929736,-1.17574590
9.77613676,25.61009110,-2.19802327
9.99357298,25.82519674,-1.19332101
-9.46036448,22.29079142,0.12176316
-9.36855722,22.04433644,-1.28385645
9.78599909,24.97675086,-2.17762087
10.03512404,25.22444961,-1.19132159
-9.41236962,21.96141138,0.03641427
-9.34115992,21.68454069,-1.33308135
0.54303919,28.88466799,-1.17898260
1.28466087,28.83948178,-1.15461031
3.03220884,28.79531465,-1.18641921
2.50627068,28.78741963,-1.15882236
3.47977488,28.70569842,-1.24829300
-0.29403446,28.82913834,-1.23537559
1.93086082,28.84621744,-1.15523986
3.91387949,28.68958765,-1.32996041
-1.21742828,28.84082011,-1.29263217
9.91793377,24.25565765,-2.12378227
10.28631944,24.49565361,-1.12683634
-9.49817030,21.57928654,0.01729086
-9.41776094,21.26726056,-1.35825348
4.29148743,28.47974354,-1.39613989
-2.12808112,28.65012256,-1.34001149
4.68016475,28.34854552,-1.48507525
-3.09217459,28.49136248,-1.39600906
5.06502660,28.21387324,-1.59609930
-4.06589891,28.24770130,-1.46687829
-9.11827680,21.45765781,-0.08361392
-9.07006441,21.03530178,-1.41605061
9.12494217,23.42374453,-2.01628625
9.52055125,23.68974462,-0.96737362
-5.11521395,27.94864353,-1.54983761
5.50393936,28.16597431,-1.73671269
-8.96077699,21.21679417,-0.09216097
-8.89876489,20.69673872,-1.43115834
8.52355235,22.57948638,-1.88235056
9.05442969,22.79587101,-0.70982707
5.86671413,28.16066529,-1.87613569
-5.94818775,27.65142186,-1.61420447
-8.63318130,21.19522662,-0.15775819
-8.56706589,20.58973794,-1.44868752
7.54481923,22.10154269,-1.78956119
8.06294083,22.37273275,-0.55151023
6.31256349,28.22635437,-2.03527750
-6.85178940,27.33248132,-1.64644503
-8.42748194,21.08517799,-0.17001536
-8.34036487,20.41542165,-1.43741293
6.72831673,21.61157107,-1.68783345
7.25314227,21.91958689,-0.38940192
-7.62288975,26.83752272,-1.66318248
6.72226199,28.14314666,-2.21087468
-8.20028230,21.01372962,-0.17706618
-8.08606342,20.29550203,-1.41829829
5.83899384,21.22186620,-1.58953131
6.31246941,21.62056355,-0.28856608
-8.05117998,20.88749514,-0.14492475
-7.90206064,20.13154735,-1.38021079
5.06660899,20.81773725,-1.49100997
5.47150928,21.29484182,-0.23773758
-2.62099924,17.44344395,-0.06341841
-1.88739974,17.47543012,-0.22114759
-2.86880092,17.88847058,0.97837128
-1.99371746,17.84387445,0.87852523
-1.17413137,17.57721090,-0.39434020
-1.22317121,17.88475027,0.67185575
-6.88903002,19.37454645,0.57386196
-7.12863577,19.43809229,0.48854690
-6.15699298,18.35904590,-0.40027529
-6.47380243,18.46529547,-0.54045550
-6.53232557,19.24731455,0.63807901
-5.76308377,18.21636487,-0.26460612
-7.90467495,20.66226005,-0.07435666
-7.69625468,19.87725346,-1.29618740
4.04971251,20.25483197,-1.34521940
4.35784113,20.79083696,-0.22143506
-6.13212039,19.06917463,0.71202901
-5.35132510,18.04576244,-0.13764696
-3.28372234,17.46678367,0.04142627
-3.69978991,18.04326531,0.99716152
-3.88152025,17.55311137,0.07502600
-4.45814308,18.27889006,0.95494803
-5.66851452,18.82964425,0.79502531
-4.90684779,17.86431804,-0.03151795
-4.42077267,17.67521812,0.04131532
-5.11486849,18.54100152,0.87932701
-7.36734123,19.47093254,0.40690562
-6.79201163,18.54186164,-0.67741462
-0.39298286,17.71089642,-0.56474725
-0.40856906,17.97810597,0.40466259
-7.84006778,20.36381440,0.02693800
-7.56674734,19.55358690,-1.19286735
3.13502185,19.64105590,-1.20341196
3.35811740,20.15364140,-0.20204757
7.28509890,28.18775250,-2.40734547
-8.47428716,26.41960472,-1.63387181
0.44900504,18.09330856,-0.73846711
0.46249326,18.36504571,0.14675833
-7.52624762,19.64132794,0.31445558
-7.02872264,18.73640975,-0.83910805
2.21144211,19.08564059,-1.06148268
2.35205195,19.52254073,-0.14803696
-7.75116089,20.10136650,0.12480714
-7.40624036,19.25597676,-1.09444222
1.34619238,18.44451876,-0.92145699
1.42456997,18.79019701,-0.04399499
-7.70175385,19.76991273,0.22336136
-7.27663277,18.88253848,-0.98864127
7.47210061,27.80868801,-2.54137119
-8.65118753,25.66336263,-1.65703267
-8.87268750,25.02514370,-1.67147921
7.75348149,27.53960095,-2.68528901
7.90021352,27.18701058,-2.81387123
-8.91228984,24.44388753,-1.72032122
-9.01049205,23.94264521,-1.76542595
8.13001539,26.91003043,-2.94303649
-9.07609286,23.41241736,-1.79006257
8.41355258,26.59500667,-2.99279217
-9.22449261,22.90854215,-1.79804736
8.81579085,26.32662314,-3.02516299
9.27277142,26.00612037,-3.02403123
-9.40889198,22.40639899,-1.80024173
-9.69989030,21.87091740,-1.78736652
9.86278512,25.59891745,-2.97769913
-9.66349442,21.44641021,-1.85933184
9.87482947,24.91576364,-2.92808688
9.97879598,24.13517818,-2.84788763
-9.72919795,20.95119923,-1.92427918
0.08755974,29.80509442,-2.05490253
0.82381948,29.71277636,-2.06096171
3.05798795,29.52244908,-2.08851055
2.59971026,29.65002586,-2.05069391
-0.72321024,29.78847858,-2.05492329
2.06170071,29.64601211,-2.04403812
1.47608975,29.71228460,-2.05692345
3.50187422,29.45897476,-2.14636128
-1.62659918,29.84263138,-2.03762065
-9.34660539,20.59983000,-2.04471225
9.28055454,23.21925502,-2.74001406
-2.52176825,29.64757543,-2.02804423
3.88172309,29.18618145,-2.20005832
4.27399042,28.97766510,-2.27538483
-3.49463827,29.44749564,-2.03311073
4.65795301,28.74007490,-2.37769621
-4.50261069,29.10739845,-2.07754171
8.71661430,22.26809425,-2.61497411
-9.13291047,20.13560558,-2.13225841
-5.62432299,28.69681100,-2.12165426
5.10748338,28.58294890,-2.51169405
7.79590952,21.68121990,-2.54979369
-8.74311466,19.94615586,-2.19998783
-6.50282375,28.32354999,-2.14191426
5.47591487,28.49163260,-2.64221743
-8.46431632,19.69831712,-2.23069109
6.98991522,21.08330694,-2.47763078
-7.46472180,27.94177780,-2.12132204
5.93756268,28.47559797,-2.79636289
-8.15061642,19.53518677,-2.23602095
6.08444030,20.60373627,-2.41215176
5.27700191,20.13779065,-2.33833514
-7.91251505,19.33202773,-2.22018948
6.37306104,28.30469133,-2.97615285
-8.28131844,27.36731329,-2.08400139
-7.62301128,19.02987167,-2.17023645
4.18872381,19.53942400,-2.21782012
-7.41270639,18.66063459,-2.10508822
3.23568441,18.95267105,-2.08656209
-2.14655149,17.04727150,-1.16321112
-1.48425639,17.13692210,-1.23515469
-5.18983742,17.23358263,-1.39928236
-5.61446487,17.33822358,-1.50929562
-5.96677256,17.45003262,-1.62268625
-0.84182347,17.26750327,-1.33902493
-2.75209902,16.97323240,-1.12758315
-4.75793070,17.11825154,-1.30047902
-0.13881221,17.38034893,-1.46825236
-6.32868015,17.53717102,-1.73522217
2.30334474,18.48250201,-1.94155667
-7.16960093,18.34309319,-2.03012503
-4.30123531,17.03276420,-1.22120758
-3.30570912,16.95430812,-1.12963073
0.62286707,17.69229145,-1.62283059
-6.63198789,17.76851696,-1.84664045
-3.81866173,16.95884439,-1.16892703
1.46494534,17.95034499,-1.79394482
-6.95379525,17.95049368,-1.95345453
6.97092778,28.27832010,-3.17693880
-9.17481245,26.86449503,-2.00519222
-9.39341132,26.02580613,-2.00777168
7.22411709,27.86314312,-3.34799330
-9.64291044,25.29888644,-2.01143887
7.57690625,27.58026656,-3.51818512
7.76631768,27.20949645,-3.65623078
-9.64571310,24.62915261,-2.06711557
-9.70231514,24.05209410,-2.12647223
8.01862997,26.91522253,-3.77949716
-9.73301912,23.46559158,-2.18517007
8.33275572,26.61451442,-3.85071096
8.73375376,26.34939055,-3.88643140
-9.84932162,22.90035046,-2.23606179
9.16017520,26.02567533,-3.87223314
-9.99602449,22.32926576,-2.29263303
9.67741047,25.60557212,-3.80257114
-10.24972660,21.71475147,-2.33880807
-10.16203801,21.20388223,-2.52302500
9.70625595,24.93741619,-3.73544293
-10.16614998,20.60950129,-2.71753840
9.80557334,24.15741894,-3.64210367
-9.65876987,20.14209614,-3.02869528
9.23264148,23.23058770,-3.54075191
8.76543070,22.23180080,-3.42484708
-9.34928296,19.54620591,-3.24021929
7.95190500,21.59777630,-3.37469069
-8.87809091,19.27229951,-3.36665532
7.21812951,20.93730230,-3.32196758
-8.54179431,18.94259309,-3.42570894
6.36213323,20.39539072,-3.27852141
-8.16939435,18.73681785,-3.43102929
5.57777709,19.85897333,-3.23272235
-7.87739278,18.50211582,-3.41286704
4.46977115,19.16260758,-3.17244009
-7.48958938,18.18062267,-3.36903045
3.49933750,18.50775052,-3.10702571
-7.17078520,17.82198287,-3.31430780
-6.81138083,17.55350666,-3.25457901
2.56262284,18.00978689,-3.03789893
-4.44748974,16.85333201,-2.80167859
-4.89144482,16.88170617,-2.87770833
-1.60379515,16.78477134,-2.58322609
-1.00954748,16.81720728,-2.61758901
-5.28152001,16.94076112,-2.95471470
-0.42617170,16.90837356,-2.67914642
-5.69106530,16.97047856,-3.03378842
0.22649283,16.98212866,-2.76013905
-2.14516463,16.74030361,-2.57635534
-4.01246514,16.79979578,-2.73352860
0.93555585,17.25123959,-2.85925284
-6.07057093,17.12594386,-3.11520574
1.74297885,17.49486059,-2.95915907
-6.47547652,17.24107733,-3.19690148
-3.56993108,16.78163838,-2.67263903
-2.64616560,16.74958325,-2.59070423
-3.11793797,16.75095710,-2.62654790
2.66932855,30.07501043,-2.82142719
2.19045745,30.20388301,-2.83500365
-1.23523521,30.41495237,-2.87007617
-0.41562646,30.42183372,-2.88883112
0.34287249,30.29227209,-2.90774061
1.62937535,30.19236182,-2.86693917
1.01881301,30.27490676,-2.90028666
-2.14191258,30.47479985,-2.82888293
3.13026812,30.00790816,-2.82939493
-3.03708118,30.25951958,-2.81284111
3.52177786,29.72249226,-2.84003427
3.92490865,29.49124731,-2.87878210
-4.01687087,30.02010157,-2.81373512
4.31542562,29.20028303,-2.94644195
-5.04093154,29.61417066,-2.83320933
-6.19587027,29.13927538,-2.82505717
4.77598108,28.97538169,-3.05036675
-7.07806798,28.72536666,-2.80016340
5.14202617,28.82224389,-3.15824778
-8.04696304,28.30919122,-2.73522601
5.60072955,28.73471113,-3.29049968
-8.88305661,27.69327050,-2.65258803
6.02730913,28.47224033,-3.45384086
-9.79544886,27.14271735,-2.54837486
6.61979698,28.35169341,-3.64020117
6.89603605,27.86858060,-3.81642721
-10.08714258,26.25919736,-2.47415553
-10.39023841,25.47135957,-2.42950597
7.28393481,27.54239123,-3.99374886
7.48662571,27.13549367,-4.14058780
-10.38903995,24.72404429,-2.47018260
7.74997762,26.81527924,-4.27006972
-10.41754395,24.07576217,-2.54577741
-10.41164923,23.44477780,-2.64018872
8.07319224,26.51367095,-4.35844373
8.47584943,26.25054130,-4.40688816
-10.47375565,22.83888995,-2.75114479
-10.54526435,22.22831431,-2.89675740
8.89598027,25.93745405,-4.40160282
-10.70807350,21.57155364,-3.05022311
9.39418529,25.53842291,-4.33516191
-10.51719372,21.01647774,-3.36835382
9.46246078,24.91385694,-4.26680331
-10.41481253,20.37521193,-3.66727398
9.58721775,24.17295672,-4.17894744
-9.79833412,19.84749805,-4.00537829
9.09491491,23.28081684,-4.09160132
8.69513263,22.30848842,-3.99779178
-9.41534667,19.16833099,-4.21078293
-8.89695299,18.83527307,-4.31385066
7.95255634,21.68437684,-3.95628747
7.27914993,21.03075071,-3.91726407
-8.51925579,18.45574408,-4.36502262
6.47696211,20.49491681,-3.89686424
-8.10265616,18.22591073,-4.37607345
-7.76455541,17.97927504,-4.37038501
5.73790390,19.95705309,-3.88226751
-7.28865335,17.67862976,-4.34640214
4.65669802,19.24327060,-3.88206509
-6.87785076,17.37091156,-4.31453805
3.71264365,18.56682356,-3.88823652
-6.43904760,17.17638721,-4.27138574
2.80925590,18.04195331,-3.89674941
2.02489704,17.50924954,-3.89192080
-6.02904440,16.94983248,-4.22832751
-0.56402538,16.65431965,-3.79739367
-0.00985731,16.78127443,-3.82354061
-4.34098948,16.73323638,-4.00819435
-4.74253328,16.77821068,-4.06453179
-1.12868457,16.61984305,-3.78585063
-3.89485589,16.72231073,-3.95427554
0.60855059,16.90274836,-3.85235216
-5.16659714,16.78132326,-4.12262275
1.27048842,17.21307809,-3.87795879
-5.58334081,16.88700460,-4.17552798
-1.64408470,16.57643713,-3.78884283
-3.46105268,16.66985213,-3.90709703
-3.02429984,16.66334986,-3.86428249
-2.12606572,16.61255863,-3.80344319
-2.58167767,16.63062772,-3.83240230
1.76707134,30.63395951,-3.67193988
1.17308876,30.63017305,-3.71091838
-0.97282102,30.88721710,-3.70148650
-0.18364293,30.75516114,-3.73342844
-1.80372928,30.85459251,-3.67592426
2.27814432,30.49586252,-3.63016385
0.52640691,30.73907410,-3.73622932
-2.70468744,30.87850064,-3.64761949
2.76913667,30.43741090,-3.59608569
-3.59887612,30.62057601,-3.63376571
3.19144040,30.16408238,-3.54609881
-4.58136506,30.34432791,-3.62416673
3.62163203,29.93753331,-3.52676344
4.03051658,29.62675344,-3.54089191
-5.61172424,29.89085218,-3.62233237
-6.77142183,29.37335414,-3.59794992
4.51109071,29.37017377,-3.59023720
-7.62961975,28.93958936,-3.57658703
4.87742161,29.17926024,-3.65663084
-8.56661715,28.51055904,-3.54728963
5.33558494,29.04094783,-3.74540422
5.75352158,28.69632370,-3.86452482
-9.38251260,27.88126032,-3.49330667
6.34630192,28.48682313,-4.01529148
-10.26600935,27.30526940,-3.45755543
-10.63409971,26.40589353,-3.33311449
6.63872190,27.92857454,-4.17960763
-11.00929289,25.57888992,-3.24934410
7.06680072,27.55473818,-4.35705483
7.29077119,27.11104560,-4.51131722
-11.05148929,24.76666272,-3.21405975
-11.08049155,24.04845227,-3.26488788
7.58372248,26.76927089,-4.65071577
7.92829630,26.46591992,-4.75108846
-11.06059669,23.37036686,-3.35829434
8.34819285,26.20104369,-4.80932408
-11.06940546,22.72413943,-3.50577481
8.77436311,25.88726053,-4.81268197
-11.05171803,22.08128187,-3.71046014
9.26388745,25.49040655,-4.75644910
-11.09253217,21.39972719,-3.93977298
9.37068210,24.89433582,-4.70017706
-10.81695306,20.81492432,-4.26870557
9.51812728,24.18099350,-4.63866789
-10.62787246,20.14537673,-4.57726112
9.08235291,23.32463465,-4.57368311
-9.96609120,19.57275677,-4.87341585
-9.53280327,18.84085156,-5.07277531
8.72852824,22.39028096,-4.51494278
-8.97520965,18.47094317,-5.17776628
8.03733134,21.79280337,-4.48210892
-8.54781344,18.06760359,-5.24426496
7.40953383,21.16715117,-4.45910413
6.64702525,20.65725098,-4.44950893
-8.07681498,17.83859234,-5.27300130
5.94109566,20.14065806,-4.45524609
-7.68131575,17.60193143,-5.29007750
4.86981766,19.44506840,-4.50164603
-7.10321626,17.34109076,-5.30388823
3.93345913,18.78795292,-4.57028585
-6.59621628,17.08600216,-5.31011892
-6.07881590,16.94273523,-5.30772807
3.04578516,18.27674725,-4.65714804
-5.60001523,16.76996499,-5.30170483
2.28258075,17.76255409,-4.73574874
-3.81537832,16.58210227,-5.20177047
-4.22877073,16.63230140,-5.23704171
-0.14926010,16.72298665,-4.92364465
0.37066134,16.91487515,-4.89750703
-3.36471637,16.57743155,-5.17248520
-0.67737250,16.63587531,-4.96191040
-5.11712421,16.72564874,-5.28738678
1.57047649,17.43954538,-4.80743547
0.95040343,17.09930159,-4.86161056
-4.66845294,16.63725271,-5.27021686
-2.92998442,16.53066370,-5.14426411
-1.16319499,16.54212268,-5.00159202
-2.50011173,16.55187026,-5.10315951
-1.62647699,16.55302954,-5.03148546
-2.06875929,16.54714971,-5.06636912
-0.71841161,31.03044928,-4.61281791
0.02681708,31.01506769,-4.63290602
0.71500745,30.87980893,-4.63055228
-1.52847959,31.16302899,-4.57924840
1.34852887,30.86671165,-4.60948180
-2.35753819,31.10044129,-4.55948913
1.90169178,30.70156286,-4.56937221
2.43053504,30.63366635,-4.52172202
-3.24632738,31.09107154,-4.54745388
2.89380090,30.37564871,-4.43938708
-4.14327600,30.80610067,-4.53326014
-5.12045502,30.50091036,-4.52551149
3.36463600,30.17946019,-4.36698467
3.80843707,29.88049369,-4.31249026
-6.13838430,30.00590116,-4.52611641
4.32757046,29.63101450,-4.28231875
-7.27478378,29.45813992,-4.53107892
4.70953046,29.43041042,-4.28689991
-8.07878462,29.02152929,-4.55389928
5.18568027,29.27595001,-4.30855217
-8.95038725,28.59608226,-4.60352498
-9.70438799,27.97809946,-4.62900605
5.61262849,28.89330777,-4.35947123
-10.52269280,27.40338114,-4.69991574
6.22433281,28.63750581,-4.45123506
6.54954483,28.03931701,-4.58558337
-10.88078548,26.50993546,-4.62535326
-11.26348199,25.66838168,-4.59231668
7.04261412,27.64835296,-4.75642300
7.30390451,27.18531153,-4.91219232
-11.34137536,24.81541600,-4.51207788
-11.39277444,24.03856705,-4.51628792
7.64234553,26.83253450,-5.05611160
8.02003892,26.53038356,-5.16293756
-11.39127773,23.31998388,-4.58275142
8.46226510,26.25697061,-5.22697886
-11.38048591,22.63433640,-4.72216074
8.88412506,25.92469881,-5.23530258
-11.31529714,21.96043759,-4.90737684
-11.27841121,21.25913558,-5.13611560
9.33684798,25.50404694,-5.20110241
9.45115000,24.92192267,-5.18412155
-11.00002962,20.64298605,-5.42836854
-10.79654683,19.94750090,-5.70449772
9.57626020,24.23168062,-5.19721530
9.16920294,23.41855213,-5.17476374
-10.16225852,19.33772315,-5.89516886
8.82488367,22.53784100,-5.18430004
-9.69676619,18.59411683,-6.02820275
-9.08957055,18.22818276,-6.10257849
8.17609603,21.98597543,-5.16145393
7.58204699,21.41250234,-5.16034316
-8.59307377,17.84575297,-6.16019853
6.86079939,20.94361365,-5.13502112
-8.05437477,17.64895317,-6.17982812
6.18540990,20.46295273,-5.13848409
-7.59367557,17.44811661,-6.19663663
5.12212181,19.80423275,-5.20058117
-6.91147707,17.24807156,-6.22393631
-6.32207812,17.04731342,-6.24455383
4.18008853,19.18514796,-5.30969304
3.29079268,18.69467275,-5.43963572
-5.75497825,16.93760104,-6.24901079
2.52482467,18.20910537,-5.57176020
-5.24269805,16.79436272,-6.24942131
1.83246676,17.86967410,-5.69917323
-4.75040818,16.74525428,-6.25254720
1.22814994,17.51177281,-5.81043440
-4.29675818,16.65555559,-6.25466028
-2.99973579,16.57407419,-6.22050682
-3.44369657,16.57212049,-6.23228027
0.15775064,17.01631163,-5.96222222
0.66461487,17.26843920,-5.89262884
-3.85712739,16.63310212,-6.24332361
-0.35533340,16.86775333,-6.02668138
-2.57163497,16.54279664,-6.20888035
-0.83028696,16.71506206,-6.08402997
-2.14596301,16.59641845,-6.17807483
-1.28455905,16.67843260,-6.11644135
-1.72056099,16.63119549,-6.14674806
0.33370201,30.68881442,-5.47184431
-0.39116816,30.88203432,-5.46988745
-1.15542624,30.94088598,-5.43956086
1.00338281,30.62474863,-5.46126419
-1.97372486,31.10781460,-5.41480043
1.59216487,30.40340120,-5.43538978
-2.80516455,31.05669165,-5.41122423
2.15176766,30.29383664,-5.39579147
-3.69001542,31.04810714,-5.42457924
2.65715421,30.03852995,-5.30292352
-4.57764423,30.77217120,-5.41306993
-5.53564389,30.46463245,-5.41504357
3.16935101,29.87014843,-5.20429930
3.65712036,29.61837890,-5.09925108
-6.52114371,29.96600047,-5.42382738
-7.61154510,29.42147842,-5.45747013
4.22268733,29.43237200,-4.99834942
-8.35874806,28.99716374,-5.51205869
4.62813564,29.26894672,-4.95224120
-9.17455326,28.58692259,-5.60012012
5.13106200,29.15418535,-4.91928857
5.58551228,28.82128277,-4.90772224
-9.86885643,27.99284954,-5.66172901
-10.63656252,27.43493686,-5.76669778
6.22684993,28.60533248,-4.94817384
-10.93446000,26.56176708,-5.74905512
6.59071462,28.05747393,-5.04123402
7.13336514,27.70364007,-5.19252610
-11.26516006,25.72910822,-5.76936337
-11.29515609,24.87381432,-5.72938301
7.42128685,27.25677480,-5.32811931
7.78652883,26.90621336,-5.45732511
-11.32695582,24.07922059,-5.74373142
8.17558334,26.60297593,-5.54728113
-11.32875759,23.34917211,-5.78760555
8.60719010,26.31385651,-5.60294568
-11.32146289,22.64819662,-5.88388217
8.99572954,25.96205024,-5.61958771
-11.26497017,21.95842113,-6.00987233
-11.22697922,21.24898548,-6.16300709
9.38036999,25.52383334,-5.62304063
-10.98529045,20.62778556,-6.34697631
9.45633841,24.95704939,-5.66020408
9.52270324,24.29108653,-5.75374875
-10.79740092,19.94625295,-6.52094312
-9.07990754,18.27591341,-6.65996022
-9.72440563,18.61616801,-6.62311769
-10.20220351,19.33527574,-6.57431737
8.78360315,22.69085130,-5.79242660
9.12765470,23.52585575,-5.74948431
8.15220511,22.18977216,-5.77452092
7.57073522,21.66849439,-5.78498782
-8.53510965,17.92349521,-6.69996652
-7.46250914,17.55583627,-6.70087364
-7.95630930,17.74165063,-6.69897832
-6.73191012,17.37982349,-6.71974627
5.19322273,20.16851321,-5.73659079
6.23293185,20.79522366,-5.70511534
6.88129961,21.24320168,-5.72850507
-6.11531071,17.19344185,-6.73308861
4.26413146,19.56982392,-5.83013399
3.39091920,19.07482821,-5.93616344
-5.54471003,17.08156159,-6.72543368
2.63185205,18.58985734,-6.05534751
-5.03868920,16.93587889,-6.71634539
1.95140503,18.22919695,-6.16973664
-4.56258896,16.87091244,-6.71430471
-4.12592883,16.77141701,-6.71457027
1.35120848,17.85580160,-6.27721713
-3.70287762,16.73616583,-6.69712235
0.78922408,17.57480225,-6.35025427
-3.30311658,16.67023934,-6.68310734
0.27985004,17.28974158,-6.41778120
-2.86892621,16.67857427,-6.67724025
-0.23274418,17.11240994,-6.48558612
-0.70922821,16.93354739,-6.55066181
-2.44787596,16.66169632,-6.67385112
-1.59996195,16.79498004,-6.61032608
-1.16387007,16.86745506,-6.58024432
-2.02462393,16.73567004,-6.64149618
-2.45546623,30.48200068,-6.80865065
-1.58059824,30.23471322,-6.84477359
1.53116971,29.40299011,-7.04616508
0.83646123,29.68072270,-7.01674335
0.07291440,29.81678777,-6.96559437
-3.30660498,30.49601896,-6.78942099
-0.74341568,30.11984873,-6.95980875
-7.87622844,29.19351553,-6.72085065
-6.85372632,29.64712418,-6.67833210
4.44431427,28.54901827,-6.31796814
3.82323896,28.62627744,-6.47189333
4.89251356,28.49780354,-6.25451692
-8.58293329,28.85582768,-6.80193112
2.20144678,29.27345077,-7.09339847
-4.19378699,30.55263148,-6.81835603
3.29437586,28.82419020,-6.66494466
-5.94252833,30.07783728,-6.69863758
2.74374247,28.98100723,-6.86331473
-5.04089121,30.32496083,-6.73632118
5.44470159,28.52177021,-6.22320242
-9.40324378,28.55821181,-6.96722888
-10.09245278,28.05734142,-7.11468836
5.92448785,28.35098471,-6.19316163
6.58267405,28.29465522,-6.25179339
-10.90807099,27.59924990,-7.40019463
-11.11436564,26.74409278,-7.33947468
6.89150565,27.87082947,-6.23755432
-11.37576687,25.93575677,-7.37687244
7.37115128,27.58010303,-6.31031453
7.57104222,27.15364482,-6.30609982
-11.22985879,25.06296792,-7.27515105
7.86683051,26.79554570,-6.34024603
-11.16025789,24.26683637,-7.28016671
-11.12075946,23.55233939,-7.32051491
8.19197844,26.47830184,-6.37889588
9.18958670,25.31716094,-6.58320419
8.87294255,25.78084921,-6.48416371
-10.92777405,20.82280225,-7.60435815
-11.09167276,21.45969541,-7.57002426
-11.08686765,22.17269947,-7.47629057
9.28951134,24.76803601,-6.67700672
-11.11556352,22.86159528,-7.39789498
8.55524544,26.15991723,-6.43171782
8.95207159,22.59296396,-7.17670455
9.15625473,23.39552510,-6.95977605
-9.77726999,18.83454553,-7.58948613
-10.24837149,19.53360397,-7.59587971
8.29215115,22.14044073,-7.04300702
-9.08516511,18.48341188,-7.52402670
-7.31775948,17.65445567,-7.45851110
-7.85546066,17.87938791,-7.47110438
5.21601628,20.56105250,-6.67021022
6.27750145,21.04695875,-6.76203490
-6.53915760,17.41433165,-7.43572877
6.94978593,21.37554554,-6.83774474
9.46079807,24.12056901,-6.89232962
-10.80557625,20.13375093,-7.65363454
-8.49196307,18.09718067,-7.50234514
7.70372516,21.67701715,-6.99321247
-5.90525665,17.16606022,-7.42713301
4.29934368,20.01966860,-6.67669069
2.03524935,18.64023306,-6.84962224
2.70157326,19.04378075,-6.78118320
-4.83423569,16.82138703,-7.42076179
-5.33140577,17.00614655,-7.41771415
-4.37973567,16.72197463,-7.42282862
3.44523744,19.53904108,-6.70656697
0.37222411,17.55755585,-7.10485055
0.88234959,17.89260110,-7.01437202
-2.75383719,16.53314211,-7.45016726
-3.17169746,16.49953201,-7.45501137
-0.14210046,17.31307267,-7.17959474
-3.55745664,16.55945658,-7.44127688
1.44035402,18.22118225,-6.93981324
-3.96552634,16.60004848,-7.43585202
-2.34639737,16.54906801,-7.45255357
-0.62162605,17.06320282,-7.26970599
-1.92694584,16.67508904,-7.42647935
-1.07257996,16.93285586,-7.33181891
-1.50391478,16.78934482,-7.40786183
2.90681853,27.71736911,0.74614679
3.39790313,27.58217029,0.66142275
2.30520218,27.71959849,0.80135055
1.58580908,27.78524233,0.90707367
3.85507530,27.53705644,0.61774230
4.29486379,27.58001887,0.59589184
0.61988932,27.90074362,1.06429188
4.73078977,27.71653631,0.58371061
-0.81089059,28.04104585,1.21989507
-2.34013388,27.81125850,1.16492656
5.07329158,27.57736854,0.57759586
-3.73565076,27.61179267,1.05660346
5.43162823,27.52831388,0.58619509
5.82154942,27.56857742,0.60506740
-4.78804033,27.41163274,0.90738282
-5.57893095,27.18470127,0.74187839
6.26459106,27.70712424,0.63302491
6.62272681,27.73301453,0.56943779
-6.03954446,26.86350457,0.53050865
7.04516228,27.83529896,0.50350749
-6.56805167,26.58478024,0.41512731
-7.22014503,26.42050538,0.51161875
7.56030730,28.02650120,0.43280721
-8.04722909,26.45469100,0.75302924
8.21088143,28.31753122,0.35093965
8.27209545,27.83274016,0.24932972
-8.06093346,25.70876749,0.66967309
8.34198736,27.44183435,0.11806385
-8.12583948,25.11870012,0.56506147
-8.23304504,24.63141391,0.46975325
8.43230740,27.13264316,-0.03952438
8.56111558,26.89555480,-0.22338509
-8.38814899,24.20809319,0.40025760
8.80783156,26.59125092,-0.14029332
-8.60003984,23.77965236,0.52844290
-8.91322880,23.36058847,0.68530113
9.21955614,26.33742264,-0.07698338
-9.34031757,22.89088619,0.84390861
9.86277727,26.11093149,-0.06526870
10.81891408,25.83177676,-0.12000355
-9.91370874,22.30717343,0.96357059
10.35310261,25.06867428,-0.00901823
-9.55161569,22.15406811,0.85499357
10.07795516,24.27454769,0.16187256
-9.37451939,21.95896494,0.79472285
10.02052223,23.38843573,0.39893253
-9.34352031,21.68111255,0.77434833
-9.45221893,21.28444416,0.78587989
10.20092547,22.32458580,0.72489123
-9.06152360,21.38043347,0.71755369
9.07132550,21.90863011,0.86663298
-8.79252700,21.36182243,0.66581220
8.11248449,21.48999976,0.99272275
7.24139963,21.10318793,1.06122513
-8.62282835,21.25877205,0.64307221
-8.53832758,21.09043107,0.65072979
6.42537124,20.73505209,1.07703807
5.05859348,20.44281544,0.95307314
-8.36712685,20.92431683,0.65788387
3.84908420,20.04104439,0.80366489
-8.28752386,20.68121481,0.69729077
2.81577336,19.47453014,0.77790089
-8.26531975,20.36391722,0.75206001
-7.47130025,19.48650439,1.02580890
-7.68530468,19.66172158,0.96302148
-1.78400164,17.83047565,1.41887408
-0.90410706,18.02208482,1.34156441
-7.09409751,19.38877219,1.06497331
-2.81623196,17.88419461,1.41544150
-6.65939401,19.23691021,1.11421896
-3.81013452,18.08300275,1.38133745
-4.72026929,18.39805866,1.31671184
-6.13648982,19.01976144,1.17242657
-5.49388505,18.73630810,1.23774261
-0.01715632,18.25590303,1.20715853
-7.87940875,19.79748405,0.90479977
-8.27091548,19.96091787,0.80703688
1.92296212,18.76157085,0.89345556
0.90326166,18.51145748,1.03171593
-8.06961238,19.89743265,0.85241290
0.98385498,17.50786977,-8.45157246
1.56137354,17.95834111,-8.31176292
2.20438778,18.38185707,-8.23788573
-3.65896048,15.65411142,-9.02979342
-4.10643524,15.75202538,-8.94841069
-3.25661567,15.55026651,-9.11064901
-4.61210989,15.84896580,-8.86547080
2.93405654,18.77413312,-8.24755913
0.45583273,17.02878358,-8.64758004
-2.88774113,15.43630510,-9.19567644
-5.17507970,16.15569092,-8.70436138
3.72565171,19.34470284,-8.18645169
-2.50055711,15.60857736,-9.13100243
-0.05930841,16.81708330,-8.66963595
4.63053948,19.86198468,-8.26839089
-5.81483257,16.45357658,-8.58981046
-0.52784300,16.58041587,-8.74451603
-2.12437344,15.76859622,-9.07190487
5.67046628,20.32848516,-8.51718822
-6.56283070,16.74496461,-8.55484271
-0.95993035,16.31928654,-8.86148541
-1.74808079,15.91193313,-9.02860200
6.87076856,20.77349273,-8.92537014
-7.47703741,17.04048551,-8.64920988
-8.02673993,17.45385587,-8.67753662
7.47036450,21.22804926,-8.97607871
-1.36297973,16.03568785,-9.00973897
-8.67034803,17.85545470,-8.79039967
8.10810648,21.66338804,-9.08695191
-9.42386283,18.23336535,-9.00496904
8.78448475,22.08124007,-9.25430208
-10.28838390,18.56819402,-9.31524306
9.49987005,22.48048146,-9.46687239
9.39427852,23.31655074,-9.01761011
-10.56488409,19.37522808,-9.29929266
-10.92769098,20.09166952,-9.38647101
9.37144813,24.05415350,-8.70438754
-11.37710322,20.76458625,-9.55566138
9.40842880,24.70854706,-8.52809901
-11.89701839,21.45345557,-9.76845194
9.48646186,25.30019644,-8.46816408
-11.94151517,22.28949177,-9.70040754
9.14162027,25.81674216,-8.17814957
8.82752219,26.24385329,-7.98821628
-12.01391279,23.12401381,-9.64494554
8.56060822,26.63761332,-7.88803511
-12.10581266,23.96442521,-9.62344566
8.35842806,27.04972561,-7.88080687
-12.21461643,24.81728170,-9.66053028
-12.02050972,25.63565520,-9.54006796
7.97596441,27.38485805,-7.77714881
7.69261233,27.79542401,-7.79901889
-11.85840892,26.46609625,-9.50873893
5.28306479,29.07530555,-8.63761611
4.58734370,29.01883287,-8.91199932
5.68203069,28.93242239,-8.40104503
-9.04304089,29.28772954,-8.41602644
-8.39773341,29.72137151,-8.29312416
-7.28532579,30.11590838,-8.16887300
-9.77255910,28.87644055,-8.70045584
6.14154263,28.85471569,-8.22250424
6.67967749,28.83879967,-8.14960148
-10.61668855,28.49946486,-9.15386299
-11.71871349,27.30771013,-9.55807433
7.48754134,28.29855259,-7.95312065
7.31970103,28.88154543,-8.24615649
-11.58962109,28.15125632,-9.65307059
-6.30943157,30.50507408,-8.24708317
3.98975274,29.14196869,-9.18021303
3.45078123,29.46289143,-9.43709974
-5.40269616,30.88294013,-8.45856325
-4.53435740,31.26748332,-8.77023546
2.89848506,29.99626337,-9.66865406
2.08472624,30.03819743,-9.49886214
1.23597739,30.23495216,-9.32594552
-3.56029618,31.15102606,-8.75461192
-2.58866987,31.04772318,-8.81275328
-1.62715010,31.01281652,-8.96791255
0.32007382,30.59332692,-9.22046886
-0.67924790,31.10394020,-9.23451794
