-0.68401855,12.01093083,-0.14050783
-1.81739963,11.81783220,-0.32260526
-0.73934659,11.78587940,0.23760322
-1.87808456,11.59706655,0.05812841
-3.01930506,11.71150921,-0.42036809
-3.08562849,11.49945088,-0.04179519
-4.27747238,11.67514558,-0.44305862
-4.34731489,11.47341671,-0.07336261
-5.58239777,11.70482955,-0.40039279
-5.65195015,11.51471852,-0.04324460
-4.14404313,31.57868588,3.58993055
-3.05715104,31.43621015,3.44857837
-4.22273173,31.59585017,3.88577093
-3.11273315,31.47426420,3.73350433
-2.08593141,31.33283541,3.36246378
-2.11895847,31.37965787,3.63204018
-1.20605846,31.28341061,3.32604654
-1.22042781,31.33174909,3.58155247
-0.39116100,31.29141927,3.32608390
-0.39140119,31.33720420,3.57035265
-6.62062484,12.07271585,-0.26000035
-6.68811063,11.89420461,0.11631240
-7.61425885,12.54101549,-0.09483713
-7.67967034,12.37000327,0.28593004
-8.59773496,13.06180580,0.05342072
-8.66584839,12.87881553,0.41968921
-9.61550773,13.56448335,0.15120543
-9.69411463,13.34862203,0.48652176
-8.91038022,31.09142611,3.47516823
-7.58454567,31.24900166,3.49635265
-9.02001402,31.00497515,3.78266152
-7.70557823,31.19967729,3.82268902
-6.32868964,31.37049233,3.52713631
-6.44493978,31.35197499,3.85223226
-5.18173105,31.47095682,3.55914698
-5.28123250,31.47510811,3.86921626
-10.23775226,14.57523109,0.36292960
-10.35529005,14.27933088,0.66070305
-10.87583626,15.43794648,0.56334258
-11.04122111,15.12930322,0.83283672
-11.52378961,16.18078858,0.73053066
-11.74020463,15.88494097,0.99061342
-12.15413734,16.93613862,0.80048477
-12.43711842,16.63505423,1.07871943
-12.32419334,17.79165877,0.78270726
-12.66018560,17.47393853,1.09728066
-12.66562183,18.59051131,0.73847110
-13.00577427,18.27476340,1.02152804
-13.26193231,19.28370729,0.70473866
-13.57947455,18.97489163,0.95219778
-14.09818997,19.88502810,0.65543588
-14.38017235,19.59300997,0.88796727
-12.95285115,30.43698557,3.00693706
-11.90550666,30.57845080,3.05579447
-13.02285533,30.29784792,3.28661598
-11.98413539,30.46167754,3.35986983
-10.87594749,30.72962070,3.14416204
-10.96800896,30.62968667,3.46319363
-9.87074096,30.90185697,3.29452613
-9.97315872,30.81010509,3.61245788
-13.98006205,21.54471660,0.64238644
-14.20574119,21.26901999,0.89832368
-14.19649263,22.91035277,0.66378458
-14.40111044,22.68023575,0.92257873
-14.58090146,23.99332556,0.76679480
-14.77876666,23.80137963,1.05486115
-15.23554741,24.84488267,0.97053689
-15.41852228,24.66920070,1.29006750
-14.70363444,25.90372041,1.24848288
-14.85803346,25.73547586,1.60354990
-14.38988870,26.82681337,1.62893699
-14.54964841,26.64737867,1.97610944
-14.14116924,27.66823517,1.94289927
-14.31191852,27.48298559,2.29097911
-13.87789942,28.45682336,2.09676999
-14.04653860,28.28810648,2.46162982
-13.59112481,28.94896244,2.35087770
-13.73621057,28.78223109,2.69551640
-13.31440432,29.42552822,2.55461481
-13.43417593,29.26914538,2.88004381
-13.09532713,29.91343656,2.76200890
-13.18917927,29.76697302,3.06649560
-0.70796208,12.39771458,-0.68084858
-1.82854786,12.23700408,-0.81964613
-3.00567056,12.10361350,-0.89737730
-4.24250622,12.01157274,-0.90187949
-5.54178548,11.98113287,-0.83580172
-4.06848750,31.52144544,3.18861730
-3.01348473,31.36699300,3.08238351
-2.06727442,31.26271065,3.02560273
-1.20470866,31.21670158,3.01061705
-0.40444651,31.23104720,3.02810006
-6.55351388,12.38956701,-0.71836766
-7.55159890,12.86282859,-0.57882825
-8.53561674,13.40929213,-0.42195402
-9.49750742,13.99992411,-0.25243094
-8.76239769,31.10463225,3.01436567
-7.43422206,31.22454107,3.04714454
-6.20141779,31.32554277,3.09194445
-5.07920844,31.41510667,3.13449661
-10.09991819,14.98200590,-0.03112198
-10.62430292,15.87650991,0.16639701
-11.12848444,16.69340948,0.30417850
-11.69171306,17.45105641,0.39038380
-11.89853508,18.22339676,0.43891981
-12.24777409,18.98022467,0.47527332
-12.78776600,19.70523270,0.47029491
-13.56311098,20.36269913,0.42163131
-12.76696211,30.45959325,2.60712432
-11.73138494,30.58303755,2.59644195
-10.72015055,30.73410854,2.66201753
-9.72784924,30.91353489,2.81024080
-13.65152340,21.88058338,0.37563770
-13.95722260,23.12926916,0.39040782
-14.36812264,24.15769300,0.42593340
-14.97911138,25.01021444,0.57400717
-14.48220164,26.04893327,0.80981760
-14.12008237,26.97699468,1.19309703
-13.82538083,27.80118747,1.48920760
-13.58181292,28.53189652,1.62261853
-13.34454238,29.02171556,1.91312734
-13.13363249,29.49437077,2.14964791
-12.94307670,29.96882389,2.36776444
0.32922966,11.96798333,0.44528787
0.38073850,12.19390781,0.09221786
1.33415007,12.22612034,0.65257043
1.37735309,12.45360375,0.31664193
2.29523567,12.52731060,0.82466543
2.32586298,12.75518232,0.49763349
3.22535120,12.85344987,0.95032792
3.23970887,13.08285667,0.62925896
2.56614199,31.33089984,3.46461089
1.84662995,31.27939612,3.44930574
2.52707610,31.29002649,3.24074275
1.81479044,31.23319889,3.21675971
1.12931114,31.25937557,3.46054200
1.10610550,31.21016352,3.22288839
0.39267976,31.27766771,3.49816123
0.37987231,31.22873744,3.25717431
3.89609727,13.47397166,1.11368051
3.89011696,13.72996753,0.79144486
4.51163699,14.19306923,1.30132762
4.47431173,14.48535636,1.03671669
5.09401937,14.92323078,1.55983424
5.02372961,15.22670255,1.33783324
5.69393503,15.51943413,1.80516013
5.59301557,15.81716668,1.57828651
5.42012754,30.64873960,3.46983474
4.63842157,30.79091694,3.40727885
5.35159181,30.62259767,3.25683891
4.57652074,30.75468642,3.18661891
3.91483308,30.94512966,3.39002416
3.86031367,30.90417543,3.16534164
3.23172671,31.12293084,3.41156138
3.18488972,31.08091715,3.18626504
6.01919073,16.51550462,2.20902945
5.87902386,16.81836845,1.89350884
6.43115851,17.26293777,2.41141096
6.25773246,17.55725868,2.05364989
6.93524208,17.85898697,2.50742769
6.73649711,18.13862621,2.16104294
7.53680866,18.40472554,2.52917779
7.31423953,18.67797384,2.20614930
7.85021578,19.01185945,2.51954002
7.62485323,19.27727112,2.19034599
8.32614772,19.53567106,2.51974028
8.10842304,19.78817988,2.18741580
8.99628407,19.98004988,2.54962838
8.79272793,20.22087019,2.22815937
9.82789803,20.40944394,2.59750447
9.64348861,20.64037364,2.30257069
8.42625867,30.07091533,3.59126611
7.51650349,30.18637578,3.51420142
8.33932963,30.08576964,3.35671629
7.43235957,30.18516248,3.28808813
6.72224647,30.31311341,3.46674971
6.64285218,30.29971725,3.24594575
6.02907667,30.46521625,3.45445197
5.95503487,30.44432841,3.23787598
9.75289679,21.63843687,2.72701006
9.56825614,21.86773939,2.34681018
9.85538466,22.78865995,2.85805639
9.63158934,23.03296587,2.41609059
10.09608347,23.97652364,2.90087111
9.84992084,24.23364180,2.44828929
10.56508589,25.09936977,2.94553023
10.33730424,25.34077353,2.53901280
9.93599762,26.15839331,2.98259370
9.79348574,26.36052950,2.61743536
9.65295575,27.02472968,3.15506552
9.56266893,27.19613566,2.79531058
9.51428983,27.78513646,3.28678495
9.43150349,27.91205935,2.90118572
9.36519291,28.44970755,3.27330523
9.25949179,28.50783649,2.86925728
9.09711250,28.84208951,3.38117342
8.99135246,28.87709570,3.02390136
8.82629393,29.22254324,3.43694180
8.72239915,29.24069443,3.12825195
8.59519597,29.62003195,3.49675150
8.49778653,29.63186072,3.22889015
0.35627022,12.59431819,-0.35286845
1.35545871,12.84206897,-0.08073593
2.30270703,13.12840916,0.12508872
3.21303486,13.43569014,0.28280185
2.47610293,31.23384828,2.98575956
1.77205668,31.17094918,2.95245456
1.07123097,31.14728070,2.94882505
0.35316265,31.16543742,2.97356740
3.81174516,14.19371825,0.48620217
4.37031883,14.94887825,0.71721473
4.89315929,15.65398743,0.93738926
5.40441086,16.27779615,1.14225689
5.27392165,30.57769170,2.99738059
4.50345509,30.69768833,2.93663894
3.79672956,30.84512002,2.91527353
3.12798706,31.02258082,2.93172689
5.69030588,17.18593891,1.35012718
6.01876681,17.94910632,1.52012321
6.43975420,18.58979362,1.63469139
7.01400948,19.11571569,1.71970696
7.36821937,19.64010049,1.71829641
7.84990006,20.11556081,1.72963154
8.46807470,20.57323730,1.77398902
9.23752167,21.03467527,1.86357785
8.16220528,30.03360967,3.06259179
7.29321797,30.13032507,3.00557662
6.54001097,30.25387957,2.97623607
5.87408593,30.40310518,2.97348846
9.23235524,22.18067360,1.81560870
9.34033343,23.31084797,1.89642878
9.56768443,24.49513459,1.95888784
10.04197940,25.57592834,2.10710703
9.61382332,26.54342599,2.20266934
9.38482336,27.32886592,2.35189167
9.20534499,27.96771891,2.41270400
9.01549964,28.48497796,2.38766125
8.78013158,28.84681900,2.60929202
8.55991084,29.21375832,2.77771971
8.35370679,29.60185173,2.92003923
-1.40477021,30.64631008,1.40603863
-0.64719400,30.67623486,1.55321216
-1.63773322,30.53865273,0.64318567
-0.89545863,30.53968302,0.83378702
0.07524486,30.61541643,1.60646065
-0.17838998,30.46172296,0.93636994
-2.20197195,30.67349376,1.26349639
-2.40791893,30.59590971,0.45750417
0.77210287,30.60288663,1.66502607
0.52058880,30.43716945,1.03300157
-3.05588055,30.75854985,1.12956768
-3.22134877,30.71237131,0.28913433
1.46118459,30.63485559,1.73306946
1.21639748,30.46115245,1.12806831
-3.98857350,30.90210628,1.01196156
-4.09825483,30.88824599,0.15776069
2.16051191,30.71044581,1.81882415
1.92578921,30.53332552,1.23023467
-4.86300303,30.73013541,0.72761228
-4.91392398,30.73108262,-0.11960773
2.80082740,30.49909062,1.75051694
2.57675570,30.32776656,1.16780646
-5.82261226,30.59464548,0.47161720
-5.80246128,30.60887900,-0.35171039
3.46164213,30.33280642,1.70857447
3.25163682,30.17302021,1.12222148
-6.88412105,30.48447079,0.26556817
-6.78335877,30.51246170,-0.52888225
4.16270382,30.21027509,1.69408460
3.96955056,30.06493101,1.09600103
-8.06231908,30.39643548,0.13718683
-7.87685179,30.43848684,-0.64291344
4.92845557,30.13010991,1.71375222
4.75480702,30.00395224,1.09209224
-8.97399911,30.23017640,-0.02908039
-8.74441724,30.29283155,-0.77297979
5.52877812,29.99722611,1.65893649
5.37853868,29.90349602,1.03024477
-9.95973004,30.08898781,-0.10746854
-9.69615611,30.16147008,-0.84745790
6.20007829,29.90106536,1.63198767
6.07606342,29.83833411,0.98961954
-11.02992177,29.98506406,-0.06262806
-10.74756152,30.04685874,-0.84708211
6.96437506,29.84225920,1.63590838
6.86895168,29.80915823,0.97461743
-12.19089726,29.94007711,0.15522159
-11.91278371,29.94975143,-0.73364003
7.85005173,29.82278425,1.67252384
7.78287511,29.81638361,0.98957941
-12.43736056,29.39209021,-0.08322124
-12.22230511,29.36325252,-0.98622434
8.04439013,29.39135642,1.40083576
8.02347323,29.42626324,0.71335904
-12.70945763,28.92639166,-0.22483943
-12.56538171,28.84570140,-1.14790124
8.26700556,29.01328375,1.15128289
8.29360228,29.07772614,0.47025250
-12.99724811,28.50747061,-0.33751598
-12.93003657,28.38082760,-1.25635724
8.52396776,28.66990886,0.92324007
8.59775042,28.75307907,0.25090430
-13.30846794,28.09406211,-0.47075855
-13.31514527,27.94604965,-1.35018843
8.82156362,28.34351378,0.70741495
8.94238222,28.43810785,0.04518443
-13.53222824,27.52833639,-0.51995198
-13.60053573,27.34473886,-1.42711128
9.03784075,27.86925011,0.62351461
9.18962603,27.93996873,-0.12345769
-13.82369433,26.84276025,-0.70795992
-13.92023160,26.67977328,-1.58510176
9.28680576,27.35772862,0.55167564
9.46228168,27.39784823,-0.26069952
-14.26259479,25.98604473,-1.00836267
-14.35570219,25.86894611,-1.82782811
9.57798380,26.74004867,0.48717850
9.77573912,26.76529285,-0.35564201
-14.93400230,24.96666251,-1.21824290
-15.05998072,24.87230445,-2.02230744
9.96876670,25.92521896,0.46987299
10.18906346,25.96262947,-0.36605450
-14.38375847,24.07221211,-1.24302392
-14.58726816,23.91031409,-2.10245221
9.41391644,24.91768583,0.31610164
9.64898606,24.95663718,-0.44403728
-13.87603408,23.17593143,-0.95100227
-14.11171840,22.99452098,-1.88187628
9.15681776,23.79937386,0.20899102
9.39607689,23.85790678,-0.52598821
-13.45228767,22.12895378,-0.71693973
-13.59874815,22.04815338,-1.56507518
9.02511395,22.68653217,0.02974592
9.25609838,22.75945485,-0.70048313
-13.19202631,20.83461671,-0.55902921
-13.22105323,20.92360182,-1.31982867
8.98869400,21.60936982,-0.01340967
9.15075118,21.70419648,-0.88104754
-12.32271610,20.22213607,-0.45164825
-12.29145249,20.36518498,-1.13874849
8.26030073,21.14193065,-0.13455463
8.41682249,21.21742288,-1.02882440
-11.70334207,19.54074223,-0.44257008
-11.61945810,19.72946087,-1.07679888
7.66801122,20.67870997,-0.19153874
7.81766621,20.73364545,-1.09495004
-11.31446305,18.82242626,-0.54255781
-11.18973443,19.04122986,-1.15119130
7.18850739,20.19796570,-0.20139022
7.33621998,20.23300868,-1.10572666
-11.08829236,18.12116247,-0.74951759
-10.95497446,18.33992500,-1.35027629
6.80373583,19.68332298,-0.19787340
6.95309737,19.69954163,-1.10524715
-10.54005090,17.50036554,-1.07180301
-10.45980576,17.68525671,-1.67428829
6.18608172,19.16952412,-0.39021827
6.34031948,19.13880014,-1.26105176
-2.14762014,13.55150873,-3.32872058
-1.09845308,13.60554255,-3.22437102
-2.25701052,13.53340400,-3.89385879
-1.20824066,13.57833803,-3.80000378
-10.07539507,16.89722530,-1.46138761
-10.06289223,17.05059103,-2.07667682
-0.07660913,13.77453486,-2.98564831
-0.19367649,13.76687738,-3.62304142
5.69122078,18.59779574,-0.64248966
5.83698561,18.53329304,-1.48759636
-3.23455120,13.54189454,-3.35417400
-3.34462898,13.54883762,-3.93637918
-9.63216810,16.27049818,-1.86552705
-9.68227892,16.40380474,-2.50266696
0.91387314,14.00288835,-2.70230291
0.79206418,14.02914512,-3.41339573
5.27779807,17.96062574,-0.97685576
5.40169993,17.89175257,-1.80236936
-4.37394202,13.55166928,-3.28929484
-4.48420648,13.60739371,-3.92288943
-9.16648326,15.53036275,-2.20983483
-9.24158543,15.68820105,-2.90196431
1.87175593,14.27669666,-2.39982473
1.75041770,14.34995912,-3.18628946
4.91710505,17.23427397,-1.35734929
5.00232114,17.20180455,-2.16408557
-5.58952502,13.53731319,-3.11742811
-5.69008229,13.68477739,-3.84848344
-8.32678433,15.08085017,-2.46643990
-8.44353809,15.21896918,-3.15768787
2.79802742,14.56728628,-2.09108845
2.68057400,14.69726018,-2.95686493
4.36992301,16.72350182,-1.69450962
4.41428798,16.70846823,-2.44817587
-6.53510959,14.06449514,-2.92583665
-6.65562214,14.20802131,-3.63448825
-7.45109274,14.58314469,-2.70322355
-7.58067555,14.72115068,-3.40064597
3.32492714,15.39999241,-2.06937043
3.26320502,15.44934731,-2.79861056
3.84256140,16.11750141,-1.93234513
3.83297977,16.12894242,-2.64974638
-1.88870025,30.78688297,-0.03091132
-1.16840565,30.74803260,0.16670584
-0.46069586,30.62899064,0.30171116
-2.62746818,30.87813294,-0.20542360
0.23952638,30.57212947,0.43121671
-3.40184231,31.01749224,-0.34252952
0.94405991,30.57602414,0.55037518
-4.23363060,31.20202084,-0.42962847
1.66699303,30.63847663,0.66464440
-5.00276396,31.03785271,-0.66079211
2.33611268,30.42450435,0.62257054
-5.83827728,30.90457389,-0.84878620
3.03377662,30.27144087,0.58372658
-6.76001173,30.79858028,-0.98835105
3.77850544,30.17311937,0.55146992
-7.79024845,30.71955278,-1.07812046
4.59366529,30.12389331,0.52987182
-8.61628571,30.56347515,-1.18857500
5.24801494,30.04016502,0.46043389
-9.53044748,30.41981529,-1.26446379
5.97749274,29.98678166,0.40360534
-10.55192772,30.28440797,-1.29828803
6.80284561,29.96317972,0.36394880
-11.70276975,30.15091818,-1.27378344
7.74590868,29.96936766,0.34660886
-12.05218564,29.52428382,-1.56272822
8.04272933,29.59065239,0.10955929
-12.44981692,28.95833837,-1.76229785
8.36730969,29.24628533,-0.10661927
-12.87834006,28.44445282,-1.89329656
8.72416929,28.91990878,-0.30595171
-13.33164942,27.96814031,-1.98794763
9.11911145,28.59828683,-0.49360158
-13.70635699,27.31484304,-2.08456673
9.43806520,28.09152747,-0.68725720
-14.09471725,26.62315414,-2.23377079
9.76415458,27.52004713,-0.85868743
-14.56395850,25.80501018,-2.45351971
10.09242227,26.82679798,-0.98595736
-15.27403955,24.80438238,-2.66015307
10.50728407,25.95220838,-1.00563834
-14.85378330,23.77717908,-2.78412228
9.99272925,24.90397865,-1.05469197
-14.48501135,22.78898264,-2.69846907
9.77387113,23.80004912,-1.11664226
-13.99171871,21.84412342,-2.49442171
9.62231015,22.71074953,-1.26548155
-13.54933330,20.83320218,-2.25580099
9.47244042,21.65437800,-1.47239505
-12.55644314,20.33810214,-2.02067715
8.72277199,21.14200697,-1.63508943
-11.82394676,19.76155471,-1.88819291
8.10964504,20.63097687,-1.72726545
-11.34530337,19.11367062,-1.90786550
7.62106816,20.10312615,-1.76222893
-11.08147344,18.42104050,-2.06847109
7.23542226,19.54094430,-1.77523957
-10.61345289,17.71707054,-2.35625059
6.60903163,18.94345348,-1.90545082
-2.30998465,13.34626774,-4.28198068
-1.26245443,13.37748578,-4.19011543
-10.25332238,17.01313734,-2.72458615
-0.24880014,13.55438781,-4.03284263
6.08187286,18.31316927,-2.11012195
-3.39799610,13.37718466,-4.33431920
-9.88774206,16.29744152,-3.11337780
0.74460699,13.81122545,-3.84559184
5.61308542,17.66944342,-2.40642615
-4.54485565,13.45128975,-4.34646560
-9.43939307,15.53521466,-3.48334418
1.72185672,14.13442119,-3.64129047
5.17725599,16.99206361,-2.74255836
-5.76911116,13.54385803,-4.31902390
-8.62890778,15.04246596,-3.70692617
2.68068589,14.49255372,-3.43933333
4.54937802,16.49569284,-2.99031077
-6.77137572,14.04368311,-4.12493371
-7.73556406,14.54198174,-3.91870543
3.30903934,15.22724431,-3.27563800
3.92603593,15.90934444,-3.15738410
-2.12552513,31.34980534,-0.68151886
-1.41953891,31.33197373,-0.52103839
-0.71990270,31.20984192,-0.40155740
-2.84764536,31.40475532,-0.82339046
-0.02315932,31.13397983,-0.27618009
-3.60266440,31.49508877,-0.94497062
0.68317689,31.11714818,-0.15976754
-4.41135055,31.62064721,-1.04194403
1.41253765,31.16213952,-0.05727397
-5.15266068,31.44056431,-1.21559255
2.09037757,30.89968877,-0.05518053
-5.95417701,31.29561842,-1.34729711
2.80167407,30.70363234,-0.06363621
-6.83543431,31.18348715,-1.43332400
3.56434749,30.56898951,-0.08366944
-7.81873169,31.10091695,-1.47502623
4.39988282,30.48867228,-0.11263430
-8.60302729,30.93278016,-1.54009562
5.07561337,30.37305872,-0.17648677
-9.47324485,30.76671326,-1.59235533
5.82702748,30.28667053,-0.23828820
-10.45127958,30.59688931,-1.63552292
6.67382257,30.22908603,-0.29203078
-11.56576439,30.41602937,-1.66952753
7.63483407,30.20068313,-0.32964331
-11.92602469,29.73724806,-1.97729017
7.98416516,29.78824407,-0.51358206
-12.36239080,29.12282201,-2.21816736
8.36562641,29.41546079,-0.68789162
-12.84589562,28.56337464,-2.38718328
8.78177219,29.06467808,-0.85243703
-13.35917937,28.04434507,-2.50108758
9.23583211,28.71929722,-1.00880025
-13.81373703,27.34916784,-2.61031570
9.64882444,28.19469734,-1.18583924
-14.27680783,26.61925023,-2.74122115
10.04484079,27.58218004,-1.34419903
-14.79899400,25.77306618,-2.95265125
10.39085494,26.80521989,-1.45677942
-15.53197024,24.76429326,-3.18702096
10.80686988,25.83119211,-1.47986167
-15.15383275,23.68492162,-3.34087212
10.35938385,24.72963503,-1.52191092
-14.89135703,22.63831260,-3.35533477
10.19662636,23.62090992,-1.57607136
-14.50822638,21.65091944,-3.30780547
10.02121185,22.55123811,-1.71332577
-14.11040517,20.65414441,-3.20552153
9.82828558,21.48849250,-1.90774464
-13.08217030,20.19068947,-2.99504196
9.07750042,20.93205389,-2.07585121
-12.29952069,19.66339194,-2.84290582
8.47490971,20.37028948,-2.18587737
-11.76466957,19.05886235,-2.81331678
7.99862787,19.78870689,-2.23865568
-11.44858359,18.38653383,-2.92574533
7.61683545,19.17856029,-2.27190817
-10.93657212,17.65835312,-3.16114787
6.96663213,18.54005200,-2.41261200
-2.28719663,13.06382150,-4.64155814
-1.25258425,13.06829943,-4.55080304
-10.52738732,16.89079366,-3.46945689
-0.24591482,13.20965607,-4.40974228
6.39656412,17.90140437,-2.63826837
-3.36054952,13.12021982,-4.70096186
-10.10556205,16.08962503,-3.77815116
0.75202296,13.43437806,-4.24070405
5.88020202,17.26394076,-2.93950465
-4.49625574,13.21619323,-4.73091720
-9.59361754,15.27025204,-4.07389050
1.74862274,13.73179792,-4.04953365
5.40838566,16.57671904,-3.24923955
-5.72096720,13.32496816,-4.73513205
-8.72305381,14.76046145,-4.24559588
2.73975309,14.07297898,-3.85245884
4.74519464,16.05427759,-3.45054189
-6.75350911,13.79177746,-4.57989463
-7.76797936,14.26640774,-4.41286479
3.42319212,14.76368883,-3.67340154
4.08438151,15.44069957,-3.56715892
-2.37383550,31.80878968,-1.69902473
-1.66317912,31.84196647,-1.55381180
-0.95827284,31.79162065,-1.41122678
-3.09859850,31.81500898,-1.84115342
-0.25481810,31.76938361,-1.27813588
-3.85435789,31.86620858,-1.97037724
0.45885484,31.77706432,-1.16185274
-4.66116797,31.97199743,-2.07466267
1.19621930,31.81866334,-1.06348262
-5.39420177,31.79840983,-2.14914834
1.86822247,31.58701759,-0.98539338
-6.17739351,31.65857376,-2.18249269
2.57392142,31.37441706,-0.92896833
-7.02987406,31.54979838,-2.17673984
3.33296339,31.18943818,-0.89350638
-7.97210074,31.46258395,-2.13484891
4.16859426,31.03917524,-0.87677930
-8.70948384,31.27770916,-2.10269723
4.84830615,30.85143090,-0.89132215
-9.52437782,31.08199186,-2.07747860
5.60806992,30.69067805,-0.91795000
-10.44241032,30.86687638,-2.07652867
6.46716934,30.55956677,-0.95192122
-11.49998278,30.62848872,-2.11745370
7.44144248,30.46336242,-0.98623644
-11.85246838,29.90050827,-2.38176189
7.83552917,29.97783010,-1.12253402
-12.31414881,29.23936275,-2.63848556
8.27757818,29.54312752,-1.26537323
-12.84502963,28.64017236,-2.83840053
8.75950043,29.14005051,-1.40565152
-13.41311726,28.08551785,-2.97838058
9.27690397,28.74657539,-1.53806523
-13.93893930,27.35388377,-3.09751114
9.77961257,28.16678005,-1.68692317
-14.45993020,26.59002450,-3.21352703
10.23860609,27.47165121,-1.79876726
-15.02622641,25.72898560,-3.41627717
10.58967845,26.57616880,-1.86813403
-15.78105798,24.73235718,-3.68408964
11.04360871,25.52300670,-1.88768968
-15.44871683,23.63321543,-3.85299033
10.72512528,24.40535638,-1.92210639
-15.26631620,22.57035552,-3.93544152
10.60979535,23.32984432,-1.97732973
-15.01556286,21.55797893,-4.00877589
10.38842433,22.30292212,-2.10855343
-14.71695107,20.53895064,-4.06688642
10.18702550,21.22917194,-2.30538797
-13.69898523,20.05135323,-3.93109340
9.46937167,20.60761654,-2.47357938
-12.88734329,19.53691112,-3.82185689
8.90965520,19.96240218,-2.59475119
-12.29184143,18.96281779,-3.79595228
8.46412806,19.29579884,-2.66753002
-11.88546291,18.32263726,-3.88519176
8.08019510,18.62481881,-2.74346181
-11.24330503,17.59806760,-4.07283046
7.38810901,17.95191080,-2.93604031
-2.18261160,12.76287915,-5.03058664
-1.17639241,12.72882208,-4.94087822
-10.70718949,16.79194376,-4.32158623
-0.18895327,12.82176916,-4.81489249
6.77002338,17.30862492,-3.20389058
-3.22168276,12.85752383,-5.09602190
-10.18118630,15.91823066,-4.54109640
0.80145990,12.99745729,-4.66708534
6.21913474,16.65797578,-3.50453532
-4.32023565,12.99140149,-5.13982652
-9.57275060,15.03551859,-4.72462481
1.80554500,13.24750964,-4.49761208
5.71011738,15.92805735,-3.74621203
-5.51167035,13.13606829,-5.16948809
-8.62416193,14.50627952,-4.82440986
2.82126963,13.54485035,-4.31392006
5.00289331,15.36776276,-3.87393230
-6.54909719,13.58002901,-5.05665530
-7.60257262,14.02539665,-4.93742208
3.56943745,14.14466980,-4.10984484
4.29246135,14.75649719,-3.96445690
-2.65937266,32.53445697,-2.96775527
-1.92567284,32.57683262,-2.88384473
-1.19056646,32.48873121,-2.78024533
-3.40058650,32.53435216,-3.03741927
-0.45612421,32.44148579,-2.66338226
-4.16293127,32.57686762,-3.08907270
0.28700011,32.43553934,-2.53648984
-4.96167570,32.66116297,-3.11740482
1.04915060,32.47946889,-2.40067558
-5.67877416,32.37464150,-3.13888766
1.71719072,32.17992515,-2.23972851
-6.43351137,32.12673492,-3.12776467
2.40270712,31.93314797,-2.07816782
-7.24302345,31.91384056,-3.08137329
3.13494568,31.72980748,-1.93005667
-8.12589651,31.72582667,-3.00180461
3.94321409,31.55357972,-1.80911431
-8.80836742,31.45506451,-2.91019008
4.59793803,31.32160407,-1.73352146
-9.55988514,31.17695774,-2.82322729
5.33934391,31.09844559,-1.68926006
-10.41237836,30.88279445,-2.77779370
6.18786936,30.88846856,-1.67812915
-11.41132387,30.57592325,-2.80979059
7.15737554,30.70555743,-1.69615138
-11.77848830,29.81663305,-2.97695579
7.58534795,30.12360727,-1.78647507
-12.28576137,29.14553750,-3.20279527
8.08738041,29.59453008,-1.90475030
-12.87213400,28.54264651,-3.39924583
8.64311610,29.10150289,-2.03070791
-13.49153829,27.98025674,-3.54339109
9.23309132,28.62036908,-2.14673767
-14.07791892,27.23640380,-3.66173469
9.81716270,27.92251172,-2.25648822
-14.63376344,26.46764489,-3.77713729
10.30674917,27.08593055,-2.29467121
-15.21546544,25.63433122,-3.98085679
10.66703653,26.07866112,-2.32257007
-15.94487122,24.72149601,-4.28304031
11.21120011,25.02233125,-2.36529390
-15.65138064,23.67108421,-4.44957818
11.04149615,23.97467850,-2.40003958
-15.51226077,22.65870357,-4.58008887
10.93115130,23.00298814,-2.46251092
-15.37462790,21.66893359,-4.73064444
10.68810308,22.03885094,-2.58162208
-15.18278611,20.65165454,-4.92591257
10.49582224,20.96762843,-2.79204644
-14.20983918,20.11138879,-4.86015856
9.83714166,20.27460390,-2.96633456
-13.37230007,19.57707953,-4.82537346
9.32691633,19.54449767,-3.13377035
-12.68895315,19.02223325,-4.85927406
8.89370196,18.80842382,-3.28804553
-12.13627702,18.43016939,-4.98164275
8.48606625,18.09942430,-3.45338922
-11.30638630,17.73604831,-5.15391578
7.77045786,17.37423596,-3.68624810
-2.00816795,12.64605477,-5.57975092
-1.05005003,12.55722820,-5.49220380
-10.59969400,16.93918612,-5.38552061
-0.09942368,12.59060069,-5.38224736
7.13837442,16.68651288,-3.95760499
-2.98934127,12.79701023,-5.65067614
-9.93055490,16.05226031,-5.57754954
0.86541714,12.70809202,-5.25997627
6.56451777,15.98855716,-4.21260361
-4.02004888,12.98949938,-5.70991197
-9.21194604,15.14623578,-5.66460130
1.85711308,12.90040430,-5.12480573
5.99843215,15.23311174,-4.38367978
-5.13573597,13.19718952,-5.76977167
-8.21386499,14.59266675,-5.65184193
2.87577703,13.14331510,-4.98089159
5.22871758,14.69919337,-4.49404861
-6.13140232,13.65373898,-5.70547603
-7.17079819,14.10694546,-5.66260088
3.66334208,13.65200015,-4.78856342
4.44848458,14.16823346,-4.62004817
-2.83564091,33.08207094,-3.70057243
-2.13107125,33.16381037,-3.63887790
-1.41267385,33.10682749,-3.55908226
-3.54583995,33.02877539,-3.74982706
-0.68554811,33.07416383,-3.46725263
-4.27290627,33.00385824,-3.78724020
0.05863159,33.06478580,-3.36122015
-5.02918855,33.00598335,-3.81191253
0.82725000,33.08666619,-3.23870176
-5.72521881,32.64303799,-3.80634063
1.54482064,32.75520931,-3.08585174
-6.45307287,32.29539679,-3.77583879
2.26178878,32.44441170,-2.91116492
-7.22386053,31.96701233,-3.72136909
2.99818515,32.15490941,-2.73082521
-8.05509157,31.65707903,-3.64315168
3.78672288,31.89078233,-2.56403931
-8.70429450,31.29509425,-3.54579121
4.41263731,31.57558106,-2.43870789
-9.42061981,30.93849292,-3.45074756
5.12248614,31.28882038,-2.34712078
-10.24263131,30.58526938,-3.40537100
5.94151013,31.02146098,-2.29917168
-11.22332321,30.24945639,-3.45784875
6.88500724,30.77700737,-2.30452187
-11.64710902,29.49896107,-3.59502476
7.32490648,30.12892246,-2.36142484
-12.21076523,28.85669833,-3.78866916
7.85898873,29.53007065,-2.46505585
-12.84641635,28.29230822,-3.95454043
8.45181832,28.95909432,-2.58642829
-13.50024646,27.76781346,-4.07068489
9.07490636,28.39269817,-2.68710633
-14.11913140,27.06030025,-4.17874409
9.69737432,27.58786144,-2.74953905
-14.68779282,26.33210147,-4.30083416
10.21199716,26.67139916,-2.72548886
-15.26177055,25.57032830,-4.51838677
10.62017825,25.65292876,-2.74237641
-15.93602269,24.78419585,-4.85741665
11.21657758,24.67420441,-2.84301593
-15.63161456,23.83633442,-5.01027284
11.09484155,23.73976445,-2.90562473
-15.48133420,22.89921204,-5.15782812
10.99332948,22.85753968,-2.96799919
-15.38658445,21.95862554,-5.32352530
10.78141971,21.94680305,-3.05524836
-15.25773849,20.97464296,-5.56870993
10.57619472,20.91527739,-3.26907409
-14.34866522,20.39235128,-5.54085108
9.93127197,20.21034412,-3.45509950
-13.48547861,19.84602070,-5.56234961
9.41009434,19.47298727,-3.69251854
-12.70476069,19.31311707,-5.65583047
8.95716601,18.73389238,-3.93919357
-12.02099783,18.76239529,-5.81683148
8.54204792,18.01572395,-4.17149401
-11.05888224,18.09211100,-5.97979185
7.84081259,17.24363449,-4.40742042
-1.90378555,12.93755867,-6.23481240
-0.98684406,12.79689076,-6.14229081
-10.26323192,17.30078851,-6.19055092
-0.07149756,12.78312013,-6.04468546
7.21960933,16.51894050,-4.66967601
-2.83625498,13.13665628,-6.32305362
-9.53650201,16.43436186,-6.41416591
0.86527746,12.85196056,-5.94359161
6.64034916,15.82033192,-4.94204200
-3.80945605,13.37157998,-6.41770197
-8.77515995,15.58146782,-6.59221746
1.83718109,12.99545889,-5.83985603
6.04347849,15.11438164,-5.17458550
-4.85547048,13.61805539,-6.53514090
-7.79407794,15.02867514,-6.59919349
2.84503275,13.19334876,-5.73939191
5.24629202,14.62310974,-5.30950595
-5.79956009,14.07953061,-6.54565245
-6.78990448,14.53761258,-6.57434197
3.63712590,13.65783417,-5.57592483
4.44006589,14.13589847,-5.43618710
-2.88465235,33.16410776,-4.38256185
-2.22974756,33.27765061,-4.33606581
-1.55829192,33.26477480,-4.25584898
-3.54485515,33.06783304,-4.42559081
-0.87245542,33.26280294,-4.17166299
-4.22184094,32.99010431,-4.46588249
-0.16179581,33.26959111,-4.08363021
-4.92760942,32.93004016,-4.50346360
0.58317314,33.28763073,-3.98762487
-5.59651913,32.53100616,-4.47410188
1.30644743,32.98169716,-3.83131798
-6.30617340,32.13543618,-4.42574934
2.04824308,32.67633866,-3.65449654
-7.05550223,31.74289462,-4.36012224
2.81315563,32.37300198,-3.46378427
-7.85597143,31.35547008,-4.28265433
3.61541844,32.07034864,-3.27747160
-8.49107502,30.93989421,-4.17834051
4.24081508,31.70814385,-3.11932433
-9.19518494,30.53743177,-4.09518840
4.93201946,31.35971212,-3.00255616
-10.01177295,30.16016176,-4.07319170
5.72248439,31.03337848,-2.94240590
-10.99666685,29.83647053,-4.15828857
6.63562509,30.73595328,-2.95326786
-11.47586331,29.12052173,-4.28930136
7.06189938,30.03464681,-2.98783415
-12.08029364,28.52602646,-4.45837910
7.59411204,29.38552437,-3.08356399
-12.74510637,28.01308992,-4.58752961
8.18674596,28.75537295,-3.19974792
-13.42096848,27.53939841,-4.66448663
8.80783807,28.12618094,-3.27958214
-14.06252775,26.89266432,-4.75961119
9.43883617,27.25543762,-3.30581736
-14.64774975,26.23451340,-4.88307547
9.99831494,26.31853227,-3.22490386
-15.21871641,25.56663043,-5.11853455
10.48113335,25.35176397,-3.23533676
-15.85249157,24.90579649,-5.50732566
11.08095149,24.48125555,-3.42515870
-15.51050241,24.07412040,-5.64214135
10.95267322,23.64993921,-3.52894902
-15.31020464,23.22808665,-5.79567332
10.86462302,22.84030727,-3.59572341
-15.20229975,22.34790235,-5.95525437
10.71353711,21.98080947,-3.63668899
-15.10071322,21.41271781,-6.18245478
10.49687394,21.00968825,-3.83738951
-14.25605393,20.80811185,-6.13061009
9.83674528,20.32581242,-4.02100363
-13.38799456,20.24804504,-6.18369556
9.26810251,19.61021254,-4.30600989
-12.52585011,19.72367591,-6.32538882
8.76995302,18.88229815,-4.61132624
-11.71638842,19.19401236,-6.52088241
8.33594047,18.16647561,-4.88600468
-10.63555973,18.51324424,-6.67423425
7.65404057,17.38430031,-5.12080110
-1.90418126,13.47392858,-7.03496396
-1.02104615,13.31606905,-6.92602264
-9.80526951,17.69489665,-6.84699183
-0.13798951,13.28231380,-6.83633578
7.04017008,16.65786099,-5.37027371
-2.79386268,13.67141086,-7.14856950
-9.10937189,16.81050128,-7.04371649
0.77178374,13.31912404,-6.75256543
6.45518003,15.97719722,-5.66052635
-3.71192838,13.89057689,-7.26895277
-8.37827528,15.97925822,-7.24680597
1.72299507,13.42178543,-6.67373675
5.86105206,15.31497906,-5.95690745
-4.68735386,14.11671674,-7.39803268
-7.44062598,15.44294400,-7.30456564
2.71545837,13.57589951,-6.60446726
5.07757760,14.87016567,-6.13924812
-5.56533160,14.54756768,-7.38191866
-6.49072116,14.97759392,-7.35056010
3.49364411,14.00221849,-6.45260604
4.28447414,14.43441147,-6.30315501
-2.87196040,32.96099769,-5.17570758
-2.26183432,33.08241296,-5.16498071
-1.63138572,33.10097410,-5.08761183
-3.48612557,32.84678585,-5.19768644
-0.98377097,33.12475554,-5.01686144
-4.11769627,32.74271457,-5.23156400
-0.30651810,33.14866611,-4.95139307
-4.78005398,32.64955490,-5.27726634
0.41297955,33.17436656,-4.88906504
-5.41178555,32.24327453,-5.22283096
1.11295097,32.93355294,-4.69537293
-6.10217228,31.83119009,-5.16566711
1.84717076,32.67228098,-4.50126196
-6.84767939,31.41822657,-5.10513531
2.62045270,32.38842622,-4.30301392
-7.64810751,31.00492205,-5.05300329
3.44169602,32.08754672,-4.11278585
-8.29297559,30.57637848,-4.95298552
4.08612361,31.72572809,-3.91108717
-9.00696339,30.16463409,-4.89254409
4.78010230,31.35343216,-3.76582597
-9.83608644,29.79752685,-4.90401597
5.55862701,30.99040456,-3.70204732
-10.83379124,29.51551597,-5.02204170
6.45505136,30.65784222,-3.74080255
-11.33093778,28.82407944,-5.12984254
6.84417945,29.90474621,-3.76374287
-11.94246891,28.26519175,-5.26627502
7.34433879,29.21324046,-3.85525725
-12.60854540,27.79293754,-5.35916394
7.91173179,28.54803750,-3.95601604
-13.29054694,27.36455961,-5.39171063
8.51431554,27.89028111,-4.00727373
-13.94512350,26.78066140,-5.48108096
9.11983525,26.99277656,-4.03087500
-14.55288265,26.19896950,-5.60163043
9.71615743,26.06994470,-3.90788217
-15.14009694,25.62072363,-5.85167356
10.27716838,25.17517570,-3.89970786
-15.76942125,25.04917705,-6.29120943
10.88947247,24.39443941,-4.17626817
-15.40117509,24.29156610,-6.39980556
10.74812261,23.62797579,-4.29562604
-15.13763721,23.53080514,-6.55997709
10.63913046,22.88552170,-4.39801421
-14.97290028,22.73159115,-6.72094214
10.51787172,22.08382173,-4.42220272
-14.85608067,21.85693046,-6.92135476
10.32380180,21.17359802,-4.59268918
-14.04997253,21.26307881,-6.79592202
9.65551866,20.51830844,-4.73520901
-13.19314227,20.69586351,-6.80160804
9.04528420,19.81812077,-5.03520776
-12.28962955,20.16053783,-6.94328756
8.49581880,19.08375748,-5.37214102
-11.39443109,19.61518385,-7.17103690
8.02445639,18.34144159,-5.66223702
-10.21361820,18.87433037,-7.35344090
7.33899039,17.53765563,-5.86948416
-1.92428991,13.92076123,-7.72286276
-1.08700219,13.78922546,-7.61914608
-9.35851855,17.97624455,-7.50476289
-0.24268080,13.76469936,-7.53844898
6.72450703,16.82302855,-6.07121669
-2.76027422,14.08174771,-7.82024058
-8.70416212,17.05042579,-7.65182586
0.63327838,13.79127309,-7.46182372
6.13455128,16.15699015,-6.31405951
-3.61892835,14.26208631,-7.91277928
-8.02656658,16.22125032,-7.82009690
1.55505529,13.86343501,-7.38715042
5.54512538,15.51906844,-6.58948179
-4.53174371,14.45346019,-8.00832608
-7.14074646,15.69088105,-7.85573398
2.51963377,13.97192348,-7.31537832
4.78220459,15.10743772,-6.77133512
-5.35735269,14.84529541,-7.95355797
-6.23592454,15.24477908,-7.90105889
3.26396357,14.34226558,-7.13979059
4.01976889,14.71839799,-6.95815351
-2.87321072,32.67985563,-6.12364345
-2.28574653,32.80671931,-6.16078466
-1.67183083,32.83211144,-6.10379443
-3.45965375,32.56239270,-6.11048025
-1.03884507,32.86481391,-6.06094326
-4.06219812,32.45511831,-6.12411258
-0.37210706,32.89865868,-6.03042251
-4.69806937,32.35994151,-6.16768814
0.34365028,32.93758296,-6.01058235
-5.27737009,31.95968571,-6.09970717
1.02074802,32.71456482,-5.80286391
-5.93530503,31.55491292,-6.05876880
1.73981644,32.49730219,-5.59462538
-6.67477293,31.15509668,-6.04441972
2.51057201,32.26685600,-5.39612613
-7.49851540,30.76672361,-6.06578593
3.34545310,32.00792607,-5.22503623
-8.18226824,30.36534435,-5.98884013
4.00417688,31.68081043,-4.98368656
-8.93113724,29.97998346,-5.96291419
4.71856795,31.32603870,-4.81439523
-9.78530570,29.64556535,-6.00668159
5.51463528,30.96493609,-4.75072188
-10.79545629,29.40780513,-6.14023404
6.42927313,30.63306601,-4.82342750
-11.26732150,28.69939924,-6.15615511
6.78360933,29.85297309,-4.79802290
-11.85242115,28.13424640,-6.22756411
7.24386627,29.12904608,-4.85737348
-12.50055525,27.67367260,-6.26512733
7.77710472,28.44411271,-4.91939317
-13.17316216,27.27264309,-6.24870282
8.35009994,27.77422406,-4.91647091
-13.83073332,26.74367779,-6.35552787
8.93193785,26.88302323,-4.95855340
-14.45835616,26.22650325,-6.48273277
9.51987439,25.98122090,-4.84785244
-15.07317867,25.71295862,-6.74508746
10.13419877,25.13565543,-4.83110251
-15.72314823,25.18365925,-7.19285052
10.80305718,24.39506576,-5.12368962
-15.34092630,24.45755081,-7.27159558
10.65380897,23.63213136,-5.20196500
-15.03765012,23.72932890,-7.44609805
10.52874974,22.91871730,-5.33414354
-14.81971108,22.97534716,-7.63763479
10.38952285,22.17130353,-5.41529347
-14.66726334,22.15854775,-7.84139354
10.23003619,21.31220215,-5.61587820
-13.87350897,21.61314980,-7.68257865
9.56118749,20.68776105,-5.69029353
-13.04080528,21.05386497,-7.63842575
8.94262508,19.99410912,-5.96144893
-12.13916717,20.49744968,-7.74380858
8.37623633,19.23958597,-6.29740751
-11.21289271,19.91459779,-7.97752767
7.87025946,18.44853111,-6.57838639
-9.95170995,19.11410977,-8.16086144
7.13066934,17.56432407,-6.75769577
-1.89788240,14.13176216,-8.26895627
-1.10004398,14.02500018,-8.17145748
-9.04758351,18.14275640,-8.28223092
-0.29115268,14.00475834,-8.10376347
6.49111871,16.81646887,-6.90547856
-2.69592273,14.26689733,-8.35927683
-8.40259406,17.15245465,-8.37217450
0.54929179,14.02198315,-8.03395165
5.88665923,16.16545282,-7.06280909
-3.51880625,14.42344263,-8.44732053
-7.75649584,16.30824989,-8.47949281
1.43594449,14.07248787,-7.95837932
5.29516782,15.55960089,-7.25542761
-4.39711074,14.59577184,-8.54794622
-6.91025733,15.77684089,-8.45797241
2.36658431,14.15058038,-7.88242563
4.54331364,15.17558510,-7.38252698
-5.19278337,14.96245848,-8.49867435
-6.04033036,15.34293798,-8.46638710
3.07779877,14.47796539,-7.70879704
3.80368119,14.81719277,-7.53986404
-1.25322282,30.94483710,2.23678205
-0.47759108,30.97241400,2.31853804
0.25786569,30.90995401,2.31360210
-2.07994436,30.97728710,2.17408798
0.96090858,30.89595747,2.32882171
-2.97730686,31.06927601,2.13588810
1.65153913,30.92455001,2.36653209
-3.97014048,31.21904849,2.12755203
2.34919501,30.99603182,2.42930541
-4.91222924,31.07340758,1.94619407
2.99127993,30.78347444,2.36542510
-5.95668400,30.95757607,1.77663998
3.65184342,30.61129309,2.33573939
-7.11564701,30.85192274,1.63558656
4.35125493,30.47614149,2.34221505
-8.39373442,30.75756456,1.56340274
5.11504152,30.37678409,2.39038489
-9.34428406,30.55386308,1.34831513
5.70973043,30.21742574,2.35169399
-10.35001058,30.38806259,1.24207908
6.37300865,30.08964495,2.34417302
-11.41220449,30.28631858,1.29341336
7.12672261,29.99494066,2.36752793
-12.52580534,30.26236244,1.50436844
7.99982608,29.93405374,2.42110256
-12.71328950,29.76221918,1.27078467
8.18638532,29.49302374,2.22471338
-12.91712996,29.31064618,1.08686712
8.39100355,29.10222310,2.02388739
-13.14008019,28.86945333,0.89664713
8.61575260,28.74148589,1.79731515
-13.39310395,28.40626287,0.65596729
8.87059688,28.39570760,1.55739681
-13.61553605,27.77364193,0.57351245
9.07981141,27.93274212,1.54227525
-13.91747197,26.99748096,0.31473007
9.30411163,27.39389154,1.50668237
-14.33533461,26.07766199,-0.05266959
9.55506344,26.70172444,1.42718203
-14.91302020,25.03878736,-0.26521016
9.93431895,25.80035175,1.35370739
-14.30455271,24.18123244,-0.30894979
9.39332695,24.76327746,1.15277420
-13.84919383,23.21936465,-0.15384474
9.15513385,23.60027845,1.05973121
-13.50744080,22.05189018,-0.08115709
9.04448998,22.47107132,0.93835132
-13.34898997,20.61256728,0.00563632
9.08832980,21.34291145,1.04616033
-12.53162037,19.96935688,0.06801652
8.33531073,20.88753678,0.93283059
-11.95952552,19.25902138,0.06220755
7.71990029,20.43178264,0.87320014
-11.59596099,18.52014406,-0.02284807
7.22713236,19.95593341,0.86397495
-11.37923679,17.79304526,-0.17808263
6.84798913,19.43935951,0.88029382
-0.91582462,13.15807541,-1.98328643
-2.00060104,13.06046687,-2.12711377
-10.81543159,17.12397138,-0.40562894
0.16231537,13.23884786,-1.57521349
6.24157610,18.94603287,0.72068176
-3.12660396,12.93179987,-2.15178459
-10.33839304,16.41798304,-0.65747389
1.20302687,13.37603680,-1.16863741
5.78297045,18.35929257,0.51584438
-4.31551536,12.74507951,-2.05742767
-9.89196898,15.62637406,-0.89148337
2.19065161,13.58294294,-0.81800244
5.42670873,17.66389755,0.23789397
-5.58806086,12.52543305,-1.85954008
-9.41587489,14.67510243,-1.06574428
3.12740592,13.83658067,-0.52389933
5.13265660,16.83393701,-0.07184870
-6.58434930,13.05166816,-1.70535117
-8.50503526,14.15319028,-1.28316920
3.65164794,14.72278776,-0.46993395
4.61230180,16.28234584,-0.37392959
-7.55887616,13.60119224,-1.50167704
4.12528772,15.57907001,-0.50789856
-2.90334164,32.55649844,-7.07274215
-2.30440733,32.71242486,-7.13560708
-1.68090301,32.74211088,-7.10691564
-3.49223910,32.42554194,-7.03400502
-1.03561231,32.78670405,-7.09065186
-4.09266864,32.31653517,-7.02731743
-0.35307750,32.84160505,-7.08624476
-4.72656044,32.22879134,-7.05709290
0.38170094,32.90717118,-7.08582576
-5.27770876,31.82367724,-7.02363659
1.04531649,32.63227876,-6.94453772
-5.89822476,31.43241567,-7.03659004
1.75755451,32.38349706,-6.80265085
-6.61203160,31.05590731,-7.10035556
2.53225763,32.14972320,-6.67115185
-7.43462160,30.70272173,-7.22273970
3.38596515,31.91707188,-6.57165974
-8.12865502,30.32576994,-7.20140373
4.05610477,31.62736428,-6.34694174
-8.90913985,29.97479124,-7.21606711
4.79520741,31.31990376,-6.18174415
-9.79402492,29.67384277,-7.27394678
5.62076186,31.00065961,-6.10925558
-10.81965288,29.46146800,-7.36972041
6.55696662,30.70212591,-6.14186427
-11.27416135,28.73343312,-7.29796860
6.90100164,29.92511991,-6.05271442
-11.82407107,28.13019498,-7.27612488
7.33670677,29.18124863,-6.03623733
-12.44466602,27.64495583,-7.23155739
7.84137289,28.47767355,-6.02141511
-13.10275211,27.24238919,-7.14220764
8.38600536,27.79882878,-5.93812457
-13.76103242,26.74570837,-7.26007901
8.97803510,26.93678515,-5.98544490
-14.40515623,26.27235745,-7.39521646
9.56703754,26.06438946,-5.89928296
-15.04725598,25.79603045,-7.64076750
10.18941856,25.23279226,-5.88421168
-15.72310887,25.28596895,-8.03239302
10.89184874,24.48867376,-6.12253854
-15.33592464,24.58720888,-8.10466208
10.73368865,23.68989907,-6.16624252
-15.00933057,23.86939367,-8.29023203
10.61480132,22.95283329,-6.29821196
-14.75329666,23.11641017,-8.52948804
10.48837886,22.20805159,-6.42950578
-14.56810244,22.30936718,-8.78538457
10.37512560,21.37781768,-6.71571026
-13.77379131,21.79190061,-8.68250698
9.72605516,20.78164583,-6.84073823
-12.97969867,21.24494422,-8.65878855
9.12514951,20.09472092,-7.10481718
-12.13070722,20.66745512,-8.77530051
8.54395412,19.32571517,-7.38670176
-11.23681984,20.04167623,-9.00805168
7.98836719,18.50681635,-7.58809417
-1.07172363,14.09525826,-8.67924984
-1.84700030,14.19055404,-8.78083487
-9.93038681,19.20034703,-9.13293949
-0.28312567,14.06968892,-8.62564582
7.17280775,17.55989269,-7.74593408
-2.62587208,14.31243549,-8.87705988
-8.91983376,18.21939927,-9.15035055
0.53552385,14.07729357,-8.56988044
6.47205042,16.73131276,-7.89504265
-3.43232097,14.45782689,-8.98010545
-8.22475492,17.19906354,-9.16751349
1.39878897,14.11375537,-8.50434396
5.83090854,16.04847564,-7.99767583
-4.29603937,14.61905487,-9.10804837
-7.58234822,16.32144071,-9.21185135
2.30693025,14.17430579,-8.43889709
5.21588596,15.45839935,-8.08678462
-5.07635267,14.96951327,-9.09217014
-6.75592462,15.77504644,-9.13287034
3.00113157,14.46856592,-8.30358763
4.45379683,15.09919381,-8.11500853
-5.90581430,15.34156592,-9.09546704
3.71598145,14.77337008,-8.19162189
