-1.53155362,15.04166135,2.15551208
-1.86949366,15.06285909,2.18119570
-1.55793183,14.84497689,2.27373777
-1.90997565,14.86802169,2.30186507
-2.23203261,15.09324340,2.20606760
-2.28721883,14.90155850,2.32945294
-2.64007159,15.12922791,2.23086220
-2.71086293,14.94150682,2.35754978
-3.12311318,15.16834502,2.25728161
-3.21080995,14.98579132,2.38744655
-3.00274234,30.01670652,2.13505859
-1.92708803,29.71097558,2.16863046
-3.05475165,30.09209725,2.40159126
-1.98078277,29.80858220,2.42543783
-1.02716690,29.47831190,2.15773705
-1.07273124,29.59244153,2.39453865
-0.28151289,29.31384141,2.12460307
-0.31284692,29.43849521,2.34152247
0.35194241,29.21815497,2.08989047
0.33653036,29.34963343,2.29239969
-3.56414836,15.40918240,2.27762484
-3.66475335,15.22873095,2.41313096
-4.13888399,15.63972541,2.29825937
-4.25299875,15.46059537,2.44011981
-4.91862253,15.86450457,2.32069103
-5.04404906,15.68612086,2.47022134
-5.93506053,16.07617691,2.34270768
-6.06190069,15.89706278,2.50115136
-6.85064863,30.13509826,2.00448838
-5.95303290,30.16170376,1.99465362
-6.90519146,30.13736246,2.22830158
-6.00220601,30.17814242,2.23810976
-5.01127413,30.09921630,2.02289156
-5.05956995,30.13393725,2.28100166
-4.00415773,30.03495565,2.07886741
-4.05406780,30.08985483,2.34609354
-6.85974212,16.71929127,2.38915742
-6.97580638,16.53747676,2.56337289
-7.78787849,17.24884345,2.40715670
-7.89356028,17.06334684,2.59286026
-8.61545999,17.63181344,2.39079536
-8.72284627,17.44277266,2.57946432
-9.39869915,17.86505712,2.34824866
-9.51817599,17.67139892,2.53078490
-9.84403678,18.14658170,2.30449799
-9.97000637,17.95633330,2.48225851
-10.32076777,18.34522374,2.25717654
-10.45402517,18.16072379,2.42691699
-10.85369447,18.45541246,2.20785366
-10.99493730,18.28193143,2.36797135
-11.49011716,18.48615126,2.15658553
-11.64054515,18.33128578,2.30683094
-10.17895258,28.89224843,2.01635443
-9.10804128,29.24920791,2.00639567
-10.25455382,28.86625132,2.14795861
-9.17759405,29.22975040,2.17158973
-8.24909340,29.60851264,1.97236528
-8.31329250,29.59443119,2.16777070
-7.51649259,29.91190260,1.96951062
-7.57671977,29.90517024,2.18318554
-11.48339417,19.43336542,2.13255919
-11.63992328,19.28521383,2.28346556
-11.64178432,20.25344299,2.11820022
-11.80610863,20.11913170,2.26583256
-12.02239155,20.99773292,2.11554696
-12.20460591,20.88279789,2.25648179
-12.72256748,21.74133368,2.09221368
-12.92976986,21.64764973,2.22510520
-12.02865131,22.87463364,2.07139651
-12.20535313,22.79044169,2.20385295
-11.54582022,23.91134512,2.04159433
-11.69782374,23.83837733,2.17507409
-11.20845902,24.89008421,1.99256757
-11.34006361,24.82912881,2.12665198
-10.97606896,25.84416447,1.92484712
-11.09147352,25.79690870,2.05879449
-10.73913754,26.56911815,1.96291507
-10.84183956,26.52962970,2.09513371
-10.53518876,27.31615499,1.98940998
-10.62728856,27.28263793,2.12012989
-10.35112707,28.09161884,2.00653253
-10.43402536,28.06239644,2.13688570
-1.51616406,15.23880464,2.02985847
-1.84190167,15.25957220,2.05397068
-2.19163775,15.28822080,2.07699290
-2.58577311,15.32156031,2.09945972
-3.05311001,15.35771916,2.12285894
-2.94972397,29.94250521,1.86260174
-1.88428192,29.61482564,1.90437833
-1.00038506,29.36576566,1.90947545
-0.27285247,29.19075949,1.89041687
0.34239096,29.08851959,1.86350257
-3.48263525,15.59873290,2.13671525
-4.04445986,15.82973891,2.15015943
-4.81028386,16.05493729,2.16310169
-5.81750288,16.26627373,2.17273759
-6.78096171,30.12218988,1.75199479
-5.88492838,30.13767549,1.73076722
-4.94505939,30.06116006,1.75246815
-3.94353649,29.97991961,1.80435695
-6.74425199,16.90998425,2.19796795
-7.67606385,17.43993167,2.19995315
-8.50204073,17.82444424,2.18056234
-9.27699378,18.06176058,2.14705245
-9.71834233,18.34062092,2.11046092
-10.19088840,18.53455048,2.07303740
-10.71853179,18.63514669,2.03470824
-11.34797098,18.64819062,1.99438867
-10.10882676,28.91264089,1.86874566
-9.03964531,29.25922926,1.81307535
-8.17803907,29.60860841,1.74103007
-7.44381279,29.90478071,1.72161228
-11.33874639,19.58938494,1.96937959
-11.49254211,20.39603168,1.95878505
-11.85825990,21.12105290,1.96322272
-12.53385058,21.84243702,1.94975086
-11.87123450,22.96693714,1.92905431
-11.41260218,23.99163528,1.89854266
-11.09403902,24.95564911,1.84836725
-10.87554598,25.89249230,1.77885334
-10.64891668,26.60827227,1.81838144
-10.45326861,27.34771798,1.84540826
-10.27600462,28.11706566,1.86173469
-1.22549213,14.75848327,2.24888799
-1.21261823,14.95262131,2.13349062
-0.87874810,14.69663591,2.22099134
-0.87997777,14.88631835,2.10795763
-0.50060226,14.66716603,2.19162811
-0.51663476,14.85078361,2.08048654
-0.07005824,14.67441877,2.16314314
-0.10169268,14.85006043,2.05333076
2.25727898,29.06450027,2.06892865
1.84242049,29.03282737,2.10710433
2.20131768,28.92748842,1.84901130
1.80074553,28.89438444,1.89613673
1.39794546,29.07176020,2.15539129
1.37335960,28.93345271,1.95154958
0.90375018,29.17744385,2.21623158
0.89855881,29.04140680,2.01597800
0.35995750,14.92742303,2.15078264
0.31372619,15.09572583,2.03898727
0.85137130,15.18825151,2.13966642
0.78964327,15.34941350,2.02578389
1.43448139,15.44452600,2.13108079
1.35565545,15.60016205,2.01587503
2.15279362,15.66807405,2.12152106
2.05406523,15.82294043,2.00790078
3.60157708,28.77982287,2.07390787
3.23782904,28.73237684,2.04014798
3.51573239,28.65610445,1.84299067
3.15549517,28.60432605,1.80221636
2.90584327,28.76750099,2.03027010
2.82920811,28.63586514,1.79321461
2.58542444,28.87883409,2.04126086
2.51747866,28.74433029,1.81117555
2.83367346,16.36886788,2.19383606
2.71975255,16.52024137,2.07535812
3.61878248,16.98869894,2.24794672
3.49076505,17.13582922,2.12722857
4.52733406,17.53270098,2.27508615
4.38721577,17.67284187,2.15498264
5.57055062,18.01739506,2.26045429
5.42062896,18.14627783,2.14265052
6.21816213,18.56445301,2.24822877
6.06944760,18.67834610,2.12591041
6.92102606,19.10845720,2.20183976
6.77461914,19.20845673,2.07468856
7.69354406,19.66899014,2.12003629
7.55204584,19.75678149,1.98732301
8.56410849,20.25994584,2.00769819
8.43361855,20.33833437,1.86968181
4.94958722,29.02669683,2.06596964
4.51690808,28.85783741,2.05361959
4.84632653,28.93837739,1.84515368
4.41716362,28.75841727,1.82231744
4.16191852,28.76770770,2.04739276
4.06588234,28.65918452,1.81076762
3.86210949,28.74431890,2.05327900
3.77047350,28.62759446,1.81661673
8.39959073,21.55976670,2.00679884
8.26283026,21.64278872,1.84948213
8.35703199,22.78955374,1.96811469
8.21759228,22.86731766,1.79728951
8.41187066,23.94427392,1.93190827
8.26863392,24.00430001,1.75931465
8.54446595,25.03893055,1.92466870
8.39552151,25.07525428,1.75731955
7.55265649,25.89674914,1.92191909
7.40022074,25.89846482,1.74922150
6.71624136,26.50433818,1.92537149
6.56461628,26.47031833,1.74605327
6.05635450,26.98457486,1.91171565
5.91125886,26.92228993,1.71344309
5.57702893,27.42834957,1.85852227
5.43788045,27.34487730,1.62965760
5.30841002,27.77082687,1.93270531
5.17926192,27.68295283,1.70363972
5.12871588,28.14869729,1.99044770
5.00896498,28.05835607,1.76324181
5.01514352,28.56549591,2.03364657
4.90388847,28.47490729,1.80915989
-1.20873269,15.14611464,2.01049137
-0.88819583,15.07445628,1.98734324
-0.53755535,15.03165309,1.96158838
-0.13621506,15.02235223,1.93567631
2.11822506,28.80342367,1.58409770
1.73123154,28.76568639,1.64523369
1.32082595,28.80219910,1.71352354
0.86621164,28.90962119,1.78679662
0.26610938,15.26064832,1.91775241
0.72813203,15.50686669,1.90096930
1.27894798,15.75166847,1.88864895
1.95965637,15.97246413,1.88158750
3.41047595,28.54219202,1.55434352
3.05174390,28.48934713,1.51019320
2.72925023,28.51876754,1.50553840
2.42420632,28.62401336,1.53297259
2.61075546,16.66701870,1.94137139
3.36777422,17.28012872,1.98916684
4.25172489,17.81244204,2.01699125
5.27493352,18.27703467,2.00771243
5.92426040,18.79690048,1.98570644
6.63194004,19.31581035,1.92930073
7.41477425,19.85414179,1.83713284
8.30814891,20.42347038,1.71834123
4.73304772,28.85604188,1.57079768
4.30500475,28.66753389,1.53502453
3.95473408,28.56046828,1.51662413
3.66152559,28.52157487,1.52231563
8.13189331,21.73151839,1.67675986
8.08347339,22.94462280,1.61287974
8.13001592,24.05859400,1.57453501
8.25029487,25.10305680,1.57843522
7.25110963,25.88837222,1.56055089
6.41562962,26.42532369,1.54174547
5.76731671,26.85214101,1.48031665
5.29998849,27.26190430,1.36387762
5.04758186,27.59683095,1.43012679
4.88349086,27.97086230,1.48586579
4.78431452,28.38861147,1.53166908
-2.72923359,17.40080669,-8.45997228
-3.22107847,17.48746458,-8.43187014
-2.71485040,17.57490211,-8.32003919
-3.19899226,17.66912256,-8.29396960
-3.70951332,17.54699796,-8.41004752
-3.67952567,17.73383798,-8.27313372
-4.20412754,17.58257471,-8.40148069
-4.16653810,17.76669149,-8.26570362
-4.71093016,17.59310731,-8.40025708
-4.66644041,17.76792115,-8.26459234
-2.21682312,17.55306297,-8.33726391
-2.22359916,17.38667867,-8.48193302
-1.69919218,17.51077830,-8.35666976
-1.69745769,17.35306308,-8.50829215
-1.14946150,17.46329696,-8.37582747
-1.13841516,17.32123431,-8.53533504
-0.55373774,17.41800157,-8.39045555
-0.53287594,17.29694675,-8.56024991
-0.37513352,31.57235182,-8.85433999
-1.01708601,31.36598543,-8.81858767
-0.35683887,31.46182908,-8.65387125
-0.98880401,31.25043890,-8.60980648
-1.71210204,31.25098366,-8.80756053
-1.67392744,31.13243121,-8.59390607
-2.48929266,31.20136807,-8.81380722
-2.44361777,31.09300998,-8.60043541
-3.38791434,31.24859532,-8.86609196
-3.33543542,31.15418620,-8.65547580
0.19080043,31.34478477,-8.61269681
0.18361794,31.46063528,-8.82115142
0.70884823,31.30493264,-8.57783844
0.71267756,31.42273933,-8.79401484
1.21703766,31.33466414,-8.57082499
1.23036702,31.44516839,-8.78694780
1.74100152,31.44966923,-8.61321985
1.76551900,31.55569207,-8.82153879
-5.15067019,17.85870496,-8.37698272
-5.10028933,18.02252942,-8.23539866
-5.60049537,18.09141800,-8.36309945
-5.54652119,18.23842554,-8.21698891
-6.06950308,18.29191383,-8.36033424
-6.01333499,18.42039711,-8.21006690
-6.58089909,18.44036422,-8.36474439
-6.51983759,18.55852943,-8.21007232
0.01310940,17.66195873,-8.35782607
0.04099538,17.56130326,-8.54360096
0.62456625,17.90309518,-8.33147572
0.65817613,17.82464253,-8.53306743
1.29326035,18.14056852,-8.32937241
1.33099139,18.08445291,-8.54498562
2.04408919,18.36150999,-8.34973269
2.08853786,18.31797513,-8.57697725
-4.32258456,30.92636642,-8.81787980
-4.26181146,30.84403149,-8.60358014
-5.36692192,30.63343183,-8.79149727
-5.29544499,30.57244739,-8.57988818
-6.53937175,30.33555141,-8.75701528
-6.45818410,30.29663563,-8.55261278
-7.89850841,30.00240809,-8.73094937
-7.79391109,29.97697115,-8.53296881
2.17319984,31.23393430,-8.54443826
2.20993588,31.33195646,-8.76478836
2.64276175,31.09610790,-8.51789039
2.69380636,31.18422353,-8.74373099
3.17877702,31.04171902,-8.52693576
3.24401888,31.12066791,-8.75087875
3.81637459,31.07260496,-8.59045899
3.90280280,31.15192454,-8.80547596
-7.10871394,18.70314882,-8.35795435
-7.03666529,18.82367370,-8.19490886
-7.69430136,18.94079247,-8.36887738
-7.60795648,19.06656422,-8.20340944
-8.37746034,19.14688244,-8.39815244
-8.27690643,19.27274203,-8.23856549
-9.17010901,19.32604430,-8.43398371
-9.05734246,19.44804673,-8.28260612
2.84140898,18.74286397,-8.36567493
2.90027171,18.69875424,-8.60208814
3.71007269,19.14887184,-8.41048255
3.78772618,19.10207712,-8.64081476
4.67972858,19.59347701,-8.45046946
4.77744045,19.55089975,-8.65364629
5.75009899,20.12914489,-8.43542577
5.86666639,20.09502049,-8.60962938
-11.13826207,28.29564357,-8.87804362
-10.20482225,28.71943595,-8.77676398
-11.07595411,28.25087532,-8.68686102
-10.12523527,28.67612856,-8.57188024
-9.38461278,29.14196142,-8.72104192
-9.28883172,29.10332668,-8.51232164
-8.62223793,29.56867312,-8.70809594
-8.51675045,29.54066052,-8.50366380
5.48369831,30.57302359,-8.73052018
4.95909057,30.65226306,-8.66131948
5.57012995,30.64590054,-8.94771489
5.05102453,30.72751010,-8.88005117
4.52452057,30.76383436,-8.61700099
4.62095720,30.84394821,-8.83751876
4.14758108,30.90372325,-8.59283703
4.24261633,30.98305536,-8.81244190
-9.56948532,19.59464986,-8.45231240
-9.45511567,19.70981356,-8.30290251
-10.04074067,19.81439474,-8.48392336
-9.92906871,19.91962974,-8.33592884
-10.54907287,19.99653933,-8.53097807
-10.44269764,20.08814625,-8.38433245
-11.18177699,20.10805977,-8.59448168
-11.07330372,20.18717851,-8.44709497
6.26677366,20.66085972,-8.42355530
6.38713582,20.63490054,-8.59440793
6.84935141,21.20853644,-8.41378817
6.96781366,21.18967594,-8.58477889
7.44775325,21.77141359,-8.41988910
7.56132081,21.75908709,-8.59441235
8.13917494,22.36984381,-8.43922687
8.25615116,22.36270979,-8.61944479
-11.23786842,20.72844078,-8.60668074
-11.10831854,20.81696279,-8.44343788
-11.39212713,21.26283988,-8.63819670
-11.25040275,21.35286646,-8.45896093
-11.55126430,21.77795868,-8.68425573
-11.40865933,21.85982667,-8.49226095
-11.79210735,22.26095066,-8.72622750
-11.64951453,22.32856976,-8.52615999
8.02666019,23.24938296,-8.50335570
8.16706448,23.24699996,-8.70193155
7.98038116,24.07308011,-8.59022413
8.13061261,24.07535837,-8.80657691
7.88562374,24.84220843,-8.69073038
8.03407385,24.85335465,-8.91935697
7.81423190,25.58426273,-8.76848127
7.95969322,25.60727065,-9.00453961
-11.67954352,22.92970042,-8.70888375
-11.54047151,22.97817810,-8.49505471
-11.61088225,23.61918196,-8.69010167
-11.47973042,23.63791155,-8.46281595
-11.61788285,24.26038839,-8.69582085
-11.49264270,24.25486221,-8.46068096
-11.64426570,25.01427618,-8.71421727
-11.52782622,24.96215831,-8.47820368
7.35520661,26.24997612,-8.75865638
7.49239481,26.28825083,-9.01242127
6.93080410,26.91665255,-8.69838760
7.05760724,26.96963864,-8.96205028
6.61433077,27.53386230,-8.65661517
6.74113077,27.59278930,-8.91829060
6.33536970,28.18682250,-8.62316744
6.45125228,28.26816616,-8.87368432
-11.45538253,25.77648442,-8.71033839
-11.34894651,25.70671059,-8.47190354
-11.30483962,26.56755195,-8.74577482
-11.21018992,26.50070595,-8.51631540
-11.20114737,27.39331642,-8.81314939
-11.12257172,27.33493742,-8.60137901
5.97448713,28.74484806,-8.57483505
6.09035837,28.82573371,-8.81794188
5.71948566,29.31656738,-8.57951090
5.83284960,29.39064272,-8.81779103
5.56466667,29.91256022,-8.63820532
5.66642080,29.98555846,-8.87008155
1.72798724,31.37617838,-8.40730308
2.14766822,31.16685819,-8.32726073
2.60482237,31.04232721,-8.29578409
3.12484926,30.99559192,-8.31250005
3.73954272,31.02633094,-8.37335607
-0.57482537,17.57467745,-8.20413668
-0.01950272,17.79773909,-8.15532408
0.58292928,18.01438451,-8.11251829
1.24578628,18.22791910,-8.08596371
1.98279007,18.44237193,-8.08991863
5.40848713,30.52819227,-8.52694471
4.87917265,30.60691655,-8.45334061
4.43579807,30.71854284,-8.40603610
4.06065567,30.85866988,-8.37997358
5.61911195,20.18071347,-8.24857404
6.14108621,20.69463351,-8.23625659
6.70357500,21.23157287,-8.23361711
7.31018153,21.79149164,-8.24274971
7.96271494,22.37037632,-8.26957628
7.86796040,23.25381011,-8.30774733
7.78984688,24.07323700,-8.37207909
7.72395055,24.84374716,-8.44716282
7.67105780,25.57771371,-8.52423128
-10.91682112,20.28988132,-8.30598488
-10.96385604,20.91621550,-8.28917811
-11.07366750,21.46585799,-8.28701007
-11.25165647,21.95562091,-8.29900903
-11.50162115,22.40418178,-8.32653662
7.21979830,26.23995448,-8.49202430
6.82549948,26.87858201,-8.43387582
6.49902687,27.50248379,-8.39264620
6.25090630,28.12053944,-8.38529148
-11.39761570,23.03965722,-8.27076549
-11.35769235,23.64741016,-8.22646679
-11.37453067,24.25288564,-8.20721623
-11.44000280,24.88794016,-8.23151121
5.88754349,28.68862141,-8.34995672
5.63555762,29.27014468,-8.36491648
5.48153987,29.87732217,-8.42452277
-11.27822237,25.62848340,-8.22566101
-11.15484848,26.42006580,-8.28135255
-11.06870419,27.27876991,-8.38368748
-11.02623695,28.20589268,-8.50169472
-0.33364065,31.37638089,-8.45597285
0.20477940,31.25157487,-8.40216245
0.71273169,31.21326809,-8.37024950
1.21352987,31.25508966,-8.36907860
-2.69819868,17.78578886,-8.15989938
-2.20817870,17.75634048,-8.17229061
-1.69935827,17.70668651,-8.18476839
-1.15994053,17.64336592,-8.19533879
-3.17433739,17.88657016,-8.13594283
-3.64716691,17.95633617,-8.11769178
-4.12558349,17.98874329,-8.10753952
-4.61878306,17.97843797,-8.10809868
-0.95750868,31.15622768,-8.40992848
-1.63543548,31.02806093,-8.39172323
-2.40201507,31.00090614,-8.40538263
-3.28973539,31.07891554,-8.45883693
-4.20661757,30.77873623,-8.40301593
-5.23355261,30.53047285,-8.37855756
-6.38467857,30.27499562,-8.36005311
-7.69951322,29.96732639,-8.33550461
-5.04434216,18.21917264,-8.07212694
-5.48458942,18.41936022,-8.04350709
-5.94802353,18.58448433,-8.02315672
-6.44513891,18.71877553,-8.01477310
2.75709182,18.82375027,-8.09409443
3.61626108,19.22078917,-8.14244648
4.56545629,19.66080550,-8.20808204
-6.94847156,18.98108145,-7.99633434
-7.51216683,19.21812264,-8.00211143
-8.16290635,19.42727070,-8.04409739
-8.93718768,19.58319540,-8.12366612
-9.33985971,19.83064762,-8.14459760
-9.79780576,20.03767695,-8.18214718
-10.32002597,20.19478496,-8.23614778
-10.06385210,28.63286650,-8.36452478
-9.20205921,29.07649821,-8.29813893
-8.41926398,29.52655652,-8.29870861
0.20808004,29.42345901,-0.09173742
-0.24454156,29.49152860,-0.07862406
0.38280044,28.92309359,0.48756187
-0.08608378,29.01274064,0.54134694
-0.62053547,29.14328328,0.57345008
-0.73946822,29.56665802,-0.06231031
-1.23676752,29.37488368,0.59169950
-1.29127933,29.74819709,-0.05720856
0.63730234,29.43248182,-0.10605452
0.81417823,28.91472844,0.43717152
1.02387513,29.39317677,-0.15292280
1.20026581,28.84913866,0.38090219
-1.94083816,29.56701768,0.57015952
-1.90910622,29.91178922,-0.10697824
1.40624172,29.42174887,-0.19638816
1.57493913,28.85552606,0.33324564
-2.75045039,29.87012749,0.50933797
-2.60989295,30.20777999,-0.18430161
1.74730221,29.30109689,-0.23447684
1.90240721,28.73988071,0.29014192
-3.57041872,30.02088959,0.42129503
-3.35216874,30.35793475,-0.26741212
-4.43685507,30.20885497,0.31197177
-4.17621957,30.56458012,-0.36742641
2.10065423,29.24185013,-0.26761383
2.23695678,28.68956443,0.25850639
2.45581032,29.18835187,-0.30345700
2.57159489,28.65189156,0.23423063
-5.29907766,30.27964929,0.19478224
-5.04944481,30.65150752,-0.48304064
-6.20441257,30.19459689,0.08709448
-6.01326288,30.56244660,-0.60174066
2.84814677,29.19909864,-0.32706511
2.93990424,28.68157339,0.22812843
-6.96907828,29.96322726,0.00101268
-6.83020475,30.31188069,-0.70324186
3.17108274,29.23395242,-0.35064044
3.24641152,28.73298385,0.22311811
3.53720236,29.31710751,-0.36396334
3.59509534,28.83808504,0.23295192
-7.85952247,29.62243443,-0.03286899
-7.77997886,29.93041555,-0.78254834
3.86736150,29.24997433,-0.40168755
3.90421789,28.80300460,0.21879258
-8.72945310,29.09021430,-0.00846318
-8.69849225,29.33623882,-0.83415125
-9.74884497,28.63374297,0.18570161
-9.75624324,28.76877276,-0.79626057
4.26380095,29.23568181,-0.42701298
4.27891582,28.82713043,0.22020631
4.41968209,28.79427401,-0.47567954
4.40959439,28.42795462,0.17279836
-10.10687153,27.90737313,0.20968450
-10.14750704,27.98502265,-0.81274154
-10.49403610,27.21857595,0.25811391
-10.56691182,27.23438215,-0.80279113
4.63864274,28.40192003,-0.51138004
4.60345998,28.07843715,0.13344124
4.82203099,27.94572188,-0.56452572
4.77179965,27.65104493,0.11173184
-10.66596114,26.50678619,0.28110703
-10.75413098,26.48187712,-0.84856084
-10.86539824,25.83674850,0.31156349
-10.97247986,25.76914049,-0.87532986
5.09680236,27.53743450,-0.60703865
5.02993652,27.26958656,0.09148472
-11.02751472,25.07393982,0.46006583
-11.15148017,24.94658860,-0.80213071
5.49015797,27.02458740,-0.57286637
5.42047735,26.78312216,0.13505312
-11.25310213,24.31406877,0.58950957
-11.38534181,24.15679925,-0.68923207
6.04680311,26.54186950,-0.53201644
5.98642751,26.31984187,0.17244762
-11.48805480,23.49916780,0.69678359
-11.61364080,23.36967214,-0.55197015
6.71746334,25.99026392,-0.50028207
6.68677889,25.77324523,0.20993214
7.49286352,25.28796063,-0.49312278
7.52782995,25.06805477,0.24925380
-11.84543669,22.57068589,0.75882526
-11.93155987,22.55259577,-0.40137386
7.74608787,24.37181676,-0.56540546
7.80479244,24.14517781,0.21744103
-11.63563861,21.84576650,0.70183729
-11.73635878,21.89738217,-0.39570082
-1.28389157,30.11886006,-0.64046240
-0.75979992,29.97676394,-0.63325227
0.57619856,29.92778277,-0.63077345
0.15489953,29.89726972,-0.63143881
0.96045244,29.89311299,-0.66533028
-1.87181470,30.23820445,-0.69224325
-0.28329656,29.94082218,-0.63473859
1.34560480,29.92296195,-0.69951599
-2.54491903,30.50601501,-0.75778458
8.04989505,23.32268323,-0.62517752
8.18146985,23.10945867,0.24234162
-11.57556496,21.03955096,0.66146881
-11.64969127,21.19908611,-0.36776971
1.69106552,29.80790713,-0.73780353
-3.27541475,30.65551860,-0.82786228
2.05422430,29.75107530,-0.77537229
-4.10220065,30.88309999,-0.90517620
2.42269108,29.68644603,-0.81808541
-4.99376976,30.98547276,-0.99230538
-10.97632926,20.57430706,0.64304049
-10.97992529,20.79000901,-0.34114913
7.63649739,22.23041088,-0.68192703
7.77862363,22.04983331,0.28230438
-5.99082941,30.89902877,-1.08390318
2.83354249,29.68450686,-0.85132540
-10.59083427,19.97786941,0.65228859
-10.49369213,20.28894003,-0.29235619
7.28243980,21.10838365,-0.69920998
7.48137437,20.94928891,0.39002122
3.16729370,29.70396930,-0.88469094
-6.82410326,30.63855853,-1.16443500
-10.01541989,19.87609062,0.64430697
-9.82722305,20.17562443,-0.27057631
6.51229273,20.53832551,-0.72894188
6.69533300,20.40110336,0.42165977
3.54613080,29.76861003,-0.90924493
-7.78739809,30.24255196,-1.23008385
-9.51630235,19.64877252,0.63539739
-9.24895430,19.94861297,-0.24756370
5.81850766,19.98293997,-0.73393166
6.01117111,19.85157278,0.46678239
-8.70700720,29.62712196,-1.28428329
3.88831094,29.67281262,-0.96040846
-8.93127040,19.51277536,0.61627892
-8.60667266,19.79164123,-0.23358815
5.02600689,19.62484953,-0.73062725
5.21505885,19.49342514,0.47758474
-8.38505165,19.27814213,0.60668060
-8.02839613,19.55173306,-0.21553290
4.31866114,19.25631823,-0.69778926
4.51193800,19.10988435,0.49431300
-0.96954152,16.57932700,0.04371309
-0.60277440,16.55859256,0.00036157
-0.79220773,16.01396907,0.87609889
-0.42807678,16.00148441,0.85629157
-0.23419196,16.59126759,-0.05350490
-0.07028384,16.06042882,0.79530614
-2.99916671,16.50978885,1.03881047
-3.40893950,16.63085055,1.01957466
-3.21275901,17.02947428,0.24504472
-3.59675286,17.12679772,0.23980288
-2.60912381,16.42645553,1.01188936
-2.83293226,16.95124171,0.22861177
-7.61845523,18.87338668,0.61346057
-7.25155485,19.14826304,-0.17275415
3.40152975,18.74255179,-0.60779609
3.60552260,18.55797589,0.50893399
-2.27508134,16.34102750,0.98522342
-2.49849527,16.86798183,0.20550480
-1.29660163,16.61077439,0.08242062
-1.11163976,16.04996733,0.89643010
-1.60115373,16.65852206,0.11575230
-1.40707108,16.09435673,0.91623521
-1.97584051,16.24511989,0.95970291
-2.19085021,16.78982164,0.17705975
-1.89809845,16.70787811,0.14426213
-1.69389827,16.14989473,0.93324074
-3.91790967,16.74497969,0.99861863
-4.05632465,17.21784700,0.22016212
0.19709880,16.63163929,-0.11282388
0.35769911,16.13199763,0.74078804
-6.86964045,18.35144622,0.67465622
-6.54454965,18.64894162,-0.10555305
2.62726460,18.16290496,-0.49502575
2.83088199,17.91678070,0.54096080
4.29807228,29.62664906,-0.99970928
-9.75509131,29.02542540,-1.28973503
0.69793057,16.89570111,-0.20100129
0.86049255,16.44653593,0.67715914
-4.52044512,17.05777729,0.95303253
-4.57873314,17.48510935,0.15746151
1.90691628,17.68024902,-0.39412153
2.09383774,17.36463086,0.57455021
-6.04408991,17.88390435,0.77733930
-5.83237185,18.21386090,-0.02106391
1.28788181,17.14752083,-0.30171044
1.46696747,16.74940445,0.62581341
-5.28503563,17.34211597,0.87823574
-5.20729770,17.73162553,0.06618910
4.46898338,29.16136882,-1.06769987
-10.16071124,28.21282800,-1.33459396
-10.60045187,27.42809181,-1.36623416
4.70536983,28.74349408,-1.11999284
4.89386534,28.25060759,-1.17753001
-10.79145186,26.64584842,-1.42424372
-11.01337164,25.90025019,-1.46969599
5.17213130,27.80708555,-1.21616808
-11.22267422,25.05518225,-1.46012719
5.57188120,27.28170938,-1.17814578
-11.48871609,24.23200274,-1.42515535
6.13019806,26.79264303,-1.11876904
6.79421918,26.24662478,-1.06154756
-11.74878738,23.40778904,-1.37095418
-12.09049897,22.55507636,-1.29022761
7.54948933,25.56289385,-1.03496914
-11.91700151,21.87970801,-1.28200263
7.80510912,24.66050553,-1.10441052
8.09894074,23.61646817,-1.18019780
-11.83613287,21.16429783,-1.25465469
-1.27759053,30.48268398,-1.49353292
-0.75520958,30.38412279,-1.47975604
0.96187122,30.44496151,-1.46648145
0.57753695,30.45848762,-1.44452250
-1.86872431,30.56496270,-1.53801269
0.15635454,30.39186785,-1.45570219
-0.27892541,30.39781961,-1.46918352
1.35140683,30.49201780,-1.48988508
-2.55026020,30.82076465,-1.58283553
-11.12617249,20.73079045,-1.22410873
7.72507518,22.50189776,-1.25766603
-3.29950396,30.98326541,-1.62168468
1.70264867,30.39629760,-1.51602864
2.07709387,30.35363672,-1.54484931
-4.14974858,31.23577796,-1.66090122
2.45936019,30.28991122,-1.58725745
-5.06417074,31.33270824,-1.71335445
7.39717847,21.34511364,-1.31435441
-10.58535482,20.22281394,-1.16509884
-6.09549054,31.21421119,-1.76538727
2.89091901,30.28347884,-1.62528207
6.66376339,20.74445790,-1.36465128
-9.84900643,20.11435559,-1.12979895
-6.93601850,30.91941552,-1.81027021
3.23378027,30.28971724,-1.66508306
-9.22007762,19.90424070,-1.08082571
5.98892550,20.16028568,-1.40016857
-7.90057315,30.49595271,-1.83659209
3.62373179,30.33547673,-1.69886326
-8.54485765,19.77443567,-1.02681162
5.20096060,19.78334934,-1.42010266
4.48535923,19.40046640,-1.41610935
-7.95904597,19.56293365,-0.96667696
3.97382032,30.20607712,-1.75517389
-8.79982472,29.85904953,-1.86284744
-7.19308447,19.20125556,-0.87220209
3.52539426,18.88037408,-1.36946924
-6.53432309,18.73867899,-0.77676927
2.70677530,18.31345303,-1.28701563
-1.01876496,16.84868599,-0.59660720
-0.63166342,16.83722362,-0.66250922
-3.03379141,17.13334465,-0.38767515
-3.42999684,17.20191215,-0.38508580
-3.82026741,17.29824627,-0.40552019
-0.24534305,16.87822708,-0.74121062
-1.37084875,16.86142777,-0.54227802
-2.67816629,17.05743229,-0.40308714
0.19879547,16.91800496,-0.83170530
-4.27201074,17.38784173,-0.44372566
1.95381902,17.86019603,-1.18121916
-5.89396227,18.33100933,-0.68151000
-2.34432417,17.00020867,-0.42979036
-1.70101564,16.90095933,-0.49922838
0.71136477,17.15200019,-0.94409574
-4.76291385,17.63903703,-0.50977075
-2.02426788,16.93700879,-0.46570558
1.31135122,17.37168221,-1.06748182
-5.33278584,17.87424559,-0.59603810
4.39229361,30.11906596,-1.80188506
-9.80239059,29.23052620,-1.87991987
-10.20261396,28.39287253,-1.92229205
4.57581804,29.62331903,-1.87827883
-10.63753584,27.58080135,-1.96590665
4.82781711,29.16958825,-1.93846670
5.01591143,28.62611463,-1.99474217
-10.81224155,26.77523005,-2.01994741
-11.01534962,26.00458621,-2.07279541
5.29167003,28.12948707,-2.02807108
-11.21740258,25.17040237,-2.09572764
5.67762546,27.58263921,-1.99346274
6.21023532,27.07336093,-1.92933970
-11.47436391,24.34602156,-2.11333162
6.83562831,26.51809130,-1.85369588
-11.72933458,23.51135794,-2.12473266
7.54066152,25.84912166,-1.80317205
-12.06611273,22.64058523,-2.13097257
-11.94515784,21.92900291,-2.15994539
7.79905940,24.97820470,-1.85860478
-11.90349683,21.16914440,-2.19252120
8.08609439,23.97492656,-1.93697992
-11.24227124,20.65642620,-2.20384748
7.76662568,22.85959420,-2.01234796
7.48944641,21.69429334,-2.08030059
-10.71955113,20.08726378,-2.21181264
6.80933921,21.05053956,-2.13529618
-9.97165905,19.96617469,-2.20426168
6.17712615,20.42855869,-2.18663327
-9.32839226,19.77798757,-2.18029051
5.41528292,20.01735285,-2.22037644
-8.63318204,19.70620375,-2.12044636
4.71631767,19.61312086,-2.23975448
-8.03468045,19.55942727,-2.05432443
3.73933037,19.08206296,-2.24374091
-7.24962731,19.29845309,-1.95533572
2.89619769,18.51686921,-2.21766700
-6.60376536,18.92696934,-1.86115713
-6.00180129,18.59165934,-1.76873477
2.11342825,18.07193251,-2.16868495
-3.25244553,17.37918232,-1.46498680
-3.66693925,17.46190416,-1.47019736
-1.03317364,17.08625880,-1.70335411
-0.61175910,17.07643477,-1.77773632
-4.06230159,17.58653594,-1.49628031
-0.19424122,17.12756920,-1.85488354
-4.50273445,17.70210124,-1.54156117
0.27998436,17.17510799,-1.93697737
-1.42187192,17.09008060,-1.63951145
-2.87052434,17.28801881,-1.47766768
0.81721392,17.39589722,-2.02327487
-4.96283810,17.95960343,-1.60728111
1.44214238,17.61140018,-2.10873427
-5.48341161,18.18923088,-1.69246551
-2.50258632,17.23574618,-1.50171345
-1.78805918,17.13676552,-1.58324974
-2.14642682,17.17500643,-1.53971861
1.02973195,30.83288653,-2.29341378
0.63610586,30.82891093,-2.27663780
-1.90254512,30.77155822,-2.37535143
-1.28540616,30.72101712,-2.33453573
-0.74162902,30.65700131,-2.31858237
0.20222643,30.73405522,-2.28949868
-0.24655116,30.71157664,-2.30426064
-2.61358589,31.00522189,-2.41679637
1.42976102,30.89422518,-2.31267149
-3.39813467,31.15658611,-2.45228595
1.79189486,30.81790344,-2.33376776
2.18043383,30.79081991,-2.35866270
-4.28388383,31.38935202,-2.48838135
2.57629109,30.72660802,-2.39514069
-5.22892981,31.42578245,-2.52472673
-6.30081445,31.22708945,-2.53368802
3.02684460,30.71364287,-2.42961019
-7.14662132,30.87727581,-2.52652210
3.37460378,30.70380710,-2.46789739
-8.10696308,30.41469504,-2.49558035
3.77055512,30.72756876,-2.50134954
-8.97977044,29.75568657,-2.48516768
4.12234275,30.56808034,-2.55678457
-9.93823209,29.10491077,-2.50475037
4.54341625,30.44366549,-2.60327862
4.73562526,29.92021027,-2.66933268
-10.32129221,28.25901292,-2.52303593
-10.73802798,27.44121543,-2.55751099
5.00160716,29.43439109,-2.71798513
5.19128249,28.84975646,-2.76147122
-10.87786339,26.63951235,-2.59216846
5.47071916,28.30869868,-2.78004693
-11.04518002,25.87267595,-2.63943412
-11.21512365,25.08227511,-2.66885192
5.85136254,27.74450355,-2.73741300
6.36196199,27.21325360,-2.66630409
-11.43745248,24.29409033,-2.70799290
-11.65837249,23.49139483,-2.75275749
6.94354761,26.64197571,-2.58572269
-11.95517632,22.64680024,-2.80774347
7.58667620,25.97696446,-2.53226948
-11.87507576,21.93455001,-2.86657158
7.84446326,25.14088111,-2.58096409
-11.86914823,21.16456448,-2.94251822
8.12621222,24.19242919,-2.66899288
-11.30287832,20.59559527,-2.98232418
7.84663442,23.10790984,-2.73868742
7.60326612,21.97357252,-2.81407711
-10.85168538,19.96783981,-3.03669384
-10.15055651,19.80898090,-3.05349686
6.96704068,21.30024562,-2.85684026
6.37292796,20.65226051,-2.90812293
-9.53625325,19.61964038,-3.05335243
5.64389848,20.20958376,-2.95051928
-8.85131930,19.58786159,-3.00939053
-8.25419861,19.50114762,-2.95631558
4.96876907,19.78660610,-2.99310916
-7.44393556,19.35475023,-2.86486998
3.98085317,19.24566061,-3.04363158
-6.78196229,19.09902577,-2.77917211
3.11159889,18.68749216,-3.06884177
-6.17349979,18.86683524,-2.68670400
2.29338815,18.24232569,-3.05821662
1.58585086,17.79168932,-3.03011566
-5.65100745,18.55287366,-2.61301318
-0.58634243,17.18827886,-2.76920657
-0.13703524,17.25454620,-2.83949296
-3.84157637,17.81821699,-2.42902224
-4.24414884,17.98227480,-2.44886570
-1.03995483,17.20587626,-2.69632193
-3.41487421,17.69599016,-2.42894083
0.36897701,17.32535070,-2.91307950
-4.68498887,18.12102916,-2.48968985
0.93376731,17.55562802,-2.97380876
-5.14031499,18.36101074,-2.54056420
-1.46015349,17.22280285,-2.63237698
-3.01554115,17.55807920,-2.44890838
-2.62419442,17.47569814,-2.47834508
-1.85594890,17.30698906,-2.57117466
-2.24202424,17.38252563,-2.52299516
0.71953475,31.09208959,-3.14687923
0.26594076,30.97401488,-3.15002648
-1.30162095,30.85873878,-3.17513687
-0.72693763,30.83234617,-3.16355226
-1.95356858,30.86858769,-3.20992907
1.12716865,31.10716915,-3.16884711
-0.20415079,30.92761080,-3.15546389
-2.70271136,31.06637634,-3.24975006
1.54090640,31.17699883,-3.19384653
-3.53016834,31.18754155,-3.27962739
1.91543728,31.10861391,-3.21307458
-4.46013231,31.37799259,-3.30568207
2.31767278,31.08657348,-3.23574315
2.72442825,31.01578391,-3.27097799
-5.44821589,31.33209046,-3.31672427
-6.57388118,31.02850117,-3.27206010
3.18887776,30.99286937,-3.30273631
-7.42965994,30.61078030,-3.21730894
3.53533242,30.96668782,-3.33791574
-8.39045621,30.09727714,-3.15029084
3.93027826,30.97031788,-3.36758447
4.27383729,30.78128508,-3.40406518
-9.23708741,29.41236406,-3.12404301
4.68847953,30.62365988,-3.42983402
-10.15941821,28.74760378,-3.16360779
-10.52139929,27.89436955,-3.16811788
4.88353766,30.07773616,-3.46244887
-10.91713337,27.07924994,-3.20371196
5.16196562,29.57008957,-3.47566024
5.35397697,28.95624951,-3.47707905
-11.00910322,26.29257417,-3.21597815
-11.12813188,25.54548823,-3.25554447
5.64145557,28.38371351,-3.45743619
6.02546773,27.81070752,-3.39432863
-11.25046683,24.80787848,-3.29109653
6.52545576,27.26209859,-3.31560309
-11.42387032,24.07087958,-3.34723918
7.07525312,26.67407372,-3.24255391
-11.59595361,23.32122868,-3.41644432
7.67071331,26.00896959,-3.20977270
-11.84100893,22.53052998,-3.50358299
7.93101964,25.21304765,-3.27143241
-11.78347105,21.85521475,-3.58715134
8.21421015,24.33037823,-3.38721644
-11.79680619,21.12306608,-3.68785234
7.96503710,23.30070191,-3.46050719
-11.31083327,20.56465949,-3.72978375
-10.92553018,19.94467790,-3.79090354
7.74629369,22.22645406,-3.55270824
-10.27908028,19.77455745,-3.82137838
7.13645297,21.54731715,-3.58541653
-9.70624127,19.58607250,-3.84461800
6.56774197,20.89381056,-3.63775537
5.86210689,20.42540354,-3.67622633
-9.05026517,19.56496963,-3.82830775
5.20709647,19.98298978,-3.73101760
-8.47060149,19.50462125,-3.80356765
4.21283597,19.41795544,-3.81749768
-7.64978444,19.42815250,-3.74804375
3.32775694,18.85095153,-3.89177185
-6.97356460,19.25784910,-3.69355703
-6.35605916,19.11442472,-3.62996828
2.48612106,18.39075440,-3.92990530
-5.82453378,18.89255242,-3.57872094
1.74915829,17.93339147,-3.95043122
-4.00265642,18.22382032,-3.42557265
-4.41483022,18.41179459,-3.44478702
-0.54844943,17.22087397,-3.80975891
-0.06436912,17.30547553,-3.86263793
-3.56364165,18.06383673,-3.43335700
-1.03624430,17.25125338,-3.74847207
-5.31681575,18.75297146,-3.52347701
1.07133874,17.66223349,-3.93560412
0.47710878,17.40820699,-3.91407495
-4.86017067,18.55245427,-3.48535329
-3.14748619,17.86724725,-3.46738222
-1.48843423,17.29677252,-3.69052056
-2.73373077,17.73095723,-3.50195922
-1.91394973,17.44020739,-3.61679145
-2.32644710,17.57801793,-3.55483449
-0.70528062,30.92961851,-3.98531989
-0.14907256,31.06541922,-3.99145467
0.34624118,31.13304648,-4.00068736
-1.31778531,30.91557585,-3.98259099
0.82245564,31.27066664,-4.01107906
-2.01156573,30.87933338,-3.99556577
1.24418852,31.29035790,-4.03241302
1.67052245,31.36203804,-4.05492793
-2.80733898,31.03210184,-4.01509637
2.05514815,31.29601758,-4.07078492
-3.68861793,31.11303909,-4.03029057
-4.67620810,31.24581783,-4.03873230
2.46687523,31.27448092,-4.08794754
2.87721153,31.19222960,-4.11055639
-5.71913248,31.10751898,-4.02229141
3.34704035,31.15827128,-4.12869473
-6.90555560,30.69835064,-3.93890518
3.68386997,31.11570307,-4.14737192
-7.76756706,30.22203640,-3.86224205
4.06899336,31.10161229,-4.16221661
-8.72325592,29.67084212,-3.79970037
-9.54144738,28.97213498,-3.79925009
4.39631852,30.88929949,-4.17637490
-10.42909381,28.31982566,-3.89400886
4.79713240,30.70762788,-4.18340470
4.98993917,30.14764271,-4.18234715
-10.76776517,27.46246963,-3.90480694
-11.13886709,26.65924927,-3.96149269
5.27902268,29.62804775,-4.16640941
5.47337739,28.99551081,-4.13066390
-11.17616559,25.88703164,-3.95514801
-11.23850092,25.17032661,-3.99060517
5.76951079,28.40153976,-4.08129328
6.15571756,27.82649781,-4.01464295
-11.30570889,24.49148242,-4.04429391
6.64682489,27.26664894,-3.94842030
-11.41847378,23.82180373,-4.12623206
7.16915887,26.66737076,-3.89920128
-11.52623132,23.15273263,-4.21297399
-11.69776320,22.45274246,-4.31622994
7.72618186,26.00928597,-3.90752106
7.98983673,25.26545853,-4.00137331
-11.63010077,21.86492305,-4.41665362
-11.62272418,21.23492760,-4.52596829
8.27128284,24.46729980,-4.15427471
8.04371255,23.51308716,-4.23007053
-11.18188373,20.75672469,-4.54749402
7.83798599,22.52353094,-4.33406517
-10.82911795,20.22290691,-4.58509675
-10.21736563,20.11055641,-4.61772696
7.23874281,21.85532454,-4.36526705
6.67914069,21.21230764,-4.42349273
-9.67660687,19.97192585,-4.65436628
5.98188628,20.72234078,-4.44913705
-9.05960322,19.96668058,-4.65622192
5.33497058,20.26449279,-4.50032043
-8.51330641,19.91832016,-4.65326413
4.32382161,19.68041502,-4.59416616
-7.71152138,19.87000627,-4.64241454
-7.04504354,19.73758183,-4.62616986
3.42405689,19.11683319,-4.67782968
2.57009814,18.66282036,-4.70109803
-6.43609565,19.62702960,-4.59062616
1.81941533,18.22680664,-4.70874805
-5.90713938,19.45367334,-4.56001017
1.13519000,17.95732162,-4.69016193
-5.41147467,19.34211209,-4.53552275
0.53017337,17.71392829,-4.67745232
-4.96059541,19.17426998,-4.52003407
-3.65915768,18.67444411,-4.47361689
-4.10395297,18.84618555,-4.47866859
-0.52991402,17.52771483,-4.61941991
-0.02767792,17.60726597,-4.64336970
-4.51863392,19.03744870,-4.49324756
-1.03606186,17.58830961,-4.58914309
-3.23243687,18.44488538,-4.48469507
-1.50649593,17.67183318,-4.56804977
-2.80423019,18.26520233,-4.48701893
-1.95075702,17.86889264,-4.53037486
-2.38050258,18.06085900,-4.50278261
0.42637989,31.06537697,-4.61298703
-0.09023163,30.97962018,-4.60504403
-0.67895949,30.81746660,-4.58575494
0.91908963,31.21585595,-4.62039873
-1.32998590,30.77109493,-4.56856591
1.34871413,31.23965033,-4.63629674
-2.06868521,30.69588537,-4.56886530
1.77993932,31.31053920,-4.65308905
-2.91627271,30.80252991,-4.57869535
2.16484248,31.25419780,-4.65432722
-3.85226876,30.85118178,-4.58245560
-4.89156704,30.93806040,-4.58520163
2.57474804,31.23772969,-4.65748657
2.97595570,31.15463445,-4.66139092
-5.96880219,30.75129747,-4.56129124
-7.18042016,30.31025270,-4.48163540
3.43686124,31.11976562,-4.66432181
-8.02889864,29.83314082,-4.42584117
3.75647775,31.07006131,-4.67438793
-8.96192277,29.30073880,-4.40573030
4.12319416,31.04805638,-4.68460930
4.42729891,30.83119630,-4.68541513
-9.74526002,28.63555871,-4.44097245
-10.59163597,28.03057413,-4.58217647
4.80500246,30.64315211,-4.68565676
-10.90369783,27.19650102,-4.59937823
4.98698161,30.08871341,-4.66661911
5.27285444,29.57185020,-4.64373702
-11.24178283,26.42227021,-4.66736839
-11.23360742,25.67117596,-4.64415216
5.46390161,28.93670800,-4.60304508
5.76024194,28.33464883,-4.55812097
-11.24505374,24.99250959,-4.67275432
6.14126747,27.76427467,-4.50376868
-11.26236940,24.37836103,-4.72199754
6.61920820,27.20431152,-4.45936801
-11.31763878,23.78393609,-4.80167993
7.12238944,26.60964472,-4.44107275
-11.36589732,23.19757750,-4.88850645
-11.47023270,22.58873083,-4.99029345
7.65176456,25.97391087,-4.48366664
-11.37616957,22.09280276,-5.09202639
7.90535002,25.27910409,-4.59797130
8.16001566,24.54750350,-4.76428330
-11.33939363,21.55771530,-5.20180300
-10.03355719,20.57946235,-5.21528161
-10.61259770,20.66426599,-5.19007823
-10.93410870,21.14510264,-5.18772440
7.76235045,22.71858354,-4.90049777
7.95540820,23.65065202,-4.81633168
7.17779903,22.06387963,-4.92643326
6.62719275,21.43071440,-4.98203223
-9.52670447,20.44989440,-5.24874482
-8.44503086,20.34923499,-5.22906845
-8.95341665,20.42145834,-5.23942385
-7.67963190,20.27694783,-5.22711980
4.29831339,19.85227132,-5.11287168
5.31027548,20.45418592,-5.02776587
5.94501238,20.92557041,-4.99056140
-7.03803795,20.13392310,-5.22131332
3.39882638,19.29416651,-5.18203640
2.54731242,18.85594017,-5.16939500
-6.44658212,20.01997222,-5.19093264
1.79637369,18.45042165,-5.14081938
-5.92752549,19.86011146,-5.16068881
1.11430120,18.20332289,-5.09165058
-5.44375928,19.75583158,-5.13725843
-5.00078915,19.60270284,-5.11596092
0.50855054,17.98895273,-5.05699064
-4.56275480,19.47371903,-5.07152642
-0.05193001,17.90325407,-5.00400771
-4.14951247,19.29093607,-5.03180650
-0.55707830,17.84905444,-4.97234362
-3.70714618,19.13675511,-5.00798942
-1.06661083,17.95095888,-4.95246033
-1.54101462,18.07270605,-4.95150447
-3.28046686,18.91831230,-4.99207437
-2.42183892,18.52010818,-4.94056904
-1.98873907,18.30291007,-4.93807031
-2.84911412,18.73729980,-4.95916167
-1.37733248,30.43746757,-5.44924740
-0.67988891,30.49842690,-5.47774513
1.42236830,30.91461565,-5.51745661
0.98827210,30.89836747,-5.52011250
0.48126947,30.75070118,-5.51737709
-2.17154747,30.33275596,-5.43906823
-0.05790508,30.67758476,-5.53371372
-7.41119644,29.76686282,-5.40571220
-6.22442053,30.19357782,-5.52374027
3.50144747,30.85077461,-5.50165455
3.04130938,30.85904716,-5.47721221
3.81470378,30.81977455,-5.53789127
-8.20960003,29.35265164,-5.33473604
1.85430114,30.98540734,-5.53924690
-3.07836927,30.40208280,-5.49148629
2.64641681,30.92715579,-5.48301464
-5.14098233,30.42170188,-5.55002903
2.23883480,30.93073213,-5.49510908
-4.06636000,30.39116755,-5.49819265
4.18189988,30.82237880,-5.60038996
-9.09796450,28.92351098,-5.35452996
-9.84022560,28.34818306,-5.44032906
4.47271174,30.61903239,-5.60597430
4.84477576,30.44933644,-5.64588212
-10.67023114,27.85463571,-5.75916198
-10.91604600,27.01606373,-5.67635840
4.98189870,29.89263777,-5.52485052
-11.20016401,26.26134438,-5.72293348
5.23400591,29.37919233,-5.45917740
5.36965208,28.73490483,-5.35248415
-11.10884062,25.53254104,-5.60059621
5.62267033,28.12772016,-5.29312616
-11.05463191,24.90513178,-5.60026840
-11.01604685,24.36557432,-5.65064630
5.95613006,27.56692085,-5.26123310
7.30670460,25.85300664,-5.42316462
6.82932388,26.44565441,-5.31115816
-11.00525667,22.34159370,-6.08207553
-11.07609778,22.79524795,-5.99430476
-11.01532031,23.33671355,-5.85409464
7.57328416,25.21677621,-5.53416397
-11.01579528,23.84678894,-5.74468633
6.38134820,27.01769528,-5.26752683
7.52494757,22.79227062,-5.87904268
7.68426306,23.68016456,-5.76688216
-10.34215181,21.05614678,-6.20310958
-10.62589359,21.48776612,-6.18015715
6.95733020,22.18602991,-5.79705520
-9.83242581,20.94896670,-6.15337944
-8.42481134,20.56457335,-6.02748279
-8.87925141,20.68872825,-6.06814979
4.19872543,20.03954594,-5.84092236
5.17304308,20.64696969,-5.79218572
-7.72260668,20.40595865,-5.96317601
5.77729562,21.10645976,-5.76510333
7.86408372,24.52425095,-5.72296866
-10.99899109,21.82823514,-6.18531135
-9.39306974,20.76541289,-6.12260649
6.43542388,21.58460848,-5.78760271
-7.12505422,20.19784968,-5.92969283
3.32909954,19.49532461,-5.88480105
1.07860307,18.49786713,-5.74873270
1.75361169,18.72201776,-5.82127969
-6.06149901,19.87990649,-5.89660508
-6.56259101,20.05200705,-5.90385022
-5.59040962,19.76723851,-5.88823716
2.49586590,19.08544284,-5.85956900
-0.60546519,18.19845909,-5.63729005
-0.09175034,18.23917447,-5.64698129
-3.85343914,19.22750541,-5.86249704
-4.30291952,19.34946158,-5.87680978
-1.12495636,18.28995022,-5.64432967
-4.71801691,19.50592906,-5.88032493
0.47452746,18.30580714,-5.69799200
-5.15360823,19.61462113,-5.88736255
-3.41605719,19.04332988,-5.84861836
-1.61169518,18.38098871,-5.68551575
-2.97289046,18.91934346,-5.82537501
-2.07791971,18.58255041,-5.73707647
-2.53201346,18.75322944,-5.80843428
0.12313348,28.90767307,1.05366008
0.59666196,28.73477666,0.97176290
-0.44021842,29.00071727,1.08623295
-1.09874949,29.18030557,1.10430978
1.01708266,28.64307508,0.89413838
1.40738827,28.62716214,0.82562552
-1.89123845,29.45366630,1.09389002
1.78507431,28.68689243,0.76915843
-2.83767019,29.82561867,1.04504950
-3.73105720,29.89791391,0.96989035
2.08745867,28.51994463,0.71589015
-4.64793021,30.00403514,0.88525152
2.39391263,28.42157381,0.68182602
2.71933080,28.39114692,0.67049955
-5.54641729,30.08143129,0.81008844
-6.43914967,30.03629053,0.76567267
3.08010464,28.43337206,0.68745221
3.33673861,28.42004880,0.66559587
-7.10363332,29.77924409,0.69163532
3.63374202,28.45770732,0.66323330
-7.86521802,29.44415380,0.68424725
-8.77772761,29.09305954,0.82375954
3.98481241,28.55577545,0.68190527
-9.89406924,28.81994911,1.11390251
4.41004720,28.72908720,0.72316643
4.46361449,28.25365065,0.68379273
-10.07798884,28.05979378,1.13379749
4.56797253,27.83102903,0.64999233
-10.26989635,27.32998706,1.14549795
-10.47638559,26.63315435,1.14495009
4.73932781,27.45534176,0.61760023
5.00108589,27.12151866,0.58305015
-10.70955391,25.96165943,1.13047344
5.42024206,26.68110694,0.68149463
-10.89012310,25.13126293,1.24872875
-11.14552714,24.25685639,1.32479765
6.02371635,26.25986973,0.76805413
-11.51567884,23.30709920,1.36732024
6.82533317,25.77690490,0.82758631
7.79905625,25.09696016,0.88503381
-12.05459267,22.24217106,1.38607272
7.68440026,24.13501209,0.86536840
-11.43582800,21.62206707,1.35021938
7.63606228,23.12298528,0.89976782
-11.08236826,20.97882433,1.31760088
7.67563602,22.00955489,0.99284311
-10.90785316,20.23183668,1.31498894
-10.88618453,19.32182663,1.34415139
7.83947036,20.74471454,1.11319523
-10.27478755,19.33206516,1.34649315
6.94345727,20.23832048,1.19117819
-9.75168550,19.22612626,1.34591197
6.16585915,19.73874032,1.25941199
5.47218616,19.23554781,1.31133809
-9.27838220,19.01209770,1.34681164
-8.83779190,18.70791829,1.35637910
4.84383953,18.71832751,1.34623019
3.85396426,18.25502004,1.33373263
-8.05668879,18.43767965,1.35752029
3.00810372,17.71052945,1.31249958
-7.23863302,18.03352948,1.39087438
2.28942850,17.08272145,1.30174842
-6.35602280,17.50354569,1.45522563
-2.95465658,15.95655209,1.62521923
-3.35883368,16.20246739,1.60761430
-0.27749770,15.52283361,1.46234435
0.09137953,15.73337354,1.41019341
-2.53562031,15.89330123,1.60245994
-0.65192898,15.53232254,1.48239598
-2.18118413,15.82995136,1.57970462
-0.97955974,15.57040498,1.50187080
-1.28018544,15.63272445,1.51782790
-1.86564572,15.76857390,1.55545190
-1.57080432,15.71185913,1.52917836
0.51995390,15.95224894,1.35987253
-3.88050773,16.43824477,1.58802410
-5.50200722,16.86659524,1.51707208
1.67533720,16.38041322,1.30227882
1.03581073,16.17294238,1.32105379
-4.58237008,16.66337671,1.56075823
-0.06090597,18.20014440,-6.85101063
0.50980658,18.37263158,-6.79511033
1.13577414,18.55083494,-6.77514079
-5.33709340,19.08938815,-6.87172360
-5.78555882,19.23060146,-6.83069131
-4.91160035,18.90863130,-6.93044146
-6.26668702,19.33805199,-6.81367064
1.83309940,18.74242094,-6.79292365
-0.59077004,18.02625445,-6.93852744
-4.50108849,18.68244063,-7.00102044
-6.74394658,19.59469255,-6.77758087
2.55293333,19.13274231,-6.75294507
-4.02547619,18.66088773,-7.00848215
-1.14844878,18.11589014,-6.95369070
3.36013274,19.54584965,-6.75587434
-7.27712467,19.82552014,-6.79449497
-1.66759886,18.19936951,-6.98748215
-3.56245176,18.58818395,-7.02339168
4.27462131,19.99014850,-6.81724279
-7.89259026,20.02374908,-6.88462782
-2.16203557,18.26688270,-7.02983135
-3.10401468,18.46822301,-7.04610996
5.32427601,20.47328193,-6.98736545
-8.62982726,20.15487938,-7.05818492
-9.02163773,20.38146626,-7.11910983
5.85163102,20.95839806,-7.02750095
-2.64206576,18.31051473,-7.07620557
-9.47370250,20.55438502,-7.20941062
6.43238723,21.45575600,-7.13379981
-9.99812772,20.66061212,-7.32495714
7.06350376,21.97656399,-7.27967522
-10.60862047,20.68673548,-7.46101417
7.73881536,22.53053325,-7.42261374
7.64489102,23.40792341,-7.28453531
-10.67262762,21.28436766,-7.39677831
-10.80091616,21.79395592,-7.34456588
7.57312124,24.21613318,-7.18141426
-11.00056979,22.23293508,-7.31322427
7.52022867,24.97498396,-7.12823271
-11.27877115,22.62115205,-7.31624179
7.48563595,25.70259445,-7.13994021
-11.15897681,23.22255115,-7.12227152
6.98117254,26.31705578,-6.84355688
6.52091144,26.90304421,-6.61367592
-11.10804215,23.77855002,-6.95424909
6.14886526,27.48876153,-6.52408031
-11.12461651,24.31931871,-6.84554990
5.88293370,28.09611065,-6.57475962
-11.20643587,24.88635838,-6.83836930
-11.06189772,25.55217155,-6.73890570
5.51251384,28.64705664,-6.56731451
5.27994123,29.24502951,-6.72168314
-10.97151770,26.28907670,-6.79810744
3.59664791,30.92981783,-6.93927585
3.05859594,30.85414935,-6.77442912
3.87748882,30.78601012,-6.96441254
-8.28382945,29.38756499,-6.75257303
-7.56749477,29.87794943,-6.90994083
-6.28965569,30.21271828,-7.00297440
-9.05380550,28.88871159,-6.69874503
4.20921288,30.67586679,-7.04412217
4.60983387,30.60181830,-7.18742507
-9.90567912,28.45235285,-6.90838029
-10.90956446,27.13788406,-7.03681588
5.15419465,29.89019345,-7.02401361
5.10415760,30.56389464,-7.39808453
-10.83653331,28.08818258,-7.39266093
-5.14575608,30.40412411,-7.00366686
2.59893248,30.86583937,-6.73344810
2.18334259,30.95767142,-6.80654616
-4.09554997,30.53994816,-7.00814530
-3.14117435,30.73866382,-7.12398816
1.78682938,31.13050489,-6.99577831
1.31079254,30.97210713,-6.90527516
0.83639761,30.89264317,-6.90818930
-2.23972352,30.58176260,-6.95909054
-1.46387340,30.58468272,-6.92595201
-0.78756912,30.73168633,-6.99492763
0.34681906,30.89513319,-6.98790095
-0.17706590,30.98956074,-7.12962678
