2.08629281,14.10292019,0.71701316
1.38715267,14.11013041,0.74021327
2.10835190,13.88717700,0.88552402
1.40646654,13.90060509,0.90238798
0.68372072,14.15952426,0.78300033
0.69986285,13.95785078,0.94171482
-0.03463391,14.21289578,0.83917454
-0.02258436,14.02145707,0.99664089
-0.78027253,14.23080487,0.90594805
-0.77273108,14.04893734,1.06391361
-4.45894605,35.54838972,0.68689704
-3.77409379,35.51264438,0.72110979
-4.45296462,35.52031501,0.89423184
-3.76763548,35.48610724,0.92762255
-3.11093409,35.52466581,0.75805203
-3.10354516,35.50035152,0.96219266
-2.42942500,35.57891541,0.80123634
-2.41990070,35.55747432,1.00245846
-1.68531717,35.66803430,0.85566507
-1.67200025,35.64949750,1.05427916
-1.45980562,14.34368719,0.95754821
-1.45659492,14.16908971,1.11861704
-2.17365671,14.35582486,1.00610826
-2.17536321,14.18775413,1.17102327
-2.92893608,14.25345695,1.04884569
-2.93608487,14.09035770,1.21823128
-3.73032327,14.02947937,1.08596943
-3.74328793,13.86898306,1.26031529
-7.09773253,33.86553578,0.83450856
-6.37110803,34.31348227,0.76627657
-7.11398350,33.84577197,1.04278901
-6.37679169,34.28992689,0.97616254
-5.70073929,34.72549759,0.72537203
-5.70029600,34.69916894,0.93573331
-5.06896459,35.13237696,0.70047614
-5.06493114,35.10436014,0.90979411
-4.50114278,14.11845568,1.18097540
-4.52186388,13.96039420,1.36699771
-5.31011310,14.10644861,1.26991799
-5.33875140,13.94830433,1.47001926
-6.17319438,14.00592295,1.35557535
-6.21083703,13.84223433,1.57297941
-7.11171125,13.85704896,1.45230366
-7.15895176,13.68604694,1.68746868
-7.77994508,13.94728492,1.53710814
-7.83088047,13.78317970,1.78583697
-8.51472311,14.07168734,1.63625448
-8.56897358,13.91694156,1.89292670
-9.33327330,14.25306538,1.75519193
-9.39102187,14.10861508,2.01011999
-10.26332445,14.46490936,1.86819852
-10.32223768,14.33167976,2.11409604
-10.13968450,31.27092425,1.15462679
-9.09081692,32.03242934,1.03069808
-10.19981964,31.24025587,1.35805656
-9.13640445,32.00406686,1.23547772
-8.30473124,32.71540586,0.93109715
-8.33763937,32.68912727,1.13813628
-7.65937761,33.31914955,0.86640350
-7.68246609,33.29555981,1.07452771
-10.75690328,15.58450486,1.95669034
-10.82594395,15.47204973,2.19633098
-11.32626529,16.72335382,2.05230544
-11.40601876,16.63224205,2.27771753
-11.99697157,17.87717428,2.11872093
-12.08955344,17.80213735,2.33050142
-12.78450211,19.05513308,2.14374177
-12.89006327,18.99276287,2.34567414
-12.32085684,20.85210056,2.01986440
-12.43215929,20.79878123,2.22333034
-11.89251500,22.63322879,1.86943437
-12.00810374,22.58793732,2.07292720
-11.50064190,24.38948073,1.69106121
-11.61915135,24.35073167,1.89480455
-11.15861234,26.11086238,1.47507685
-11.27438773,26.07826112,1.68046836
-10.82230904,27.44752262,1.42312253
-10.92648020,27.41759596,1.62810159
-10.54975201,28.75488365,1.34422557
-10.63996887,28.72572704,1.54887138
-10.31774317,30.02707815,1.25180522
-10.39251183,29.99772989,1.45539610
2.06248282,14.31403401,0.54322925
1.36588421,14.31485683,0.57318143
0.66571931,14.35584011,0.61997253
-0.04925730,14.40140468,0.67891004
-0.79079243,14.40928314,0.74571275
-4.46272861,35.59132272,0.47589206
-3.77562909,35.55598861,0.51029111
-3.11057266,35.56412959,0.54886785
-2.42866181,35.61293444,0.59429397
-1.68658267,35.69742345,0.65097010
-1.46660780,14.51910978,0.79548452
-2.17602740,14.52627086,0.84076809
-2.92606824,14.41576455,0.87957756
-3.72213881,14.18887750,0.91166856
-7.09040029,33.89800762,0.62443393
-6.37324958,34.35490973,0.55400555
-5.70626201,34.77094448,0.51194666
-5.07384432,35.17608838,0.48789965
-4.48588058,14.27649532,0.99591667
-5.28775349,14.26756919,1.07063409
-6.14172817,14.17825591,1.13962386
-7.07402882,14.03514635,1.21549252
-7.73694849,14.12440391,1.28547523
-8.46705325,14.24219926,1.37344724
-9.28385686,14.41079591,1.48429260
-10.20606072,14.61162988,1.61027583
-10.09386845,31.30749771,0.94968664
-9.06183009,32.07212040,0.82325446
-8.28483288,32.75349661,0.72239631
-7.64878269,33.35697967,0.65694302
-10.68356545,15.71587142,1.70254411
-11.24569322,16.83209403,1.80383377
-11.90692570,17.96283472,1.89042201
-12.68330393,19.12351464,1.93156459
-12.21400291,20.91148133,1.80554597
-11.77694136,22.68289110,1.65657056
-11.38516711,24.43087689,1.47895234
-11.05237949,26.14541645,1.26141542
-10.73143683,27.48124145,1.21149324
-10.46586422,28.78619055,1.13503603
-10.25536805,30.06070413,1.04394340
2.82983668,13.85978904,0.90264999
2.80645389,14.07636300,0.72563439
3.58601576,13.86942941,0.93019029
3.56182359,14.08390744,0.74320061
4.40519892,13.88263397,0.95742133
4.38011158,14.09419132,0.75891419
5.31789983,13.85390428,0.97367331
5.29203796,14.05975953,0.76146806
2.87229570,35.49922128,1.29199106
1.49944906,35.46405356,1.28126777
2.85915002,35.50105699,1.07504143
1.48096438,35.47003186,1.06845721
0.25712029,35.49995597,1.19976832
0.23727797,35.51144056,0.99312821
-0.80007008,35.56822411,1.11356130
-0.81686437,35.58386613,0.91253538
6.15104724,13.95533126,0.94596503
6.12341342,14.15236181,0.71989537
7.05506225,14.01778615,0.90152773
7.02464763,14.20386973,0.66265496
8.02006094,14.05560601,0.84905791
7.98473632,14.23009912,0.60063815
9.03035407,14.07185201,0.80935896
8.98646063,14.23877233,0.55774233
7.65214379,34.52215748,0.95867071
6.60530220,34.68409179,1.01870548
7.61448645,34.51031637,0.73235314
6.58042549,34.68511976,0.79408367
5.46272939,34.88851452,1.12446296
5.44724093,34.89304868,0.90104802
4.19525068,35.14876840,1.23919198
4.18464404,35.15126020,1.01789648
9.87863983,14.49436976,0.85348802
9.82094812,14.65977381,0.60167643
10.76415534,14.89253838,0.93982556
10.68792407,15.05628997,0.69238558
11.68972246,15.31466712,1.06404666
11.59134764,15.47550111,0.82145248
12.70581652,15.74959517,1.21846243
12.58151154,15.90669303,0.97924505
13.38318185,16.25933855,1.33828695
13.24566137,16.40707466,1.10110208
14.13639292,16.78698218,1.45266967
13.99024641,16.92154489,1.21885569
15.00073500,17.33099479,1.54127620
14.85327274,17.44669685,1.30995146
15.98479159,17.92574510,1.59352033
15.84224232,18.02033397,1.36161253
11.50043262,33.85421227,1.02595263
10.28544945,33.92103886,0.92719755
11.41999939,33.82700171,0.77518755
10.21018886,33.88606955,0.67979805
9.27521769,34.05630456,0.87642131
9.21030306,34.02570789,0.63489054
8.42593390,34.26529508,0.89578508
8.37454744,34.24503337,0.66187527
16.13724789,19.36957719,1.61947186
15.98359850,19.45236815,1.38799542
16.37006706,20.85244378,1.59288639
16.20829523,20.92232985,1.36437483
16.67927038,22.37035897,1.51154354
16.51177383,22.42856214,1.28621142
17.06815398,23.92643207,1.38685816
16.89644387,23.97405432,1.16343080
16.13118769,25.58765963,1.30193040
15.97061932,25.63441533,1.07395762
15.34617876,27.18638044,1.21380378
15.20228747,27.22295813,0.97775844
14.62038718,28.68689319,1.10572454
14.48649612,28.70399053,0.85937683
13.90265310,30.08434420,0.97319954
13.77336946,30.07619807,0.71595622
13.25966812,31.07229451,1.04040323
13.14491074,31.05342073,0.78073744
12.63532970,32.02760193,1.07053744
12.53247051,32.00254402,0.81137108
12.04234785,32.95197850,1.06248064
11.95086282,32.92424553,0.80633820
2.78152639,14.28785134,0.54267960
3.53609794,14.29440124,0.54898255
4.35360614,14.30452818,0.55136113
5.26526883,14.26440032,0.53901922
2.84750030,35.51594689,0.84693532
1.47076648,35.48924294,0.84553156
0.23020386,35.53532399,0.77848615
-0.81999822,35.61067230,0.70442320
6.09498713,14.35174788,0.48179885
6.99426763,14.39237090,0.40875132
7.95106518,14.40414416,0.33521569
8.94661945,14.40485423,0.28928404
7.56628963,34.50964266,0.49883055
6.54541372,34.70238129,0.56156720
5.42233207,34.91188266,0.66819204
4.16943258,35.16911809,0.78541237
9.76958038,14.82108897,0.33630143
10.61742361,15.22249255,0.43036085
11.50180467,15.63447808,0.56434478
12.46371053,16.06427986,0.72850495
13.11233306,16.55739917,0.85360729
13.84750383,17.05889580,0.97341669
14.70279130,17.57058909,1.06932252
15.70672959,18.11660199,1.12561723
11.33861487,33.80166626,0.51893901
10.12689168,33.85054240,0.42535086
9.13813727,34.00178533,0.38764486
8.31541663,34.23557886,0.42132795
15.83481781,19.54335374,1.14859491
16.04392447,21.00132823,1.12427760
16.33576211,22.49532028,1.05109113
16.71881017,24.02990655,0.93117441
15.80463394,25.68994017,0.83640630
15.04639058,27.26420771,0.73100095
14.33921811,28.71969692,0.60048168
13.63731398,30.06432928,0.44461174
13.02027257,31.02529693,0.50816888
12.41941892,31.96604005,0.54067537
11.85397236,32.88988300,0.53994329
1.44315142,13.98671549,-9.93826423
0.59834266,13.99577073,-9.93037086
1.42661433,14.19774266,-9.68742360
0.58733144,14.21397072,-9.68265924
-0.21848845,14.00872229,-9.92002599
-0.22336846,14.23394813,-9.67602814
-1.02056084,14.01663644,-9.90483487
-1.01900082,14.24591073,-9.66540902
-1.81961006,14.01003752,-9.88164107
-1.81144462,14.23811290,-9.64717654
2.29385183,14.29261332,-9.69143018
2.31551158,14.08488706,-9.94489331
3.20267639,14.39399760,-9.69407225
3.22885295,14.18822369,-9.94945734
4.15288795,14.48899608,-9.69483173
4.18356817,14.28638998,-9.95072864
5.14111311,14.56327604,-9.69610793
5.17687326,14.36824530,-9.95005460
1.68149832,36.34077555,-12.09342348
0.44236846,35.82775752,-12.08645817
1.68875017,36.23055759,-11.80632238
0.45180649,35.71216093,-11.79760096
-0.83940431,35.39256070,-12.10019913
-0.83020116,35.27287145,-11.80731120
-2.14834572,35.04114863,-12.13528602
-2.14175252,34.91788494,-11.83561708
-3.49188654,34.81388060,-12.21656505
-3.48786352,34.68633532,-11.90895204
2.78080982,36.17690060,-11.73931787
2.78026324,36.26977234,-12.02628482
3.77210546,36.20659656,-11.71334809
3.77675964,36.28446158,-11.99978139
4.68320351,36.30275708,-11.73501961
4.69196170,36.36958584,-12.02144215
5.53890433,36.44927793,-11.80362267
5.55239015,36.51046706,-12.09286508
-2.56656173,14.26953589,-9.86627028
-2.55170353,14.49142348,-9.63516522
-3.32169957,14.49263436,-9.86212321
-3.30008303,14.70087309,-9.63358984
-4.09417641,14.68863097,-9.87594995
-4.06533056,14.87838885,-9.64768515
-4.89432334,14.87220917,-9.91491687
-4.85717291,15.04000149,-9.68403289
6.00790208,14.88847089,-9.70386509
6.05101774,14.70393292,-9.95325868
6.89397141,15.17158563,-9.72987604
6.94509244,15.00397780,-9.96940646
7.79801111,15.42000197,-9.77333143
7.85780845,15.27407958,-9.99995944
8.71703053,15.64423981,-9.83569874
8.78541408,15.52241682,-10.05062007
-4.78389593,34.09149763,-12.21501433
-4.78282535,33.98037207,-11.89769902
-6.09814356,33.45846480,-12.23039267
-6.09536839,33.36524964,-11.91107157
-7.45768509,32.83592687,-12.21611585
-7.44707860,32.76283763,-11.90103200
-8.91465924,32.13212415,-12.19987535
-8.88499719,32.07484695,-11.89149588
6.24464138,35.98583380,-11.77507909
6.26949462,36.03452873,-12.07125492
6.95981873,35.56611845,-11.79707407
7.00029220,35.61145736,-12.10638518
7.75214299,35.20465913,-11.85951738
7.81657555,35.25519976,-12.18657578
8.72794263,34.92857503,-11.95506927
8.82880711,34.99305895,-12.29715193
-5.73598301,15.20874486,-10.00864563
-5.68929840,15.35323967,-9.77171103
-6.62877404,15.54352364,-10.12346423
-6.57189356,15.66657050,-9.87740972
-7.58457087,15.87309875,-10.25990553
-7.51851733,15.97844838,-9.99791559
-8.62001565,16.19415734,-10.43320770
-8.54791403,16.28601768,-10.14270665
9.59660837,16.01417285,-9.96597406
9.67333921,15.91771389,-10.17601469
10.48954483,16.39769847,-10.15870166
10.57629963,16.32892999,-10.37245397
11.41309489,16.84673567,-10.42196309
11.51448461,16.80788114,-10.65180391
12.41132100,17.43301229,-10.75423700
12.53638478,17.42485057,-11.01559356
-11.58292253,29.67765496,-12.29230350
-10.82014891,30.30763469,-12.24334650
-11.50982742,29.62410235,-12.01261664
-10.75865916,30.26068987,-11.95505903
-10.13009150,30.93210950,-12.20845583
-10.08188443,30.88780603,-11.91227009
-9.50070379,31.54273445,-12.19418009
-9.46355625,31.49475868,-11.89118265
11.12211019,33.51619448,-12.10655048
10.35214654,33.83874515,-12.06028168
11.27907152,33.59796575,-12.42652684
10.49968172,33.91356579,-12.38821804
9.71167149,34.18621761,-12.02424629
9.84517571,34.25523285,-12.35967533
9.17730722,34.55049745,-11.98959348
9.29465703,34.61620925,-12.33002250
-9.20488463,16.56157631,-10.56258017
-9.13222547,16.64426463,-10.25368848
-9.84084812,16.93076370,-10.71161171
-9.76647915,17.00085119,-10.38455224
-10.54901067,17.30913812,-10.87286521
-10.47057285,17.35954279,-10.53467239
-11.36111607,17.70524703,-11.02853991
-11.27569129,17.72715001,-10.69173306
12.90364499,18.03571437,-10.98936345
13.04044379,18.04726682,-11.26642693
13.46511227,18.70555593,-11.24273606
13.61291752,18.73777546,-11.53237853
14.12926268,19.45486843,-11.50801764
14.28386931,19.50947473,-11.79867136
14.93693756,20.29852254,-11.75691942
15.09069365,20.37445012,-12.03172039
-11.60271098,18.52535469,-11.11762617
-11.50593692,18.54225792,-10.78814549
-11.88471351,19.35389581,-11.21437267
-11.77545328,19.36368376,-10.89233781
-12.20891260,20.19270022,-11.31853364
-12.08646783,20.19367541,-11.00380446
-12.57663920,21.04416270,-11.43021298
-12.44074313,21.03477742,-11.12336740
14.72693959,21.30411310,-11.85343304
14.89590776,21.38773562,-12.12981011
14.56974729,22.34317755,-11.96275853
14.75231507,22.43490142,-12.23935309
14.47561876,23.41087886,-12.08000994
14.66987918,23.51116840,-12.35607456
14.45197804,24.50558827,-12.19666130
14.65602401,24.61460473,-12.47142448
-12.46344815,22.19527009,-11.55100916
-12.32827105,22.18488697,-11.24790194
-12.37689994,23.37704863,-11.67859628
-12.24443397,23.36209679,-11.37996503
-12.31698614,24.59259510,-11.81181176
-12.18826737,24.57017709,-11.51753906
-12.28254789,25.84440680,-11.95084647
-12.15864944,25.81229442,-11.66116732
13.83345664,25.72576394,-12.28983315
14.02918588,25.84012530,-12.56299034
13.32393187,26.98588050,-12.33934581
13.51366683,27.10539364,-12.61336864
12.89388034,28.28902469,-12.33176606
13.08277507,28.41121286,-12.61252968
12.52702201,29.64004191,-12.28066741
12.71870683,29.76153988,-12.57138489
-12.08229217,26.77078924,-12.02602450
-11.97204547,26.73647357,-11.73890010
-11.90015799,27.71886662,-12.10729884
-11.80325970,27.68045249,-11.82257892
-11.73443953,28.68815640,-12.19562192
-11.64998477,28.64332837,-11.91341838
12.10998727,30.56533031,-12.20443848
12.29623691,30.67785791,-12.50201659
11.73245087,31.52225491,-12.14019626
11.91177469,31.62402894,-12.44560935
11.40095880,32.50763551,-12.10398096
11.57086069,32.59902283,-12.41768603
5.51710345,36.42180334,-11.50299016
6.21455990,35.96966421,-11.46598933
6.91768752,35.55216499,-11.47151501
7.69019394,35.18371492,-11.50960406
8.63418813,34.89094138,-11.58184422
5.10188271,14.75004247,-9.44514977
5.96181446,15.06516461,-9.45728420
6.84076710,15.33264462,-9.49195003
7.73781934,15.56117355,-9.54713322
8.64994958,15.76333801,-9.62095150
10.96816201,33.45336734,-11.76658219
10.21026631,33.78477982,-11.70596056
9.58527939,34.13963191,-11.65773605
9.06775216,34.50936375,-11.61623834
12.29500140,17.44688788,-10.49797017
12.77447009,18.03115103,-10.71519377
13.32228646,18.68202111,-10.95113304
13.97505060,19.41139023,-11.20610557
14.78131477,20.23406018,-11.46408663
14.55410248,21.23307546,-11.55882923
14.38251888,22.26446247,-11.66888093
14.27631688,23.32413083,-11.78881072
14.24199868,24.40984435,-11.90765309
-11.20298452,17.75584770,-10.35658305
-11.42207767,18.56987368,-10.45772634
-11.67915513,19.38738758,-10.56691071
-11.97662576,20.21088705,-10.68426301
-12.31611302,21.04330670,-10.80952038
13.63235618,25.62402506,-12.00930024
13.12875926,26.87929798,-12.06168413
12.69966727,28.18059861,-12.04953725
12.33080924,29.53329051,-11.98745328
-12.20408939,22.19631271,-10.93800584
-12.12243268,23.37229205,-11.07420432
-12.06972265,24.57528209,-11.21652159
-12.04464184,25.80898869,-11.36503741
11.92098848,30.46913445,-11.90206689
11.55223565,31.43778267,-11.82533293
11.23221609,32.43458204,-11.77537454
-11.87244312,26.73225928,-11.44543357
-11.71755011,27.67268817,-11.53216728
-11.57723317,28.62931122,-11.62603615
-11.44850418,29.60091604,-11.72832232
1.68239049,36.15591523,-11.50831980
2.76644296,36.11912431,-11.44122345
3.75354220,36.16338762,-11.41624994
4.66293323,36.27011172,-11.43757005
1.41031067,14.40117630,-9.43998852
2.27132892,14.49211596,-9.44173275
3.17433757,14.59123996,-9.44254648
4.11904180,14.68290281,-9.44238559
0.57785176,14.42459364,-9.43814009
-0.22581796,14.45130607,-9.43509122
-1.01431125,14.46702543,-9.42892433
-1.79980725,14.45720781,-9.41588282
0.45062858,35.63258168,-11.49735670
-0.82821019,35.19016751,-11.50347658
-2.14007724,34.83356713,-11.52554169
-3.48852528,34.59911546,-11.59244451
-4.78787830,33.91065420,-11.57178779
-6.10199402,33.31273694,-11.58333383
-7.45008580,32.72968246,-11.57830811
-8.87339875,32.05730601,-11.57549889
-2.53334026,14.70300304,-9.40752651
-3.27527153,14.89860470,-9.40850480
-4.03395892,15.05723040,-9.42294657
-4.81844379,15.19735306,-9.45701941
9.52318266,16.11018583,-9.75646904
10.40800050,16.46857697,-9.94617132
11.31923881,16.88949469,-10.19597574
-5.64212110,15.48825845,-9.53913564
-6.51564911,15.78114239,-9.63700895
-7.45420399,16.07659517,-9.74450035
-8.47899555,16.37305363,-9.86499301
-9.06430043,16.72444824,-9.95868533
-9.69953105,17.07209028,-10.07078911
-10.40255129,17.41519976,-10.20491611
-10.71274174,30.24826416,-11.66162843
-10.05125628,30.88091275,-11.60988884
-9.44479427,31.48585429,-11.58132436
-1.37231840,36.27662613,-1.15278545
-2.16786127,36.22029931,-1.16713850
-1.00638093,36.89396965,-2.69967911
-1.87726630,36.83987245,-2.67868139
-0.47825158,36.11270630,-1.18294610
-0.08818172,36.69392735,-2.76517480
-2.93045501,36.20168189,-1.17386473
-2.74706220,36.84431704,-2.65439410
0.52359984,35.97764135,-1.22315057
0.87032903,36.56858566,-2.83473103
1.63204272,35.90655144,-1.26446264
1.88399832,36.55786074,-2.88179470
-3.69709855,36.21984808,-1.17210663
-3.64846329,36.90001298,-2.62282909
2.83226382,35.95870941,-1.28564288
2.97467845,36.71331355,-2.86973641
-4.50132486,36.26993520,-1.16149027
-4.60978566,36.99429940,-2.58182937
-5.21091112,35.83823264,-1.12358514
-5.46272659,36.57537419,-2.52015238
3.99846554,35.64273665,-1.29023036
4.05585171,36.46478239,-2.81875292
-5.93038176,35.39827794,-1.06715991
-6.30610669,36.12748149,-2.44295353
5.14841356,35.41429226,-1.27021468
5.15662756,36.29804379,-2.72683404
6.23179947,35.16899532,-1.24294168
6.22638332,36.07820435,-2.64181475
-6.65881630,34.92103544,-0.98889498
-7.12087489,35.60333630,-2.35060877
7.24228424,34.84053108,-1.22366793
7.24915305,35.70754854,-2.60804991
-7.39703821,34.36578174,-0.88124776
-7.91003773,34.95699424,-2.24069611
7.93126173,34.43777850,-1.27975240
7.91517497,35.25362836,-2.67823322
-7.91856780,33.76917293,-0.83225780
-8.41872465,34.30196711,-2.19839271
8.68740890,34.04247362,-1.32137005
8.63436427,34.79094113,-2.76639738
-8.49262098,33.09784119,-0.75684549
-8.96920376,33.56715508,-2.14410740
9.59003507,33.71678705,-1.32947546
9.46372629,34.37201015,-2.86386722
-9.17001474,32.34162048,-0.65184398
-9.60522323,32.74702460,-2.07569058
-10.04687118,31.50939510,-0.52335344
-10.40433642,31.86139724,-1.99401836
10.71642272,33.53667185,-1.30478547
10.48395959,34.06883642,-2.96187875
11.17107976,32.59576700,-1.37160402
10.91542030,33.07005006,-3.10457420
-10.15773314,30.26387853,-0.46205013
-10.48268148,30.59470160,-1.96555564
-10.31267391,29.00000346,-0.40600944
-10.60214897,29.31594085,-1.94141213
11.69860522,31.71363747,-1.43692118
11.45939438,32.14640079,-3.22903707
12.29030375,30.89224641,-1.50136977
12.12980646,31.30565385,-3.32714780
-10.51984937,27.72086638,-0.36427678
-10.77101963,28.03109411,-1.92466461
-10.78473082,26.43167048,-0.34714814
-10.99671703,26.74761615,-1.91746404
12.92284310,30.10747521,-1.56051955
12.89673575,30.51709263,-3.39551950
-0.72615865,37.44200702,-4.02064210
-1.65632864,37.32252378,-4.01233854
0.21992618,37.27774867,-4.06364691
1.18085302,37.22319967,-4.10450072
-2.60681416,37.29292523,-4.00153025
2.18686758,37.30939346,-4.11608656
-3.61163218,37.34452704,-3.98281413
3.27515131,37.57962899,-4.06461181
-4.69813732,37.46103411,-3.95182880
-11.00409023,24.78955971,-0.17326475
-11.14575319,25.12965537,-1.78529736
13.56558882,28.94341355,-1.38340696
13.62965155,29.31142586,-3.27959586
4.35281775,37.38799264,-3.98186125
-5.67401249,37.04612083,-3.88817625
14.17744586,27.66972876,-1.19224936
14.26599921,27.99869044,-3.11902213
-11.30241464,23.14773787,-0.03403118
-11.37746143,23.54312947,-1.67071745
5.44938408,37.25071499,-3.87897886
-6.62421087,36.58547659,-3.80781564
-7.51665621,36.01239404,-3.71309013
6.51446916,37.03273768,-3.80840201
14.80009013,26.22458077,-1.00392290
14.80671934,26.52583083,-2.91619409
-11.66868022,21.50429129,0.09077877
-11.68137833,21.97974756,-1.55431190
7.54677876,36.65289865,-3.81193675
-8.37842910,35.29459669,-3.60388413
15.56189003,24.60518658,-0.83641940
15.36721618,24.90383348,-2.68259081
-12.08692549,19.85371533,0.22159371
-12.04042701,20.42594708,-1.41981030
8.17792094,36.18394496,-3.90611656
-8.88817384,34.60401862,-3.56718555
-11.41333927,18.85875819,0.08399776
-11.47636729,19.44940447,-1.48391067
15.18662305,23.15550986,-0.73992323
15.06673915,23.42106771,-2.59442437
8.85320989,35.70192380,-4.02695666
-9.43950151,33.84203599,-3.52529923
-10.85837552,17.88455748,-0.03404652
-10.99307536,18.47210947,-1.50354812
14.93842037,21.74111171,-0.67357459
14.88465857,21.96943010,-2.50656410
9.61595267,35.23937217,-4.17633462
-10.07223381,33.00977470,-3.47826138
-10.39634408,16.90964595,-0.08566097
-10.57797110,17.49196085,-1.46217729
14.80437233,20.34877800,-0.63583579
14.80470441,20.54516448,-2.42225862
-10.84337693,32.12369523,-3.42740523
10.54669002,34.84931065,-4.34941367
-10.00643042,15.93525375,-0.06664300
-10.22141820,16.52877631,-1.36279279
14.77665342,18.96722985,-0.62346411
14.81529713,19.14598400,-2.34374136
10.94978868,33.74291359,-4.50327581
-10.90226086,30.85183086,-3.39322771
-9.14718498,15.77573136,-0.13248411
-9.38608555,16.30359937,-1.35360506
13.89757709,18.46079431,-0.69873400
14.08359994,18.53307715,-2.43399722
13.20239089,17.94353421,-0.81602600
13.46695373,17.93716476,-2.55225351
-8.37924238,15.60801209,-0.15926707
-8.63689939,16.07147831,-1.32739193
-7.68631539,15.45057237,-0.16176680
-7.95658654,15.85469605,-1.30162037
12.62407057,17.42061717,-0.95096889
12.91479116,17.36481678,-2.68043169
12.11139197,16.90553267,-1.09055495
12.39470209,16.82340361,-2.80675095
-7.05375251,15.29875823,-0.15432139
-7.33034578,15.65275293,-1.28754218
-10.99998313,29.57149817,-3.35974004
11.48842986,32.70082236,-4.65269914
11.27109703,16.46576408,-1.32154739
11.47740901,16.38089606,-3.02709372
-6.13225339,15.32936331,-0.16015282
-6.38638100,15.60256114,-1.32287026
10.44597950,16.06515162,-1.52932818
10.55070947,16.01293976,-3.19424833
-5.29177714,15.32825441,-0.17032158
-5.52377428,15.53759830,-1.37150859
9.61123191,15.68819476,-1.67928471
9.61261243,15.68570888,-3.28568512
-4.50684616,15.27828648,-0.19597009
-4.72226269,15.44301437,-1.43088266
-11.14338014,28.28813142,-3.32803151
12.19110345,31.74132188,-4.79715681
8.77468756,15.31063598,-1.74083169
8.68884632,15.36383386,-3.29194795
-3.76166808,15.15798740,-0.24087608
-3.96682655,15.30169899,-1.49910147
5.06195707,15.30532496,-1.09943622
5.89250248,15.37779455,-1.29220122
4.89548047,15.44708165,-2.57284536
5.72849420,15.50659462,-2.79485233
-0.90054103,15.33415597,-0.38439025
-0.18133725,15.34627449,-0.45970346
-1.09677477,15.47606670,-1.67409271
-0.37895191,15.51189495,-1.74137491
-1.56153205,15.43296770,-0.33681681
-1.76024900,15.55616847,-1.63097957
4.15657157,15.34289509,-0.95130247
3.98870988,15.50361152,-2.37165142
-2.25456923,15.43676937,-0.29714145
-2.45551798,15.54697182,-1.58948949
6.79611031,15.38703861,-1.50014842
6.63893345,15.49718233,-3.01660985
3.34577143,15.31867855,-0.84304434
3.17133168,15.49449491,-2.21098440
0.51479861,15.31901124,-0.53711845
0.31733035,15.50160350,-1.81351545
7.76281053,15.35498154,-1.67204552
7.62724093,15.44158515,-3.19937609
-2.98591990,15.34243461,-0.26556379
-3.18875908,15.45732110,-1.54696490
1.20054436,15.28796113,-0.61552745
1.00569388,15.47499629,-1.89406039
2.59811865,15.29019039,-0.76177465
2.41588203,15.47039148,-2.08589480
1.88778563,15.28745040,-0.69464300
1.69917045,15.46179811,-1.98765632
13.01511886,30.84003230,-4.93692133
-11.33983022,27.00859749,-3.29881355
0.57676829,37.77232676,-5.18464714
-0.40055294,37.87018852,-5.17948965
-1.38282467,37.64696295,-5.18930313
13.79780322,29.50612138,-4.95642669
-11.45258889,25.39066246,-3.15477818
-2.39828174,37.53900657,-5.20546368
1.55906002,37.80192009,-5.19156295
-3.47984856,37.53741344,-5.22283970
2.58720688,37.98116314,-5.17703893
-11.64776190,23.80658682,-3.01929849
14.44803334,28.07525787,-4.90010219
3.70426669,38.34048904,-5.11521913
-4.65804736,37.62403845,-5.23505348
4.78550017,38.15814126,-5.02916328
-5.73950419,37.17713738,-5.18817649
-11.91595388,22.24750209,-2.88525404
14.96392064,26.51877337,-4.73480479
-6.79559341,36.68406980,-5.12244794
5.86552490,37.98559701,-4.95362490
-12.24076891,20.69655943,-2.74745464
15.45273951,24.86761840,-4.46953151
6.90438832,37.71269563,-4.92296301
-7.78977484,36.06615232,-5.03571230
15.21770587,23.33862616,-4.36186245
-11.71977710,19.69119290,-2.71997707
7.92504096,37.30071894,-4.95223936
-8.76317384,35.30199081,-4.93226015
-9.29498893,34.60517053,-4.89215748
8.49917077,36.79415421,-5.03271886
15.08640793,21.84497900,-4.23689860
-11.26053413,18.67658407,-2.67146047
9.11322833,36.26928509,-5.13755977
-9.86687501,33.85044315,-4.85504404
15.04242681,20.39176147,-4.10391500
-10.86032192,17.64504016,-2.59394301
9.81176380,35.74860072,-5.28411115
-10.50902687,33.03841459,-4.82354430
-10.51331781,16.61395200,-2.48694048
15.07262805,18.98319883,-3.97041038
-11.25162358,32.16303774,-4.80076443
10.68105652,35.27699621,-5.48256603
14.38142870,18.29374485,-4.02392720
-9.68200327,16.30315834,-2.43919516
13.75851848,17.66400705,-4.08939116
-8.94007490,15.97846743,-2.39505676
-11.29979675,30.92070338,-4.74205525
11.05510201,34.06132276,-5.60414005
-8.26502315,15.67273242,-2.36898735
13.17622758,17.09030251,-4.15903741
12.61607933,16.56829975,-4.22427023
-7.63883007,15.39668683,-2.37219992
-6.66634142,15.26478261,-2.46116934
11.59619437,16.19064838,-4.35979566
11.56459809,32.90194739,-5.75513478
-11.37910759,29.67147392,-4.68569030
10.57039961,15.90357581,-4.44237909
-5.77438724,15.14935898,-2.57284864
-4.94757901,15.03496430,-2.68198351
9.54826237,15.64746790,-4.46599050
8.56300882,15.37799493,-4.43162401
-4.17187820,14.90436442,-2.77435178
-11.49633227,28.41973120,-4.63207787
12.22553738,31.81655644,-5.94645697
-1.94762516,15.19387350,-2.90703920
-1.27658269,15.13042904,-2.93616038
3.84871351,15.27546395,-3.58400879
4.75395218,15.26949280,-3.77257810
5.58335924,15.41042003,-3.97490050
-0.55501738,15.19634214,-2.98713880
6.48995168,15.46897554,-4.17198822
-2.65000723,15.16401453,-2.87440357
7.48116971,15.45254335,-4.33527596
-3.38922429,15.05973845,-2.83288415
0.14493391,15.20449996,-3.04546497
3.02598227,15.23523393,-3.42734151
2.26273552,15.19080706,-3.30180277
0.83820290,15.18472414,-3.11576997
1.53892544,15.16769953,-3.20318700
-11.65828682,27.17111071,-4.58102395
12.98287247,30.78766851,-6.17239967
-11.72957326,25.59137995,-4.42059123
13.69822819,29.34039194,-6.32876198
-11.87953961,24.03855855,-4.26270017
14.31302796,27.85071072,-6.37784141
1.03957930,37.88823556,-6.16466898
0.04097996,37.92155346,-6.18166482
-0.98018827,37.57769501,-6.18726107
-2.04647855,37.36917574,-6.21816721
2.03963985,37.98538404,-6.15962991
14.83756174,26.30230367,-6.26235896
-12.10111504,22.50346901,-4.11048545
-3.18663663,37.28647908,-6.26795349
3.08780530,38.22626584,-6.14952138
-4.43320889,37.31427275,-6.32657549
4.21568319,38.61639397,-6.12416259
5.25746153,38.37609755,-6.06315225
-5.61630474,36.82586496,-6.29748013
15.35044720,24.70586387,-6.00653355
-12.37903069,20.96705233,-3.97020845
6.27414620,38.10808785,-6.02404771
-6.80343625,36.32186390,-6.25384340
15.16935451,23.22062628,-5.86052139
-11.89110145,19.96844820,-3.87163822
-7.95229732,35.70993490,-6.18583464
7.25095411,37.74451935,-6.00610155
15.08702953,21.77134956,-5.70081342
-11.44773372,18.95015036,-3.77742336
-9.09060453,34.95260300,-6.10578502
8.23380986,37.28087407,-6.01165560
8.73963080,36.73349754,-6.04546437
-9.65653902,34.27685828,-6.07328360
-11.04921729,17.89928828,-3.68674594
15.08624331,20.36221274,-5.53553463
-10.25110915,33.54925781,-6.05598023
9.29252581,36.17391377,-6.10898286
-10.69463389,16.81743220,-3.60002733
15.15226286,18.99692533,-5.37233179
-10.89019398,32.76153350,-6.05949332
9.93856551,35.62094788,-6.23277235
14.45538491,18.27327400,-5.37142137
-9.85340489,16.42934279,-3.54534212
-9.10643989,16.00750159,-3.51692399
13.81759163,17.62857998,-5.38276834
-11.59217450,31.90192543,-6.08554803
10.75485601,35.10818647,-6.44068368
-8.42755955,15.60411757,-3.51787417
13.21839696,17.05519818,-5.39661408
-7.79860101,15.24446673,-3.54942897
12.64282464,16.54269844,-5.40415183
-11.63126681,30.71603448,-6.00194944
11.07369151,33.84133474,-6.52608658
-6.80776576,15.04906758,-3.66981305
11.56313843,16.19318467,-5.45216969
10.48899965,15.93644801,-5.45363062
-5.90193009,14.91456312,-3.80191655
11.50811050,32.62625717,-6.67775327
-11.69104743,29.52419718,-5.92638510
-5.06389831,14.80938589,-3.91619836
9.43374285,15.70290351,-5.42064493
-4.27675674,14.70595769,-3.99858193
8.42903797,15.44893802,-5.35909806
7.35839970,15.49580075,-5.27278911
-3.49485073,14.86601593,-4.04866101
6.38136025,15.47760877,-5.15006537
-2.75268578,14.97580099,-4.08016715
-2.04551917,15.00741059,-4.10336926
5.48658662,15.37699534,-5.00881597
-1.36968519,14.93799203,-4.12685236
4.66431403,15.18667285,-4.86379688
3.76294575,15.17081248,-4.72653042
-0.64913444,15.02113295,-4.17690389
2.93881324,15.11125951,-4.60224695
0.04983392,15.03904090,-4.23751409
0.74302811,15.02394366,-4.31080165
2.17211808,15.04780029,-4.49278563
1.44605235,15.00690421,-4.39839532
-11.77912498,28.33099721,-5.85800178
12.05619251,31.47255704,-6.90489863
-11.90264215,27.14162834,-5.79585302
12.66259027,30.36770537,-7.17984063
13.21343934,28.85661825,-7.40024354
-11.92687180,25.63745818,-5.62985954
13.73745142,27.37063634,-7.50671566
-12.02140912,24.15755916,-5.46673544
14.27728152,25.90305021,-7.43833863
-12.18312318,22.69100209,-5.31279333
0.56399093,37.53128628,-7.15243603
-0.48400484,37.07422641,-7.12842086
1.57082714,37.54864649,-7.14150336
-12.40134138,21.21577979,-5.18104707
14.88087083,24.43804064,-7.22102433
2.57454244,37.68433379,-7.15514383
-1.58884822,36.75867148,-7.14936690
-2.77677270,36.57921649,-7.21146459
3.61665812,37.94313942,-7.18462875
-4.06984194,36.52689441,-7.30517455
4.69716665,38.29362858,-7.22787588
-11.94894896,20.26345671,-5.03922668
14.77704276,23.06079118,-7.06392483
-5.33051491,35.99531890,-7.29833465
5.64005721,37.96198982,-7.19832941
6.54810035,37.59159017,-7.17323754
-6.63367293,35.49743793,-7.28802624
14.77345146,21.72029897,-6.90081677
-11.52984069,19.28503734,-4.91669761
7.43949260,37.15631592,-7.12890751
-7.94877946,34.93860166,-7.25333019
-11.14588020,18.26482567,-4.81654684
14.84783823,20.41599844,-6.73635781
8.37869696,36.66963025,-7.08366742
-9.27201656,34.23864835,-7.21201525
8.82452600,36.11949790,-7.07415904
-9.86332666,33.60481184,-7.20263391
14.98186038,19.14888712,-6.57702987
-10.79915338,17.19517783,-4.74159899
9.32592381,35.56502648,-7.10514100
-10.46331494,32.91726783,-7.22287299
14.27853503,18.40648803,-6.53686450
-9.94250112,16.78347229,-4.67728246
13.64808189,17.75667652,-6.51914474
-9.18540360,16.31696066,-4.66308168
-11.08016042,32.16523432,-7.28088052
9.92442180,35.01970331,-7.21372573
13.06459858,17.18682993,-6.50103715
-8.50127033,15.86471424,-4.68558264
-7.87271704,15.46034076,-4.73586196
12.51040128,16.68088450,-6.47268501
-11.72868733,31.34019632,-7.37791398
10.67916815,34.50445238,-7.42801198
11.43135913,16.33195372,-6.45904518
-6.87316796,15.23109143,-4.87193148
-5.96620295,15.07807789,-5.01098956
10.36819396,16.06854046,-6.40179293
-11.77033083,30.23935248,-7.28824921
10.93234277,33.25571377,-7.49658020
-5.12770451,14.95841790,-5.12321404
9.32867434,15.82348265,-6.32802823
-4.33654616,14.84292059,-5.19586896
8.33800434,15.55966847,-6.24770845
11.26040804,32.04663057,-7.65410071
-11.82350558,29.13364238,-7.21194963
-3.55739228,14.96846104,-5.24102745
7.29845690,15.55823143,-6.16942091
-2.81367947,15.04421621,-5.26650234
6.34341843,15.49939587,-6.07837787
5.46228851,15.36428623,-5.98492542
-2.10265078,15.04127111,-5.28521871
4.64512707,15.14227415,-5.89533565
-1.42214102,14.93540174,-5.30787725
-0.70207448,15.00710401,-5.35922870
3.74306013,15.12251136,-5.81353791
2.91181523,15.06105301,-5.73221229
-0.00229546,15.01211932,-5.42050701
2.13627425,14.99436126,-5.65086217
0.69388534,14.98253768,-5.49172133
1.40294481,14.94946811,-5.57146656
11.64468256,30.88001800,-7.89173567
-11.89608213,28.02728765,-7.14760590
-11.99575341,26.92426067,-7.09330880
12.05796983,29.75828012,-8.17681065
-11.99346189,25.52459917,-6.93246752
12.42595474,28.25254123,-8.43551002
12.84358985,26.82430135,-8.56949586
-12.04919201,24.14471592,-6.77803745
13.36807527,25.47132943,-8.51186826
-12.16303645,22.77232879,-6.63555867
14.04541260,24.17139705,-8.30609395
-12.33012371,21.38577947,-6.51751829
14.04588755,22.93694468,-8.16561529
-11.92665671,20.49921327,-6.35507124
1.11555305,36.76629492,-8.69079792
0.01288927,36.25016945,-8.62385885
2.13660656,36.79722796,-8.69335154
3.13073593,36.91873203,-8.73022240
-1.14537163,35.85260237,-8.60656796
-2.38300937,35.57235907,-8.64456177
4.11228795,37.11738553,-8.79490994
-11.55130007,19.58613998,-6.21706473
14.14617721,21.73574044,-8.01654183
-3.70584865,35.41107477,-8.73741087
5.06906735,37.35581922,-8.87541845
5.85099015,36.95415088,-8.82521101
-5.00463919,34.82810191,-8.72231822
-6.34480059,34.31428383,-8.73224896
6.60739094,36.53715921,-8.76097488
-11.20546476,18.63201460,-6.10726092
14.32017487,20.56296588,-7.86915110
7.38777992,36.11060427,-8.66165786
-7.72592086,33.80210889,-8.72924084
-10.89217036,17.62738857,-6.02845086
14.54836296,19.41879706,-7.73268233
-9.13941662,33.17409067,-8.73116199
8.27697914,35.68725843,-8.56311258
8.68181725,35.19510401,-8.53490630
-9.71118775,32.58579685,-8.76465443
13.86529598,18.66551935,-7.66518621
-10.02969402,17.25305215,-5.94196785
13.27827626,18.01247289,-7.62866206
-9.26559475,16.80183262,-5.92720383
-10.27812148,31.93686995,-8.84413723
9.15220099,34.69973256,-8.55571537
12.75001356,17.44310090,-7.59042228
-8.57761798,16.35060651,-5.95577422
-7.95083770,15.93549593,-6.00863067
12.25671620,16.93831268,-7.53964553
-10.84833673,31.21707971,-8.98222975
9.71930622,34.20502506,-8.65615839
-6.94115613,15.67858823,-6.14050583
11.24583245,16.56758322,-7.48693633
10.25303238,16.28091149,-7.39128940
-6.03354146,15.49034286,-6.26592240
10.42003490,33.72370564,-8.85897941
-11.44866359,30.42787449,-9.17477329
9.27327581,16.01483493,-7.29013288
-5.19677833,15.33118443,-6.36268730
-4.40615190,15.17838342,-6.42255706
8.32379595,15.73658359,-7.19686768
10.62765228,32.56153380,-8.95811791
-11.52537103,29.42924276,-9.09675768
-3.63378358,15.24259502,-6.46691681
7.32833270,15.68270914,-7.12564180
-2.89243527,15.26333841,-6.49415939
6.39762462,15.58555101,-7.05852957
5.52614069,15.42540148,-7.00242554
-2.17964229,15.21250619,-6.51588423
-1.49345953,15.06596933,-6.54278451
4.70681106,15.18949669,-6.96020104
3.79148934,15.17412242,-6.92803100
-0.76819527,15.11689264,-6.59303555
2.93831458,15.11871303,-6.88810858
-0.05854993,15.10450383,-6.64984184
0.65225581,15.05908340,-6.71203571
2.13794162,15.05516815,-6.83673073
-11.60869404,28.42585952,-9.03316640
10.89086702,31.42992758,-9.17996127
1.38149277,15.00948785,-6.77744313
11.20196276,30.33933494,-9.47876678
-11.70651427,27.42130683,-8.98055109
11.55711062,29.29926483,-9.77406489
-11.82585818,26.41873541,-8.93591402
-11.83594672,25.13796053,-8.77118214
11.89510063,27.88071618,-10.00363881
-11.88714905,23.86934805,-8.61390844
12.31160379,26.54734855,-10.08237516
12.80926737,25.29338072,-9.98199446
-11.98245225,22.60371992,-8.46850527
-12.12242077,21.32858487,-8.34452516
13.43005794,24.10429607,-9.74239905
-11.77272317,20.50265567,-8.17414011
13.47057171,22.98888001,-9.59967236
13.60367784,21.90401045,-9.44579597
-11.45668341,19.66268358,-8.02411442
13.81546283,20.84384615,-9.30129410
-11.17278464,18.79917567,-7.89648934
14.09338066,19.80753887,-9.18327005
-10.92134689,17.90602243,-7.79368277
-10.09335775,17.62677703,-7.65185995
13.40747184,19.04679951,-9.04428450
12.86825114,18.37655025,-8.95128300
-9.35301817,17.26115728,-7.59636546
-8.68460936,16.86882451,-7.59086343
12.40635439,17.78679165,-8.86378040
11.98557110,17.26309416,-8.76911043
-8.07674695,16.48050388,-7.60960187
11.07972729,16.83268188,-8.65142579
-7.07251855,16.19151663,-7.68440701
-6.17265804,15.94202640,-7.74484114
10.19004283,16.51076561,-8.50017733
9.29990965,16.22589694,-8.35608872
-5.34114930,15.71718500,-7.78195767
8.41486620,15.93855983,-8.23292834
-4.55387445,15.50625778,-7.79942400
7.47680687,15.83492915,-8.14881289
-3.79062502,15.48719334,-7.82511368
6.57212388,15.69734971,-8.08276334
-3.05307022,15.43890566,-7.84370080
5.70387027,15.51005653,-8.04002674
-2.33702575,15.33432092,-7.86011589
4.87035424,15.26047466,-8.02102114
-1.63855118,15.15039912,-7.87902323
-0.89328325,15.18054484,-7.90657885
3.92330730,15.23868792,-8.01922496
-0.15381879,15.15742205,-7.93166370
3.02564863,15.17960425,-8.01442530
0.59515271,15.10713638,-7.95641031
2.17551564,15.11037134,-8.00076356
1.37002066,15.05498391,-7.98057185
-1.58485966,35.97564606,-0.19422304
-2.34442183,35.89981369,-0.24432820
-0.70530522,35.85642652,-0.16937749
0.33240525,35.75108825,-0.13948931
-3.05493251,35.85981918,-0.28248550
1.53242639,35.68278090,-0.12261521
-3.75746716,35.85844285,-0.31060336
-4.48858378,35.89517035,-0.33015728
2.85087204,35.70352725,-0.14473999
4.11109946,35.35633616,-0.20598757
-5.13525781,35.46665509,-0.31120167
5.31045168,35.10055290,-0.28497997
-5.79876766,35.04051243,-0.27512923
-6.48612350,34.59208814,-0.21653810
6.40341919,34.86218800,-0.34465086
7.40753613,34.59352590,-0.37572308
-7.20525425,34.08709271,-0.12645656
8.11214983,34.24707701,-0.44908005
-7.73931685,33.52198535,-0.08509477
-8.33722915,32.88814382,-0.01137497
8.89193415,33.92622609,-0.48657099
9.83695854,33.69189020,-0.46462586
-9.05588777,32.17352116,0.09676829
11.01438187,33.59945522,-0.39166896
-10.00246244,31.38030423,0.22985776
-10.13870146,30.13971941,0.31271241
11.49826879,32.67967754,-0.40703707
12.04081812,31.78425064,-0.43003050
-10.32199553,28.87552902,0.39119285
12.62612473,30.91134728,-0.47117341
-10.55999197,27.58747030,0.45432707
-10.85469149,26.27795404,0.48955322
13.23177433,30.04838407,-0.52848130
13.89769405,28.81464974,-0.34561761
-11.13459704,24.59862234,0.69593997
-11.48594750,22.89884789,0.86186753
14.55345452,27.46008120,-0.17362370
15.24647932,25.94918992,-0.02458994
-11.89457490,21.18481857,1.00213377
16.09708140,24.30406329,0.09971587
-12.34505655,19.45922635,1.13049433
-11.60460542,18.38708774,1.02300721
15.71220055,22.81818573,0.21023696
15.43460183,21.37375380,0.27720436
-10.98408378,17.34500058,0.88666117
-10.46948069,16.30778635,0.78087982
15.25478411,19.96137348,0.30107359
-10.04141196,15.27392197,0.72953134
15.16892610,18.57183572,0.28455389
14.20265311,18.07105022,0.21939086
-9.15404043,15.10283479,0.61922294
-8.36726948,14.94579032,0.55012604
13.41198099,17.57824474,0.11022998
-7.66139701,14.81695536,0.51376973
12.75079736,17.08118273,-0.01908885
12.17413732,16.58641356,-0.15073373
-7.01880689,14.70244629,0.49457039
11.28958423,16.15649177,-0.34258119
-6.09812998,14.79705336,0.46980235
10.45841108,15.74950269,-0.51068458
-5.25657164,14.84897207,0.44399044
-4.46794402,14.83727969,0.40390109
9.64055699,15.35825857,-0.63708884
-3.71756593,14.74190223,0.34693560
8.83020783,14.95774207,-0.69707318
-0.83249170,14.95069547,0.20254763
-1.49887949,15.05287992,0.24960577
5.15976657,14.88071579,-0.25114539
4.25363606,14.92173201,-0.17581767
5.98727004,14.95822374,-0.37290493
-0.10453232,14.95600399,0.13247013
3.44185437,14.90316279,-0.12530610
0.59902338,14.92284484,0.06421592
1.29013435,14.88977852,0.00086378
2.69289990,14.88347619,-0.08858059
1.98016244,14.89264024,-0.05472183
-2.19755219,15.05582907,0.28990180
6.88495736,14.98131690,-0.51258686
-2.93518548,14.95081726,0.32216431
7.83953014,14.97391608,-0.63809580
1.46480242,36.27011719,-10.08399562
0.29485211,35.74651271,-10.04074727
2.50947438,36.29129745,-10.04372607
-0.92517567,35.31825969,-10.02619345
3.49440834,36.38709920,-10.04684567
4.42847099,36.53901194,-10.08888582
-2.20344248,34.98809841,-10.04363415
-3.54179876,34.77060530,-10.11801539
5.31486331,36.72080944,-10.15780608
-4.84886043,34.15290092,-10.07927041
6.02052670,36.30714426,-10.08978159
6.71442354,35.89718836,-10.02566725
-6.17650904,33.61143861,-10.09612280
7.44965846,35.50444960,-9.94408584
-7.53306783,33.08844634,-10.11049014
8.31740724,35.14421271,-9.87582750
-8.93070100,32.46724669,-10.13508622
8.71593367,34.70632592,-9.88178807
-9.48907386,31.89565254,-10.18563022
-10.05937395,31.26809546,-10.27647432
9.19133387,34.26947390,-9.94000380
-10.65920350,30.58288718,-10.40494401
9.77232225,33.83825875,-10.06322074
10.48795669,33.42724445,-10.24721154
-11.31964335,29.85473537,-10.54770465
10.71955504,32.35094178,-10.34753484
-11.43251134,28.89266298,-10.45415698
11.01556718,31.30174894,-10.51673883
-11.55372489,27.93219535,-10.37074279
11.37189638,30.28714673,-10.71112170
-11.68850040,26.97582900,-10.29510226
-11.84221284,26.02601514,-10.22547229
11.78109075,29.31362768,-10.89193745
-11.86720400,24.78875889,-10.06102197
12.16221128,27.94141680,-11.02669265
-11.92464835,23.56750671,-9.90365472
12.60020669,26.63593059,-11.06120000
13.10352219,25.39273036,-10.97807569
-12.01748416,22.35657921,-9.75534869
-12.14738207,21.14962696,-9.62033671
13.71251080,24.20079198,-10.80476850
-11.80877584,20.32621596,-9.47513407
13.74560259,23.10788966,-10.67162357
13.86174125,22.04275509,-10.53330900
-11.50972435,19.50063851,-9.34225664
-11.24833458,18.66781915,-9.22238469
14.05328479,21.00380019,-10.40732961
-11.02304754,17.82382893,-9.11579702
14.31124450,19.99264376,-10.30613314
13.55253717,19.21591892,-10.07825357
-10.21640021,17.54589129,-8.97026029
-9.49884760,17.21404436,-8.87993321
12.96552167,18.52765156,-9.89657644
12.47616572,17.91718291,-9.73524300
-8.84977484,16.85662734,-8.82641707
12.04155568,17.37291100,-9.58138059
-8.25544902,16.49395624,-8.79003090
11.12748510,16.89428513,-9.38119174
-7.24521696,16.20895556,-8.75775908
10.24687782,16.54157951,-9.18177374
-6.33179379,15.94699923,-8.71364662
9.37649695,16.23898736,-9.00941404
-5.48539381,15.70060901,-8.66455380
-4.68584984,15.46292135,-8.61978707
8.51150311,15.94057217,-8.86903916
7.59726897,15.80499862,-8.77524930
-3.91732440,15.39581373,-8.60871376
-3.17377613,15.30456639,-8.60487646
6.70322598,15.63744717,-8.70130688
5.83324252,15.42221416,-8.65415888
-2.44860479,15.16526311,-8.60621371
-1.73551849,14.95849029,-8.61213696
4.98763736,15.14863781,-8.63546260
4.02020630,15.10821160,-8.63478103
-0.97107121,14.98164708,-8.62150557
3.09501482,15.03423676,-8.63696983
-0.20679202,14.96165348,-8.62604917
0.57098355,14.92048875,-8.62928987
2.21420015,14.95106562,-8.63602059
1.37726611,14.87936364,-8.63317882
