-1.86644490,10.01694533,1.96999333
-3.02927564,10.15671553,2.00595069
-1.88597592,9.95411284,2.06364280
-3.05728663,10.09676561,2.10094788
-4.17717422,10.36548132,2.01610610
-4.21320267,10.31398248,2.11467688
-5.31192290,10.57708112,2.00217871
-5.35434633,10.53583973,2.10438923
-6.43197627,10.74350617,1.98579507
-6.47911858,10.71442025,2.09184572
-4.91528286,37.77232304,-1.22853953
-3.17192827,37.43848830,-1.01206165
-4.94453226,37.79440586,-1.15439970
-3.19404302,37.47120498,-0.93457019
-1.70422188,37.03018253,-0.75187649
-1.72524858,37.06844076,-0.66864449
-0.49849247,36.60840210,-0.46036052
-0.52097349,36.64513727,-0.36926245
0.50284197,36.21362635,-0.16432397
0.47927690,36.24805903,-0.06567666
-7.26793161,11.09516598,1.98403278
-7.32082734,11.07058222,2.09289074
-8.10592169,11.39062123,1.98189592
-8.16718397,11.37034060,2.09337205
-8.96790487,11.65667235,1.97731503
-9.04166223,11.63984257,2.09038505
-9.88087080,11.93163782,1.96187361
-9.97312153,11.91257057,2.07425529
-12.75775377,37.63253766,-1.31481684
-10.75051889,37.71631899,-1.38795050
-12.81846012,37.62645309,-1.23340411
-10.81232808,37.71162361,-1.30333489
-8.68254895,37.74655524,-1.44599725
-8.73681134,37.74559822,-1.36442388
-6.71004771,37.78006842,-1.38721861
-6.75038107,37.79075730,-1.31272673
-10.68496217,12.53705032,1.89464937
-10.79566901,12.51624208,2.00794651
-11.62721464,13.20782487,1.74164536
-11.75360413,13.18588464,1.85438718
-12.79346501,14.03124484,1.42543161
-12.91839394,14.00444361,1.53904177
-14.43132105,14.89937906,0.84740143
-14.50530675,14.87246671,0.97364028
-16.05485884,15.79924948,0.13755884
-16.06974820,15.77475398,0.27966777
-17.81090564,16.92198425,-0.60203422
-17.82683244,16.88747687,-0.46166989
-19.41387291,18.25382893,-1.19644950
-19.42598253,18.20538563,-1.06034119
-20.97255921,19.73856171,-1.70778628
-20.97824185,19.67283646,-1.57517084
-17.88437171,36.00408341,-1.73065064
-16.76036387,36.57605205,-1.55492875
-17.93970367,35.98956705,-1.66093243
-16.81492915,36.56178377,-1.48129571
-15.53341109,37.04910536,-1.42153979
-15.58927407,37.03686465,-1.34528311
-14.19417373,37.41026828,-1.34140992
-14.25202615,37.40076444,-1.26269344
-22.14152958,22.06859199,-2.15863328
-22.17341425,22.00692315,-2.03302651
-22.65799709,24.10102997,-2.32476612
-22.71195349,24.05152024,-2.19649036
-22.72222003,25.70741832,-2.38624064
-22.78769329,25.67745530,-2.26184143
-22.55262810,26.98946743,-2.40904320
-22.62556773,26.97363436,-2.29430623
-21.74725297,28.25988461,-2.48427924
-21.81967585,28.26413457,-2.38696522
-21.06859826,29.53934026,-2.49292096
-21.13926687,29.54509241,-2.41385360
-20.53470825,30.90489050,-2.45436487
-20.60329924,30.90529932,-2.38845713
-20.05962157,32.32289009,-2.38187212
-20.12531984,32.31525476,-2.32302292
-19.63528978,33.40146373,-2.25141601
-19.69858351,33.38907966,-2.19182169
-19.13054734,34.38635769,-2.09314582
-19.19315296,34.37151435,-2.03114920
-18.53715743,35.25380354,-1.91698317
-18.59659979,35.23823719,-1.85139197
-1.85140943,10.05602818,1.87297302
-3.01240210,10.18830676,1.90561181
-4.16025211,10.38270969,1.91319883
-5.29341848,10.58859237,1.89791640
-6.41504836,10.74404985,1.88057498
-4.88673787,37.74515499,-1.29699261
-3.15145082,37.40065640,-1.08499937
-1.68576653,36.98729680,-0.83041085
-0.47865979,36.56663075,-0.54664629
0.52465993,36.17509388,-0.25862743
-7.24591079,11.07833522,1.87664692
-8.07354271,11.36724979,1.87405287
-8.92252853,11.62933386,1.86814134
-9.81997271,11.89076073,1.84771922
-12.69931656,37.63569798,-1.39303766
-10.68941047,37.71483313,-1.46850733
-8.63100989,37.74162970,-1.52361204
-6.67236874,37.76521577,-1.45644733
-10.60698119,12.49198280,1.78284033
-11.52624673,13.18693621,1.63549374
-12.69105789,13.99880130,1.32595867
-14.36222335,14.88105667,0.73827068
-16.02716329,15.78915706,0.01792180
-17.76072152,16.89742727,-0.71052432
-19.37859070,18.25192629,-1.30904852
-20.91555125,19.72140413,-1.80639809
-17.82273611,36.01024631,-1.79635664
-16.70716283,36.58503730,-1.62448906
-15.47508515,37.05675354,-1.49484077
-14.13768439,37.41363054,-1.41671646
-22.08882653,22.05479148,-2.26441066
-22.59339168,24.10980727,-2.44860404
-22.64564969,25.71907984,-2.51050444
-22.46637695,26.98715106,-2.51970076
-21.67946198,28.24015240,-2.57042091
-20.99287494,29.52395434,-2.56380623
-20.45907886,30.90519491,-2.51540546
-19.99139037,32.32733584,-2.43622913
-19.56632535,33.41107538,-2.30503423
-19.06197807,34.39977820,-2.15139381
-18.47352635,35.26440881,-1.97847012
-0.66688944,9.94043959,2.06917473
-0.65356302,10.00094633,1.97391317
0.65030511,10.03211002,2.12514585
0.65968916,10.08194832,2.02726627
2.12327382,10.20034295,2.28149905
2.12908538,10.23213614,2.18195691
3.78941618,10.40864747,2.55461400
3.79327224,10.41976339,2.45391949
3.99473589,34.37335468,0.85832905
3.07099507,34.78851051,0.68309881
4.00567757,34.34352709,0.74669348
3.08525427,34.75689186,0.57148073
2.21708145,35.25257557,0.46941420
2.23536098,35.21862943,0.35993040
1.37361530,35.73939254,0.21807123
1.39558172,35.70577929,0.11292565
5.34853245,10.84747057,2.84191263
5.35890117,10.85004402,2.74047545
6.96032135,11.22557121,3.10032260
6.98143305,11.22027086,2.99585371
8.55340450,11.51409873,3.29599044
8.58560718,11.50095335,3.18501015
10.03910793,11.73491110,3.42763997
10.07570847,11.71797527,3.30901536
9.41131243,31.61200433,1.25444258
7.71564237,32.18901746,1.20246880
9.42455080,31.56745589,1.15657204
7.73025252,32.15146313,1.09888120
6.21672199,32.82634748,1.13423765
6.22918019,32.79267301,1.02635369
4.99031141,33.56132509,1.01862331
5.00052604,33.52978156,0.90866003
11.21254018,12.14430207,3.46151540
11.24453060,12.12142491,3.33231358
12.21411167,12.50500247,3.41675705
12.23917550,12.47036918,3.28145847
13.06718715,12.86766877,3.31557129
13.08867397,12.82114509,3.18103666
13.85445322,13.19768984,3.20212022
13.87928879,13.14098041,3.07490453
14.30537207,13.57979103,3.10275116
14.33641391,13.52058055,2.97893104
14.78404989,13.99190957,3.01507363
14.82253210,13.93957077,2.89085972
15.30859359,14.42674684,2.94152189
15.35808877,14.38636999,2.81439743
15.91733266,14.92899878,2.86312007
15.98267887,14.89945650,2.73071563
14.56721734,29.35402812,1.49606105
13.37588487,29.88266049,1.40112159
14.57069332,29.32297760,1.41335061
13.38017199,29.84666673,1.31743193
12.11831828,30.45464991,1.32238087
12.12354021,30.41192711,1.23591252
10.78249269,31.04156661,1.27083841
10.79163370,30.99621102,1.17891277
16.14110709,16.13057095,2.70758565
16.19907938,16.11269731,2.57097661
16.47240986,17.35231502,2.59068058
16.51917991,17.34183597,2.45673946
16.83687017,18.62198845,2.51378065
16.87412919,18.60743994,2.38934594
17.21825668,19.93645821,2.48849577
17.24595763,19.91751833,2.37235789
16.86285803,21.39465685,2.36806450
16.88143349,21.37254226,2.26003630
16.59637544,22.81882968,2.20362645
16.60594486,22.79245242,2.10196408
16.37631225,24.16414437,1.97922358
16.37678686,24.13171230,1.88221086
16.16468562,25.45996923,1.72295747
16.15870304,25.42645051,1.63141467
15.84519251,26.42944303,1.60907962
15.83820793,26.39627010,1.51984518
15.47771198,27.38651046,1.53774543
15.46882381,27.35308251,1.45075414
15.04990651,28.35071407,1.50049564
15.04517766,28.31896322,1.41570864
-0.64074207,10.02977794,1.87566748
0.67369388,10.09345334,1.92740369
2.14699529,10.23012423,2.08522346
3.81901759,10.39976745,2.35838609
4.01818868,34.31072644,0.64077371
3.10079312,34.72125644,0.46466375
2.25414780,35.18007042,0.25511865
1.41699551,35.66787873,0.01200317
5.38451544,10.80913647,2.64136255
7.01136192,11.16937289,2.89501225
8.62152471,11.44175385,3.08124211
10.11926336,11.64195656,3.19629286
9.43804258,31.52422834,1.06303508
7.74517612,32.10770715,1.00126053
6.24493396,32.75619201,0.92175193
5.01380518,33.49966458,0.80312776
11.28969076,12.03771953,3.21158138
12.27284799,12.39852116,3.15949876
13.12298613,12.73235562,3.06685298
13.91306676,13.05312029,2.96333026
14.37597699,13.44116176,2.86890392
14.86946033,13.85748525,2.78070910
15.41798644,14.31893057,2.69719888
16.04126091,14.83595804,2.61446602
14.55243039,29.27235189,1.33281418
13.37706227,29.80481713,1.23852342
12.12142096,30.36492796,1.15306355
10.79796077,30.94219084,1.09210445
16.25927429,16.06215860,2.45280974
16.56916989,17.31310539,2.33085166
16.91191233,18.58809735,2.26929056
17.25629509,19.88693753,2.26147365
16.89660774,21.34171427,2.16089620
16.59997984,22.75764693,2.00711522
16.36534452,24.10026733,1.78772474
16.14518391,25.39080675,1.54429510
15.81492952,26.35804075,1.43638659
15.44542086,27.31589169,1.36673160
15.02683648,28.27969968,1.33458816
-0.02986167,10.76532062,-4.73023558
-1.16414331,11.11242449,-4.83927986
-0.05243819,10.82700233,-4.60841215
-1.17969593,11.17224607,-4.71920777
-2.16844789,11.41164431,-4.94331672
-2.17996588,11.45826442,-4.82798996
-3.09244872,11.65606519,-5.04706935
-3.10477184,11.67756353,-4.93687939
-3.99439589,11.83253007,-5.15690249
-4.01290297,11.81924384,-5.05001927
1.26752548,10.77087822,-4.48063449
1.29661771,10.70857261,-4.59709985
2.74291882,10.63755520,-4.31326024
2.77797806,10.58553445,-4.42264748
4.39516839,10.40090342,-4.07774985
4.43514398,10.37418462,-4.18142680
6.19142979,10.06856868,-3.74144596
6.23332287,10.08585244,-3.83900062
2.48800214,37.29105311,-6.55251880
1.12581090,37.25471031,-6.58089531
2.46390791,37.28031515,-6.46196291
1.10643172,37.24338004,-6.49017338
-0.32973428,37.34438294,-6.59452845
-0.34553401,37.33483920,-6.50484282
-1.83209450,37.46157473,-6.65190490
-1.84616608,37.45687813,-6.56420227
-3.38810640,37.59788613,-6.80427874
-3.40015246,37.59854852,-6.71717328
3.79269965,36.93167007,-6.36892955
3.82182652,36.94796044,-6.45978229
5.11671645,36.68228712,-6.22489593
5.15157590,36.70099413,-6.31555571
6.41475193,36.46119880,-6.03405210
6.45446901,36.47813523,-6.12490831
7.71048763,36.28310630,-5.80206815
7.75485015,36.29546594,-5.89313129
-4.57518132,12.90228319,-5.42790635
-4.60034938,12.87260114,-5.31439707
-5.23838959,13.79029276,-5.74166311
-5.25871032,13.75741104,-5.62182730
-6.06954000,14.54537903,-6.09318986
-6.07407843,14.50881661,-5.96816223
-7.12742923,15.27864890,-6.49344370
-7.11071876,15.22699605,-6.36616069
7.76988644,10.68468048,-3.42394294
7.81029323,10.73607123,-3.52058081
9.24018413,11.13126857,-3.15993752
9.27666087,11.21040356,-3.26271983
10.65983808,11.42473437,-2.97737264
10.69252255,11.52994779,-3.09758754
12.09426357,11.65650701,-2.95830198
12.12718754,11.78878529,-3.11076296
-5.03902181,37.41918642,-7.04336025
-5.04711693,37.41747779,-6.95499127
-6.69625728,37.24793846,-7.35077156
-6.70424282,37.24809234,-7.26176027
-8.26360574,36.97072505,-7.64416213
-8.27482860,36.97264822,-7.55636187
-10.01783798,36.62917719,-7.93583667
-10.02892820,36.62702639,-7.85162266
9.04899026,35.73723515,-5.46029491
9.09948964,35.75246254,-5.55037576
10.38866037,35.27393249,-5.10453523
10.44184430,35.28594987,-5.19286423
11.65385404,34.76992273,-4.77775903
11.70631840,34.77722798,-4.86457207
13.07475619,34.24600880,-4.47218909
13.12899380,34.25310040,-4.55868603
-8.34608082,16.50189619,-7.01622894
-8.30562536,16.43476700,-6.90054006
-9.73484571,17.84663646,-7.44172734
-9.68215042,17.76753102,-7.35050884
-11.17322712,19.34078649,-7.68037738
-11.12214568,19.24361484,-7.60874812
-12.58727000,20.95221485,-7.79537435
-12.54869731,20.83890937,-7.72915451
13.45942549,12.55665806,-3.33332491
13.49193130,12.70935687,-3.50689456
14.81906725,13.53476049,-3.67783694
14.85418824,13.65483513,-3.82897015
16.04230993,14.53518458,-3.86227619
16.07556767,14.62065882,-4.00087741
17.15318121,15.43616367,-4.01363798
17.18702769,15.49702578,-4.14822966
-13.65680203,35.33558377,-8.45730267
-12.72674174,35.62974176,-8.32750299
-13.69578964,35.32408069,-8.38357587
-12.75759386,35.62172404,-8.25138334
-11.80036337,35.96627536,-8.19770687
-11.82296579,35.96110429,-8.11861547
-10.88996883,36.30915083,-8.06784000
-10.90553310,36.30554095,-7.98611930
16.12886146,32.33057731,-4.09326423
15.27420931,32.79461664,-4.14428919
16.15695817,32.33785654,-4.18737091
15.31299735,32.80193825,-4.23529365
14.49268934,33.29382137,-4.22567957
14.53929506,33.30059881,-4.31399187
13.76175548,33.78716582,-4.33830699
13.81389715,33.79435949,-4.42496700
-13.20062775,22.27944072,-7.86819552
-13.17448836,22.15945271,-7.79866788
-13.86920636,23.51241256,-7.99277050
-13.85311079,23.38837238,-7.92016003
-14.66236960,24.66564546,-8.14881196
-14.65112688,24.53988340,-8.07623492
-15.67975632,25.75439955,-8.31251937
-15.66977782,25.62946087,-8.24035451
17.40182856,16.38766879,-4.13647330
17.43632858,16.43949441,-4.26157316
17.74028949,17.19180000,-4.23580319
17.78135854,17.23974170,-4.34707325
18.24402684,17.87610848,-4.28368798
18.29334063,17.92565388,-4.38065062
19.01107137,18.44745040,-4.26680481
19.06454950,18.50661163,-4.35117642
-15.82266812,27.23397357,-8.35390075
-15.80406908,27.12053686,-8.27470946
-15.99308688,28.54510320,-8.43864977
-15.96753601,28.45251976,-8.34536148
-16.17579765,29.63657950,-8.58111351
-16.14273066,29.57502641,-8.48066332
-16.38305048,30.52732665,-8.72210942
-16.34282184,30.48737356,-8.62355234
18.44779830,20.09882371,-4.21930511
18.53864904,20.14501137,-4.29444879
18.29370068,21.45239936,-4.12928358
18.40145696,21.50218772,-4.20170183
18.38031632,22.62473285,-4.03062409
18.49391835,22.68209777,-4.10512150
18.59345629,23.70406814,-3.95600601
18.71410113,23.76815917,-4.03329238
-16.11048451,31.33851700,-8.79725489
-16.07599065,31.31131594,-8.70556967
-15.92207450,32.04371321,-8.82165909
-15.89589111,32.01871319,-8.73504551
-15.71960202,32.69255662,-8.81098142
-15.70604797,32.66612545,-8.72781215
-15.45830056,33.34969396,-8.77012578
-15.45783769,33.31914602,-8.69073877
18.25128910,25.03259979,-3.94559708
18.36477689,25.10681702,-4.02647467
18.02791570,26.25440490,-3.98730572
18.13748960,26.33426609,-4.06892294
17.82686587,27.42699653,-4.04736350
17.92947277,27.50967457,-4.12959412
17.60450397,28.64635645,-4.08839545
17.69473000,28.72744426,-4.17162364
-15.07823938,33.82842263,-8.70285945
-15.09077356,33.79720386,-8.62630781
-14.66163738,34.33986150,-8.62467060
-14.68573903,34.31263594,-8.55015868
-14.18587459,34.84729568,-8.54273848
-14.21947803,34.82799983,-8.46903223
17.24590332,29.56673272,-4.10077918
17.32039825,29.64105572,-4.18577934
16.90017507,30.54516723,-4.08988389
16.95727955,30.60109723,-4.17824409
16.53353661,31.48694547,-4.08067411
16.57379122,31.51690319,-4.17292568
7.71165841,36.23153389,-5.72448229
9.00182603,35.71929592,-5.38522015
10.31714258,35.22861272,-5.02916000
11.64881934,34.74224113,-4.69505352
12.99485188,34.24961507,-4.40992718
6.13106912,10.25817810,-3.69483986
7.69439208,10.75527269,-3.38195259
9.15282967,11.13591945,-3.11258470
10.54690862,11.42123631,-2.92352543
11.93337581,11.67755364,-2.88750958
16.15930700,32.29391542,-4.03031238
15.30048418,32.78155484,-4.07011318
14.49899229,33.26726538,-4.14719433
13.73491565,33.75638799,-4.26175610
17.00497872,15.39924744,-3.90315725
17.30285132,16.32906333,-4.02217406
17.64793148,17.12831712,-4.13077200
18.08435946,17.83303998,-4.19631474
18.64628333,18.45454583,-4.20879252
18.19153646,20.12289209,-4.16100210
18.08047714,21.44408730,-4.06957651
18.16355504,22.59249726,-3.96850682
18.34495616,23.68895952,-3.89271716
-15.36771208,25.41596035,-8.14831252
-15.63686210,27.00425060,-8.19448828
-15.84111910,28.35396963,-8.25701441
-16.01378357,29.49270147,-8.38435052
-16.18850043,30.44428190,-8.53248669
18.07267105,24.93187564,-3.87579475
17.84951615,26.14214338,-3.92035849
17.66655568,27.30183596,-3.98428532
17.51622684,28.39896170,-4.02417578
-15.98080779,31.25007991,-8.61515889
-15.80623231,31.96108870,-8.65117310
-15.63677526,32.60455232,-8.65229132
-15.45768782,33.19480762,-8.62990916
17.13730601,29.45318299,-4.03722431
16.79593834,30.45819524,-4.02330433
16.47530810,31.40847767,-4.01092237
-15.06675390,33.74252450,-8.56103030
-14.66055867,34.26977226,-8.48465879
-14.22933424,34.78449833,-8.40981994
-13.77104937,35.29805783,-8.34297945
2.44686145,37.22796585,-6.39052125
3.77895291,36.91423978,-6.29182682
5.08604016,36.64404174,-6.14933360
6.38936207,36.41659755,-5.95903441
-0.03175153,11.10839634,-4.53956647
1.26447703,11.02716110,-4.40784327
2.72535753,10.86124982,-4.24112000
4.36529513,10.60203406,-4.01228692
-1.14660859,11.41904383,-4.65688310
-2.14696197,11.66752596,-4.77094196
-3.07095463,11.86686081,-4.88710655
-3.96479879,12.00326468,-5.01058098
1.07855862,37.23389246,-6.41437204
-0.35425768,37.30434027,-6.43138896
-1.86527472,37.42710644,-6.49487178
-3.45032051,37.57207756,-6.65739842
-5.04711727,37.41107545,-6.88013360
-6.68596219,37.22088240,-7.17863787
-8.33758725,36.96274504,-7.49176526
-9.99545261,36.63429559,-7.77679124
-4.57513951,12.94141508,-5.25101216
-5.23617488,13.76509590,-5.53720640
-6.02265984,14.50000596,-5.87004487
-7.00010242,15.21585812,-6.26236574
13.24973981,12.61146743,-3.23642778
14.58327207,13.61592247,-3.58715234
15.85124746,14.56035475,-3.76455442
-8.13570528,16.43173763,-6.80198560
-9.48257451,17.75730464,-7.26870535
-10.94704072,19.17184585,-7.54366656
-12.40237926,20.68739005,-7.67083267
-13.07894617,21.99331039,-7.73301873
-13.77358980,23.21809327,-7.84745686
-14.52683792,24.36079389,-7.99772157
-12.83990508,35.61088551,-8.19978306
-11.89550844,35.94406163,-8.06040253
-10.94362149,36.28824812,-7.92033794
3.95069354,10.39072574,1.72712316
2.27536885,10.14577918,1.45285906
4.30728148,10.06879871,1.02019666
2.63385019,9.90833388,0.75982582
-6.13539178,10.94190980,0.40501878
-5.05642616,10.64153223,0.47948184
-6.20264698,10.91465648,1.19381277
-5.15647059,10.62194741,1.23474575
5.51606641,10.72404797,1.99606188
5.84431121,10.34252445,1.26692848
-7.01127856,11.30943027,0.31606181
-7.03020022,11.24650998,1.15069292
-7.88459468,11.64242021,0.20363534
-7.83994212,11.53587037,1.10568637
7.14700451,11.00041204,2.22382928
7.42355415,10.55687186,1.46662369
0.76937059,9.94416819,1.28835753
1.08411947,9.77661993,0.58872769
-3.95863871,10.31763733,0.51636674
-4.08146046,10.30780069,1.25443609
8.72070807,11.32468193,2.35905647
8.93496601,10.84557579,1.57472063
-8.71222873,12.13092935,0.04842393
-8.58411113,11.95487029,1.04557548
-2.78905907,10.15863590,0.51744037
-2.93966711,10.15261946,1.25507110
-0.56165501,9.96237382,1.23393917
-0.30823754,9.87353507,0.51442987
10.16244431,11.56115791,2.41698193
10.33145612,11.06729204,1.61944896
-9.59666441,12.63596059,-0.14545352
-9.36343664,12.38220265,0.96460645
11.33089748,11.87142128,2.40176826
11.50523629,11.40203730,1.59187728
-10.52646601,13.36691436,-0.40867748
-10.15026198,13.01556425,0.82515704
-1.57956436,10.02220389,0.49472606
-1.77500119,10.05032382,1.23003895
12.34316183,12.14051379,2.35787387
12.57361259,11.72711464,1.53222174
-11.68271899,14.14414789,-0.73669118
-11.15793599,13.72465550,0.59391782
-13.17677495,15.02287400,-1.17791136
-12.60475216,14.60853043,0.15668667
13.21607933,12.48106961,2.28036715
13.55128138,12.18600944,1.41879749
14.07098591,12.85519221,2.18646927
14.55327457,12.71336141,1.27615184
-15.08195262,15.87673673,-1.75106041
-14.66155776,15.47329342,-0.52079333
14.66732235,13.21614707,2.09952529
15.24820492,13.19650467,1.16910819
-16.50256054,16.68243545,-2.19259980
-16.27326416,16.22185597,-1.09996983
15.30834123,13.63331211,2.00336097
15.98284845,13.71369294,1.07423284
-17.87352096,17.70036269,-2.62748113
-17.84884293,17.23148920,-1.64024349
-19.11158254,19.05542084,-3.09529096
-19.38890274,18.71732489,-2.17948533
15.88878889,14.28973016,1.88278178
16.62278120,14.46523103,0.97713636
-20.19035214,20.41244935,-3.49721764
-20.79056535,20.29148040,-2.64904780
16.54665476,14.98114475,1.77756822
17.29747739,15.20340789,0.91339890
17.05566345,16.24172164,1.65141996
17.73848580,16.50189523,0.84980826
-20.98213412,22.41341407,-3.85399127
-21.86001067,22.49671919,-3.05791111
17.61579056,17.47020363,1.60398901
18.23633647,17.72452328,0.84647761
-21.49649838,24.24108986,-3.97981951
-22.38093665,24.36564007,-3.20187292
17.64547692,18.78743075,1.58746649
18.20755442,19.04211969,0.86036694
-21.38288598,25.80628981,-3.91654786
-22.20505536,25.84952629,-3.21208963
17.69166175,20.12317196,1.59842786
18.22014572,20.36925356,0.87665516
-21.15870729,27.20716611,-3.77310638
-21.87832497,27.12784607,-3.15249553
-20.61134783,28.63417089,-3.59928248
-21.20169267,28.42918598,-3.08374465
17.36658457,21.59693261,1.51625718
17.84716881,21.83294413,0.80592963
-20.16652955,30.05413550,-3.45463459
-20.64357916,29.78167585,-2.99107271
17.11183349,23.01675344,1.36547680
17.54107498,23.25111120,0.67558690
9.81328108,32.09456108,0.54493018
11.14732844,31.53420653,0.63302874
10.30872589,32.50996946,-0.09725505
11.51974367,31.99371892,0.04404097
8.13208151,32.68117409,0.40998403
8.73516904,33.04517880,-0.31878923
-10.50042568,38.02118348,-2.64605590
-12.39814220,37.94502943,-2.63036328
-10.64558536,37.97614494,-1.93045506
-12.60214157,37.89320930,-1.84401706
-13.75113486,37.73763696,-2.62778305
-14.00916491,37.67567265,-1.84609752
6.61955195,33.31489520,0.27045784
7.29069748,33.60764234,-0.53961768
-8.61432924,38.02063319,-2.58838347
-8.67180698,37.98545484,-1.95808928
12.45846371,30.97302452,0.73536057
12.73678488,31.46374205,0.17648921
-15.01947995,37.41557603,-2.66229019
-15.31462923,37.33143298,-1.91007562
0.67610564,36.35950144,-1.69000098
-0.53493425,36.74726538,-1.85715873
0.59077268,36.33425691,-0.87487484
-0.50750884,36.73994559,-1.10807594
1.56108512,35.91867210,-0.65640854
1.78212736,35.94608395,-1.50511546
5.33945810,33.90398138,0.10972286
6.00667562,34.11479723,-0.76406588
-6.77105022,37.92247525,-2.48601804
-6.74982616,37.91832098,-1.88064095
13.64338970,30.25015480,0.81183457
13.85611678,30.74760299,0.26534230
-16.14140582,36.91097815,-2.76937479
-16.47916928,36.82078362,-2.04993497
-1.89447648,37.18230004,-2.02267422
-1.79986222,37.18443034,-1.33557396
2.46345629,35.54505346,-0.44960137
2.82260879,35.59090588,-1.31854096
3.34815572,35.03644840,-0.25163117
3.83979875,35.11423686,-1.14830857
-3.38484415,37.49357149,-2.19663072
-3.27131341,37.51153278,-1.54655108
4.29246936,34.55761699,-0.06835488
4.89675273,34.69264520,-0.97030339
-5.04178357,37.79414161,-2.35559334
-4.96293173,37.80664263,-1.73303052
14.76381641,29.57238545,0.88563744
14.95592432,30.06466640,0.34327355
-17.18756261,36.31214790,-2.90634298
-17.55396345,36.20384750,-2.22446729
-19.76368059,31.45452220,-3.35500926
-20.18662014,31.18511874,-2.88872955
16.83675655,24.35285682,1.17722136
17.21389279,24.61855656,0.52571236
15.35212758,28.60611456,0.87444709
15.55594120,29.05778353,0.34240502
-17.87141582,35.56045523,-3.02561596
-18.25412614,35.45466023,-2.39991463
-19.36077444,32.78608065,-3.28936363
-19.76155824,32.58156522,-2.79025266
16.56196284,25.65583462,1.00053881
16.88115047,25.96137972,0.40563763
15.90124861,27.66672104,0.88187294
16.13813638,28.07077043,0.35528741
-18.51201652,34.71895276,-3.12959398
-18.89066171,34.59317190,-2.56422321
16.24845045,26.66770494,0.92064678
16.52181726,27.02813513,0.36464305
-18.96853828,33.80392677,-3.21460528
-19.36320644,33.64057888,-2.68415896
4.67204688,9.76757931,0.33732763
3.01193995,9.67691414,0.08929701
6.18178456,9.99475381,0.54787402
-6.93068391,11.36663249,-0.46551559
-6.02064677,10.96605406,-0.34852955
-4.91380576,10.65307925,-0.27273036
1.43937450,9.59505779,-0.09629567
-3.78975925,10.30344642,-0.24054677
-2.58651422,10.12729200,-0.22634181
-0.00390719,9.75590501,-0.18604117
-7.85046992,11.73413553,-0.62134093
7.71017658,10.16932204,0.70898832
-8.73003121,12.27786900,-0.82285669
9.16801649,10.46456583,0.79487087
-1.33104470,9.95640201,-0.22490647
10.54366429,10.71763496,0.82163503
-9.67059376,12.83816569,-1.06546807
11.75369985,11.13539363,0.77288172
-10.65145378,13.62772285,-1.35766498
12.90149623,11.55732591,0.68851215
-11.86020691,14.43520907,-1.70111721
-13.37932786,15.35815049,-2.13354428
13.98217532,12.13870898,0.56140916
-15.18762724,16.31722170,-2.66345488
15.08235923,12.77199875,0.43409825
-16.43519386,17.16967979,-3.06568316
15.81183038,13.32178411,0.35225525
16.55659919,13.88529166,0.29141243
-17.62144899,18.14039781,-3.47785036
17.16057672,14.68522918,0.24719647
-18.64154475,19.41488530,-3.89493075
17.80251496,15.43621897,0.22445123
-19.58069422,20.69561129,-4.24441100
18.19009016,16.74511699,0.21119865
-20.29650660,22.63766471,-4.52762383
18.66922633,17.95660996,0.22674306
-20.83901003,24.41493322,-4.59249083
18.62497183,19.27731193,0.24577979
-20.74970034,26.00234664,-4.46747667
18.63034262,20.60175236,0.24916498
-20.57945653,27.45054766,-4.28345169
18.23996682,22.06692433,0.19143576
-20.10352720,28.90948597,-4.07540276
-19.71791194,30.30745756,-3.94151405
17.90719413,23.50491069,0.09035871
-19.33771997,31.62400665,-3.87614639
17.53770131,24.90218464,-0.01269365
-18.94523719,32.84155959,-3.85617233
17.16057963,26.26270766,-0.09063141
-18.54681159,33.79723226,-3.84318285
16.77679153,27.38257760,-0.12555187
-18.10288937,34.66733937,-3.81988593
16.37537311,28.47264480,-0.13497912
-17.46820933,35.47056110,-3.77602812
15.76636254,29.49510537,-0.15221107
-13.45463824,37.60165273,-3.45256288
-14.69491891,37.28834343,-3.51026981
-15.78323904,36.78589486,-3.60515987
13.02496843,31.90732757,-0.33686713
14.08378859,31.20836762,-0.24030099
11.88682840,32.40268165,-0.48493776
-16.80962774,36.21619468,-3.71126776
15.16043545,30.52919579,-0.16013268
-12.15367047,37.82152182,-3.39493776
10.77566995,32.88185399,-0.65199124
-10.30448175,37.92545523,-3.31605221
9.29465247,33.38906859,-0.93135826
-8.48602241,37.95397575,-3.20620055
7.91398116,33.91107271,-1.21587970
-6.70002169,37.86995816,-3.09235797
6.62329852,34.37186893,-1.49497355
-5.01074036,37.76430956,-2.97271726
5.44708677,34.91271410,-1.73726885
-1.88645206,37.22419289,-2.68983655
-3.38295269,37.49185898,-2.83337985
-0.48481325,36.82979650,-2.56068030
2.00525125,36.09445956,-2.27106892
3.16004151,35.75987198,-2.09929431
4.28994546,35.30242287,-1.93067865
0.80154298,36.48888008,-2.43074681
6.54014060,9.85034892,-0.40151604
5.04851363,9.63674583,-0.58551486
-6.70289063,11.51702756,-1.40137085
-5.78019014,11.06702054,-1.29088059
3.39574040,9.59925957,-0.80344273
-4.66609486,10.73268067,-1.21738276
-3.53002096,10.35199247,-1.18612872
1.81066664,9.55079982,-0.98562879
-2.30251130,10.17274594,-1.15986757
0.34145002,9.75824283,-1.08157235
-7.64031495,11.93209639,-1.55930750
8.03711353,10.01489253,-0.26840478
-1.01731602,9.98842101,-1.13652093
-8.54685912,12.54184423,-1.76061077
9.46784296,10.33033949,-0.18977515
-9.52949120,13.16728541,-2.01059449
10.84606218,10.61009402,-0.16174632
-10.57611301,14.03344847,-2.31684445
12.10642565,11.08795204,-0.19456328
13.32497233,11.57032915,-0.25011867
-11.84696734,14.90998346,-2.68726901
14.46361366,12.23462481,-0.32043577
-13.34958310,15.91751520,-3.13255430
-15.03631869,16.95972663,-3.64335063
15.59627261,12.94062096,-0.38365108
16.31157094,13.54145208,-0.41489869
-16.13762362,17.84148302,-4.00762700
17.04436230,14.13511154,-0.43190994
-17.19689557,18.79842136,-4.38177029
17.62230770,14.96651561,-0.42725367
-18.10199257,20.03592521,-4.73167263
18.25848306,15.71453285,-0.42026185
-18.99076377,21.25324857,-5.01257992
18.61776678,17.03379691,-0.40690991
-19.65825664,23.10650551,-5.18081046
19.08077110,18.25057361,-0.39197990
-20.20244270,24.81121476,-5.16150886
19.00455168,19.57646370,-0.35320777
-20.13274381,26.36081837,-4.96228276
18.98484377,20.89309372,-0.33621895
-20.01200858,27.78542138,-4.75008851
-19.57611955,29.20720720,-4.55881037
18.58713252,22.36002205,-0.37531851
-19.21471441,30.52773108,-4.47116488
18.23485933,23.80741877,-0.44840482
17.83572783,25.21218359,-0.52388266
-18.83357337,31.73306909,-4.45668594
17.43235855,26.57065251,-0.58130875
-18.44317082,32.83593640,-4.48064281
17.02812037,27.71862452,-0.59980916
-18.05972780,33.73539670,-4.49170973
-17.64890129,34.57062516,-4.48579329
16.62046500,28.83410689,-0.59678526
-17.03920453,35.34462479,-4.44416200
15.99144288,29.86364028,-0.59934247
-16.41418506,36.08406835,-4.37885240
15.38371798,30.89901692,-0.59640749
14.32809109,31.56815001,-0.67649230
-15.40413712,36.62607240,-4.27782569
-14.34458684,37.12235423,-4.17630901
13.31129954,32.25158202,-0.77656384
-13.13979961,37.43350856,-4.08183094
12.21348131,32.71995149,-0.92622651
-11.89540526,37.66766907,-3.97824125
11.15075319,33.17784783,-1.09735800
-10.09834369,37.80588859,-3.84624265
9.70335396,33.68370580,-1.39977307
-8.33467956,37.87333409,-3.70379888
8.33741757,34.19976608,-1.71196502
-6.59104288,37.82004923,-3.56614035
7.02344060,34.64183967,-2.01119939
-4.92752909,37.74717812,-3.43295409
5.79852522,35.16064469,-2.26592147
-1.81776088,37.28204610,-3.16668559
-3.31710486,37.50761473,-3.29651964
-0.39424913,36.92873591,-3.05293858
2.18512511,36.26828184,-2.79774189
3.39937290,35.96280109,-2.63813863
4.58731849,35.52752856,-2.46929952
0.93091061,36.63363874,-2.93920824
-6.41157465,11.75335101,-2.23888143
-5.48882470,11.25025998,-2.13803144
-4.38220186,10.89809589,-2.07441569
5.35891226,9.67401797,-1.42601512
3.70249926,9.66465820,-1.64059698
6.85357545,9.89113103,-1.23573367
-3.25370757,10.49512364,-2.05228078
2.10683632,9.63325844,-1.82994742
0.62539531,9.87859751,-1.93149763
-2.02802231,10.32276465,-2.02572005
8.34343102,10.05229981,-1.09132596
-7.35093809,12.22299332,-2.39627652
-0.74144346,10.13037983,-1.99397578
-8.26218242,12.90565904,-2.60648120
9.76408981,10.37712345,-0.98511606
11.14467461,10.66286251,-0.92128280
-9.25355187,13.60071537,-2.88253628
12.43342892,11.16655412,-0.90600335
-10.31919561,14.52975746,-3.23203077
13.68979167,11.67733729,-0.92000677
-11.60230488,15.45123165,-3.63605605
14.86003078,12.39914245,-0.95745655
-13.07067384,16.51376813,-4.06362584
-14.67455198,17.61538292,-4.52279117
16.02858677,13.16085834,-0.99540031
-15.68935791,18.51857239,-4.84302918
16.74377729,13.81116419,-1.00933127
-16.67940428,19.47651824,-5.16839801
17.48076640,14.43630973,-1.01563853
18.03901806,15.29755529,-1.00271639
-17.51762103,20.70045579,-5.43993085
-18.37586421,21.89075939,-5.65820941
18.66245374,16.05171184,-1.00306902
18.96373049,17.39578299,-1.00039616
-19.01746643,23.68437958,-5.72970084
19.37802146,18.62857203,-1.00204214
-19.56413792,25.33030900,-5.64848406
19.27178580,19.95788786,-0.95323099
-19.50498563,26.82288879,-5.41469249
19.23526584,21.25908405,-0.91740493
-19.41207991,28.19273630,-5.21289087
18.84429288,22.71309149,-0.92708161
-19.00721335,29.54287451,-5.07269858
-18.66073330,30.76710902,-5.04292990
18.48613874,24.14920644,-0.97057004
-18.28979670,31.86264052,-5.06629922
18.07380893,25.53878700,-1.02160408
-17.91851362,32.86231918,-5.11035838
17.66481424,26.87721953,-1.06264831
-17.55691918,33.70910999,-5.12808815
17.26029950,28.04468861,-1.06976281
-17.17795810,34.50510291,-5.12343230
16.86496663,29.17802076,-1.05693571
-16.58570808,35.24005995,-5.07742661
16.23209118,30.21196734,-1.05214133
-15.98140024,35.95610650,-5.00966838
15.63367638,31.24559381,-1.04483468
-14.99204517,36.46715886,-4.90713374
14.60044387,31.90247298,-1.12305643
-13.96651007,36.95033763,-4.80053020
13.61934185,32.57175283,-1.22356240
-12.80197424,37.25549123,-4.69045002
12.55382147,33.02317865,-1.37716185
-11.61376884,37.50043353,-4.56533911
11.52904119,33.47010794,-1.55284360
10.09287922,33.98019345,-1.86094440
-9.87149748,37.68014824,-4.38795736
-8.15705823,37.79419207,-4.20730984
8.72487242,34.49723054,-2.18206993
-6.44597806,37.77767077,-4.04394767
7.39307530,34.93286407,-2.49736026
-4.80193108,37.74157482,-3.89358132
6.13341073,35.43645886,-2.76537748
-3.20560619,37.53838793,-3.75037425
4.88009262,35.78029012,-2.97447586
-1.70363656,37.35742261,-3.62661451
3.64787196,36.19136899,-3.14245835
-0.26266103,37.04652415,-3.52125125
2.38726376,36.46426910,-3.29109462
1.09263107,36.79754520,-3.41659963
-5.15564044,11.46437494,-2.90148031
-4.07824678,11.08986319,-2.83821570
5.61082549,9.77691445,-2.06024158
3.94128668,9.78457343,-2.29836464
7.11733935,10.00731721,-1.84257283
-6.05443997,12.02324458,-3.01394503
-2.98032164,10.66030413,-2.80993280
2.33147906,9.75642236,-2.50763835
0.84409278,10.02777492,-2.62423602
-1.78198628,10.49049199,-2.76432610
-6.96630471,12.55033347,-3.19136935
8.60493129,10.17305560,-1.66247632
-0.51615137,10.29142599,-2.70532862
-7.84173923,13.30485580,-3.44371850
10.01691803,10.51199561,-1.52139217
11.39576709,10.80482067,-1.42353552
-8.79736698,14.06245625,-3.75897442
12.70323343,11.32223330,-1.38089337
-9.84765399,15.03286903,-4.12251883
-11.13138531,15.97076046,-4.50640279
13.99397074,11.84434390,-1.38507918
-12.59874474,17.04737158,-4.90396331
15.20260351,12.62322029,-1.43612266
16.41305389,13.47527377,-1.49807790
-14.16612752,18.22382355,-5.31755166
17.11702093,14.20243998,-1.52644442
-15.10468117,19.20239926,-5.58273413
-16.01376850,20.22274161,-5.84720320
17.84105042,14.87233169,-1.55119808
-16.78543478,21.47641640,-6.06352073
18.36138259,15.76265454,-1.56697393
-17.62535121,22.66812385,-6.25154023
18.94709930,16.52850356,-1.60753352
19.14827409,17.90044181,-1.66040840
-18.28170028,24.41920520,-6.27731180
19.49162818,19.14214608,-1.69105475
-18.85531949,26.02411235,-6.16361367
19.36714429,20.46106705,-1.62852400
-18.81668886,27.45224279,-5.94168848
19.33440669,21.73135634,-1.55814450
-18.74783089,28.75008510,-5.79424802
-18.38420792,29.99620747,-5.73797284
18.97565254,23.15166486,-1.52399730
18.63334336,24.56021338,-1.53879219
-18.06532102,31.10002424,-5.77184653
-17.71486942,32.07075704,-5.83280528
18.23517648,25.92556437,-1.58160204
-17.36822821,32.95057601,-5.89065629
17.84749426,27.23570115,-1.62073874
-17.02569513,33.72368230,-5.90920427
17.47015812,28.41835930,-1.62544047
-16.66917429,34.45514105,-5.90146071
17.11337209,29.56216430,-1.60937617
-16.08299214,35.12773237,-5.84922934
16.49789541,30.59366344,-1.60587997
-15.48695217,35.79811660,-5.78101576
15.92501392,31.61736438,-1.60299188
-14.52031682,36.27285166,-5.67933731
14.92851496,32.26346706,-1.68416012
-13.53007193,36.73914648,-5.57273967
13.99191498,32.92065647,-1.78847381
-12.41065307,37.04258928,-5.44554379
12.95984757,33.35661146,-1.94240880
-11.27780020,37.30326773,-5.29952753
11.97240735,33.79416334,-2.11787535
-9.57278039,37.53425311,-5.08718929
10.55133725,34.32361066,-2.43603589
-7.89390771,37.70464157,-4.87091146
9.18863124,34.85551625,-2.76963175
-6.20961062,37.73621986,-4.66481044
7.83655616,35.28786954,-3.09276087
-4.58055253,37.74671314,-4.48461937
6.54395332,35.77455545,-3.37097040
-2.99316227,37.59064899,-4.33313174
5.25870139,36.09488220,-3.59201150
-1.48391305,37.46607496,-4.21916991
3.99386341,36.47976074,-3.76907048
-0.02221265,37.20768282,-4.12462939
2.69482587,36.71601693,-3.91458210
1.36402365,37.01418646,-4.03121348
5.81913989,9.94753912,-2.56838410
4.12062385,9.96808846,-2.82923678
-5.59941813,12.33168256,-3.76222522
-4.76131570,11.70272034,-3.61626324
-3.74983208,11.29899535,-3.52277232
7.34745585,10.19725357,-2.31976518
2.48602407,9.92834183,-3.04820889
-2.71690001,10.83457810,-3.45451342
8.83555992,10.36854282,-2.09888803
-6.44458544,12.92570786,-3.96894195
-1.57043252,10.67849553,-3.37396126
0.99710215,10.22085151,-3.17886700
-0.34322149,10.48577562,-3.28272479
10.23390282,10.72046042,-1.92116151
-7.25176638,13.75116829,-4.24272169
-8.16086531,14.55059758,-4.55099304
11.60314812,11.02004312,-1.79395761
-9.20920902,15.52796822,-4.91507007
12.92660106,11.55100210,-1.75208426
14.25782009,12.10741828,-1.80009679
-10.51956354,16.46401548,-5.34292498
-11.96709454,17.64382711,-5.79555079
15.50648075,13.01342812,-1.93218861
16.72728283,14.02687399,-2.03706501
-13.45212449,19.01489454,-6.15635058
-14.32687272,20.07334406,-6.35315823
17.38460477,14.82858951,-2.08205068
18.06776944,15.50799707,-2.14458055
-15.20046154,21.12210689,-6.55653831
-15.96662491,22.37397505,-6.73724095
18.51372728,16.39336498,-2.22570895
-16.82271838,23.55463932,-6.89384490
19.02578375,17.14510667,-2.32494829
-17.50182252,25.26579423,-6.89748463
19.08302480,18.54678517,-2.42805912
19.35497008,19.79799769,-2.43554691
-18.09990599,26.83441326,-6.78213794
19.22745033,21.08734288,-2.33167744
-18.08909594,28.19100981,-6.62048692
19.20875404,22.30784260,-2.21778276
-18.04795349,29.40115275,-6.55734185
18.89459473,23.67951230,-2.15573965
-17.72419670,30.52800521,-6.59069296
-17.43520043,31.50352678,-6.66752291
18.58120350,25.04976148,-2.16381781
-17.11839138,32.34323572,-6.73304806
18.21384685,26.37512408,-2.21073136
-16.81011837,33.09493901,-6.77436119
17.86930842,27.63823640,-2.25132653
-16.49536029,33.77470869,-6.77269721
17.54374774,28.81417989,-2.25116485
-16.16585621,34.41694737,-6.74634247
17.24737505,29.94313639,-2.22789943
-15.59076010,35.00579857,-6.67398902
16.67132541,30.94764720,-2.22140233
-15.00398577,35.60760162,-6.59512880
16.13695473,31.93686005,-2.22194697
15.19378212,32.56512725,-2.30126091
-14.06742110,36.04556824,-6.48329196
-13.11208609,36.49453801,-6.36840441
14.31015330,33.20485512,-2.40486314
-12.03056295,36.80601958,-6.22253647
13.31985975,33.62839251,-2.55318852
-10.93869695,37.09070770,-6.05860838
12.37318437,34.05702218,-2.72292498
-9.25368350,37.38731704,-5.80289357
10.96486738,34.59888597,-3.03245423
-7.59237341,37.61870373,-5.54130872
9.60580712,35.13840429,-3.35810434
-5.91717807,37.69665523,-5.29098497
8.24396383,35.56621849,-3.67834924
-4.29036995,37.74863268,-5.08177172
6.93469473,36.03587694,-3.96236233
-2.70464239,37.63433182,-4.91773935
5.63549753,36.33498697,-4.18933391
-1.18710720,37.55581021,-4.80866097
4.35847828,36.69773465,-4.37508609
0.29188474,37.33706950,-4.72321384
3.04459980,36.90825674,-4.52340538
1.69740367,37.18428640,-4.63967547
-4.46522331,11.88717757,-4.06215140
-3.51995285,11.45848287,-3.94204320
-5.23598784,12.57917959,-4.23907566
7.48826263,10.36717423,-2.61170646
5.93886528,10.09749056,-2.87811997
4.21416647,10.12472106,-3.15699156
-2.54896967,10.96186616,-3.84208111
2.55872482,10.06849517,-3.38275570
1.06871424,10.37688426,-3.51570982
-0.25485111,10.63861304,-3.62632310
-1.44890413,10.82225450,-3.73596263
-6.01437923,13.22733389,-4.46619906
8.97846386,10.54553010,-2.36698247
-6.77086789,14.10044212,-4.74813873
10.36659452,10.91317336,-2.17600770
11.72810544,11.22918956,-2.04927463
-7.66187083,14.91326904,-5.06702084
-8.72964207,15.88880233,-5.49002311
13.06413717,11.79114837,-2.04997941
-10.03529588,16.90507766,-6.00877961
14.42958528,12.42165819,-2.18820061
15.68702527,13.50108092,-2.40457837
-11.42189815,18.26125973,-6.50024793
-12.90593850,19.71282054,-6.78014604
16.87098897,14.61377315,-2.51999388
17.47649358,15.40572027,-2.59820872
-13.77723860,20.78382693,-6.91594034
18.11062726,16.04258650,-2.71977918
-14.64661987,21.83316551,-7.07272178
-15.41186166,23.08341957,-7.22410814
18.47450392,16.91152788,-2.85378561
18.91444582,17.66837064,-2.96363442
-16.26600882,24.25818279,-7.35932692
-16.91682957,25.94756540,-7.36994368
18.84924384,19.14263566,-3.04140139
19.08191134,20.41224248,-3.00172229
-17.48832239,27.48674350,-7.30069677
18.95130828,21.67301746,-2.87800726
-17.46226676,28.79202508,-7.22220905
18.93525511,22.85032643,-2.75631432
-17.41022382,29.93567896,-7.24187022
-17.10913463,30.97361607,-7.32989355
18.64925928,24.17653706,-2.70070482
18.36034652,25.50609440,-2.72245151
-16.85732714,31.84659870,-7.41647696
18.02771680,26.78668990,-2.78288757
-16.58688456,32.58188177,-7.46810745
-16.32519902,33.23244590,-7.48604124
17.73289559,27.99806634,-2.82602949
17.46254189,29.15326021,-2.82070906
-16.04440925,33.83468750,-7.46417506
-15.74281759,34.40156366,-7.42275547
17.22378395,30.25411998,-2.79165017
-15.18502792,34.91978390,-7.33345224
16.69142484,31.21846851,-2.77811542
7.61256710,10.55948095,-2.93132309
6.04290273,10.26604393,-3.22197091
4.29072758,10.28925459,-3.51621829
-4.87670887,12.82132445,-4.70791348
-4.17449194,12.06467895,-4.50469476
-3.30662186,11.60278914,-4.35397578
-14.60993680,35.45767849,-7.24506097
-1.34160813,10.95502119,-4.11313929
-0.17515855,10.79006563,-4.00291356
1.13102555,10.53319493,-3.88495982
16.19596244,32.16094090,-2.78166772
-2.40302452,11.06831029,-4.22341709
2.61795999,10.20804611,-3.74418253
-5.60012287,13.51180721,-4.95198728
9.10258464,10.74886003,-2.66057298
-13.70473128,35.86481192,-7.11889973
15.31229236,32.76320088,-2.85177494
-6.32911799,14.40290655,-5.25899573
10.47894695,11.14282159,-2.47130219
11.83231042,11.49235825,-2.37646256
-7.22463298,15.21399645,-5.62818974
13.18413585,12.12606923,-2.48790940
-8.31905111,16.24396193,-6.14195580
-12.77776484,36.29577858,-6.99259761
14.48333816,33.37866260,-2.95011507
14.57956425,12.91028609,-2.77851787
-9.63336233,17.39462244,-6.69644371
15.80394700,14.12887962,-3.02875558
-11.04361047,18.85449381,-7.10317640
-11.72223797,36.61286843,-6.83456194
13.54117162,33.78885421,-3.08895884
-10.65576366,36.91500717,-6.66174947
12.63806858,34.20621230,-3.25057482
16.92864217,15.20600282,-3.16034131
-12.53443703,20.36225309,-7.28364181
11.25504730,34.75171220,-3.54972399
-8.97420949,37.26367985,-6.38101777
-13.38065153,21.44609636,-7.36896656
17.47486181,15.91765763,-3.28187047
-7.31418344,37.53997118,-6.09208114
9.91126678,35.29256484,-3.87028006
18.05184634,16.49847751,-3.42968177
-14.22195754,22.50100229,-7.49416660
-5.63818200,37.65204689,-5.80726836
8.54865574,35.71558912,-4.18629209
-14.94570643,23.77660463,-7.63973077
18.32435244,17.40202540,-3.56240012
18.70307533,18.20905418,-3.63450961
-15.75872934,24.96162449,-7.77896198
18.56882513,19.73703282,-3.63247220
-16.34869588,26.61236161,-7.81073924
-4.00730971,37.73192586,-5.57699496
7.23190862,36.17366731,-4.47759332
-2.41812215,37.64483819,-5.41051758
5.93125092,36.46371028,-4.71464831
-0.89674464,37.59421649,-5.31405657
4.65444061,36.81377743,-4.91182024
18.78487888,20.99231983,-3.54808967
-16.86389343,28.09314159,-7.81638267
1.98889728,37.27077408,-5.16610442
3.33803184,37.00901342,-5.05642287
0.58391942,37.39907644,-5.23845639
18.62360661,22.24488076,-3.44171300
-16.78605894,29.33552096,-7.85297353
18.57608961,23.40344651,-3.35108998
-16.71053977,30.38188189,-7.96170928
18.30925782,24.68347283,-3.32050505
-16.46673943,31.29068130,-8.06626394
18.05890720,25.95418744,-3.36095669
-16.27222021,32.05215202,-8.13244477
17.78420909,27.16675867,-3.42718634
-16.05387507,32.70227000,-8.15247215
17.55428346,28.31143072,-3.46674790
-15.83445066,33.28757354,-8.14218002
-15.57686927,33.85136489,-8.10392308
17.33545119,29.43843766,-3.46077243
-15.29343544,34.38108130,-8.05325656
17.14084722,30.50422924,-3.43357619
-14.74060947,34.85984815,-7.95709357
16.64050554,31.42918668,-3.41941271
-14.16691081,35.35607596,-7.86607421
16.17273486,32.31901655,-3.43144932
15.35225436,32.89545631,-3.48731390
-13.28478833,35.73525719,-7.73079597
-12.38020554,36.14201134,-7.59887950
14.58281841,33.48196990,-3.57744773
-11.34968631,36.44977771,-7.43933527
13.69900851,33.87827553,-3.70249215
-10.31204568,36.75118096,-7.26938803
12.84734876,34.28109614,-3.85457973
-8.64624740,37.12793275,-6.97924002
11.50086553,34.82565376,-4.14310756
-6.99771142,37.43288132,-6.67413379
10.17852541,35.36468236,-4.46657089
-5.32209266,37.57206390,-6.37171728
8.82518607,35.78846667,-4.79972519
-3.68760400,37.67415506,-6.13607517
7.50761202,36.24056942,-5.11921455
6.20345258,36.53062214,-5.36429996
-2.10624186,37.61226377,-5.97228092
-0.59877338,37.58323449,-5.89579563
4.92180373,36.87197387,-5.56489533
2.26097630,37.30548161,-5.79991066
0.86820536,37.41141770,-5.84669718
3.60528712,37.05904627,-5.70267416
2.19277191,10.26160610,1.76331752
3.85875686,10.43988130,2.03588559
5.42147171,10.85451858,2.31168581
-5.19152873,10.66215030,1.56298956
-6.27399193,10.85959886,1.53283658
-7.07104668,11.23441796,1.51045801
7.04404025,11.21688968,2.54775562
-7.85308147,11.56950955,1.48663088
-8.64297824,11.87868336,1.46018861
8.64505398,11.48568603,2.70395004
-4.08743922,10.43176667,1.58480100
0.71504577,10.12221236,1.60547381
10.12786719,11.67276938,2.78575062
-9.47133536,12.18429326,1.42141718
11.28064369,12.04174467,2.77127393
-10.21456263,12.82696490,1.32473470
-2.96306999,10.22149781,1.57925608
-0.60656555,10.05568017,1.55252078
-11.13498760,13.56054543,1.13682197
12.25815541,12.36262733,2.71474631
-1.81758522,10.07237732,1.54724059
13.12711042,12.65899805,2.63836902
-12.44305398,14.38440788,0.76338741
-14.42225262,15.22222889,0.10137330
13.95919507,12.96579455,2.55191282
-16.14020887,16.09840307,-0.59546709
14.45355399,13.37350982,2.46055503
14.98658372,13.82751870,2.36717507
-17.79967236,17.19697608,-1.23529215
-19.39762590,18.57286816,-1.78425866
15.58248805,14.33737632,2.27126710
16.25866253,14.90167827,2.17550177
-20.89240882,20.07625372,-2.25493337
-21.92182451,22.35489063,-2.68328602
16.50116632,16.17777181,2.01869610
16.81135814,17.44513368,1.92156521
-22.32542845,24.29888236,-2.86120302
-22.34426119,25.84253164,-2.89672084
17.13905154,18.72030909,1.88992154
17.46991504,20.01325644,1.90543261
-22.17177633,27.09370265,-2.86556068
-21.42221737,28.33638173,-2.84977307
17.09651726,21.46280657,1.81952243
0.56429680,36.27226523,-0.58932985
-0.47802315,36.63160920,-0.84580184
1.49129446,35.77808648,-0.34569479
2.35045894,35.30476398,-0.11884679
-1.71839515,37.03129212,-1.09896380
-12.63087740,37.73505344,-1.63582279
-14.04749079,37.51178485,-1.65200014
-10.63463756,37.81366540,-1.71948934
7.91912996,32.27730080,0.67510241
9.61483398,31.68594540,0.77013011
10.95129716,31.09529256,0.82520674
-8.61104925,37.82510888,-1.76121008
6.40293865,32.92679461,0.56996437
3.21051834,34.85845039,0.08583981
-3.19840704,37.43578825,-1.32929206
-6.68712691,37.82483249,-1.68232238
5.15043781,33.66200061,0.43540191
-4.92248142,37.78673842,-1.52582983
4.13946588,34.45689161,0.26649006
16.79431707,22.86619380,1.67179224
-20.78527867,29.64263343,-2.78971791
-15.36501760,37.15840051,-1.72555737
12.25403462,30.51204147,0.90436317
13.49807603,29.94951792,0.99838067
-16.58060449,36.69074978,-1.85042159
-17.68482173,36.11936868,-2.01547354
14.67278738,29.41672156,1.09462607
16.55139367,24.19815646,1.46159103
-20.28931569,31.03986346,-2.71090619
-18.32796898,35.37918929,-2.18708119
15.14785726,28.41371682,1.08465717
-18.91314496,34.52208246,-2.34919255
15.57569126,27.43890439,1.10178930
-19.84253288,32.45618445,-2.62070933
16.31052865,25.48725530,1.24496726
15.96124612,26.46835152,1.15371316
-19.41848557,33.54082134,-2.49410355
-3.16235070,11.87807584,-4.59730926
-2.23431337,11.63119571,-4.46950170
4.32238784,10.59398762,-3.72672018
2.67285937,10.81192379,-3.94711818
1.19646527,10.93203662,-4.10411556
-1.23225063,11.33303920,-4.34663698
-0.11435588,10.97289861,-4.22932407
6.08612266,10.27858401,-3.42458449
-4.06243954,12.06030967,-4.73238965
7.64079956,10.74472956,-3.13089304
-4.69439184,12.98606266,-4.96240640
9.09846899,11.10030535,-2.87202953
-5.36156179,13.81477900,-5.23252977
-6.13390329,14.55426172,-5.54551508
10.49585942,11.35966424,-2.67353417
11.88150449,11.57844683,-2.58467704
-7.07977340,15.25134219,-5.92766871
-8.16599315,16.43046747,-6.47980297
13.18955376,12.44210411,-2.82685044
14.51126488,13.45850154,-3.18012331
-9.47571755,17.72948719,-7.00400169
15.78160455,14.47409857,-3.37899811
-10.94531208,19.10127269,-7.32731203
-12.44562299,20.55248505,-7.47736805
16.96133789,15.34304126,-3.51417765
17.29138899,16.26821852,-3.64753070
-13.16876689,21.81917118,-7.54331194
17.65425537,17.05400572,-3.78503298
-13.90224044,23.01813156,-7.65921755
-14.68545475,24.15050348,-7.81130804
18.09026692,17.75041383,-3.88280601
-15.55208622,25.20825684,-7.96020658
18.64548888,18.36770595,-3.92320546
-15.85497869,26.82030880,-7.98421613
18.19403032,20.02727604,-3.89729438
18.11032984,21.33375662,-3.80896291
-16.08031351,28.22057276,-8.00884425
18.22758457,22.47235049,-3.70270971
-16.25851429,29.43160094,-8.10807576
18.43727305,23.57174884,-3.61943308
-16.43304053,30.45389997,-8.25263214
-16.19925874,31.30128607,-8.34586131
18.15513561,24.82772972,-3.59605052
17.90527220,26.06329100,-3.63987046
-16.00965488,32.02599788,-8.39428732
-15.83019309,32.66963797,-8.40511514
17.69054868,27.25210244,-3.70517206
-15.64303451,33.25433299,-8.38913019
17.51568298,28.37615617,-3.74312185
-15.25696192,33.78990239,-8.32329792
17.13191257,29.43829256,-3.74879727
-14.85531031,34.30597383,-8.24794794
16.79058922,30.45221680,-3.72710912
-14.42810457,34.81280866,-8.17222926
16.47233047,31.41647616,-3.70763762
-13.97329532,35.32188146,-8.10290048
16.16080263,32.32434280,-3.72032132
-13.04184773,35.64048316,-7.95756607
15.28373332,32.80266912,-3.76905643
-12.09106932,35.98153039,-7.81401210
14.46336297,33.28624812,-3.85306290
-11.12593855,36.33399202,-7.66785018
13.68104698,33.77785489,-3.97153559
-10.15979819,36.68824195,-7.51679160
12.92394892,34.27596446,-4.12037321
-8.48515866,37.02344927,-7.22369543
11.56311965,34.76169006,-4.40513879
-6.81864692,37.28306749,-6.90773816
10.22121617,35.24203736,-4.73207223
-5.17038018,37.47041253,-6.60951788
8.90070480,35.72825937,-5.07848813
-3.56678188,37.62741628,-6.38343932
7.60982104,36.23852952,-5.41069727
6.28802330,36.42149459,-5.64683915
-1.97222562,37.47521135,-6.21389609
-0.45163545,37.34627783,-6.13978155
4.98873659,36.65340995,-5.83935324
0.98726006,37.27155259,-6.11367227
3.68609275,36.93448335,-5.98388915
2.35626433,37.26522034,-6.08510943
