-0.61595016,13.32866042,0.51351541
-2.21962737,13.18361948,0.64825562
-0.61199955,13.29306543,0.66331340
-2.21721059,13.14563208,0.80929774
-3.81329426,13.04466454,0.96297217
-3.81591376,12.99887190,1.14085718
-5.44709300,12.88929246,1.44547218
-5.45688942,12.83007683,1.64077679
-7.07009153,12.74055233,2.05395828
-7.07242389,12.68907912,2.25371804
-6.38950293,35.37358041,2.52670493
-5.08296020,35.63181044,2.41881909
-6.42484187,35.42428410,2.69887828
-5.10367162,35.68204948,2.58179487
-3.77562229,35.87658920,2.30105915
-3.78144527,35.92200313,2.45385069
-2.46067255,36.10694818,2.18605662
-2.45375698,36.14526768,2.33185298
-1.10290765,36.32163026,2.08571991
-1.08665923,36.35297182,2.22883228
-8.32984346,12.87956138,2.60992688
-8.32193353,12.84646393,2.80775923
-9.46446674,13.18989669,3.17525781
-9.46198000,13.16460824,3.37049166
-10.53303684,13.60234161,3.73091059
-10.56028420,13.56856217,3.92015388
-11.60588434,14.03077706,4.22050790
-11.67066511,13.98919906,4.39677777
-11.34828844,32.89425684,2.66406126
-10.13235204,33.44515598,2.57022551
-11.41131885,32.93062792,2.83607780
-10.18907148,33.48071567,2.74725299
-8.89184273,34.04753984,2.52526456
-8.94391298,34.08746108,2.70615213
-7.64001728,34.69730443,2.52356198
-7.68540973,34.74336983,2.70265489
-12.52974688,14.73643482,4.65117371
-12.62003882,14.69495260,4.81678425
-13.48900344,15.42529189,4.98371004
-13.59676826,15.38563347,5.14010132
-14.48015732,16.14500269,5.22427449
-14.59828801,16.10848475,5.37573124
-15.52017306,16.93632864,5.35008799
-15.63672258,16.90806135,5.50507001
-16.19788247,17.64659224,5.34230660
-16.29285984,17.63367796,5.51189941
-16.95342425,18.34746721,5.25133621
-17.03075656,18.35022854,5.43443246
-17.74123234,19.02206624,5.10445429
-17.81600893,19.03647193,5.29251026
-18.49332679,19.67956759,4.92464629
-18.57451242,19.69987354,5.10875063
-15.13996529,30.95735531,2.83034015
-14.15688892,31.42444986,2.78181713
-15.20873625,30.99239032,2.99442376
-14.22482965,31.45727344,2.94466742
-13.20290850,31.88609473,2.72829295
-13.26949702,31.91780334,2.89141342
-12.26751641,32.36871066,2.68644957
-12.33190381,32.40127386,2.85286469
-18.53554347,20.67486161,4.65144632
-18.61356202,20.69891252,4.82721551
-18.58699418,21.71687165,4.32658250
-18.66528262,21.73689420,4.49436956
-18.62615649,22.81896553,3.98627164
-18.71256320,22.83504841,4.14701877
-18.71836710,23.94962875,3.69559757
-18.80994359,23.96413192,3.84585481
-18.03972031,24.88075932,3.52529518
-18.11033642,24.89351907,3.67377958
-17.56686838,25.84180253,3.36034961
-17.62247714,25.85666088,3.51396839
-17.21451102,26.80901668,3.17145391
-17.26526744,26.83519252,3.33303679
-16.86341272,27.73898689,2.94982780
-16.91838224,27.78680334,3.11689828
-16.45346125,28.46498132,2.88655630
-16.51541179,28.51890666,3.05647052
-16.01214610,29.22175995,2.83292291
-16.07929562,29.27447808,3.00285805
-15.56588466,30.04692553,2.81045652
-15.63475103,30.09202894,2.97769090
-0.61607597,13.39306022,0.37216284
-2.22358632,13.27510394,0.50842503
-3.82023657,13.14365021,0.81156527
-5.45243254,12.99064602,1.27561498
-7.08701403,12.82490341,1.87606549
-6.35781345,35.34143501,2.34428721
-5.06936174,35.60035221,2.24963591
-3.77672914,35.85457969,2.14344349
-2.47151990,36.09616225,2.03577785
-1.12415661,36.32064220,1.93843560
-8.34488984,12.96342795,2.42869323
-9.48445294,13.23851013,2.98342447
-10.53430780,13.62876000,3.52850568
-11.55767141,14.08967171,4.03707076
-11.29604485,32.87294002,2.48715609
-10.08028692,33.41922092,2.39477671
-8.84610313,34.02064944,2.34515246
-7.59958460,34.66666935,2.33762473
-12.46844365,14.75880637,4.47252492
-13.40047009,15.47265724,4.81552142
-14.37177591,16.22871889,5.05114585
-15.42231345,17.01891079,5.16306489
-16.12213292,17.68851801,5.14807650
-16.85249345,18.35691890,5.06095111
-17.57788337,19.02053496,4.91760297
-18.27536017,19.68425508,4.73660097
-15.03621800,30.87280939,2.66292952
-14.07569104,31.35977634,2.61360468
-13.14237178,31.85152951,2.56219159
-12.21931253,32.35097650,2.51647082
-18.39036310,20.66346603,4.46599836
-18.48080075,21.70305252,4.15660518
-18.52004937,22.80433167,3.82914245
-18.57370174,23.93155313,3.55260552
-17.93780541,24.85899810,3.37452863
-17.46151412,25.80648698,3.20605110
-17.08976130,26.74719168,3.01297960
-16.74279898,27.65277193,2.78948292
-16.34403512,28.38485593,2.72489449
-15.92663565,29.15925080,2.67150664
-15.48814286,29.98871793,2.64847368
1.03903650,13.42841016,0.70325563
1.03131224,13.46510723,0.55800667
2.75369462,13.59383109,0.90700370
2.74022875,13.64250597,0.75723800
4.45961382,13.75334233,1.28454853
4.45069102,13.82382097,1.11559532
6.02607889,13.94679044,1.80500937
6.02931814,14.01942214,1.61371644
5.08591525,36.40084785,1.92162365
3.50346749,36.31766385,1.94183592
5.07519684,36.38747553,1.75107100
3.48458035,36.30254919,1.77584860
1.91925437,36.31064409,1.99465821
1.89612575,36.29218427,1.83870040
0.37912376,36.33730686,2.09157687
0.35708776,36.31337903,1.94475979
7.26225161,14.38214635,2.26410118
7.25651660,14.44035796,2.07169416
8.49305458,14.95737292,2.61342306
8.46080060,15.00004540,2.43613951
9.75809639,15.59289817,2.84275949
9.70276957,15.62233332,2.67881528
11.05708648,16.20375088,2.96764352
10.98969627,16.22236408,2.81279981
10.59786578,35.77612548,1.58623804
9.27284806,35.89108038,1.66713105
10.59274493,35.78291015,1.44602989
9.27203967,35.89054479,1.51959381
7.91854261,35.99472430,1.75213215
7.91843299,35.98844100,1.59470386
6.53059455,36.14612085,1.83707845
6.52739657,36.13584738,1.66989830
12.20543766,17.06948959,3.09822504
12.14139681,17.08015782,2.94536858
13.39338838,17.87633664,3.13566244
13.34611976,17.87983335,2.97917834
14.60724508,18.69589616,3.04573464
14.58875261,18.69213598,2.87434879
15.85892420,19.59440414,2.75342127
15.86424761,19.58684714,2.55884300
16.64287378,20.41430251,2.43876174
16.64262393,20.40974787,2.23675306
17.34825505,21.26270011,2.07607981
17.32683765,21.26577357,1.88018892
17.97535764,22.08786373,1.73206773
17.94376237,22.08621992,1.54666539
18.56329021,22.82616242,1.43180119
18.52866934,22.81215929,1.25665803
14.74298791,34.76008043,1.07452355
13.68177914,35.03598715,1.20723741
14.72837129,34.80690464,0.94610081
13.66825248,35.07453829,1.07806335
12.62760082,35.28304419,1.32875152
12.61721878,35.31211079,1.19799635
11.59444455,35.52603077,1.45404644
11.58715863,35.54473113,1.31993178
18.56311131,23.82755065,1.22574220
18.52215281,23.79915261,1.05837862
18.56112635,24.73767272,1.03142301
18.51522206,24.70704894,0.87299336
18.58457151,25.63666431,0.86612113
18.53302249,25.61466798,0.71352185
18.65885391,26.58762128,0.71563074
18.59890816,26.58113232,0.56549827
17.98082945,27.51964419,0.72870015
17.92855708,27.52477481,0.57918328
17.38937424,28.55479600,0.72683767
17.34958424,28.57111113,0.57770097
16.90628336,29.70679279,0.69562078
16.88334863,29.73650949,0.54680675
16.49893613,30.96306035,0.63819743
16.48604139,31.00459096,0.49278270
16.05575643,31.89731792,0.71800970
16.04232151,31.94490092,0.57552014
15.59978642,32.83686109,0.80602457
15.58402206,32.88709468,0.66923930
15.15397537,33.79257578,0.91995445
15.13732106,33.84279154,0.78870120
1.03534993,13.55378015,0.43307170
2.74487749,13.74025458,0.63442035
4.45921878,13.93317403,0.97753492
6.05401841,14.12416713,1.44854921
5.06266804,36.40257699,1.57109530
3.46566994,36.31493425,1.60398615
1.87148448,36.30375680,1.67917198
0.32938422,36.31984224,1.79526940
7.26695123,14.55247162,1.89244472
8.45186377,15.07687818,2.24653958
9.66975767,15.65835361,2.48791828
10.93226441,16.27109435,2.64377292
10.59604401,35.79917610,1.30219076
9.26885449,35.89347935,1.37397678
7.91991046,35.99557316,1.43675373
6.52601735,36.14811698,1.49642253
12.10165977,17.07585925,2.76904454
13.32163284,17.89360495,2.79985852
14.60175204,18.73860338,2.66529904
15.89232617,19.64574601,2.32450931
16.63825715,20.45028432,2.01913646
17.26383558,21.29027685,1.69937317
17.82435039,22.09984720,1.39098001
18.36830689,22.82603993,1.10676326
14.65900381,34.77361480,0.81334091
13.62274852,35.05806932,0.94177087
12.60097112,35.32516236,1.06253013
11.59325643,35.57276271,1.18151547
18.41228465,23.78265901,0.89985074
18.43709594,24.68305058,0.72258024
18.45619656,25.59850498,0.56997523
18.48488355,26.57968444,0.43212774
17.84241398,27.52834769,0.43452081
17.26021107,28.57263310,0.43784523
16.78432938,29.72529765,0.41401917
16.39663974,30.98414856,0.36320239
15.96656405,31.93818958,0.44639802
15.53621454,32.90673534,0.54029093
15.09828974,33.85920756,0.66055722
-2.56123100,36.10777885,1.28904944
-1.20993152,36.38282001,1.20775416
-2.65732967,36.42416816,0.78810106
-1.27447868,36.72435336,0.72396575
0.25003571,36.42198238,1.06513831
0.20306389,36.77489965,0.59916693
-3.86360429,35.81615359,1.36276790
-3.99718454,36.10918832,0.84198168
1.80144281,36.43948902,0.92865330
1.75680881,36.80504633,0.47407475
-5.14615220,35.52128529,1.42591841
-5.31900636,35.79538637,0.88645976
3.41602211,36.46928789,0.82011369
3.36657322,36.84200708,0.36576225
-6.42398717,35.23980118,1.48223029
-6.63810150,35.50380077,0.93030200
5.05234623,36.55262537,0.75930351
5.00247437,36.92056141,0.29100035
-7.65452022,34.53617080,1.44345496
-7.88836577,34.75767850,0.88210653
6.57705924,36.24937579,0.68088875
6.55337086,36.56091620,0.18907112
-8.90547292,33.88721589,1.45303039
-9.15489897,34.07512677,0.89190065
8.03135894,36.05138063,0.65362327
8.05322380,36.29911176,0.14497404
-10.15394745,33.29022630,1.53941602
-10.41142223,33.44477132,0.98796510
9.42454998,35.91650545,0.63860027
9.49892967,36.10445774,0.13087768
-11.38699061,32.74410332,1.68645701
-11.65108038,32.86756729,1.15573388
10.77695722,35.80302582,0.60783154
10.89652801,35.94300010,0.11284145
-12.33757442,32.22956725,1.76883333
-12.61352910,32.33330832,1.26513151
11.78487140,35.57938553,0.52046387
11.92841242,35.69118473,0.04192255
-13.28304536,31.72526639,1.85422943
-13.57997129,31.81456013,1.37469385
12.79769122,35.33830256,0.42297559
12.95810477,35.43119780,-0.04331916
-14.23434442,31.21728963,1.93028721
-14.55725060,31.29458308,1.46697574
13.82318015,35.08021638,0.31575851
13.99677998,35.16141558,-0.14186610
-15.21151902,30.70591473,1.99109251
-15.56148416,30.77314622,1.53502202
14.86543192,34.80457493,0.19630102
15.05208814,34.88005711,-0.25502659
-15.65139506,29.77081154,1.97489994
-15.99424580,29.79731447,1.51581289
15.31366122,33.90779691,0.06210883
15.51269183,33.97799725,-0.36862095
-16.06928605,28.88463118,1.99412975
-16.38619810,28.85605948,1.52419695
15.75994342,32.97058660,-0.06239870
15.96601937,33.04003576,-0.48882374
-16.48154386,28.07516680,2.04817230
-16.76719855,27.98524524,1.56607389
16.20238092,32.01201224,-0.17217601
16.41200998,32.08154955,-0.60676739
-16.89551164,27.34108923,2.12163788
-17.16256944,27.20265433,1.63099395
16.64503462,31.05840256,-0.26790977
16.85791460,31.12599012,-0.71432527
-17.23741509,26.47083651,2.34725943
-17.48499218,26.29062118,1.84384401
17.02225214,29.77789988,-0.24102854
17.24319912,29.84563160,-0.71282081
-17.60431104,25.60444113,2.55993513
-17.84806213,25.44068945,2.05454859
17.44694218,28.58042331,-0.21720878
17.65728380,28.63198982,-0.69286568
-18.05972930,24.70684988,2.74573216
-18.28934451,24.59014188,2.24200365
17.95785093,27.48705797,-0.21506266
18.12793136,27.50601952,-0.68311326
-18.65125661,23.80364187,2.91761173
-18.84686503,23.72889617,2.40572268
18.54759389,26.48988026,-0.21526752
18.66410457,26.46739013,-0.67905897
-18.56999636,22.65379082,3.17225222
-18.73155401,22.59182554,2.64680525
18.49788647,25.44000437,-0.07647373
18.57334126,25.36806111,-0.54989466
-18.53588079,21.52934074,3.47993482
-18.68924401,21.44991446,2.92583816
18.47369977,24.45996528,0.08176731
18.53231221,24.33495429,-0.39872976
-18.45097818,20.46329654,3.77638283
-18.60906244,20.36407076,3.20115804
18.44104906,23.52386443,0.25823111
18.48119753,23.34842182,-0.22468533
-18.33044336,19.47638142,4.01224762
-18.47755261,19.35723099,3.41076304
18.39190989,22.57597104,0.45255660
18.40941740,22.37710295,-0.03441889
-17.67712452,18.80276316,4.16383406
-17.84537528,18.66267103,3.53619648
17.86551731,21.89383290,0.70469171
17.88105825,21.70907981,0.20063899
-17.00709955,18.14149153,4.29570399
-17.21927784,17.99046472,3.63983048
17.32614051,21.13275500,0.97073904
17.34284126,20.99685362,0.43741650
-16.30183062,17.48500728,4.39833388
-16.57701415,17.32712191,3.72691509
16.75901893,20.30061005,1.24373606
16.78655320,20.21895700,0.67501920
-15.58288709,16.83340713,4.44737716
-15.90808132,16.66962522,3.78030696
16.11244734,19.45787293,1.50183977
16.18368308,19.39924937,0.89380122
-14.48879825,16.05763961,4.37326072
-14.83393300,15.88131248,3.72887341
14.88964399,18.50802583,1.81650280
15.06843839,18.43106207,1.13689300
-2.26179123,13.06891437,-0.08566479
-0.62178654,13.19092052,-0.19455368
-2.29247235,12.93971473,-0.53728037
-0.61317077,13.06687984,-0.63241283
-13.50516226,15.30383078,4.14746710
-13.83671618,15.11717013,3.52480690
1.04811541,13.34304128,-0.12278830
1.08376132,13.20744088,-0.55583167
13.56806415,17.66303585,1.96420641
13.80255328,17.57377558,1.23324841
-3.88236001,12.93093627,0.17304268
-3.94795664,12.78713822,-0.30185854
-12.60465238,14.57401160,3.78974308
-12.91672301,14.37722963,3.17893854
2.75754039,13.53815190,0.06879685
2.79893149,13.38077900,-0.36482499
12.28580693,16.86619328,1.94294840
12.51146094,16.78755026,1.19272527
-5.51990671,12.79918204,0.57640114
-5.60128440,12.64360263,0.06406132
-11.74160792,13.87630947,3.33340546
-12.02218161,13.67669056,2.73226560
4.47366082,13.78680934,0.36509981
4.50898826,13.63851734,-0.08424643
11.07998965,16.08667274,1.81247789
11.27156430,16.02453493,1.06851280
-7.17195100,12.66461063,1.13191494
-7.26220168,12.52440324,0.57104240
-10.75298031,13.38382346,2.80585068
-10.98554779,13.19895168,2.20755397
6.12600684,14.04057374,0.73734828
6.16808489,13.94263831,0.24267141
9.82556800,15.49078723,1.64261866
9.98854733,15.43263516,0.93329920
-8.48350283,12.77646682,1.68118948
-8.59939096,12.65269403,1.08821077
-9.68216764,13.00389768,2.24957496
-9.85080824,12.85820992,1.64882861
7.40611398,14.45202123,1.09097091
7.48406122,14.39060975,0.52454843
8.61664020,14.93646506,1.40171634
8.74191054,14.88188852,0.75491941
-2.78388829,36.87214838,0.10324601
-1.35220730,37.18752668,0.06210229
0.15166269,37.24548833,-0.02881124
-4.18447922,36.54329650,0.13491437
1.70859770,37.28837231,-0.12513151
-5.57247312,36.21860250,0.16302028
3.30722029,37.33988957,-0.21508598
-6.96095452,35.92351498,0.20045418
4.92953782,37.42751965,-0.28911803
-8.25748966,35.14553172,0.17211971
6.48686300,37.03511072,-0.39881886
-9.56716110,34.43812943,0.20145144
8.01394691,36.71812299,-0.47430907
-10.86126862,33.78488557,0.31078494
9.50328734,36.45746705,-0.52219621
-12.12642915,33.17675839,0.48427707
10.95241983,36.22998230,-0.56165231
-13.09082985,32.60088118,0.60307955
12.02323216,35.92264850,-0.62923649
-14.06693387,32.04817214,0.72278257
13.08818307,35.61897347,-0.70503981
-15.06851212,31.51002848,0.82547619
14.15975965,35.31731874,-0.79013747
-16.10709162,30.98611064,0.89956355
15.24843848,35.01578455,-0.88673357
-16.54689361,29.97303017,0.88993713
15.73951376,34.08681291,-0.96570269
-16.93360776,28.98486400,0.89333492
16.21827700,33.13836791,-1.06206174
-17.29033121,28.05188370,0.91806891
16.67879565,32.17416307,-1.17299029
-17.65450105,27.19903125,0.96413988
17.12940749,31.21079798,-1.28441407
-17.94391960,26.17163217,1.14794617
17.52343944,29.92501147,-1.31287819
-18.29805041,25.26211799,1.34023228
17.94481885,28.70285638,-1.30039821
-18.72536865,24.41321327,1.51192673
18.39423626,27.55117228,-1.27685071
-19.24039965,23.58891860,1.65623711
18.88049582,26.46835135,-1.25905344
-19.07104436,22.51998764,1.89169395
18.72368034,25.31458559,-1.14997050
-19.00114518,21.39187645,2.13559632
18.65094273,24.21593044,-1.02017726
-18.92738016,20.29078860,2.37041175
18.57987534,23.16207450,-0.86356469
-18.79134444,19.25888279,2.54821931
18.46993024,22.13461921,-0.68341529
-18.16283031,18.53218305,2.65061276
17.91352380,21.45771331,-0.46644926
-17.55878696,17.83527484,2.70471128
17.35631444,20.77588444,-0.25582829
-16.96779581,17.15429538,2.73741627
16.78562775,20.07255702,-0.05613964
-16.37158012,16.48191838,2.75577073
16.18254259,19.34283876,0.12268315
-15.38257295,15.66858945,2.70193234
15.12136314,18.45156780,0.30957899
-2.33489246,12.78601869,-1.14211997
-0.59280501,12.92258461,-1.22519022
-14.38962089,14.88676611,2.52922050
1.15482780,13.06053810,-1.15028154
13.92183552,17.62172466,0.37129029
-4.05128106,12.62067650,-0.92973366
-13.41057918,14.14235364,2.22515373
2.89276194,13.21237610,-0.96625962
12.65295211,16.84674404,0.32560823
-5.74417270,12.46344715,-0.60018932
-12.42677512,13.45365698,1.82439039
4.59782496,13.44369111,-0.69561757
11.40030668,16.07762713,0.22387401
-7.42154471,12.32939918,-0.14843210
-11.29399183,13.00881905,1.33325651
6.24854147,13.76931067,-0.39379049
10.10073812,15.44923657,0.13111977
-8.78192125,12.46961562,0.30943450
-10.08163054,12.68658419,0.81439907
7.56662437,14.28305114,-0.15836080
8.83735481,14.84189148,0.01193318
-2.93305953,37.23302580,-0.84958066
-1.45352184,37.56502998,-0.86539473
0.08328688,37.62973783,-0.92217828
-4.38703650,36.88670391,-0.84302842
1.65625303,37.68168251,-0.98908374
-5.82794574,36.54678726,-0.83402446
3.25903345,37.74551547,-1.05554960
-7.26634200,36.24223209,-0.80781146
4.88131458,37.84578092,-1.11337858
-8.59033139,35.43426419,-0.80924283
6.44280070,37.45171502,-1.19260575
-9.93333298,34.70941684,-0.74822666
7.98569950,37.12118470,-1.26188140
-11.28325525,34.06082061,-0.61384410
9.50143869,36.83278316,-1.32715490
-12.62408426,33.47152025,-0.42933275
10.98611445,36.56571540,-1.39578345
-13.62924838,32.89061115,-0.30273235
12.08986955,36.21031730,-1.47524593
-14.63254567,32.32741507,-0.18696154
13.18967419,35.86216770,-1.55681823
-15.65155131,31.78529351,-0.09309538
14.29899218,35.52408905,-1.63883021
-16.70323608,31.27274806,-0.02793998
15.43087117,35.19808733,-1.72100181
-17.12478063,30.22866680,-0.03119882
15.93450047,34.21737569,-1.79324193
-17.52131387,29.21641059,-0.02700860
16.43910933,33.24286631,-1.86558527
-17.89747363,28.25332227,-0.01099029
16.93127389,32.26993654,-1.94603012
-18.26687572,27.35352360,0.01589711
17.40643873,31.30082681,-2.03349078
-18.56578718,26.22850522,0.14843607
17.82355947,30.00593944,-2.07683683
-18.91203891,25.20158475,0.30041046
18.25027016,28.76349095,-2.07908658
-19.32642826,24.26047879,0.44360672
18.69942697,27.59028962,-2.03906061
-19.80711642,23.38464329,0.55809976
19.16420699,26.47532266,-1.98999336
-19.60180944,22.33548892,0.78132279
18.94275071,25.27732141,-1.90316733
-19.47789377,21.26078041,0.99598155
18.82133843,24.10921286,-1.81154745
-19.38099472,20.17912505,1.18889398
18.74460779,22.97675543,-1.69794555
-19.25378757,19.12565567,1.33675668
18.63259697,21.87994399,-1.55379706
-18.63797107,18.38392096,1.43891522
18.03877877,21.18388279,-1.37866613
-18.03305634,17.66905767,1.47939022
17.43077057,20.50178221,-1.19993140
-17.44208565,16.96871161,1.47258657
16.81302717,19.83341232,-1.03230616
-16.86381671,16.27022160,1.43135807
16.17612658,19.18024947,-0.89131781
-15.92919780,15.41482412,1.31820036
15.10563622,18.42250390,-0.75447078
-2.38774330,12.56606441,-1.94738375
-0.56915596,12.71222971,-2.01512469
-14.95995035,14.59211104,1.14695161
1.25230624,12.86159692,-1.95217855
13.94296765,17.68384611,-0.70133910
-4.18364630,12.39656202,-1.76526731
-13.95152364,13.82016300,0.90655294
3.04291525,13.02211855,-1.79382533
12.71943671,16.94288591,-0.72143252
-5.94864563,12.24065297,-1.47687069
-12.90543873,13.12120789,0.59810335
4.76644998,13.25314188,-1.55372601
11.49862695,16.16216384,-0.78268712
-7.67002755,12.10658043,-1.08100728
-11.68223026,12.70777776,0.19496867
6.41115117,13.57891666,-1.27791174
10.21942984,15.48183060,-0.84137954
-9.05377671,12.23083279,-0.67769367
-10.39528238,12.41970551,-0.24248815
7.71590292,14.14608663,-1.06617947
8.97300355,14.78958326,-0.92528939
-3.14551299,37.62745601,-1.91435235
-1.61412998,37.97913722,-1.92062893
-0.03306864,38.04552875,-1.96180961
-4.65276094,37.25862547,-1.91489512
1.57320091,38.09701616,-2.01420349
-6.14467142,36.89654215,-1.91002712
3.20188318,38.16139682,-2.06999946
-7.63068431,36.57370194,-1.88599767
4.84751963,38.26299390,-2.12048696
-8.97361191,35.72135915,-1.88693685
6.43038982,37.84108567,-2.18678581
-10.32823687,34.95545308,-1.82957062
8.00120744,37.47990446,-2.24192632
-11.68967089,34.27440209,-1.71189842
9.55112106,37.15775430,-2.29554051
-13.05201046,33.66538542,-1.55723429
11.07546917,36.85446982,-2.35726413
-14.07291302,33.06768292,-1.44545633
12.21336529,36.46277085,-2.42700970
-15.09926010,32.50259775,-1.34556828
13.34816627,36.08406268,-2.50253256
-16.14172489,31.97403746,-1.26563187
14.49198030,35.72306232,-2.58013530
-17.21288120,31.48956572,-1.20859741
15.65854948,35.38437777,-2.65699459
-17.62011642,30.43404008,-1.22226096
16.15913433,34.37027503,-2.75450053
-18.00966490,29.41507911,-1.23815636
16.65489912,33.36562471,-2.84689049
-18.38610123,28.43866587,-1.24600467
17.14123674,32.37067898,-2.92858162
-18.75875231,27.51047287,-1.24128290
17.61846719,31.38789987,-2.99562978
-19.08390845,26.33088831,-1.17791224
18.05687911,30.08449459,-3.03752741
-19.44882194,25.22407263,-1.08571205
18.49865107,28.81777742,-3.05117768
-19.86647191,24.18471127,-0.98530800
18.94343853,27.60850471,-3.02215306
-20.34275296,23.20147869,-0.89470066
19.39025896,26.46004008,-2.95276021
-20.13415389,22.08221879,-0.70724809
19.13045906,25.23323529,-2.87893146
-19.98838918,20.97712372,-0.53143468
18.95889070,24.01663741,-2.82524661
-19.87320204,19.88823928,-0.37424385
18.86021685,22.81428899,-2.78300400
-19.75274393,18.81807044,-0.24600436
18.78330356,21.64591954,-2.72041548
-19.13086715,18.09270250,-0.14880585
18.20779756,20.93783869,-2.63748823
-18.51396328,17.37553917,-0.10626387
17.59552694,20.26657766,-2.53427643
-17.90882055,16.65681356,-0.11024309
16.94401309,19.62788286,-2.42200089
-17.31902508,15.92400503,-0.15006594
16.25941988,19.01557633,-2.31652405
-16.38025383,15.01652785,-0.26046298
15.14028429,18.32859317,-2.20863204
-2.45413554,12.29091940,-3.01259309
-0.56919340,12.43890620,-3.05264703
-15.42507117,14.13302915,-0.41605552
1.32277534,12.58150948,-3.00002766
13.98396029,17.64418771,-2.14763063
-4.32234843,12.11859349,-2.87933615
-14.42700271,13.32839159,-0.62131512
3.18265091,12.73968057,-2.87987497
12.80826000,16.93015190,-2.12891049
-6.17214893,11.95448292,-2.64318287
-13.37395004,12.64407137,-0.88031128
4.95878423,12.99866770,-2.69807976
11.64345744,16.15502006,-2.13805517
-7.98458539,11.80764314,-2.30182167
-12.12029957,12.29263315,-1.21409026
6.62720704,13.38491867,-2.48718455
10.40223439,15.46055373,-2.15752081
-9.42612397,11.91093969,-1.94774500
-10.80405482,12.06317140,-1.57793633
7.92997598,14.02410747,-2.31668345
9.17707639,14.73013123,-2.20896905
-3.43987813,38.00490751,-3.22860330
-1.85693382,38.38532422,-3.22859162
-0.22619838,38.46821482,-3.23956473
-4.99875277,37.60396815,-3.22737138
1.42269127,38.53381058,-3.25931430
-6.54355531,37.21289507,-3.21645101
3.08852961,38.61576971,-3.29025568
-8.08803295,36.87413014,-3.18468025
4.76869424,38.73940210,-3.32900098
-9.46712109,36.00594732,-3.16463413
6.38187346,38.30810022,-3.38805304
-10.85444619,35.23453412,-3.09198477
7.98873955,37.92896828,-3.44556787
-12.24494758,34.55430439,-2.96916673
9.58052772,37.57908521,-3.50256094
-13.63106745,33.94374526,-2.82417175
11.15030937,37.24005525,-3.56473889
-14.65256910,33.33090598,-2.72076120
12.32427473,36.80507066,-3.62059961
-15.68173383,32.75475804,-2.63602120
13.49021279,36.38528907,-3.68080417
-16.73173195,32.22182600,-2.57197178
14.65575425,35.98576870,-3.74226412
-17.81950585,31.74127559,-2.52532869
15.83110130,35.61217233,-3.80319786
-18.20394340,30.65444523,-2.56894433
16.33607993,34.56520735,-3.88401454
-18.58708047,29.60304885,-2.61622035
16.83116329,33.53436629,-3.97284604
-18.96642278,28.59094698,-2.65369184
17.31224885,32.51721334,-4.06572996
-19.34430724,27.62068031,-2.67253851
17.77676343,31.51206823,-4.14970914
-19.68075085,26.38287947,-2.67812145
18.19975184,30.18827703,-4.23596759
-20.04620220,25.20574745,-2.64121928
18.63457071,28.89160082,-4.26552606
-20.45680909,24.09137849,-2.58578768
19.08643856,27.64341773,-4.24594076
-20.92706042,23.03045951,-2.53005900
19.52814264,26.45459648,-4.19853218
-20.65668808,21.85334327,-2.43048773
19.25623351,25.19857938,-4.18052180
-20.49295636,20.69191943,-2.33266718
19.02805692,23.96616388,-4.17130983
-20.38469469,19.55704810,-2.24899457
18.85924381,22.75240447,-4.17771391
-20.28177083,18.45929082,-2.18590523
18.73691465,21.56389860,-4.19544872
-19.64543990,17.75113878,-2.12826153
18.16932092,20.84423392,-4.23094716
-19.00993499,17.05194800,-2.09694354
17.57756481,20.16185655,-4.24451023
-18.38204799,16.34545287,-2.10016716
16.95104639,19.51913184,-4.23299037
-17.77066142,15.61536755,-2.13951489
16.28716608,18.91032782,-4.19525337
-16.80898895,14.70173093,-2.24795987
15.18433442,18.22698202,-4.11526873
-2.54591711,11.99811779,-4.39921726
-0.61596212,12.17631523,-4.39106616
-15.86380419,13.79441475,-2.39925132
1.31610964,12.36193811,-4.32194317
14.04348309,17.54494140,-4.01192127
-4.46952935,11.82470465,-4.33094718
-14.89479401,12.97521903,-2.58305267
3.21227140,12.55855562,-4.21721094
12.89117830,16.83451311,-3.90571675
-6.38977979,11.68917452,-4.17400721
-13.86416416,12.30788998,-2.79810048
5.02219110,12.84239269,-4.08691206
11.75196384,16.06737925,-3.81594331
-8.28823952,11.58809956,-3.91798048
-12.60041971,12.00653820,-3.04835371
6.71849868,13.25770744,-3.94430936
10.52414392,15.37533433,-3.75938360
-9.80338718,11.70118056,-3.62367167
-11.24499616,11.82917127,-3.32555635
8.03787161,13.92252266,-3.81854678
9.29605565,14.64472980,-3.75527409
-3.67336856,38.14531397,-4.21939490
-2.06756186,38.54549126,-4.23301457
-0.41347904,38.64683721,-4.22988809
-5.25725554,37.72477974,-4.19988829
1.25718718,38.72803283,-4.22525382
-6.83143213,37.31872885,-4.17375445
2.94259423,38.82552053,-4.23204956
-8.41318875,36.97713987,-4.13600889
4.63975981,38.96734921,-4.25551025
-9.82982512,36.12526413,-4.09635972
6.27087474,38.55437154,-4.29495591
-11.25538961,35.37982222,-4.01447838
7.89522210,38.18754013,-4.35137016
-12.68095544,34.72838621,-3.88700345
9.50411436,37.84056147,-4.41639712
-14.09480026,34.13684287,-3.73817797
11.09056401,37.49340674,-4.48640322
-15.12592576,33.52878284,-3.62394098
12.28141426,37.03953409,-4.53524536
-16.16653482,32.95312003,-3.53151424
13.46193581,36.59703134,-4.58588704
-17.23175471,32.41812464,-3.46308277
14.63619971,36.17221413,-4.63652668
-18.33834615,31.93351958,-3.41438303
15.80970789,35.77056922,-4.68628652
-18.71830673,30.84241979,-3.47756699
16.32543159,34.70628215,-4.74486015
-19.10362749,29.77629664,-3.54681927
16.82181985,33.65618181,-4.81075887
-19.48828576,28.73923761,-3.60316529
17.30093189,32.61883273,-4.88479806
-19.87005132,27.73309621,-3.63636283
17.76496419,31.59377735,-4.96184040
-20.21590215,26.44667627,-3.68777781
18.19079087,30.25617664,-5.08599924
-20.57767769,25.21134932,-3.69519245
18.62975029,28.94178855,-5.17037104
-20.97723238,24.04117180,-3.67456678
19.08900079,27.67186997,-5.19432580
-21.43279039,22.93629072,-3.64457325
19.55583711,26.46200065,-5.16703074
-21.13190005,21.74023780,-3.59298313
19.34537129,25.19476339,-5.18273778
-20.92766178,20.56919679,-3.56334171
19.15229394,23.96591212,-5.22603101
-20.78595728,19.42278202,-3.54859688
18.96950759,22.77104446,-5.29095567
-20.66669616,18.31075072,-3.54240320
18.79107642,21.61115515,-5.35600835
-20.02928408,17.59465267,-3.52415372
18.20878244,20.89839456,-5.44517263
-19.39077362,16.89561970,-3.52292396
17.60259019,20.20842265,-5.51144532
-18.75434412,16.19994900,-3.54752853
16.96568837,19.54091413,-5.55034838
-18.12788766,15.49347762,-3.59820102
16.29777232,18.89399725,-5.55479571
-17.13813202,14.62611062,-3.69888931
15.20722065,18.14345237,-5.51485437
-2.60146441,11.77897421,-5.46640617
-0.65288979,12.00118509,-5.46071980
-16.16459713,13.77240550,-3.83380706
1.28820121,12.26179306,-5.40078025
14.07770651,17.41142540,-5.41851222
-4.55727157,11.59975767,-5.41484543
-15.17698460,12.99688243,-3.99254513
3.18520971,12.54258471,-5.28713869
12.92825996,16.69160328,-5.27830317
-6.52291352,11.49680811,-5.29603872
-14.13717631,12.35372096,-4.17016019
4.98935934,12.89039173,-5.13973040
11.77907331,15.96502475,-5.11416293
-8.47305426,11.46692560,-5.08852064
-12.86488840,12.03945978,-4.35752768
6.67936882,13.33988757,-4.99379062
10.53338331,15.33314486,-4.97245175
-10.02442181,11.64364284,-4.82513563
-11.49302974,11.82657724,-4.57364490
8.00722629,13.98819369,-4.89455777
9.28313168,14.66641775,-4.88849201
-3.85807596,38.20520821,-4.97171069
-2.23930636,38.61456650,-5.00403448
-0.57395080,38.72993281,-5.00465740
-5.45816880,37.77831049,-4.93645464
1.10631902,38.82151007,-4.99445986
-7.05235667,37.37074082,-4.90130067
2.79909320,38.92365588,-4.98708556
-8.65745714,37.03126775,-4.86203626
4.50093588,39.06483588,-4.99495293
-10.10051517,36.19136343,-4.80487690
6.13757912,38.65684775,-5.00225446
-11.55418181,35.46055295,-4.71409878
7.76782994,38.29551062,-5.04279719
-13.00814665,34.82584004,-4.58401588
9.38266957,37.95355863,-5.10380561
-14.44723495,34.24710273,-4.43400037
10.97371861,37.60757968,-5.17477083
-15.49276531,33.64778019,-4.31092289
12.17188855,37.15093138,-5.21680722
-16.54555576,33.07567443,-4.21162619
13.35782717,36.70045238,-5.26056247
-17.62040052,32.53882749,-4.13907534
14.53386409,36.26271612,-5.30450001
-18.73160950,32.04718138,-4.09068227
15.70292173,35.84295364,-5.34856359
-19.11447854,30.96174743,-4.16339199
16.23214600,34.77491443,-5.39570240
-19.50093715,29.89322198,-4.24421493
16.73929408,33.71987213,-5.44744856
-19.88288791,28.84610401,-4.30800812
17.22525966,32.67532859,-5.50124048
-20.25536201,27.82274788,-4.34197060
17.69203827,31.64008144,-5.55637078
-20.59064866,26.51327063,-4.41394638
18.11721955,30.29481611,-5.67823568
-20.93985161,25.24392592,-4.45054713
18.55496718,28.96888829,-5.78214643
-21.32908817,24.03595638,-4.46787078
19.01866668,27.68526012,-5.85469247
-21.76929037,22.90003165,-4.47535105
19.49944485,26.46179661,-5.88397990
-21.47123652,21.69044856,-4.46750507
19.32144719,25.18997810,-5.93258267
-21.25469435,20.51688303,-4.47754197
19.16427422,23.96441429,-6.00156229
-21.09326292,19.37297307,-4.51124258
19.01368096,22.78055750,-6.10347562
-20.95561764,18.26033754,-4.56414492
18.85881867,21.63298693,-6.23078390
-20.32109814,17.53682976,-4.58793550
18.27446481,20.91984089,-6.36456694
-19.68409188,16.83017672,-4.60860032
17.66568986,20.21757332,-6.48662112
-19.04517658,16.13719629,-4.63613360
17.02879249,19.52309855,-6.58990328
-18.40810845,15.45066817,-4.68212528
16.36348641,18.83754356,-6.65790452
-17.39008685,14.63074196,-4.77501488
15.27382494,18.03171518,-6.66676792
-2.62413197,11.58379778,-6.23905224
-0.66463624,11.85197430,-6.21756426
-16.37997010,13.82604787,-4.91277815
1.27646272,12.18642873,-6.16157139
14.14105079,17.25625073,-6.57319760
-4.60489790,11.38627993,-6.22652108
-15.36141893,13.07436020,-5.07532206
3.16977596,12.54914276,-6.06608945
12.98108097,16.52568497,-6.39199225
-6.60466495,11.29063237,-6.17253948
-14.30370084,12.41930377,-5.25180346
4.96946742,12.95708314,-5.94743688
11.81439669,15.83078936,-6.16482965
-8.58855603,11.29433507,-6.04684015
-13.02141824,12.05028791,-5.42069925
6.65576320,13.42561847,-5.83571397
10.54655457,15.26311783,-5.95391533
-10.15856343,11.52366259,-5.82645978
-11.64032576,11.77035812,-5.61068422
7.98714315,14.04532713,-5.76704553
9.27603248,14.66680369,-5.80868533
-4.00287923,38.24790685,-5.53855880
-2.37426567,38.66060782,-5.58169459
-0.70134901,38.78624473,-5.59402693
-5.61561061,37.82216498,-5.49793537
0.98483936,38.88757724,-5.59449582
-7.22406097,37.41852869,-5.46164584
2.68149109,38.99313734,-5.58847341
-8.84238091,37.07995173,-5.42284010
4.38470473,39.12740514,-5.58609521
-10.30181374,36.24357944,-5.35414351
6.02140173,38.71151294,-5.55815696
-11.77130662,35.51169487,-5.25665769
7.65145427,38.34226141,-5.57248165
-13.24191430,34.87524550,-5.12550171
9.26624314,37.99526937,-5.62013600
-14.69808858,34.29729205,-4.97756567
10.85681392,37.64634978,-5.68585833
-15.75663784,33.70410688,-4.84960632
12.05765111,37.18862809,-5.72001033
-16.81928637,33.13599950,-4.74643159
13.24610958,36.73576667,-5.75663507
-17.89880626,32.59863613,-4.67241799
14.42379824,36.29344306,-5.79460586
-19.00597009,32.10131786,-4.62595020
15.59187584,35.86603616,-5.83459218
-19.38993176,31.02254354,-4.70468664
16.13310882,34.80157853,-5.87610595
-19.77566378,29.95563364,-4.79459921
16.64952966,33.74709865,-5.92420224
-20.15447662,28.90601011,-4.86292174
17.14262144,32.70155355,-5.97075252
-20.51960801,27.87648622,-4.89052526
17.61539933,31.66351050,-6.01066557
-20.84267937,26.56163728,-4.96294891
18.04140140,30.31720144,-6.12074761
-21.16904692,25.28064617,-5.00262144
18.47401484,28.98573006,-6.21840300
-21.53400667,24.05415945,-5.03258359
18.93235355,27.69353713,-6.30053866
-21.95612166,22.89882710,-5.06323818
19.41606402,26.46026377,-6.36485652
-21.67588464,21.67766380,-5.09995065
19.25195157,25.18600618,-6.44694059
-21.46263181,20.49902817,-5.14827451
19.10872368,23.96093933,-6.53749932
-21.29339408,19.35578778,-5.21429904
18.96931144,22.78143158,-6.65320805
-21.14445858,18.24510901,-5.29966198
18.82284975,21.64043154,-6.80104980
-20.51727030,17.51885730,-5.35828531
18.23470574,20.93246965,-6.95068418
-19.88523118,16.80673557,-5.40841661
17.62387315,20.23288994,-7.10059376
-19.24771587,16.10934018,-5.45073494
16.98887329,19.53899739,-7.24140908
-18.60659585,15.42515251,-5.49266787
16.33129263,18.85119897,-7.35395250
-17.57272651,14.62426161,-5.55302779
15.25814308,18.03908243,-7.41626252
-2.64263810,11.45162164,-6.77257332
-0.67148478,11.75045806,-6.73241702
-16.53594296,13.84875122,-5.65868785
1.26851688,12.14023010,-6.66244232
14.14757548,17.24075863,-7.36581761
-4.64721756,11.24209296,-6.78772378
-15.48948495,13.11567207,-5.80590225
3.15554950,12.57005917,-6.56046236
13.00496458,16.47741303,-7.19676672
-6.67513078,11.14653650,-6.77071478
-14.41240696,12.45214067,-5.98224075
4.95072138,13.03043473,-6.45603595
11.84088194,15.77377959,-6.93715646
-8.68034061,11.16117324,-6.69218094
-13.12214919,12.04103297,-6.14522548
6.63730338,13.51629884,-6.38293055
10.55915290,15.24201952,-6.66028509
-10.25598028,11.41928560,-6.50641655
-11.73888812,11.70939718,-6.31924306
7.97289140,14.11570879,-6.35589576
9.27276449,14.69534882,-6.45021407
-4.11378431,38.28455704,-5.95876593
-2.47797611,38.69781109,-6.00305590
-0.79978289,38.83058376,-6.02414738
-5.73527653,37.86238454,-5.92054776
0.89051530,38.94067305,-6.03954370
-7.35244635,37.46291666,-5.88706643
2.58983491,39.05070212,-6.04564675
-8.97651222,37.12268735,-5.84869910
4.29392944,39.18029910,-6.04509891
-10.44609181,36.28603831,-5.77287981
5.92990141,38.75372538,-5.99390564
-11.92455715,35.54654308,-5.67179481
7.55883275,38.37045632,-5.97957894
-13.40463544,34.89988879,-5.54298760
9.17255112,38.01324549,-6.00843208
-14.87145067,34.31415706,-5.40082775
10.76191507,37.65805482,-6.06609794
-15.93993126,33.72161410,-5.27366526
11.96286798,37.19818453,-6.09408321
-17.00959784,33.15538239,-5.16996595
13.15155740,36.74293736,-6.12552515
-18.09104569,32.61812202,-5.09506509
14.32978942,36.29765400,-6.15825698
-19.19214431,32.11741847,-5.04780073
15.49808665,35.86639695,-6.19345443
-19.57630083,31.04534355,-5.12620880
16.04885714,34.80723485,-6.22968492
-19.95960439,29.98176423,-5.21954440
16.57352155,33.75637476,-6.27698679
-20.33545070,28.93292091,-5.29143110
17.07350311,32.71236149,-6.32261181
-20.69758247,27.90297042,-5.31712508
17.55132885,31.67466097,-6.35788682
-21.01857376,26.59099446,-5.38822415
17.98006299,30.33078663,-6.46406109
-21.33064582,25.30920903,-5.42020782
18.40824092,28.99781586,-6.55143553
-21.67200172,24.07624353,-5.44722618
18.85860388,27.70084829,-6.62746899
-22.07117470,22.91085534,-5.48269081
19.33793497,26.46097740,-6.69912573
-21.79677356,21.68322093,-5.54331992
19.17757131,25.18645866,-6.80021767
-21.58995858,20.49997342,-5.61841784
19.04101593,23.96164206,-6.91063116
-21.42080905,19.35489167,-5.70830085
18.90763066,22.78317961,-7.03795368
-21.26642583,18.24524263,-5.81143372
18.76411746,21.64538684,-7.19335489
-20.64699029,17.51796746,-5.89083155
18.17328993,20.94401687,-7.35421760
-20.02052627,16.80346033,-5.95806631
17.56098939,20.25154527,-7.52157951
-19.38632898,16.10319323,-6.01280366
16.92688087,19.56647828,-7.68329258
-18.74551402,15.41696315,-6.05839378
16.27322493,18.88847685,-7.81738980
-17.70615057,14.61837905,-6.10145825
15.21062330,18.09254824,-7.90752867
-2.66597416,11.37618160,-7.13012590
-0.68248055,11.69145711,-7.08191969
-16.65496081,13.85209410,-6.17050044
1.25858432,12.11592173,-7.00292790
14.11598664,17.30344061,-7.88249976
-4.69123653,11.16106019,-7.15293507
-15.59001070,13.12687160,-6.27957696
3.14090559,12.59196634,-6.89380179
12.99290044,16.52935005,-7.73563264
-6.73964069,11.06447869,-7.14233266
-14.49771699,12.45919439,-6.42728648
4.93213364,13.09292093,-6.79393797
11.84456790,15.79831473,-7.48281083
-8.75679305,11.08188601,-7.07373654
-13.20004533,12.02641641,-6.57016889
6.61946613,13.59559468,-6.74837585
10.56285283,15.26248887,-7.17442893
-10.33340208,11.35385835,-6.90111375
-11.81541626,11.66664098,-6.72880111
7.95921658,14.18396014,-6.76203060
9.26778860,14.73773389,-6.91003720
-2.50192025,36.02847120,1.69788611
-1.15943476,36.27423923,1.60562080
0.29348441,36.29281166,1.45867102
-3.79761703,35.76569435,1.79045034
1.84028842,36.29308789,1.32783685
-5.07685497,35.49421610,1.87605483
3.44745008,36.31413745,1.23358440
-6.35172491,35.22591864,1.95176796
5.06640135,36.40302436,1.18939885
-7.58501639,34.54620604,1.93007291
6.55601622,36.13767091,1.11979263
-8.83215022,33.90670231,1.93941990
7.97168410,35.97548406,1.08109745
-10.07223218,33.31374789,2.00692916
9.33412000,35.86791198,1.04296986
-11.29346684,32.77106958,2.12414633
10.66704836,35.77249345,0.99094092
-12.22706504,32.25494666,2.17733526
11.66653978,35.55297654,0.88633280
-13.15702805,31.75439660,2.24029157
12.67459479,35.31279962,0.77783688
-14.09463240,31.25553213,2.30244213
13.69658087,35.05320679,0.66402094
-15.05927825,30.75715013,2.35697795
14.73447946,34.77503440,0.54045637
-15.50873829,29.85513515,2.34378468
15.17805684,33.87229351,0.39508098
-15.94609406,29.01006052,2.36831207
15.62089395,32.92892065,0.27225757
-16.36875371,28.23054656,2.42564405
16.05822391,31.96503633,0.17231709
-16.77915342,27.50644285,2.49738102
16.49469919,31.01033371,0.08546575
-17.12678993,26.62848404,2.72459532
16.87341858,29.73774649,0.12782955
-17.49615777,25.72057344,2.92934609
17.32147334,28.56274304,0.15250804
-17.96266326,24.78925657,3.10689338
17.87489371,27.49872074,0.15111391
-18.57964599,23.86818356,3.28333259
18.49973013,26.53094219,0.14966985
-18.51764265,22.72902990,3.55117558
18.46680285,25.52022368,0.28992290
-18.48285619,21.61894748,3.87321151
18.44845929,24.57982136,0.44667914
-18.39514845,20.56931817,4.17823083
18.42321955,23.66974626,0.62275895
-18.27871240,19.59006991,4.43407331
18.38063390,22.72276037,0.82289627
-17.60134188,18.92461714,4.60385938
17.84608682,22.01646302,1.09251123
-16.89341929,18.26499216,4.74706417
17.29716529,21.22187158,1.38292182
-16.16269040,17.60539972,4.84525684
16.70280798,20.37519573,1.68396092
-15.44437603,16.94731255,4.87769706
15.99545291,19.55106488,1.97468018
-0.62119504,13.30196431,0.12949922
-2.23977319,13.18286894,0.25268614
-14.36830059,16.16757149,4.78206104
1.03602232,13.46214673,0.19504322
14.71118388,18.63109845,2.32121031
-3.84354990,13.05241393,0.53485182
-13.39362707,15.41462985,4.54762632
2.74459143,13.65762163,0.39046658
13.39678941,17.78990532,2.47348299
-5.47590892,12.91325505,0.97227021
-12.48089141,14.69476325,4.19480333
4.46268470,13.87903093,0.70932893
12.14487056,16.98166424,2.45208811
-7.11977054,12.75795469,1.55778592
-11.60183729,14.01145313,3.74604779
6.08869474,14.09146892,1.13530279
10.96289506,16.18658934,2.32421532
-8.40222959,12.87852459,2.11332738
-10.60864435,13.52994253,3.22546886
7.32559362,14.50431616,1.54914032
9.71180554,15.58050237,2.15474032
-9.56139346,13.13627707,2.67442186
8.50980942,15.00978514,1.89981853
-4.19800121,38.31535840,-6.27291600
-2.55720518,38.72793445,-6.31374655
-0.87530094,38.86556451,-6.33731311
-5.82517793,37.89700437,-6.23992325
0.81796114,38.98270288,-6.36323644
-7.44722296,37.50089520,-6.21009070
2.51930088,39.09721999,-6.38301434
-9.07301835,37.15775609,-6.17168282
4.22422152,39.22448125,-6.39170633
-10.54741097,36.31928981,-6.08894808
5.85948570,38.79010372,-6.33140482
-12.03063323,35.57105149,-5.98538779
7.48736879,38.39347329,-6.29491707
-13.51620753,34.91239233,-5.85975685
9.10053119,38.02425816,-6.30358817
-14.99003718,34.31719023,-5.72467780
10.68976668,37.66181353,-6.35089080
-16.06617631,33.72263020,-5.60139438
11.89054294,37.19917965,-6.37380949
-17.14094847,33.15604876,-5.49972228
13.07857043,36.74143321,-6.40209546
-18.22308548,32.61814258,-5.42480156
14.25615675,36.29339060,-6.43156105
-19.31875079,32.11477502,-5.37583425
15.42427124,35.85920062,-6.46285292
-19.70232068,31.04741362,-5.45024881
15.98137563,34.80383232,-6.49290181
-20.08405218,29.98773829,-5.54210305
16.51286093,33.75657225,-6.53851485
-20.45802353,28.94171013,-5.61485613
17.01891123,32.71559571,-6.58522145
-20.81863533,27.91357801,-5.64004413
17.50147161,31.67925393,-6.62008193
-21.14249810,26.60702588,-5.71282511
17.93339909,30.33904491,-6.72896375
-21.45196641,25.32917473,-5.73982450
18.35957695,29.00724391,-6.81281017
-21.77776053,24.09555234,-5.75954951
18.80224201,27.70793699,-6.87924216
-22.15736643,22.92543430,-5.79190615
19.27524172,26.46364362,-6.94753707
-21.88043305,21.69509524,-5.86253146
19.11392539,25.18985767,-7.05759210
-21.67352771,20.50833407,-5.95023174
18.97945186,23.96557932,-7.18106469
-21.50459998,19.36160154,-6.05353043
18.84904389,22.78804163,-7.31930505
-21.34826839,18.25160619,-6.16811842
18.70781715,21.65158748,-7.48112930
-20.73483950,17.52503532,-6.26109814
18.11585678,20.95580824,-7.65401518
-20.11298771,16.81011067,-6.33903941
17.50333620,20.26974009,-7.83642629
-19.48204115,16.10853495,-6.40086165
16.87070531,19.59204777,-8.01196383
-18.84278519,15.42117610,-6.44938103
16.22040289,18.92290592,-8.15782366
-0.69644857,11.66084545,-7.32180703
-2.69102498,11.33753263,-7.37073432
-17.80317511,14.62164473,-6.48785727
1.24724292,12.10515051,-7.24139302
15.16523852,18.14185440,-8.26316803
-4.73153942,11.11966794,-7.39401941
-16.74454323,13.85721358,-6.53498422
3.12704831,12.61095656,-7.13072930
14.08005639,17.36760220,-8.24898208
-6.79239811,11.02282246,-7.38269873
-15.66778098,13.13463284,-6.61179477
4.91574280,13.13984094,-7.03739329
12.96850746,16.60009471,-8.11271929
-8.81492815,11.04173690,-7.31640939
-14.56371299,12.46475403,-6.72861643
6.60420774,13.65526186,-7.01589831
11.83351861,15.85709261,-7.87107501
-10.39099339,11.32115054,-7.15150096
-13.25926145,12.02133283,-6.84844090
7.94735422,14.23828574,-7.06569496
10.55842394,15.30475897,-7.55646131
-11.87232664,11.64658885,-6.99082572
9.26137888,14.78005492,-7.25786242
