-0.91023041,15.01356741,1.21161122
-2.80172437,15.23234430,1.21436030
-0.90315511,15.02854988,1.31581197
-2.79969552,15.24472643,1.32119005
-4.73546018,15.39316608,1.26869397
-4.73641222,15.40459224,1.38108524
-6.63400268,15.48237168,1.30679911
-6.63499258,15.49510228,1.42661176
-8.42699887,15.50548499,1.27481361
-8.42437959,15.52689546,1.40387848
-6.47824036,34.08514703,-0.63950134
-4.78447869,33.74877169,-0.42017035
-6.48840590,34.18696762,-0.57278117
-4.78620054,33.85788231,-0.35643341
-3.06596551,33.49316117,-0.19739600
-3.05753016,33.60611224,-0.13589786
-1.27339097,33.29058027,0.07596060
-1.25313267,33.39901691,0.13857127
0.58421405,33.04108581,0.35652589
0.61448301,33.14216218,0.41981704
-9.77352009,15.72722258,1.19190013
-9.76843260,15.75226011,1.32854474
-10.99824396,15.93578622,1.08502574
-10.99123374,15.96678131,1.22706577
-12.10012164,16.15713081,0.95998897
-12.09298366,16.19362943,1.10308484
-13.09142585,16.40555813,0.81760226
-13.08659669,16.44265104,0.95568255
-13.04556684,33.83574838,-1.61027320
-11.43392625,34.11309444,-1.41588260
-13.08036027,33.93567373,-1.56293356
-11.46142728,34.20996427,-1.36423893
-9.77364599,34.21767082,-1.17631588
-9.79584929,34.31107779,-1.11547478
-8.11325493,34.15851553,-0.88352297
-8.12992431,34.25162180,-0.81655608
-13.90720677,16.83477225,0.66705822
-13.90458576,16.87166198,0.80018544
-14.67749751,17.25176730,0.47918445
-14.67857708,17.28768205,0.60775480
-15.40295911,17.69416135,0.25887014
-15.40984012,17.72569792,0.38300485
-16.09577532,18.12409655,-0.00529877
-16.11047462,18.14869212,0.11374903
-16.52722838,18.53274083,-0.21321809
-16.54799643,18.55298013,-0.09709661
-16.95561807,18.94935736,-0.44162055
-16.98319189,18.96300231,-0.33003404
-17.38022758,19.34515436,-0.67935403
-17.41083050,19.35541803,-0.57354865
-17.82927958,19.73580174,-0.93701075
-17.85980711,19.74910087,-0.83707310
-17.51606540,31.53202837,-2.41330142
-16.47319268,32.28769505,-2.17991925
-17.58380371,31.64676798,-2.38210186
-16.52549920,32.39942601,-2.14268997
-15.37533287,32.93350397,-1.97554714
-15.41925563,33.03934719,-1.93430949
-14.22827529,33.43238618,-1.77968961
-14.26741042,33.53385608,-1.73428750
-18.01397499,20.55811537,-1.17092960
-18.05629783,20.58128637,-1.08026703
-18.24910421,21.34805731,-1.41376766
-18.30112125,21.37680431,-1.33217760
-18.55069279,22.12111394,-1.68098401
-18.60918394,22.15401185,-1.60751774
-18.94428655,22.89119599,-1.98880650
-19.01287784,22.92664774,-1.92456004
-18.80656212,23.87364057,-2.08890023
-18.88085473,23.91441464,-2.02947747
-18.74164051,24.89409309,-2.17604301
-18.82358996,24.94198240,-2.12405570
-18.67578624,25.97665856,-2.24576819
-18.76551521,26.03517862,-2.20240215
-18.57645479,27.14523896,-2.32039322
-18.66911783,27.21585922,-2.28366543
-18.40947989,28.15316469,-2.29965793
-18.49905854,28.23572674,-2.26416718
-18.18259009,29.24088192,-2.30516765
-18.26932928,29.33701829,-2.27304815
-17.88116495,30.39314846,-2.34935048
-17.95860453,30.49958335,-2.31776749
-0.92255800,14.97289000,1.10609786
-2.81441991,15.18981360,1.10579408
-4.75073266,15.34724849,1.15674570
-6.65371641,15.43982750,1.18825118
-8.45509457,15.45676242,1.14821893
-6.46671764,33.98723963,-0.70375877
-4.78193066,33.64185862,-0.48279904
-3.07377473,33.38250750,-0.25778965
-1.29303563,33.18379447,0.01390506
0.55414998,32.94182764,0.29338378
-9.79598493,15.66636942,1.05793848
-11.01435705,15.87115322,0.94892447
-12.11282015,16.08985220,0.82463020
-13.10277074,16.32880657,0.68047404
-13.01255694,33.73738440,-1.65689792
-11.40534568,34.01462110,-1.46380695
-9.75181595,34.12366353,-1.23589591
-8.09653701,34.06959025,-0.94842177
-13.91471102,16.76044498,0.53627289
-14.67645089,17.19677530,0.35908743
-15.39500537,17.63926872,0.14363231
-16.07697153,18.08376331,-0.11432765
-16.50390989,18.50183522,-0.31739031
-16.92477269,18.91572480,-0.53991487
-17.34941812,19.31786070,-0.77495075
-17.79187395,19.69921224,-1.01864975
-17.43389914,31.40673854,-2.43372287
-16.41942183,32.17420394,-2.21412734
-15.32683868,32.82442707,-2.01341059
-14.18836765,33.32748659,-1.82161890
-17.97267418,20.51378066,-1.24791036
-18.19329691,21.30974680,-1.49085067
-18.48506799,22.08764148,-1.75295332
-18.85817718,22.85555722,-2.04318320
-18.73108167,23.82936681,-2.13953486
-18.64853102,24.84457321,-2.21609865
-18.57721582,25.92076582,-2.28281634
-18.47989278,27.07488771,-2.35261151
-18.31049870,28.07045772,-2.32590848
-18.08734155,29.14435325,-2.33232258
-17.79518464,30.28283820,-2.37438233
0.89592135,14.82289106,1.40031323
0.88594363,14.80649956,1.29608932
2.57210774,14.65229953,1.50039907
2.56135506,14.63085229,1.39569918
4.14462975,14.57137853,1.57288478
4.13336922,14.54023925,1.46868149
5.65511999,14.57412239,1.62367363
5.64436332,14.53152295,1.51918524
7.32921025,31.18571855,0.81135308
5.80207479,31.59909118,0.82570094
7.27985596,31.08024420,0.75465480
5.75863105,31.49873248,0.76645175
4.18475170,32.12477527,0.77850603
4.14479500,32.02629370,0.71762365
2.44888200,32.66566146,0.64916486
2.41254884,32.56804401,0.58652782
6.91025035,14.82856540,1.64353750
6.90203962,14.78495082,1.53887536
8.13417746,15.03674715,1.66362039
8.12948267,14.99431746,1.55868520
9.31478978,15.19290451,1.67361493
9.31343793,15.15264849,1.56822984
10.43711890,15.32307205,1.65698222
10.43654819,15.28851285,1.55131849
12.31451535,29.31838714,0.49240413
11.13008558,29.68718120,0.65965979
12.24104469,29.21517416,0.45641886
11.06227924,29.58138476,0.61773974
9.91744342,30.09027202,0.76644137
9.85526479,29.98258986,0.71853070
8.65536328,30.57189781,0.81042343
8.59968800,30.46491805,0.75749727
11.40538201,15.65720143,1.58259363
11.40235868,15.62567211,1.47473034
12.31693738,15.96706090,1.44587916
12.30975065,15.93320205,1.33408076
13.17285022,16.27982194,1.23919136
13.16093585,16.24439906,1.12300661
13.98942564,16.53756320,0.96567191
13.97079889,16.50508237,0.84748782
14.49775841,16.80705996,0.74146173
14.47399898,16.78000639,0.62345066
15.00628024,17.05208916,0.49514862
14.97709848,17.03515060,0.37944524
15.51385750,17.26852018,0.23642527
15.48111608,17.26319295,0.12537640
16.04798228,17.48916610,-0.04730266
16.01329486,17.49387571,-0.15209909
15.85671923,27.58581435,-0.36954453
14.92231182,28.04325820,-0.08185926
15.77307493,27.51733124,-0.40892979
14.84370325,27.96647099,-0.11977702
14.04235827,28.48904453,0.14688052
13.96429097,28.40188572,0.11220118
13.17572959,28.91396828,0.33597926
13.09939876,28.81799634,0.30147563
16.35047995,18.14991748,-0.23004441
16.30664654,18.15623856,-0.32724608
16.71078259,18.79198743,-0.41242803
16.65712773,18.80036229,-0.50275861
17.10165596,19.48064999,-0.60206847
17.03969817,19.48539859,-0.68630425
17.53685008,20.24025617,-0.80194383
17.46341161,20.24114960,-0.88039847
17.33677766,21.20898747,-0.71373930
17.26132036,21.19867344,-0.79304674
17.15729557,22.21114724,-0.63170661
17.07577926,22.18954869,-0.70906314
16.96418753,23.22971552,-0.56245024
16.87486351,23.19643559,-0.63407253
16.75904479,24.25842281,-0.53379535
16.66592122,24.21746655,-0.59859043
16.52998949,25.07249076,-0.43361173
16.43788877,25.02425521,-0.49292102
16.30126101,25.89565258,-0.37220683
16.20838928,25.83968429,-0.42294392
16.06882211,26.73073213,-0.35182937
15.98019669,26.66863473,-0.39654172
0.87482800,14.75686675,1.19147709
2.55408204,14.56836646,1.29214680
4.13133081,14.47073160,1.36879631
5.64935835,14.45029083,1.41939603
7.23016977,30.98101195,0.69946418
5.71463230,31.40226698,0.70820325
4.10439582,31.93027746,0.65745399
2.37588034,32.47264390,0.52401918
6.90355757,14.69091777,1.43839442
8.12896104,14.90236054,1.45908368
9.31225913,15.06561394,1.46994913
10.43518020,15.19571596,1.44879300
12.17032543,29.11744334,0.41872453
10.99524532,29.47831664,0.57728743
9.79414615,29.87857038,0.66999864
8.54560250,30.36617473,0.70467084
11.40071212,15.53531585,1.36890191
12.30276533,15.86374670,1.22747507
13.14867764,16.17223294,1.01643466
13.94845821,16.44822062,0.73798657
14.44886691,16.73835130,0.51468271
14.94465382,16.99855865,0.27504177
15.44638709,17.24207129,0.02247663
15.96751842,17.48025651,-0.24031439
15.67182614,27.43677695,-0.43862287
14.76386649,27.88850237,-0.15616723
13.88352351,28.31416361,0.07802775
13.02284804,28.72003663,0.26844269
16.26116231,18.14458857,-0.41221558
16.59804164,18.80086811,-0.58861927
16.97110809,19.49066236,-0.76782830
17.37209349,20.23843904,-0.94743368
17.18416436,21.18512343,-0.86523062
16.98305840,22.16562795,-0.77534993
16.77666150,23.16687330,-0.70058495
16.57019340,24.17718081,-0.66127583
16.33644235,24.97535760,-0.54545022
16.10629675,25.78323672,-0.47083220
15.88357793,26.60322310,-0.43749945
-2.45993209,14.86571342,-9.43710907
-3.73651787,14.83931207,-9.41229330
-2.46585691,14.81088671,-9.31150537
-3.73671581,14.78441272,-9.29012001
-5.04757978,14.76317247,-9.37937864
-5.03986225,14.71065801,-9.26128427
-6.34478326,14.66721479,-9.32006915
-6.32820839,14.61874126,-9.20420155
-7.56689015,14.60381803,-9.20773590
-7.54192069,14.55922435,-9.09236593
-1.23741412,14.87474620,-9.32546804
-1.22801066,14.92569332,-9.45193648
-0.06830813,14.92560540,-9.31229682
-0.05654054,14.97479159,-9.43576359
1.08576609,14.99580181,-9.28692053
1.09862672,15.04688399,-9.40434312
2.27972065,15.10318284,-9.28098493
2.29255077,15.16002235,-9.39174910
1.04184891,33.29353250,-9.91228012
-0.99502893,33.01749451,-9.86088855
1.04962555,33.19657743,-9.79288836
-0.98352283,32.92246460,-9.74625009
-3.10046662,32.83016188,-9.90130608
-3.08136725,32.73546129,-9.79629278
-5.10462095,32.64972076,-10.00379612
-5.07945484,32.55392336,-9.90494738
-6.99472692,32.52543185,-10.15366792
-6.96290694,32.42568967,-10.06146784
2.85358685,33.03692394,-9.86727169
2.84927382,33.13680432,-9.98527027
4.48099276,33.02884464,-9.90786473
4.48281132,33.13091559,-10.01995273
5.89121307,33.06708573,-9.87724232
5.90085438,33.17058885,-9.98289324
7.15703923,33.13700913,-9.81564101
7.17438988,33.24281988,-9.91642873
-8.48765444,14.84543450,-9.11828787
-8.45728343,14.80504657,-9.00307577
-9.31691735,15.15062013,-9.00929730
-9.28166550,15.11336080,-8.89514784
-10.07250615,15.51755487,-8.89558229
-10.03267223,15.48212867,-8.78238382
-10.78915423,15.92845018,-8.80063321
-10.74472131,15.89292025,-8.68752645
3.45379102,15.53011316,-9.31931676
3.46655886,15.58670513,-9.42694856
4.68808029,15.95221264,-9.38074536
4.70088211,16.00629400,-9.48717061
5.97878915,16.34007637,-9.42205846
5.99115283,16.39061556,-9.53009339
7.29728420,16.70604872,-9.40580171
7.30911530,16.75356816,-9.51889864
-8.87558672,32.02093347,-10.27228136
-8.83577001,31.91503347,-10.18928908
-10.57364789,31.60514051,-10.31356272
-10.52659428,31.50203248,-10.23828031
-12.00938709,31.18549439,-10.28277000
-11.95713600,31.09110413,-10.21262341
-13.43662785,30.83065206,-10.22249907
-13.37435480,30.74307087,-10.15633456
8.32735739,32.87371630,-9.74217753
8.35427586,32.98406630,-9.83782184
9.45618550,32.70114961,-9.72725699
9.48833135,32.81084903,-9.81613834
10.49828961,32.51068926,-9.76870594
10.53333473,32.61600112,-9.84986823
11.67051449,32.32863839,-9.84146772
11.71440820,32.43056517,-9.91251267
-11.47094546,16.49207408,-8.79721356
-11.42192131,16.45291148,-8.68441368
-12.17165105,17.09288922,-8.83724398
-12.11604825,17.04654702,-8.72520886
-12.91328080,17.75285901,-8.92182718
-12.84762078,17.69555731,-8.81142964
-13.74327469,18.48855285,-9.03913250
-13.66423643,18.41777004,-8.92933702
8.57934701,17.24282412,-9.36759110
8.59303203,17.28708712,-9.48869300
9.77154130,17.79701861,-9.33134660
9.78826656,17.83941145,-9.46069215
10.85014159,18.35550236,-9.32137703
10.87193513,18.39551162,-9.45666061
11.84497452,18.88105318,-9.32688118
11.87003474,18.91813382,-9.46490841
-15.65954948,29.77865125,-10.27197035
-15.10418021,29.99429196,-10.24666911
-15.60571657,29.70922044,-10.20829940
-15.04812427,29.92284697,-10.18187956
-14.56539726,30.25318366,-10.22230926
-14.50612745,30.17749038,-10.15674312
-14.01492027,30.53743472,-10.21320759
-13.95315038,30.45604174,-10.14743401
14.09885946,31.20469553,-9.96628691
13.43978987,31.51412380,-9.94905376
14.13411673,31.29339631,-10.01971300
13.47915407,31.60357761,-10.00684516
12.81771823,31.81542557,-9.91861963
12.86031188,31.90794183,-9.98074398
12.22768082,32.09069050,-9.88175212
12.27220483,32.18807253,-9.94822715
-14.18554940,19.12485415,-9.17878895
-14.10347952,19.04208923,-9.06708348
-14.66711207,19.80215473,-9.32834365
-14.58434589,19.70874881,-9.21177563
-15.20289463,20.51623554,-9.48893548
-15.11974061,20.41445709,-9.36798335
-15.82928283,21.26332252,-9.65474946
-15.74572088,21.15737366,-9.53326704
12.30071590,19.30380635,-9.38415875
12.32723749,19.34046536,-9.52368887
12.76768936,19.71342498,-9.44392648
12.79491947,19.75304117,-9.58411344
13.27335917,20.12715539,-9.50537210
13.30234702,20.17480044,-9.64554647
13.86416693,20.56865449,-9.57172766
13.89879316,20.62950536,-9.71118985
-15.86647784,22.28229201,-9.90743841
-15.77781883,22.17815936,-9.79083057
-15.95520121,23.26738383,-10.11340563
-15.86155414,23.17266106,-10.00700285
-16.08250908,24.14857993,-10.25410412
-15.98519842,24.06667584,-10.15915774
-16.24794123,24.91145921,-10.33539815
-16.14532920,24.83861458,-10.25003311
14.01640142,21.33301948,-9.75810213
14.07352306,21.41525326,-9.89888629
14.31142603,22.23221037,-9.95240599
14.38906244,22.34366015,-10.09068923
14.69448037,23.23872701,-10.12943876
14.78109729,23.36981070,-10.25706728
15.09668659,24.26358703,-10.25248089
15.18528218,24.39867060,-10.36422002
-16.11242718,25.69309318,-10.38171466
-16.01184820,25.62355252,-10.30259465
-16.05430365,26.38217214,-10.39073602
-15.95562462,26.31045884,-10.31611488
-16.02853197,27.03074901,-10.38171662
-15.93342374,26.95387179,-10.31011098
-16.02740921,27.70486193,-10.36188976
-15.93628147,27.62158462,-10.29369213
15.17262354,25.45697433,-10.32529830
15.25246989,25.59062829,-10.42117631
15.21854333,26.53794724,-10.31427869
15.29028291,26.66813164,-10.39595035
15.20277813,27.53016691,-10.25266538
15.26750796,27.65988424,-10.32270636
15.11877565,28.51272345,-10.16720655
15.17828024,28.64224140,-10.22728305
-15.93061489,28.20519600,-10.34198381
-15.84672700,28.11967015,-10.27545314
-15.86092772,28.74327626,-10.31903182
-15.78637055,28.66053585,-10.25392902
-15.77986185,29.27777709,-10.29704056
-15.71671926,29.20228235,-10.23277908
14.89976295,29.22929669,-10.10639423
14.95230881,29.35491765,-10.16249063
14.66328654,29.95019518,-10.04896474
14.70899450,30.06447308,-10.10258675
14.39694521,30.61901960,-10.00361836
14.43640985,30.71898514,-10.05674570
7.16848982,33.02821351,-9.73711488
8.29803768,32.77681781,-9.66001636
9.40308177,32.57607517,-9.64710822
10.50064234,32.41245535,-9.70087417
11.60601637,32.24899363,-9.78121573
2.26052569,15.12074463,-9.21395343
3.42103145,15.51335424,-9.24358478
4.63835493,15.91710495,-9.29974288
5.90445294,16.30412822,-9.34125481
7.18960714,16.67630089,-9.33230188
14.11213406,31.12491047,-9.93210227
13.45347490,31.44053511,-9.90404112
12.81880759,31.72666309,-9.86758544
12.20433639,31.99318671,-9.82566318
11.75201276,18.83233762,-9.22888053
12.23171995,19.25298066,-9.26914761
12.70453454,19.65953724,-9.32096650
13.18219121,20.06395774,-9.38556255
13.67764406,20.47880826,-9.46524114
13.88540454,21.26624120,-9.64365782
14.18243672,22.14258398,-9.83394329
14.55027212,23.12411994,-10.01574235
14.94077263,24.17130471,-10.15780284
-15.50335808,20.98270951,-9.42451695
-15.60947676,22.07384514,-9.68969095
-15.71412214,23.08273653,-9.91129244
-15.83474964,23.98376819,-10.07221105
-15.97975356,24.78488867,-10.17702356
15.04189135,25.30383944,-10.23526142
15.09429453,26.38947103,-10.24232271
15.09471929,27.38178567,-10.19702560
15.05414151,28.27103300,-10.13062942
-15.87559793,25.53733205,-10.22911933
-15.81802289,26.22198459,-10.24941038
-15.80538622,26.85668534,-10.25051938
-15.83297691,27.45452968,-10.24174026
14.82380982,29.09303021,-10.06377643
14.58568423,29.83219445,-10.00749242
14.34693954,30.50429449,-9.96411654
-15.74253191,28.02005272,-10.22206952
-15.68228039,28.56900006,-10.20109866
-15.63799158,29.10941360,-10.18249968
-15.59819250,29.64909264,-10.16795816
1.04206192,33.07408275,-9.69627834
2.86399779,32.95203095,-9.76617685
4.46678929,32.92275059,-9.81183911
5.88082668,32.95803514,-9.79049297
-2.45508872,14.82967861,-9.23087560
-1.24023800,14.88834051,-9.23950433
-0.07413455,14.93549020,-9.22626774
1.07956537,15.00748596,-9.20715083
-3.71358101,14.79578016,-9.21086288
-5.01278466,14.71671219,-9.18449162
-6.29654075,14.62728553,-9.13262819
-7.49342610,14.57665066,-9.03392204
-0.99464634,32.84190592,-9.64714562
-3.06725487,32.63411796,-9.70879558
-5.07603535,32.44706093,-9.82600189
-6.99238966,32.31240058,-9.99583560
-8.79407055,31.82292357,-10.11689010
-10.45692262,31.38194612,-10.17094334
-11.95696118,30.99825675,-10.15009866
-13.29102334,30.67938906,-10.10250303
-8.40586324,14.79791395,-8.93326926
-9.22333784,15.09112882,-8.81985073
-9.96137611,15.45267913,-8.70838891
-10.65450972,15.86028278,-8.62211419
8.45552954,17.22080020,-9.29516958
9.64816970,17.77570298,-9.25638311
10.74738816,18.32245668,-9.23416916
-11.31699593,16.42275258,-8.62323594
-12.00272292,17.01418795,-8.66403542
-12.73466098,17.64427238,-8.73867699
-13.53974877,18.33213455,-8.84481504
-13.98922542,18.94094706,-8.96953968
-14.46962518,19.59382777,-9.10599868
-14.97554045,20.28053224,-9.25809455
-15.04598019,29.86893941,-10.13158973
-14.49099554,30.10691023,-10.10187056
-13.91277473,30.37352466,-10.09033586
5.48480979,13.91923353,0.70751455
3.96187290,13.87297848,0.65601214
5.23432979,13.27499631,-0.31514082
3.69944112,13.32438374,-0.36862594
-8.16982042,14.90050125,-0.48381375
-6.53270278,14.65838628,-0.42644598
-8.34070658,15.27639490,0.36085952
-6.61284025,15.09837989,0.43071848
6.75256301,14.11398369,0.73716658
6.51363626,13.39987526,-0.26511710
-9.45560449,15.19992293,-0.55960245
-9.67736381,15.48647979,0.26282135
-10.63790992,15.50059215,-0.64216062
-10.89536139,15.68564145,0.15746676
7.98729397,14.31066444,0.76376812
7.74895626,13.55640287,-0.21158640
2.37400579,13.92368221,0.58099423
2.10531981,13.42406963,-0.41486852
-4.81059310,14.36648641,-0.40983880
-4.78855821,14.84497697,0.44338193
9.15402146,14.60732922,0.76707695
8.90819394,13.86252056,-0.18690453
-11.67113547,15.91954075,-0.74127674
-11.95709067,16.00735775,0.04859832
-3.02967758,14.16366184,-0.45713564
-2.90782873,14.66422283,0.40857874
0.69911378,14.17736465,0.47865246
0.44574796,13.68385703,-0.47428562
10.25824358,14.87049634,0.73041045
10.00317147,14.18854512,-0.20428632
-12.60563455,16.34059681,-0.85876955
-12.91833471,16.34060059,-0.07633860
11.23153748,15.23542120,0.63364357
10.97082321,14.66228908,-0.28908945
-13.40070804,16.84748427,-1.00312284
-13.73849326,16.77804369,-0.21691820
-1.27123559,13.93933589,-0.50209784
-1.06665145,14.44561093,0.40099087
12.13324072,15.58951004,0.47458734
11.85962867,15.16358071,-0.42920429
-14.13144215,17.34088165,-1.17347217
-14.49479061,17.22410533,-0.38798726
-14.78823696,17.86518874,-1.37172327
-15.17179746,17.73029473,-0.59044943
12.94617582,16.00540470,0.25594905
12.65321015,15.75420292,-0.61232899
13.70640980,16.41090639,-0.00364930
13.39369492,16.33164746,-0.83116151
-15.42262962,18.35046699,-1.59619601
-15.80880396,18.22917579,-0.82530203
14.20850236,16.71783919,-0.20165972
13.87890304,16.74453608,-1.00167819
-15.85275821,18.69278497,-1.76343712
-16.23634956,18.59701194,-1.00821799
14.70692917,17.00170671,-0.41186806
14.36261353,17.11607298,-1.20081863
-16.29615762,19.01249332,-1.94210192
-16.67007037,18.94532208,-1.20296237
-16.68321825,19.42322781,-2.13710796
-17.05715355,19.37899971,-1.40454653
15.16214846,17.37544440,-0.62190668
14.79391131,17.56580859,-1.42112063
-17.09531599,19.81577836,-2.34203509
-17.47118076,19.78789475,-1.62069305
15.64346673,17.72332612,-0.85289396
15.24101291,17.98450622,-1.66182695
16.09250527,18.36444616,-1.09493525
15.63088730,18.70808357,-1.90214740
-17.40824586,20.53549948,-2.59504204
-17.80779396,20.51943240,-1.88237234
16.57993319,19.00638270,-1.35082399
16.05404909,19.42608324,-2.13119930
-17.77069964,21.24098585,-2.85725576
-18.20802678,21.23023287,-2.16647314
16.76826659,19.75362519,-1.44567539
16.21302194,20.20298599,-2.20022182
-17.87220443,22.04415658,-3.02259027
-18.33159917,22.03618755,-2.35784552
16.96795799,20.54067692,-1.52483762
16.38909450,20.99633148,-2.25720279
-18.01812472,22.85491517,-3.17924444
-18.51027018,22.84777461,-2.55339281
-17.96301955,23.80547916,-3.25959824
-18.44463398,23.81104464,-2.66521316
16.87288541,21.45603748,-1.49831117
16.32794850,21.87437928,-2.22969121
-17.92920596,24.77489299,-3.32626656
-18.41425225,24.81177565,-2.75763021
16.76884097,22.39474022,-1.47087467
16.26539194,22.75420306,-2.20871562
12.13632794,29.14191698,-0.13987893
13.01619220,28.80170219,-0.31265827
11.95358032,29.09037089,-1.11567256
12.82394992,28.75259241,-1.27810663
10.94355721,29.47521624,0.03144257
10.73511185,29.43997746,-0.93969608
-11.47518737,32.77403417,-2.71465296
-13.04673779,32.47374182,-2.94127066
-11.50447653,33.75430613,-1.97911333
-13.10506732,33.43432730,-2.18343060
-14.10516488,32.07808296,-3.10859882
-14.27311504,33.04424591,-2.35996411
9.73019084,29.85549314,0.13527456
9.49463935,29.82861483,-0.81166724
-9.81470384,32.96984030,-2.51551076
-9.85492853,33.93967101,-1.76262856
13.90714109,28.44528972,-0.52691376
13.68513674,28.38934460,-1.46005020
-15.05807838,31.54323878,-3.24776048
-15.37525351,32.54158058,-2.54605584
0.19400725,32.34103334,-1.18309980
-1.53262621,32.56128582,-1.44216588
0.39885163,32.72358823,-0.23073793
-1.40342784,32.96120511,-0.51485530
2.20479164,32.34661323,0.00138794
1.93246884,32.06950942,-0.91802267
8.42960077,30.24655123,0.19487147
8.16367338,30.22636582,-0.73107894
-8.13766888,33.05319255,-2.31884167
-8.17648602,33.88348916,-1.48160906
14.69447596,27.92195393,-0.74222541
14.42184834,27.87098260,-1.64566161
-15.86645256,30.83992362,-3.34297840
-16.31729163,31.77452618,-2.69089353
-3.22335051,32.83160926,-1.67557029
-3.14583441,33.21643940,-0.78775692
3.94573117,31.88404480,0.14132244
3.64850100,31.73103151,-0.74215739
5.55304785,31.28786709,0.20639834
5.25077995,31.21463681,-0.67923216
-4.87776898,32.98237288,-1.89042784
-4.83954738,33.44062354,-1.00490793
7.06389993,30.77795114,0.20796749
6.77269489,30.74870304,-0.69833261
-6.50913107,33.09480104,-2.11060388
-6.51855021,33.73084542,-1.22442713
15.48876070,27.37084882,-0.99567593
15.13924279,27.33380097,-1.84538149
-16.59759615,30.10324973,-3.44088328
-17.15851707,30.89907345,-2.84107029
-17.84807234,25.76154552,-3.37017566
-18.35241867,25.86042804,-2.80384290
16.61789910,23.33573851,-1.41340098
16.15344988,23.62459099,-2.18108219
15.80072347,26.59503591,-1.10257554
15.45058791,26.61822707,-1.93939422
-17.02035328,29.29317273,-3.42915667
-17.57816307,29.88450109,-2.84823910
-17.72669175,26.76067314,-3.41286246
-18.25638445,26.96105562,-2.84789339
16.45572151,24.28923431,-1.36994349
16.02617877,24.49282329,-2.16006513
16.11439933,25.83073321,-1.23332694
15.75201693,25.91369317,-2.03448850
-17.38471835,28.45374769,-3.43107118
-17.92947520,28.86686376,-2.87290388
16.28751406,25.05489470,-1.29575623
15.89649074,25.20042580,-2.09826158
-17.58208429,27.60571064,-3.41605250
-18.11972106,27.89540158,-2.85203720
4.94882750,12.83001895,-1.38431480
3.40290110,12.90588413,-1.42666273
6.23941512,12.91420088,-1.35622148
-9.18511753,14.94779628,-1.38728631
-7.95714063,14.58186541,-1.34538369
-6.41335292,14.28076521,-1.34130805
1.81165237,12.98793012,-1.44674916
-4.80319450,13.94506459,-1.35634103
-3.13253544,13.71982948,-1.40413534
0.18792681,13.23110631,-1.45903496
-10.32447330,15.32246030,-1.43875129
7.47825196,13.03623733,-1.31853326
-11.32373271,15.81361951,-1.51506415
8.63391770,13.33857321,-1.29467093
-1.46371637,13.48364532,-1.45330908
9.72393511,13.69138856,-1.29465069
-12.23513832,16.29084244,-1.61694556
10.69257149,14.23164371,-1.33750692
-13.01798512,16.83100218,-1.75693966
11.58039039,14.83472821,-1.42123477
-13.74808815,17.33341546,-1.92622810
-14.41289767,17.85186770,-2.12483308
12.36645613,15.55330334,-1.55316474
-15.06684176,18.32449985,-2.34173234
13.09723871,16.25846119,-1.74351549
-15.49768530,18.65943490,-2.50474600
13.56158496,16.75374110,-1.91354123
14.02897351,17.20260629,-2.11157757
-15.94066958,18.97454525,-2.67331249
14.44748427,17.72825433,-2.31116881
-16.32045189,19.38879018,-2.85109985
14.89483181,18.21038377,-2.52190523
-16.72029505,19.78593540,-3.03539195
15.27086075,19.00183685,-2.73050332
-17.00595836,20.51962307,-3.27236363
15.67912445,19.76535854,-2.93994473
-17.33339618,21.24516017,-3.51659540
15.79462341,20.57538753,-3.01693118
-17.40723013,22.06919502,-3.67981011
15.91964805,21.38598509,-3.08825035
-17.50794659,22.89574068,-3.83280884
15.83496345,22.25901797,-3.07035634
-17.44150594,23.84020978,-3.90679325
-17.38126317,24.77933236,-3.97117710
15.76058153,23.11421344,-3.05726009
-17.27558728,25.70636968,-4.01559906
15.65278091,23.94274575,-3.03113676
-17.13132211,26.61546701,-4.06020793
15.53911787,24.75483180,-3.00485563
-16.95694837,27.37624195,-4.08952076
15.41529160,25.43638869,-2.96364513
-16.73519789,28.11088450,-4.12858215
15.27928619,26.11060797,-2.91505108
-16.36823716,28.80545653,-4.14868639
14.99044713,26.76287421,-2.83365091
-13.70608817,30.95969001,-3.94915875
-14.56532593,30.53282908,-4.03951424
-15.29764738,30.00239298,-4.10325291
13.33508364,28.36028748,-2.41034363
14.02654078,27.89017112,-2.57088712
12.51240908,28.70927488,-2.26731890
-15.95687886,29.45830108,-4.18152379
14.68538357,27.41635916,-2.74818305
-12.77033558,31.32794310,-3.82891832
11.66817091,29.05298936,-2.13834929
-11.32510395,31.64560135,-3.62554643
10.44085707,29.45393755,-2.00217292
-9.72899954,31.85013093,-3.41587616
9.18443933,29.88875253,-1.88848311
-8.04880524,31.97546759,-3.24586468
7.84069801,30.31328355,-1.80908768
-6.40368588,32.14256081,-3.10366701
6.44849198,30.81463346,-1.78273985
-3.19388991,32.30838963,-2.71213457
-4.79746386,32.24691920,-2.91689537
-1.56223924,32.19092762,-2.51072357
1.75877419,31.84877855,-2.06121786
3.40035207,31.61692328,-1.86508929
4.95199406,31.21192585,-1.77648457
0.10116506,32.05596557,-2.30647616
5.79807791,12.45377495,-2.75381884
4.48208227,12.38650042,-2.78222947
-8.87990752,14.62074942,-2.56619775
-7.71944877,14.21688599,-2.59661665
2.94526720,12.48797713,-2.81320644
-6.28725564,13.88764109,-2.66369383
-4.80681130,13.52688709,-2.72765854
1.39227871,12.55857311,-2.83139017
-3.26845326,13.28102978,-2.78705574
-0.16248396,12.78753290,-2.83910621
-9.96507066,15.03590527,-2.55569548
7.07156378,12.57225514,-2.71087622
-1.71839679,13.03428507,-2.83278696
-10.91935895,15.56925770,-2.58483058
8.26318951,12.90826686,-2.66433786
-11.80093648,16.08196779,-2.65030120
9.38658963,13.32222739,-2.63568633
-12.56891474,16.64967430,-2.76997431
10.38000021,13.95173769,-2.64959679
11.27931417,14.66065397,-2.69901257
-13.29759477,17.17333732,-2.91603059
12.06656813,15.49965012,-2.78364118
-13.96972113,17.71643644,-3.08406277
-14.64049292,18.21162058,-3.26148221
12.81405789,16.31437880,-2.91591185
13.29215620,16.87120279,-3.03362956
-15.07340165,18.56059506,-3.39116947
13.79021401,17.36945075,-3.17733422
-15.51745672,18.88842396,-3.52662505
14.23622303,17.94036773,-3.32750955
-15.89303892,19.32460610,-3.67768383
14.71391727,18.45456556,-3.49946159
-16.28509725,19.74505884,-3.84065491
15.08548120,19.28723374,-3.70207505
-16.54014428,20.52103440,-4.08353149
15.48100940,20.07953669,-3.91648530
-16.80854733,21.28958268,-4.34237374
15.56069235,20.90250602,-3.99434438
-16.83256370,22.13725588,-4.50166712
15.64872214,21.71472277,-4.06508995
-16.86995649,22.97213539,-4.64538094
-16.74727350,23.89977111,-4.73578170
15.52409186,22.59383841,-4.08184299
-16.63707106,24.80162491,-4.81488696
15.41671148,23.44685190,-4.09404327
15.28359531,24.26807231,-4.08604306
-16.50018285,25.67111694,-4.87518784
15.15695124,25.06720890,-4.06836325
-16.34899349,26.50831325,-4.93428284
15.03205163,25.75224804,-4.01637324
-16.19771508,27.22293276,-4.96586986
-16.02340603,27.91112089,-5.00444340
14.90532569,26.42559563,-3.95265689
-15.72729245,28.55290835,-5.00537448
14.62503010,27.06142172,-3.83779495
-15.40331479,29.16591629,-5.01631766
14.33846254,27.69537600,-3.71873082
13.70088197,28.12958088,-3.53396672
-14.81290998,29.60828158,-4.92979767
-14.15701114,30.03673341,-4.86213945
13.03949442,28.55861939,-3.36933906
-13.36460470,30.35657757,-4.76816657
12.24627847,28.86549809,-3.21761733
-12.49547475,30.63952783,-4.65861961
11.42603600,29.17519542,-3.08279661
-11.12720282,30.89875387,-4.48706427
10.19702980,29.56532011,-2.96005536
-9.63044910,31.12784886,-4.28886575
8.93650442,29.99333296,-2.85967305
-8.02431023,31.33424289,-4.10083995
7.60098260,30.40317748,-2.78578752
-6.40106796,31.59756714,-3.95202709
6.23460139,30.86813701,-2.76678266
-3.17117204,31.92315013,-3.57640656
-4.78396996,31.78286318,-3.77436916
-1.55095158,31.88480273,-3.38407784
1.69619647,31.68559236,-3.01079749
3.28392198,31.53177123,-2.85515382
4.78049141,31.20452876,-2.77336671
0.08350122,31.82508464,-3.20798655
-8.61612601,14.41929547,-3.80176667
-7.53431874,13.99392082,-3.89736856
-6.21994983,13.64513914,-4.02341681
3.94067633,12.45586475,-4.24854375
2.44384832,12.47514542,-4.25555646
5.26491321,12.57875093,-4.23716927
-4.86325559,13.27157031,-4.13392402
0.95304520,12.45222588,-4.27452897
-0.52298556,12.61116558,-4.27556669
-3.43868829,13.03275629,-4.21038225
6.56531234,12.73590950,-4.20377210
-9.63724272,14.84817089,-3.73044977
-1.98926286,12.81102302,-4.26207416
-10.54141276,15.39126506,-3.70436605
7.79635528,13.11123055,-4.12204437
8.96236939,13.57218798,-4.03150076
-11.38673103,15.91752414,-3.72195085
10.00535288,14.25152465,-3.96232452
-12.13845663,16.50390939,-3.80325241
10.95493709,14.99030768,-3.93106296
-12.86353692,17.04545392,-3.91320616
11.79200798,15.84414674,-3.94211429
-13.53952829,17.61012032,-4.05279886
-14.22167770,18.12575191,-4.20684306
12.59937703,16.66065415,-4.01230981
-14.65107956,18.49099762,-4.32769128
13.10938598,17.21179015,-4.09784674
-15.09109831,18.83843473,-4.45770110
13.64519505,17.70429327,-4.21631712
14.12107296,18.27210918,-4.34692088
-15.45763465,19.30658785,-4.60803921
-15.83678374,19.76247503,-4.77216011
14.62575798,18.78414018,-4.50383037
14.99909495,19.61997407,-4.71567072
-16.05749366,20.59019772,-5.03423401
15.38481238,20.41500308,-4.93841789
-16.30767610,21.41442282,-5.29457962
15.44471774,21.23705115,-5.03112557
-16.33021260,22.29209378,-5.45142255
15.51493245,22.04512881,-5.11188508
-16.38757867,23.15171854,-5.58547039
15.38473194,22.92819840,-5.16516534
-16.29242007,24.08167207,-5.69522949
-16.22230494,24.97445482,-5.78677519
15.27772873,23.78628993,-5.20628604
-16.13410044,25.81863473,-5.84938096
15.15336716,24.61172270,-5.21447327
-16.05039578,26.62448809,-5.90576764
15.04396121,25.41584566,-5.20971607
-15.95783923,27.32549891,-5.93256336
14.93968978,26.12724430,-5.16693771
-15.85725277,28.00014844,-5.96160923
14.83944254,26.82527869,-5.11332778
-15.59430189,28.60392056,-5.94970135
14.55832228,27.47055009,-4.99951553
-15.31359262,29.18576476,-5.94362578
14.27365206,28.11095715,-4.88131746
-14.69173320,29.54526084,-5.85618291
13.60394993,28.52130184,-4.68609012
-14.03444967,29.89952839,-5.78163093
12.92811428,28.92915578,-4.51160111
-13.23548047,30.13393374,-5.68598473
12.11983880,29.20523337,-4.34982636
-12.38389980,30.35125466,-5.58507969
11.30009683,29.48794881,-4.21122107
10.06191105,29.84791957,-4.07298760
-11.04451950,30.56629348,-5.42486381
-9.60132505,30.78299471,-5.23292304
8.80045586,30.24492215,-3.96404714
-8.04857663,30.99782432,-5.04421887
7.46728935,30.61014261,-3.90104197
-6.46107192,31.30392698,-4.88465265
6.11614643,31.01146198,-3.88754015
-4.84813503,31.53774081,-4.70251255
4.68631706,31.26406257,-3.87851958
-3.22230028,31.73611948,-4.51456607
3.22021480,31.51185503,-3.92712564
-1.58445787,31.74190825,-4.33242489
1.65654350,31.60783004,-4.02932517
0.05537564,31.72172703,-4.17732154
-7.41986452,13.94572918,-5.11573263
-6.22096794,13.58786816,-5.27576095
3.46537927,12.91520953,-5.51523049
2.01359033,12.82718673,-5.51842876
4.78646317,13.12877804,-5.52007846
-8.41457892,14.39183249,-4.98075823
-4.96757298,13.23561081,-5.40441453
0.58015080,12.71172491,-5.54840001
-0.83105946,12.78838664,-5.53664481
-3.61979877,13.05694097,-5.46832692
-9.36281392,14.83336781,-4.86549190
6.10583489,13.34739233,-5.50723523
-2.23372166,12.90994597,-5.51075647
-10.21476190,15.37082663,-4.80185341
7.36752877,13.75300329,-5.42471933
8.56548423,14.22657716,-5.30639141
-11.02326070,15.88846794,-4.78632370
9.64793766,14.89677544,-5.18334316
-11.76289615,16.46645333,-4.84021193
-12.48274339,17.00431232,-4.93011071
10.63563237,15.60951713,-5.10001944
-13.15876504,17.57418424,-5.05748082
11.51782920,16.41989522,-5.06356800
12.38155432,17.18477657,-5.09798520
-13.84346688,18.10336599,-5.20524345
12.91923676,17.69853568,-5.17707700
-14.26401490,18.48386679,-5.33354366
-14.70199012,18.85529337,-5.46715057
13.48020503,18.15958495,-5.29273950
-15.07589710,19.36108317,-5.62218913
13.96627558,18.70122604,-5.42826479
-15.48195301,19.86911771,-5.78383502
14.46519883,19.19782850,-5.59102205
14.78952038,20.02437990,-5.82893996
-15.77380901,20.77247737,-6.06876287
15.11060402,20.82327639,-6.06514504
-16.12107819,21.68606070,-6.34950074
15.13521119,21.64516538,-6.17674045
-16.19799713,22.60418748,-6.53884993
15.18161782,22.45650635,-6.27019198
-16.27677038,23.48956703,-6.68786885
-16.19278334,24.41183539,-6.81432270
15.06360355,23.34633341,-6.34295151
14.97818043,24.21780685,-6.39867388
-16.12515802,25.27861047,-6.91353797
-16.04355616,26.08016215,-6.98829565
14.88285660,25.06290443,-6.43066501
-15.97617400,26.82918602,-7.05245951
14.80591224,25.88725748,-6.45143776
-15.91595613,27.49617980,-7.08391897
14.73614372,26.64038098,-6.44009274
-15.85806817,28.12873494,-7.11072635
14.67220343,27.37428428,-6.42580941
-15.63829619,28.68575854,-7.09087312
14.42187038,28.03864087,-6.35656505
-15.40337419,29.22379583,-7.07271900
14.17127035,28.69315960,-6.28862385
-14.82367942,29.54695089,-6.98632607
13.54648068,29.08923277,-6.13375835
-14.19348348,29.85969189,-6.91383527
12.90666132,29.47523779,-5.99029258
-13.38905907,30.04205744,-6.82281497
12.11037720,29.70165705,-5.82735781
-12.52937153,30.21421274,-6.73829059
11.29991606,29.93250238,-5.68514623
-11.15196871,30.40163463,-6.62703799
10.04440999,30.23263586,-5.54970754
-9.70284232,30.63322689,-6.48038927
8.77971390,30.57310658,-5.45738315
-8.15673681,30.87612371,-6.29933778
7.44967173,30.87291123,-5.40308588
-6.56984044,31.20961368,-6.12742995
6.11212509,31.21432021,-5.39485230
-4.93496727,31.44791717,-5.95325680
4.69358287,31.40979836,-5.38515447
-3.27479867,31.67411237,-5.79751788
3.23933387,31.61980603,-5.41238678
-1.59860778,31.71949947,-5.65203985
1.67653549,31.67759104,-5.45851978
0.06732874,31.75890138,-5.54559238
3.03965822,13.65754340,-6.72357435
1.65503012,13.51300485,-6.71180635
-8.29135266,14.44481730,-6.26914106
-7.37751601,14.02695132,-6.41257434
-6.26429095,13.73956055,-6.55016458
4.33621678,13.93611086,-6.74440315
0.29310953,13.36576936,-6.72610436
-5.06627496,13.50598243,-6.63134820
5.66054580,14.21021026,-6.75011997
-9.15848678,14.87706554,-6.12207131
-3.75199946,13.46019107,-6.64490351
-1.05221667,13.38916289,-6.69520314
-2.40280266,13.42760637,-6.66300040
6.95675624,14.61979654,-6.66968164
-9.94868646,15.39663249,-6.01005546
-10.70900063,15.89831739,-5.94440456
8.19339054,15.06550993,-6.53779198
-11.42191103,16.45403300,-5.96886817
9.32072466,15.67944808,-6.41245931
10.35199933,16.32672887,-6.32276451
-12.12242313,16.97728702,-6.03371725
-12.79384040,17.54406648,-6.14237142
11.28126320,17.06129614,-6.27646839
12.19183782,17.75450196,-6.30076969
-13.49203454,18.09329539,-6.27661518
-13.93063649,18.50029513,-6.40827863
12.74429361,18.22046172,-6.37931431
13.30805064,18.64769275,-6.49138969
-14.40455078,18.91810324,-6.54978472
-14.83382769,19.48499548,-6.73757877
13.77878019,19.16441827,-6.62716803
-15.29393110,20.07014330,-6.93621858
14.24971789,19.65044568,-6.78022889
-15.61601767,21.04134254,-7.28490100
14.52773615,20.46314578,-7.01400758
14.80982516,21.26412805,-7.23026537
-15.92661811,22.01493652,-7.57451885
14.83450240,22.08583093,-7.34415530
-15.95089340,22.94661724,-7.74453834
14.89568396,22.91169200,-7.44181644
-15.97783190,23.83594477,-7.87884936
14.83191993,23.82940505,-7.53748856
-15.86899346,24.73013194,-8.00667610
-15.79170557,25.54279467,-8.11013960
14.79823847,24.74163251,-7.61701293
-15.71674299,26.26969993,-8.18361176
14.74253547,25.62720642,-7.67362352
-15.66997318,26.93475051,-8.24011027
14.68263140,26.48134739,-7.72066726
-15.63946711,27.54177316,-8.26475111
14.59886857,27.27516885,-7.74051963
-15.62188609,28.11434800,-8.27979191
14.50228020,28.02988151,-7.75752087
-15.43806647,28.61249483,-8.24574730
14.21730060,28.70128693,-7.71107504
-15.24796027,29.09949162,-8.21193813
13.93633112,29.35273010,-7.66339745
13.36356004,29.76274056,-7.52032900
-14.73245295,29.39616629,-8.11858674
-14.17552301,29.69510683,-8.03856400
12.78931827,30.15742646,-7.38310983
-13.43716951,29.87948085,-7.94556590
12.08119881,30.37844601,-7.21101880
-12.63623098,30.06340781,-7.87235882
11.35102082,30.58564495,-7.05940342
-11.28249736,30.29780773,-7.78899000
10.16505944,30.83091284,-6.89734268
-9.83043398,30.58940101,-7.67075732
8.94920643,31.09971696,-6.79605038
-8.26550403,30.89054336,-7.50036218
7.65677234,31.31984865,-6.75838387
-6.65192166,31.28259957,-7.31793281
6.35506383,31.59308840,-6.77460046
-4.97561638,31.55732273,-7.14420545
4.96014608,31.71866827,-6.78332685
-3.24708575,31.81515798,-7.00607022
3.51546306,31.87859477,-6.80098277
-1.48461440,31.87326254,-6.89521400
1.92744385,31.88813367,-6.80712634
0.26430975,31.94479029,-6.83763659
-7.39119081,14.13281110,-7.34210333
-6.30158306,13.91661983,-7.46007054
-8.27123973,14.49779448,-7.22511907
3.97261080,14.53507720,-7.63438173
2.71724423,14.19940839,-7.59315686
1.39522638,14.01410806,-7.57994543
-5.11053788,13.77094177,-7.52495455
0.09877689,13.84497840,-7.59770521
-1.18110059,13.83522638,-7.55931688
-2.48218378,13.82775310,-7.52105325
-3.80447130,13.79998120,-7.51881450
-9.08639023,14.89716324,-7.09186643
5.27452847,14.87107201,-7.66962179
-9.82223704,15.38662731,-6.97678437
6.59170141,15.30393604,-7.62896047
7.88437951,15.73165395,-7.52904349
-10.53308841,15.87096475,-6.89424420
-11.22250952,16.41110447,-6.89577715
9.09691271,16.28240096,-7.42793361
-11.91415604,16.93462140,-6.94388101
10.20772021,16.86128372,-7.35238217
11.19935984,17.52782687,-7.31296193
-12.59816001,17.51685045,-7.05241118
-13.32678664,18.10813980,-7.20335502
12.14205955,18.16587555,-7.32495611
12.68320917,18.60360880,-7.39514332
-13.79012348,18.55297263,-7.36554882
13.21856970,19.01336956,-7.48852413
-14.28905071,19.02329566,-7.53716514
-14.73759865,19.64365029,-7.73479943
13.64757631,19.51394640,-7.59659404
14.07286771,19.99387181,-7.71555143
-15.20532815,20.29069207,-7.91862742
-15.51916536,21.32922180,-8.20792556
14.30578097,20.79405457,-7.92505405
14.58729973,21.60042889,-8.12678453
-15.81237507,22.37906368,-8.46437067
14.66395514,22.43346924,-8.25607303
-15.80901846,23.33119050,-8.63865814
14.79405329,23.28972989,-8.38168590
-15.82073561,24.20407923,-8.78531324
-15.72020236,25.04697424,-8.91582100
14.82583642,24.25526350,-8.51964673
14.86654266,25.22531352,-8.64161021
-15.66072999,25.79592474,-9.00800574
14.85203025,26.16261901,-8.73623161
-15.60908538,26.46108140,-9.06572285
-15.59104956,27.07179653,-9.10283560
14.79813601,27.04754622,-8.80948759
14.69414477,27.87243325,-8.85058817
-15.59069015,27.64896363,-9.11426151
-15.60677734,28.19730262,-9.11726962
14.56655067,28.63461796,-8.88026560
-15.44231498,28.66683596,-9.08449544
14.24011884,29.29071375,-8.85636154
3.61419328,15.09277638,-8.49884580
2.40880331,14.71746946,-8.45579297
1.16504405,14.48832311,-8.43480590
-8.32829084,14.58937944,-8.12484797
-7.43924590,14.30582679,-8.23619324
-6.32860540,14.17602166,-8.33332998
-15.27835834,29.13064797,-9.05174768
-3.81092804,14.18158199,-8.40344276
-2.51696810,14.24790546,-8.41742606
-1.26725972,14.27826388,-8.43645848
13.91759511,29.91003800,-8.82694904
-5.11772494,14.10399354,-8.38595763
-0.05280669,14.30216158,-8.44817791
-9.13186417,14.93221746,-7.99970307
4.87406404,15.47547790,-8.55151229
-14.79718231,29.40471478,-8.97698843
13.33860842,30.29517051,-8.72086365
-9.84165068,15.38254230,-7.90358759
6.16388587,15.94078779,-8.56446997
7.45834612,16.38102645,-8.51799193
-10.52114490,15.84980157,-7.83650075
8.72420495,16.90172031,-8.44410393
-11.19605055,16.38579893,-7.83731104
-14.28865841,29.69091439,-8.91003107
12.77001293,30.66621410,-8.60181873
9.90548908,17.42880196,-8.38083511
-11.88617686,16.92549119,-7.88515514
10.95610582,18.03686478,-8.35922729
-12.58525558,17.54189596,-8.00757098
-13.60008775,29.86838833,-8.83847025
12.09768752,30.88492330,-8.42891449
-12.85250783,30.05823275,-8.79067345
11.41983063,31.09659848,-8.25361296
11.92668070,18.61241609,-8.36525078
-13.34380777,18.19488999,-8.16186773
10.31147097,31.35350257,-8.02935832
-11.53435950,30.33343224,-8.74938006
-13.82692198,18.68728968,-8.28785227
12.45749699,19.00305906,-8.39867632
-10.06737138,30.68070814,-8.66469224
9.16948903,31.61239645,-7.88531692
12.97566209,19.37565484,-8.44912766
-14.34733639,19.21708858,-8.41495622
-8.42537699,31.02930911,-8.48025778
7.94154805,31.79305639,-7.82909206
-14.80954293,19.91130720,-8.58125787
13.38319477,19.85191000,-8.54140929
13.80168154,20.31817385,-8.64566255
-15.28795826,20.63959304,-8.74916871
14.08035264,21.08805645,-8.81857882
-15.57747343,21.74401454,-9.00811684
-6.72009190,31.46440353,-8.25434573
6.69571586,32.01357585,-7.85639602
-4.97034846,31.77323299,-8.05799034
5.35311921,32.09013133,-7.88255383
-3.15988514,32.06829013,-7.92074593
3.93234027,32.20679318,-7.88838780
14.45316723,21.90275911,-9.00892338
-15.85408603,22.81011847,-9.26092440
0.55748296,32.22183783,-7.79365988
2.30632483,32.17842991,-7.83202226
-1.29865664,32.13846213,-7.81803664
14.63141718,22.78449183,-9.19455162
-15.83650532,23.74017112,-9.45640965
14.85668295,23.72887825,-9.37143617
-15.84476965,24.56705673,-9.59880422
14.97106129,24.79911942,-9.51567897
-15.75554583,25.35089905,-9.69035399
15.04794105,25.86390232,-9.60437179
-15.70964101,26.05315301,-9.74212593
15.03303322,26.85368144,-9.63590683
-15.67326273,26.68534483,-9.76452182
14.96519987,27.75231413,-9.63530949
-15.67402003,27.27452241,-9.77258302
-15.69463067,27.85591960,-9.76874251
14.84497833,28.59530927,-9.61751563
-15.73498562,28.41402440,-9.76117684
14.70405842,29.35406136,-9.59785310
-15.57622934,28.88918948,-9.73806829
14.35160859,30.00074929,-9.56720007
-15.42360431,29.36193805,-9.71623578
14.00729474,30.59982396,-9.53857998
13.41512079,30.96765571,-9.48730180
-14.95347469,29.63139497,-9.67096763
-14.47056145,29.91831798,-9.63191118
12.84060223,31.31152950,-9.42854277
-13.81295545,30.09466843,-9.59982641
12.17081053,31.50093370,-9.34604094
-13.10624764,30.29696160,-9.59229113
11.50927039,31.67594893,-9.25301747
-11.82022188,30.61680323,-9.60881433
10.43482374,31.88519806,-9.10330624
-10.36373138,31.01626870,-9.59055286
9.35311611,32.11052508,-8.98906234
-8.68346452,31.39344777,-9.47349650
8.20203609,32.27594474,-8.94591824
-6.87786928,31.83854318,-9.27627008
7.03029952,32.48370226,-8.98293157
5.76000611,32.54552070,-9.01097264
-5.00685940,32.13641158,-9.05928646
-3.07076314,32.45488269,-8.90439908
4.38128596,32.64711182,-9.00887231
0.90497112,32.64549462,-8.81544932
-1.07784813,32.54467725,-8.79992728
2.74126480,32.60465881,-8.91332585
4.05500001,14.23662600,1.01674899
5.57305523,14.23168844,1.06799657
6.82637083,14.49201371,1.08742255
-6.62429360,15.32565117,0.79717345
-8.40023214,15.39634258,0.73807485
-9.72767918,15.63436546,0.63927473
8.04919866,14.73669816,1.10607212
-10.93702159,15.85735998,0.53079394
-12.03001740,16.08978264,0.41359609
9.22930704,14.93935440,1.11170170
-4.75075875,15.17625391,0.78908418
2.47573166,14.33031330,0.93845678
10.34815401,15.10291176,1.08250002
-13.01572575,16.34174009,0.28003348
11.31017704,15.46381428,0.99192469
-13.82716698,16.78434779,0.13994883
-2.84805476,14.97160474,0.75383522
0.79834928,14.51349435,0.83898085
-14.58399244,17.23280463,-0.03250735
12.20608617,15.80720600,0.83958286
-0.98635049,14.72213908,0.75773767
13.04236591,16.13362785,0.62217853
-15.29029755,17.69025489,-0.24181624
-15.95300528,18.15251293,-0.48879201
13.82816460,16.44089315,0.34852102
-16.36066731,18.57791504,-0.67962271
14.31331671,16.76290407,0.13992148
14.79521715,17.05965136,-0.07829813
-16.76776011,18.99068399,-0.88519583
-17.18611807,19.38376441,-1.10207197
15.28686074,17.33894107,-0.30775670
15.80121725,17.60626227,-0.55389863
-17.62813760,19.75146970,-1.32972045
-17.80331967,20.54425146,-1.54810274
16.09614567,18.27707219,-0.72264049
16.43044761,18.93949872,-0.89868413
-18.02837581,21.32283865,-1.78261176
-18.32263613,22.08951906,-2.03451765
16.79441817,19.63355740,-1.07593385
17.17862973,20.38255357,-1.24774660
-18.68739907,22.85012567,-2.30858070
-18.57271457,23.81276698,-2.40024343
17.01677902,21.30071539,-1.18226123
0.47255455,32.82582188,0.03181717
-1.35301155,33.03246143,-0.24556612
2.28056527,32.36647500,0.26636841
4.01043331,31.82555190,0.40768482
-3.11287778,33.22194611,-0.51375498
-13.04341502,33.54829070,-1.90972355
-14.20242260,33.13280456,-2.07425644
-11.44070504,33.84809543,-1.71294717
10.92184843,29.36749356,0.33499150
12.10234382,29.02124307,0.17482288
12.94978701,28.64166570,0.01929085
-9.78726647,33.98632518,-1.49502975
9.71765135,29.75865818,0.42700253
5.62741813,31.29238257,0.46402454
-4.81115331,33.49592420,-0.74036728
-8.12855157,33.95194037,-1.21595193
8.46638012,30.24323431,0.46147812
-6.49431438,33.85822900,-0.96544545
7.14764976,30.85929216,0.45774946
16.84026421,22.24992113,-1.11114865
-18.49887666,24.81529867,-2.47217689
-15.31519919,32.61466991,-2.25675370
13.80791792,28.25320463,-0.18030932
14.68416720,27.84092128,-0.42393053
-16.36116004,31.94194833,-2.44220869
-17.31071383,31.16066184,-2.64242681
15.57955209,27.39634259,-0.71090725
16.65411127,23.22002551,-1.04945021
-18.43074889,25.87331096,-2.53293418
-17.66558131,30.09311029,-2.59843658
15.79168271,26.58026111,-0.74051302
-17.95145925,29.00610130,-2.56871948
16.01236174,25.77598777,-0.80026508
-18.33224412,26.99631035,-2.59310417
16.46318189,24.20137914,-1.01103971
16.23800115,24.98318076,-0.89186392
-18.16870448,27.96877742,-2.56791102
-6.30224086,14.42777368,-8.73266457
-5.04476286,14.46978202,-8.78131172
1.10884923,14.79391614,-8.81142408
-0.06979693,14.69559184,-8.81842797
-1.25880017,14.62241574,-8.82574212
-3.75604429,14.52007846,-8.80110555
-2.49251009,14.54213314,-8.81876150
2.31551534,14.93320339,-8.83404491
-7.46456852,14.43575389,-8.63404886
3.49375275,15.34855997,-8.87162849
-8.35326663,14.70266270,-8.53370368
4.72649271,15.77439751,-8.92901159
-9.15327754,15.03484219,-8.42372733
-9.88201838,15.42381010,-8.31820543
6.00552319,16.18215021,-8.96124797
7.29887449,16.56986600,-8.93516976
-10.57167267,15.84636385,-8.23813707
-11.23110908,16.41030093,-8.25088447
8.55535891,17.12851494,-8.88182011
9.73255047,17.68876853,-8.83379882
-11.91126309,16.99091710,-8.30638147
10.81792917,18.23925492,-8.80747208
-12.63227124,17.59832181,-8.39728304
-13.41948142,18.25198211,-8.51709087
11.81655207,18.75580041,-8.80159016
12.29345852,19.18857357,-8.84318215
-13.86612967,18.83245487,-8.64860876
12.76225061,19.60143443,-8.89763287
-14.34541107,19.45680404,-8.78307757
-14.85166386,20.11981425,-8.92672018
13.23279437,20.00450852,-8.96638031
-15.37939049,20.80780358,-9.08376418
13.71611474,20.40943974,-9.05070982
-15.50182618,21.90054860,-9.34500053
13.89397028,21.17810163,-9.22273722
14.16188413,22.00906248,-9.40940810
-15.61679183,22.93224600,-9.58217726
14.51315717,22.93453389,-9.60315565
-15.74723758,23.86074559,-9.76799175
14.90482140,23.93756021,-9.77507495
-15.90144187,24.68370065,-9.89665430
-15.79744765,25.44609667,-9.96581139
15.01111212,25.04541990,-9.88837602
15.06971859,26.12722036,-9.93530204
-15.73856139,26.13447264,-9.99957934
-15.72275339,26.76842088,-10.01123332
15.06917561,27.12628642,-9.92796326
-15.74532689,27.36238371,-10.01077835
15.01908080,28.02300974,-9.89297554
-15.65677000,27.91477824,-9.99461721
14.78629889,28.83980303,-9.84571734
-15.59598181,28.44898950,-9.97597441
14.54374537,29.57631930,-9.80347242
-15.54913587,28.97314322,-9.95872062
14.29921180,30.24691520,-9.76867946
-15.50527165,29.49449228,-9.94508805
14.05763681,30.86616020,-9.74112312
-14.95944844,29.70385249,-9.90311324
13.40535365,31.17321377,-9.70006145
-14.40624633,29.93006124,-9.86748340
12.77368820,31.45050439,-9.64890454
-13.82639935,30.18154600,-9.84953786
12.15910980,31.70850597,-9.59083404
-13.20092945,30.46805221,-9.85549832
11.55787248,31.95678745,-9.52905382
-11.87967055,30.76242621,-9.88828329
10.45907825,32.11410414,-9.41323342
-10.39041346,31.12617586,-9.88891047
9.35889732,32.27783663,-9.32590187
-8.73496421,31.55847965,-9.80689697
8.24925522,32.48144896,-9.31204836
-6.94103022,32.05266424,-9.65123359
7.12098798,32.73545004,-9.36941608
5.83270523,32.68398807,-9.40232252
-5.03668112,32.21731484,-9.45045623
-3.05296361,32.41927396,-9.30882564
4.42030964,32.66531153,-9.40076700
-1.01388891,32.62107263,-9.22047005
2.81789352,32.70638958,-9.33459500
1.00423169,32.83877662,-9.25487735
