0.06205846,13.57457517,1.79935544
-1.82560781,13.55499104,1.83328427
0.06579915,13.53129884,1.97404541
-1.81715117,13.51246056,2.01009404
-3.67500194,13.66654966,1.87279816
-3.66174887,13.62636608,2.04952768
-5.47537909,13.87611077,1.96849414
-5.45923246,13.83919058,2.14494537
-7.23331951,14.07526124,2.15531467
-7.21729146,14.04480361,2.33049656
-6.16676614,34.37791555,2.30061968
-4.64725269,34.44506128,2.37047852
-6.17030067,34.37932537,2.43541467
-4.64919757,34.44569544,2.50383082
-3.10965332,34.54118356,2.45595014
-3.10949127,34.54083370,2.59000428
-1.54255771,34.64636370,2.46657072
-1.54028953,34.64506230,2.60123212
0.05543710,34.75368263,2.33841611
0.05918755,34.75230849,2.47081972
-8.67923590,14.38052841,2.32372467
-8.66571977,14.35705951,2.49857805
-10.06210954,14.75524475,2.45835563
-10.05130255,14.74195043,2.63376453
-11.39787342,15.21016325,2.55690039
-11.38887612,15.20846624,2.73302855
-12.69560800,15.70838153,2.62833443
-12.68642256,15.71917102,2.80504749
-11.76223765,33.18373330,2.44339181
-10.42263023,33.43913189,2.41836029
-11.77033493,33.18831591,2.58343796
-10.42902361,33.44295443,2.55876561
-9.02748389,33.69813683,2.34810795
-9.03298074,33.70070137,2.48786237
-7.60226129,33.99901491,2.28172447
-7.60667678,34.00024416,2.41889670
-13.77149985,16.45435141,2.66983988
-13.75969587,16.47548044,2.85060968
-14.80830640,17.19212593,2.65745224
-14.79488925,17.22151523,2.84125610
-15.78475329,17.95205664,2.60553795
-15.77434238,17.98710137,2.78951127
-16.70796933,18.74392421,2.51212243
-16.70458484,18.78325270,2.69350177
-17.26016405,19.40661645,2.42358699
-17.25848914,19.44863761,2.60421342
-17.83019621,20.06544424,2.32975046
-17.83004527,20.10884838,2.50758676
-18.41930872,20.70996563,2.24871345
-18.41968483,20.75437860,2.42330559
-19.00915769,21.34088076,2.18606086
-19.00925453,21.38604382,2.35815914
-15.70192092,31.98424770,2.24873249
-14.72109729,32.27707965,2.28396555
-15.71877331,31.98298968,2.39350781
-14.73457079,32.27638667,2.42615752
-13.73947431,32.56553726,2.33101243
-13.75066504,32.56575088,2.47117042
-12.75258126,32.86592146,2.38887701
-12.76167891,32.86781918,2.52843263
-19.09292035,22.24825855,2.14050168
-19.09671826,22.28956572,2.31183572
-19.21267371,23.16295545,2.08485734
-19.22039830,23.20065645,2.25223704
-19.37413977,24.08937275,2.04236223
-19.38860058,24.12435893,2.20474263
-19.58489124,25.02889076,2.01672569
-19.60758135,25.06307855,2.17530594
-19.04488322,25.88487001,1.98160235
-19.06610521,25.91066479,2.13475102
-18.54799246,26.80475629,1.95514241
-18.56995165,26.82367695,2.10244788
-18.07224981,27.78701547,1.94572826
-18.09773781,27.80201711,2.08875718
-17.58602368,28.80505170,1.94015716
-17.61561564,28.82011571,2.08271319
-17.09264103,29.58046492,2.02748091
-17.12142378,29.59255133,2.17069956
-16.59803934,30.35369786,2.10421267
-16.62481107,30.36233251,2.24823828
-16.12840677,31.15116476,2.17636310
-16.15096927,31.15512101,2.32075611
0.05949152,13.64822799,1.62641503
-1.83765077,13.65456062,1.66773553
-3.69812316,13.76522782,1.70989091
-5.50588678,13.95973356,1.80481467
-7.27010194,14.13784884,1.99133813
-6.16305304,34.38668486,2.15218932
-4.64830868,34.45426311,2.22604300
-3.11231888,34.55427811,2.31096143
-1.54353679,34.66181240,2.32026150
0.05157264,34.76993207,2.19409771
-8.69816048,14.44934414,2.15539299
-10.07977434,14.79410974,2.27994151
-11.41447079,15.21316373,2.36838394
-12.69948201,15.71702414,2.44365756
-11.75542176,33.18258835,2.29364615
-10.40975330,33.43328382,2.27551351
-9.02081823,33.69845101,2.20489133
-7.59853367,34.00498906,2.13466042
-13.79074414,16.41857528,2.48156581
-14.82250085,17.16970691,2.46505181
-15.79387709,17.95464151,2.40095622
-16.71339786,18.75040312,2.30757795
-17.25824699,19.39342552,2.23411431
-17.79680794,20.03593257,2.15904655
-18.33904396,20.67701729,2.08690468
-18.89433614,21.31560418,2.01993559
-15.63473448,31.91881019,2.09691926
-14.67612674,32.23149335,2.13355023
-13.71772303,32.54934089,2.18316379
-12.74796463,32.86704638,2.23961191
-19.02624940,22.21675677,1.96714407
-19.17253392,23.13033118,1.92011234
-19.33274393,24.05674977,1.88469130
-19.50576202,24.99649952,1.86315345
-18.98497702,25.85352215,1.82537729
-18.47083045,26.77122020,1.80552862
-17.97132999,27.73970855,1.80102064
-17.48857724,28.74315329,1.79638982
-17.00929438,29.52795803,1.88536440
-16.54101781,30.32152101,1.96242407
-16.08271510,31.11951239,2.03093731
1.94630629,13.58080691,1.96292720
1.94620706,13.62388308,1.79342468
3.77979581,13.63343436,2.01343597
3.78304399,13.67636641,1.84988274
5.55177656,13.65971760,2.14708548
5.55817189,13.70051624,1.98911741
7.25166614,13.67293541,2.35572977
7.26030389,13.70759459,2.20208473
6.25752921,34.80353159,1.73961917
4.72953304,34.75737139,1.81438419
6.24914504,34.80368795,1.61540065
4.72274737,34.75888932,1.69019683
3.19107299,34.73322575,1.98582281
3.18557065,34.73542731,1.85963903
1.64083422,34.72530510,2.22584213
1.63620743,34.72740916,2.09655127
8.63445532,13.88357230,2.53542213
8.64251644,13.91097320,2.38351917
9.94779231,14.25315271,2.65956523
9.95395704,14.27170560,2.50664919
11.20309901,14.77708026,2.69222769
11.20635696,14.78651141,2.53694424
12.41213243,15.37711603,2.65275956
12.41369068,15.37593487,2.49574989
11.81033624,33.63842524,1.94018302
10.45987015,33.93414236,1.82252404
11.78747002,33.62924604,1.80410459
10.44133139,33.92733746,1.69029085
9.07732612,34.20215275,1.75366837
9.06290967,34.19823294,1.62471737
7.67592560,34.48577784,1.71824538
7.66522646,34.48474827,1.59194733
13.43374554,16.21938566,2.62665981
13.43618249,16.20777784,2.46521700
14.44529551,17.00364420,2.58294707
14.44841276,16.98394434,2.41766290
15.42727080,17.78106559,2.52878154
15.42618605,17.75684710,2.36250978
16.36917175,18.59873535,2.45948239
16.36061233,18.57327867,2.29623156
16.93415062,19.29450918,2.40646855
16.92420575,19.26805535,2.24489589
17.50908263,19.98430463,2.33387273
17.49855891,19.95738404,2.17489373
18.09238419,20.65344947,2.24132288
18.08328999,20.62611838,2.08599737
18.66962955,21.30199898,2.13826330
18.66386481,21.27485984,1.98667647
15.86487423,32.15874529,2.18665105
14.86812208,32.52528797,2.14427181
15.83547298,32.15250241,2.04666604
14.83913336,32.51843148,2.00576440
13.85130795,32.88807276,2.08089245
13.82392657,32.88051534,1.94318825
12.82530992,33.25889811,2.00829704
12.80013454,33.25089465,1.87126710
18.77464524,22.27116305,2.13739610
18.76829754,22.24602476,1.98829860
18.92472311,23.23867804,2.11866806
18.91681098,23.21498159,1.97430803
19.12805461,24.20522427,2.10254497
19.11610023,24.18207983,1.96306059
19.39082908,25.17220874,2.09167849
19.37209725,25.14822931,1.95619351
18.92572484,26.04932705,2.13334283
18.90767799,26.02895395,1.99782151
18.50421760,26.96733070,2.13581311
18.48427055,26.95036566,2.00084344
18.09875082,27.93667688,2.11401247
18.07310435,27.92118797,1.97938587
17.66987102,28.94235799,2.07147145
17.63711949,28.92487634,1.93590295
17.21130234,29.71397745,2.11767192
17.17793658,29.69887938,1.98070655
16.74280583,30.49393886,2.14916220
16.70963043,30.48153597,2.01142886
16.28888839,31.30635896,2.17073963
16.25709896,31.29713141,2.03175879
1.95213176,13.72497796,1.63660213
3.79725079,13.77829470,1.70353312
5.57843101,13.79089912,1.84742322
7.28810682,13.77678113,2.06235431
6.24036415,34.81431051,1.48071640
4.71877411,34.77029883,1.55658838
3.18217969,34.75036263,1.72438147
1.62998634,34.74348016,1.95768946
8.65528147,13.99101417,2.24087452
9.96517177,14.32170888,2.35264697
11.21463001,14.80122373,2.37180138
12.40948922,15.39900169,2.33527167
11.76414072,33.62105339,1.66022730
10.41568690,33.91626705,1.55665262
9.04646543,34.19595241,1.49253978
7.65475631,34.49103049,1.45790166
13.44378928,16.18430637,2.29796589
14.45026670,16.97464014,2.24612536
15.42232975,17.77696362,2.18198370
16.35216846,18.60098521,2.11856133
16.90908905,19.27454763,2.07976992
17.45470493,19.94660368,2.02755076
17.99674826,20.61433505,1.95283573
18.54704533,21.27526419,1.85848156
15.75280858,32.08144860,1.90073467
14.77603668,32.46490130,1.85860167
13.78360308,32.85568492,1.79733574
12.77788660,33.24376654,1.72520865
18.70119130,22.23408685,1.84688542
18.87804143,23.19643900,1.83631099
19.07784910,24.16105167,1.83076127
19.29746957,25.12620973,1.83062531
18.85132457,26.00294996,1.86068762
18.40922894,26.91737740,1.86411136
17.97079263,27.87117410,1.84369772
17.53472517,28.86034893,1.79999038
17.08833025,29.64404449,1.84484275
16.64478849,30.44616136,1.87421498
16.20053260,31.26065833,1.89124366
-1.57934352,34.54862124,1.55562714
0.02694474,34.65890795,1.43973552
-1.60980678,34.50503955,0.98486713
0.00606117,34.61505888,0.87895389
1.62024488,34.63561119,1.22733580
1.61194029,34.59192295,0.68913100
-3.15759482,34.43952423,1.54999341
-3.19723428,34.39836678,0.98268017
3.18923173,34.64295925,1.01847144
3.19511200,34.59829048,0.50338976
-4.70341554,34.33657646,1.47334915
-4.75289224,34.29814564,0.91445578
4.73987616,34.65614409,0.86843776
4.75758698,34.60632199,0.36893366
-6.22864756,34.26259226,1.40002718
-6.28839938,34.22494105,0.84444806
6.27034931,34.68374790,0.80028602
6.29562296,34.62214940,0.30671993
-7.67419396,33.87039285,1.38510877
-7.74201306,33.82659991,0.83266941
7.68728028,34.33617624,0.77830848
7.71498709,34.25521836,0.28568792
-9.10637862,33.54975897,1.45301475
-9.18121560,33.49539904,0.89658313
9.07719865,34.01231897,0.80931874
9.10391284,33.90785835,0.31371222
-10.50299367,33.26997078,1.52375642
-10.58382387,33.20353316,0.96618873
10.44171878,33.70458894,0.86860003
10.46503276,33.57593639,0.36894519
-11.85249022,33.00712664,1.54895770
-11.93795469,32.93009357,0.99794135
11.78265669,33.38342755,0.96586629
11.80005380,33.23116709,0.46016434
-12.84561296,32.68765868,1.50944036
-12.93347005,32.60532236,0.97110868
12.79085632,32.99353674,1.03555395
12.80307667,32.82842315,0.53066325
-13.81488241,32.36650597,1.46364671
-13.90535376,32.27895376,0.93528248
13.79293480,32.59701238,1.11411728
13.80188481,32.42308267,0.61151369
-14.77172045,32.04356537,1.42147018
-14.86383038,31.94959458,0.89979750
14.78542912,32.20173936,1.18229996
14.79380699,32.02316715,0.68244227
-15.72658028,31.72211759,1.38941136
-15.81864917,31.61916416,0.87142116
15.76493340,31.81635889,1.22818901
15.77562452,31.63594320,0.72968793
-16.17339171,30.92288233,1.34479923
-16.26262818,30.81349881,0.84244653
16.22471360,31.01176401,1.24107495
16.24322540,30.84179993,0.75952500
-16.63303097,30.12558828,1.29704888
-16.72164339,30.01211801,0.80967646
16.68111881,30.21154414,1.24523514
16.70774125,30.05084350,0.77916861
-17.10475114,29.33301212,1.23991752
-17.19464591,29.21681768,0.76695185
17.13639921,29.42144242,1.23532700
17.17072345,29.26846744,0.78337346
-17.58938651,28.54875976,1.16968075
-17.68207692,28.42988583,0.70945811
17.59351986,28.64709130,1.20786716
17.63493218,28.49980422,0.76795757
-18.07960643,27.53806875,1.17727854
-18.17678338,27.41014286,0.71726328
18.04681396,27.66242391,1.25562119
18.09923398,27.51672110,0.81690351
-18.58791494,26.55821056,1.17890813
-18.69071074,26.41905747,0.71466221
18.50216041,26.70791119,1.27712766
18.56607201,26.56005389,0.83693964
-19.11103346,25.62236266,1.18667925
-19.22028570,25.46722421,0.71266387
18.95964603,25.78729424,1.27134421
19.03554812,25.63352669,0.82892081
-19.63992583,24.74044240,1.20677607
-19.75656630,24.56332222,0.71797970
19.41830292,24.90029657,1.23723239
19.50601921,24.73726721,0.79248171
-19.47787769,23.79436076,1.23109550
-19.60310405,23.60856152,0.74266887
19.20785672,23.93654379,1.24062883
19.30591567,23.77377492,0.80000458
-19.32675579,22.85945445,1.26663898
-19.45948430,22.66354345,0.77628364
19.01215980,22.97081011,1.24480764
19.11642291,22.80637094,0.80440383
-19.18785626,21.93606477,1.31395748
-19.32719157,21.72913270,0.82093079
18.83599130,22.00551143,1.25256722
18.94321308,21.83783648,0.81018179
-19.06230282,21.02396453,1.37002187
-19.20703124,20.80565010,0.87598709
18.68044154,21.04274416,1.26303224
18.78855629,20.87125753,0.81911915
-18.51141222,20.38234241,1.43630289
-18.65734932,20.16378363,0.94113701
18.12599391,20.38028809,1.35076436
18.23095016,20.20940046,0.89957632
-17.97599355,19.73406907,1.50508209
-18.12454193,19.51097265,1.00774570
17.58343541,19.70707889,1.42265133
17.68665554,19.53427216,0.96658959
-17.44615200,19.08345755,1.57638292
-17.60070680,18.85142447,1.07676862
17.04142111,19.02785775,1.47386053
17.14523026,18.85080136,1.01570036
-16.91081155,18.43339116,1.64761340
-17.07356478,18.19089386,1.14648388
16.49000350,18.34757318,1.51188387
16.59671875,18.16416669,1.05342231
-15.99871233,17.63701286,1.73819875
-16.16978682,17.38688737,1.23314529
15.56655125,17.51760714,1.57257738
15.67805194,17.32689747,1.11103960
-1.87646026,13.41607656,1.00813465
0.05621039,13.41258088,0.98335072
-1.90562652,13.22631485,0.48836082
0.05428159,13.22778237,0.48165304
-15.02549983,16.85889172,1.80800177
-15.19757232,16.60718383,1.30294204
1.97963273,13.49816358,1.01788233
1.99980268,13.32131521,0.54251923
14.59504758,16.71824849,1.64471072
14.70777622,16.52539312,1.18633807
-3.77293293,13.53045545,1.05101998
-3.83219664,13.33878914,0.53137289
-13.98253905,16.11959266,1.83958658
-14.14776330,15.87140714,1.34117701
3.85143770,13.56115601,1.10979875
3.89078920,13.39246297,0.65864471
13.58069796,15.94367458,1.71535058
13.68780757,15.76009858,1.26877538
-5.61070185,13.72907827,1.15871054
-5.69626625,13.53533951,0.65136585
-12.87416656,15.43631621,1.81859434
-13.02552432,15.19890404,1.33032308
5.65569486,13.58050504,1.27706374
5.71228388,13.41777273,0.84420061
12.53513029,15.17794097,1.77268695
12.63262987,15.00937602,1.34001628
-7.39438518,13.90938749,1.36232749
-7.49794288,13.71367334,0.86820055
-11.57106275,14.95395963,1.74590013
-11.70583013,14.73344164,1.25916685
7.38325713,13.56844083,1.51581155
7.45345383,13.40879334,1.09700456
11.33105495,14.59202378,1.82182480
11.41950764,14.43488099,1.39780386
-8.83260036,14.21750509,1.53133448
-8.94602989,14.01893603,1.04032785
-10.22339217,14.55146624,1.65690250
-10.34569239,14.34429529,1.16819769
8.75981358,13.78331956,1.70473103
8.83694663,13.62768165,1.29115476
10.07578020,14.11518568,1.81368280
10.15828760,13.96169935,1.39720532
-1.65520436,34.49917358,0.22671114
-0.02481901,34.60547888,0.13494397
1.59962389,34.57982615,-0.02206381
-3.25750550,34.40021972,0.22920215
3.20316053,34.58333058,-0.17491246
-4.82917515,34.30827742,0.17357604
4.78281868,34.58445090,-0.28746094
-6.38072909,34.24219147,0.11153920
6.33263900,34.58661995,-0.34135190
-7.84579344,33.83992739,0.10538219
7.75637237,34.19324952,-0.35807011
-9.29474201,33.49891417,0.16188492
9.14492725,33.81339515,-0.33178913
-10.70645463,33.19412663,0.22882193
10.50236743,33.44674268,-0.27977965
-12.07028576,32.90789942,0.27106791
11.82957559,33.06680142,-0.19602457
-13.07252986,32.57250529,0.26411708
12.82522506,32.64216677,-0.12579006
-14.05166050,32.23566003,0.24590116
13.81845606,32.22128906,-0.04462365
-15.01601960,31.89378213,0.22319029
14.80920004,31.81297950,0.02766210
-15.97426466,31.54772805,0.20153198
15.79452418,31.42338431,0.07533306
-16.40986142,30.72288947,0.19233752
16.27029140,30.64062027,0.12804072
-16.86450638,29.90862765,0.17889826
16.74376076,29.86026919,0.16880236
-17.33654765,29.10411501,0.15499517
17.21548023,29.08646409,0.19173683
-17.82522789,28.31000079,0.11534668
17.68780936,28.32386402,0.19250295
-18.32390679,27.27692769,0.12442365
18.16391777,27.34160958,0.24237468
-18.84316370,26.26875432,0.11526004
18.64333704,26.38081165,0.25930122
-19.37952917,25.29333225,0.09792393
19.12670246,25.44524295,0.24584137
-19.92494378,24.35802509,0.08111432
19.61221799,24.53582134,0.20518011
-19.78257459,23.38638032,0.10390575
19.42933122,23.57139142,0.22090704
-19.65047642,22.42204690,0.13161962
19.25205128,22.59965127,0.22741590
-19.52861757,21.46732568,0.16864056
19.08654803,21.62525732,0.23175192
-19.41768352,20.52302031,0.21694197
18.93605383,20.65168207,0.23856951
-18.86713198,19.88219982,0.27842587
18.37474896,19.99217401,0.30696469
-18.33416340,19.22678056,0.33969688
17.82697552,19.31747784,0.36411079
-17.81385656,18.55889203,0.40377109
17.28420224,18.63197560,0.40682577
-17.29551442,17.88445620,0.47121765
16.73686930,17.94021970,0.44098205
-16.40523327,17.06381939,0.55555991
15.82228056,17.09334964,0.49421149
-1.94376306,12.97584242,-0.22717115
0.05229048,12.98724620,-0.20137617
-15.44020694,16.27203091,0.62486250
2.02465761,13.09178931,-0.09508406
14.85463668,16.28353951,0.57213433
-3.91324395,13.07955858,-0.18680681
-14.38585479,15.53068527,0.66759712
3.93924884,13.17424262,0.06130918
13.82906643,15.52441012,0.66804877
-5.81685760,13.26571383,-0.04869370
-13.24734583,14.86431289,0.66653616
5.78283092,13.20776797,0.27181064
12.76140294,14.79160408,0.75675344
-7.64627112,13.43605943,0.18751735
-11.90306824,14.41993099,0.59670231
7.54189864,13.20387946,0.53773758
11.53474057,14.23505418,0.82515078
-9.10950209,13.73612375,0.36591664
-10.52320066,14.04936185,0.49989269
8.93459616,13.43117366,0.73385093
10.26378356,13.76898816,0.83373807
-1.72372666,34.57423376,-0.79877908
-0.07109843,34.67308004,-0.87383856
1.58028111,34.63972335,-0.98973191
-3.35019928,34.49031023,-0.79007927
3.21334585,34.63727352,-1.10226161
-4.94745429,34.41566718,-0.82823813
4.81842968,34.63093989,-1.18765969
-6.52412674,34.36713965,-0.87695196
6.38797289,34.61966974,-1.22835537
-8.00551150,33.96451185,-0.87305254
7.82119253,34.19086092,-1.22750370
-9.46791417,33.61621679,-0.82454119
9.21227292,33.76666023,-1.19278557
-10.89401024,33.29955074,-0.75743853
10.56661092,33.35009646,-1.13674010
-12.27668147,32.99966655,-0.69720261
11.88445071,32.91825833,-1.05761404
-13.29414922,32.64774107,-0.67195508
12.86915353,32.45783589,-0.98657012
-14.28981352,32.29317417,-0.65942769
13.85351433,32.00953598,-0.90618023
-15.26815745,31.93057291,-0.65836826
14.84107396,31.58478470,-0.83464923
-16.23707021,31.56089378,-0.66721926
15.83019639,31.18925991,-0.78820009
-16.65609921,30.69917585,-0.64882455
16.31279242,30.41581329,-0.70507134
-17.09749742,29.85449583,-0.63623483
16.79518194,29.64583416,-0.63481286
-17.56110709,29.02658600,-0.63483003
17.27620335,28.88074857,-0.58496103
-18.04536891,28.21511553,-0.64981198
17.75680422,28.12440632,-0.56149760
-18.54387380,27.16130766,-0.63485039
18.24434210,27.14254369,-0.50788637
-19.06553635,26.13106544,-0.64839902
18.73584368,26.17657116,-0.49410646
-19.60660837,25.12661264,-0.68401614
19.23279627,25.22985867,-0.51488967
-20.16111745,24.15137996,-0.73200945
19.73436508,24.30354255,-0.56307194
-20.02836661,23.15258759,-0.71602653
19.57170662,23.33629146,-0.53674662
-19.91042533,22.15498692,-0.70099071
19.41367242,22.35696609,-0.52454456
-19.80595113,21.16203662,-0.68096773
19.26421410,21.37084954,-0.51908108
-19.71200847,20.17827881,-0.65072200
19.12506374,20.38411702,-0.51402112
-19.15914280,19.53717962,-0.60013797
18.56131167,19.72823461,-0.46233528
-18.62208128,18.88075008,-0.55257050
18.00889319,19.05688597,-0.42292721
-18.09867591,18.20982276,-0.50183065
17.46179954,18.37381958,-0.39498826
-17.58170277,17.52851642,-0.44423864
16.91147245,17.68292429,-0.37256503
-16.69914053,16.69955484,-0.36364159
15.99367016,16.83681021,-0.33353459
-1.99096698,12.68914418,-1.20977666
0.04945493,12.71384206,-1.12279848
-15.74865186,15.88731008,-0.28982157
2.05182962,12.82667198,-0.93852454
15.02652810,16.01812560,-0.25686546
-4.01943352,12.77087253,-1.18365765
-14.70210223,15.11966690,-0.23913335
3.99313585,12.91940727,-0.71549048
13.99830669,15.25459298,-0.14287997
-5.98118043,12.92838982,-1.01640346
-13.55467887,14.43830379,-0.22828710
5.86399202,12.96159353,-0.46904347
12.91902721,14.53454169,-0.02876359
-7.85249050,13.07519220,-0.74563165
-12.18069283,14.01207556,-0.29414571
7.64660097,12.96441443,-0.19688641
11.67506338,14.00195103,0.05614630
-9.33776819,13.36577105,-0.54936933
-10.77222356,13.66353717,-0.39980792
9.05102580,13.20588924,-0.00763312
10.39080133,13.54839108,0.07886632
-1.82902750,34.80573295,-2.23727342
-0.14190892,34.89577449,-2.30253379
1.54795156,34.84749750,-2.38559664
-3.49359159,34.74315985,-2.22377897
3.22228912,34.83336101,-2.46579498
-5.13055591,34.69649795,-2.24565422
4.86623198,34.81980554,-2.51984612
-6.74584126,34.68059884,-2.27776683
6.47171465,34.80101618,-2.53170438
-8.25070891,34.28056850,-2.24592269
7.92772135,34.33063534,-2.47637880
-9.73251197,33.92578878,-2.18583576
9.33141742,33.85068927,-2.39852337
-11.18084103,33.59567439,-2.09979726
10.68818258,33.36571025,-2.31259273
-12.59551215,33.27728419,-2.00462277
11.99631447,32.85779476,-2.22186488
-13.63914313,32.89634826,-1.92895441
12.96458496,32.33659713,-2.13972433
-14.66168646,32.50981969,-1.86849374
13.93434237,31.83903564,-2.05529628
-15.66249354,32.11150530,-1.83076498
14.91365488,31.38061622,-1.98267364
-16.65039244,31.70565683,-1.81856946
15.90439716,30.96757751,-1.93664747
-17.04509689,30.79182985,-1.75535832
16.38522046,30.19101085,-1.81270471
-17.46410360,29.90189630,-1.70097460
16.87222623,29.42456347,-1.70193948
-17.90854264,29.03528883,-1.65930431
17.36074903,28.66561947,-1.61303513
-18.37725443,28.19126527,-1.63558144
17.84962551,27.91437538,-1.55395017
-18.86458801,27.10393272,-1.60462742
18.34695930,26.93367980,-1.48807239
-19.37998033,26.04381058,-1.61431932
18.84788869,25.96326716,-1.47156083
-19.91931860,25.00757407,-1.66361271
19.35528469,25.00613497,-1.49622048
-20.47814052,23.99196917,-1.74520353
19.87013335,24.06335543,-1.55101240
-20.34298862,22.96403335,-1.73396023
19.72149930,23.09440264,-1.50931730
-20.23113143,21.92708072,-1.73608532
19.58052426,22.10803108,-1.48836386
-20.14130640,20.88334720,-1.74331464
19.44950614,21.10855600,-1.47886546
-20.07034156,19.83768134,-1.74576283
19.32892551,20.10220452,-1.47340141
-19.51769946,19.18484893,-1.71273931
18.76807152,19.44782170,-1.43687349
-18.97553439,18.52217517,-1.69104274
18.21376817,18.78015341,-1.42018749
-18.44216575,17.85225499,-1.67006879
17.66106972,18.10378496,-1.41696966
-17.91472658,17.17574251,-1.64126395
17.10353591,17.42176653,-1.41914042
-17.01778045,16.36924259,-1.58426664
16.17043980,16.59810081,-1.41340473
-2.04351807,12.47929467,-2.51381469
0.04155234,12.51069910,-2.31875144
-16.06801365,15.56769461,-1.51142019
2.07012487,12.61441228,-2.01010114
15.19071706,15.79302474,-1.35722815
-4.14106611,12.52806583,-2.52846111
-15.03302466,14.78803749,-1.44509365
4.03710263,12.70110979,-1.67812357
14.15417724,15.03194676,-1.23249702
-6.17809158,12.63540209,-2.31605761
-13.89675774,14.07218661,-1.40919989
5.93919471,12.74202159,-1.37697140
13.06861185,14.31301583,-1.07850481
-8.10577768,12.73541812,-1.97407041
-12.50846110,13.64242274,-1.44911306
7.75103645,12.74719811,-1.11302620
11.81314555,13.79832484,-0.95298955
-9.61747003,13.01409589,-1.73102679
-11.07460346,13.30236114,-1.55493222
9.16872462,13.00777770,-0.95052475
10.51893609,13.35630736,-0.89640643
-1.97995450,35.20813551,-4.34489292
-0.24430465,35.28279455,-4.40896844
1.49490527,35.21228954,-4.46444418
-3.69569874,35.16664909,-4.33779252
3.21834300,35.17774333,-4.49771421
-5.38407588,35.14491285,-4.35691752
4.91044727,35.15186749,-4.48312551
-7.04979144,35.15855204,-4.37508267
6.56665324,35.12531967,-4.43040295
-8.59403580,34.77886400,-4.28622979
8.07127477,34.63532746,-4.30090890
-10.11156790,34.43427275,-4.16482662
9.51731839,34.12042870,-4.15991517
-11.59815586,34.10097032,-4.01083569
10.90210050,33.57705170,-4.01856454
-13.06004946,33.76209842,-3.84595856
12.21715918,32.98943576,-3.88727267
-14.13472349,33.33642384,-3.69467173
13.17156253,32.39058815,-3.76337279
-15.18547704,32.89431076,-3.56889562
14.12333970,31.81941498,-3.65077858
-16.20970590,32.43378694,-3.48106560
15.08637952,31.29737428,-3.56000209
-17.22003141,31.97162757,-3.43102594
16.06978392,30.83718794,-3.50134278
-17.59151454,31.00592244,-3.28548025
16.52552883,30.02283256,-3.31773716
-17.98493841,30.06898861,-3.15281658
16.99943922,29.23609304,-3.14658302
-18.40282341,29.15936179,-3.03584271
17.48555245,28.46973844,-2.99697433
-18.84581281,28.27541661,-2.94029225
17.97819767,27.71727372,-2.87891788
-19.31152779,27.15141930,-2.86268567
18.48209867,26.73742076,-2.77918258
-19.81032107,26.05643490,-2.84050117
18.99002899,25.76476866,-2.73769960
-20.33764864,24.98525933,-2.88169611
19.50343610,24.80097068,-2.74820383
-20.89117389,23.93179140,-2.98267525
20.02425592,23.84698296,-2.79716652
-20.72572705,22.88026232,-2.96350324
19.86817140,22.88105838,-2.73100226
-20.59278166,21.81859400,-2.97133031
19.72685131,21.89774307,-2.69123339
-20.49127692,20.74179296,-2.99931544
19.60021004,20.89640697,-2.67109713
-20.42003525,19.64907820,-3.03779769
19.48774490,19.88090005,-2.66271195
-19.85472710,18.98843789,-3.01041580
18.92613841,19.23492983,-2.62635560
-19.30118504,18.31830805,-3.00554275
18.37016174,18.57466823,-2.61768589
-18.75522774,17.64425420,-3.01199814
17.81391795,17.90685921,-2.63137743
-18.21208448,16.97087573,-3.02010128
17.25047038,17.23710597,-2.65846992
-17.28483763,16.20294844,-3.00721007
16.29918831,16.45076717,-2.69517032
-2.11405462,12.44365801,-3.98891485
0.00439350,12.47577195,-3.69566119
-16.31427673,15.45084385,-2.96482454
2.05228427,12.56383161,-3.26112062
15.29804077,15.68631022,-2.68577049
-4.26186245,12.46708159,-4.04039135
-15.27607146,14.71381954,-2.90196769
4.03918388,12.64072708,-2.78919516
14.24317165,14.95603463,-2.58477920
-6.36066405,12.53803737,-3.79291020
-14.15522596,14.00614604,-2.84209623
5.96948519,12.68175616,-2.39857705
13.14697876,14.25483030,-2.40600265
-8.34287886,12.61472746,-3.38245294
-12.78133493,13.56910956,-2.82073430
7.81063650,12.69064092,-2.14555193
11.88626389,13.76072772,-2.20739697
-9.87662168,12.90477231,-3.08065775
-11.34696859,13.21208968,-2.89040407
9.23954480,12.97059807,-2.04045997
10.59292272,13.32660663,-2.06510927
-2.08547763,35.44556117,-6.06302421
-0.31802415,35.51187062,-6.11553586
1.45214360,35.43009315,-6.14046058
-3.83202178,35.40347212,-6.08114310
3.20319411,35.38422104,-6.12360928
-5.54983025,35.37332105,-6.11813644
4.92189987,35.34518080,-6.04799707
-7.24505372,35.37758456,-6.13874492
6.60795359,35.30157346,-5.95433034
-8.81814100,35.00525456,-6.00345633
8.14514576,34.80258295,-5.77966689
-10.36622001,34.67498363,-5.82232222
9.62606927,34.27730752,-5.60520409
-11.88681792,34.36138642,-5.60302182
11.04430714,33.72124265,-5.43380934
-13.38593220,34.03745967,-5.37497133
12.38590464,33.11463380,-5.27563755
-14.48391114,33.60838420,-5.16163996
13.35042759,32.49188103,-5.11541057
-15.55344860,33.14120911,-4.98742689
14.30327420,31.88645912,-4.97451142
-16.59292355,32.64177287,-4.86133734
15.26085053,31.32262016,-4.86082216
-17.61512073,32.13925029,-4.77652507
16.23808090,30.82086760,-4.78053898
-17.97926506,31.15245116,-4.56649035
16.67167487,29.97379855,-4.54559721
-18.36140841,30.19561263,-4.36388711
17.12664927,29.16153206,-4.32003193
-18.76639022,29.26915208,-4.17360674
17.59983214,28.37801966,-4.11392903
-19.19587013,28.36991404,-4.00369714
18.08575393,27.61591253,-3.93727292
-19.64940082,27.23445844,-3.86689815
18.58659559,26.63349110,-3.79493747
-20.13538073,26.12402346,-3.79514444
19.09478504,25.65976302,-3.71459902
-20.65101818,25.03485141,-3.80275474
19.60899647,24.69343613,-3.69341239
-21.19538708,23.96167220,-3.88731694
20.13015071,23.73537632,-3.71850573
-20.99688261,22.89637902,-3.83804404
19.95756125,22.77132289,-3.62354149
-20.83440316,21.82591323,-3.83052988
19.80258015,21.79598839,-3.56230903
-20.70618503,20.74496324,-3.85762559
19.66446536,20.80529596,-3.52816615
-20.61102902,19.64846068,-3.90765325
19.54359502,19.79824190,-3.51141596
-20.02226049,18.99984446,-3.87073555
18.97300593,19.16789771,-3.46264092
-19.44889001,18.33854942,-3.86088050
18.40999828,18.52150584,-3.44291201
-18.88594407,17.67056142,-3.86782734
17.84849165,17.86577346,-3.44987546
-18.32825235,17.00139658,-3.88179545
17.28084067,17.20726000,-3.47550553
-17.38345079,16.24882628,-3.87213146
16.32371816,16.44337897,-3.51353940
-2.18009631,12.50450336,-4.80456198
-0.05430684,12.53582207,-4.50625043
-16.40166043,15.51901445,-3.83497964
2.00336102,12.62442003,-4.04929716
15.31680230,15.70392455,-3.52120005
-4.32890643,12.52352057,-4.84443204
-15.35942058,14.81197259,-3.77539620
4.00140709,12.70710803,-3.52007194
14.25475150,14.99959900,-3.45141756
-6.43372548,12.59169111,-4.58696627
-14.24319270,14.13112177,-3.71325512
5.94634750,12.76013152,-3.07206288
13.15047505,14.32322202,-3.29164544
-8.43607393,12.68096098,-4.17857672
-12.88253342,13.70118505,-3.65677888
7.80327180,12.78182415,-2.82037621
11.88546522,13.85171173,-3.06336011
-9.98158505,12.99640566,-3.86849083
-11.45657722,13.32967976,-3.69223035
9.23868179,13.07111375,-2.76404954
10.59300794,13.42774835,-2.85827584
-2.16125342,35.58092856,-7.41349573
-0.37080625,35.64199595,-7.44251799
1.42145045,35.55097038,-7.44521546
-3.92952938,35.52974587,-7.47494502
3.19235804,35.49335725,-7.41056906
-5.66764472,35.48527765,-7.54036828
4.93060531,35.44281425,-7.31908626
-7.38157805,35.47364517,-7.56479759
6.63828550,35.38452154,-7.22461592
-8.97096926,35.09647507,-7.39286457
8.19555732,34.87796445,-7.02861133
-10.53597629,34.76295083,-7.16523145
9.69502612,34.34113061,-6.82517776
-12.07558432,34.45106650,-6.89633496
11.13049157,33.77483342,-6.61419550
-13.59419840,34.13382944,-6.61655261
12.49022084,33.16221994,-6.41520370
-14.70481982,33.71489257,-6.34370144
13.46652105,32.53769731,-6.20768007
-15.78595088,33.24765288,-6.11813280
14.42636006,31.92358544,-6.03133616
-16.83627939,32.73881103,-5.94982211
15.38555477,31.34109203,-5.89319117
-17.86628530,32.21984444,-5.83094038
16.36107800,30.81433115,-5.79272065
-18.23492866,31.23260398,-5.58295551
16.78702641,29.95262829,-5.52805872
-18.61606978,30.26857235,-5.34339182
17.23230034,29.12497963,-5.26719770
-19.01657635,29.33512467,-5.10691056
17.69594450,28.32895195,-5.01752048
-19.43991228,28.43078159,-4.88181491
18.17417163,27.55832387,-4.79107034
-19.88846549,27.29714688,-4.69706387
18.66773282,26.57309984,-4.60882311
-20.36833364,26.18612717,-4.57343555
19.17141244,25.59822293,-4.48570214
-20.87600493,25.09194052,-4.53567721
19.68273914,24.63097827,-4.42610806
-21.41069366,24.01097280,-4.58619938
20.20114387,23.67174714,-4.41975481
-21.18745419,22.93974299,-4.49571548
20.01440566,22.70919089,-4.29275525
-21.00112617,21.86498456,-4.45762619
19.84723348,21.73869931,-4.20554500
-20.85005725,20.78285114,-4.46597034
19.69759768,20.75670776,-4.15235253
-20.73215655,19.68951647,-4.50991985
19.56500034,19.76146041,-4.12436628
-20.12192691,19.05579444,-4.46288711
18.98337991,19.14819072,-4.06276381
-19.52861217,18.40928439,-4.44505647
18.41136577,18.51756449,-4.02855915
-18.94822744,17.75330563,-4.44517125
17.84295284,17.87538987,-4.02139955
-18.37550293,17.09359599,-4.45348126
17.27057846,17.22843542,-4.03540858
-17.41612816,16.35302384,-4.43262995
16.31054438,16.48102831,-4.05951467
-2.23351240,12.58348505,-5.28568008
-0.11200874,12.60902214,-4.99915092
-16.42657837,15.63417497,-4.38617519
1.94790941,12.69625833,-4.54871085
15.30412760,15.75651136,-4.06479990
-4.36837329,12.60478261,-5.30638067
-15.38367186,14.93889977,-4.31621334
3.95300517,12.78950892,-4.01147728
14.24356920,15.06569813,-4.00635629
-6.46018860,12.67499962,-5.03552741
-14.27165935,14.26877852,-4.24157718
5.90730476,12.85960508,-3.54055601
13.13852740,14.40400112,-3.86501032
-8.46397963,12.77631500,-4.63049712
-12.91819972,13.84182651,-4.15927428
7.77459879,12.89583905,-3.29030752
11.86948065,13.95150508,-3.63819853
-10.01606851,13.11084849,-4.32701882
-11.49562788,13.46157853,-4.16893967
9.21563445,13.18907785,-3.26798696
10.57341794,13.54086316,-3.40630624
-2.21649277,35.62279111,-8.52249973
-0.40879258,35.67308455,-8.54669547
1.40222533,35.57444842,-8.53038198
-3.99959274,35.56999306,-8.59981658
3.18977598,35.51236866,-8.47848226
-5.75020518,35.51830600,-8.66602774
4.94216100,35.46307722,-8.36945358
-7.47392773,35.49223123,-8.67883933
6.66221062,35.40443760,-8.26632432
-9.07230021,35.10959174,-8.48016098
8.23236875,34.90064123,-8.05901215
-10.64728266,34.77115859,-8.22494737
9.74430485,34.35654771,-7.84834233
-12.19937672,34.45630032,-7.92947674
11.18900032,33.78071835,-7.60994174
-13.73036865,34.13775377,-7.62180955
12.55780245,33.16431560,-7.36453546
-14.84873169,33.72822150,-7.30210243
13.54105559,32.54352030,-7.09922295
-15.93607195,33.27025693,-7.02561151
14.50596153,31.92966256,-6.87652301
-16.99223371,32.76727606,-6.80998580
15.46643918,31.33996667,-6.70385501
-18.02582165,32.24747116,-6.65107750
16.44029331,30.79983783,-6.57645176
-18.40065789,31.27193730,-6.36233193
16.86484463,29.93411419,-6.28683104
-18.78529668,30.31000873,-6.09685235
17.30758416,29.09907525,-6.00628219
-19.18582585,29.37348665,-5.83848234
17.76723660,28.29560710,-5.73152977
-19.60691872,28.46637665,-5.58316413
18.24104132,27.51919622,-5.47097301
-20.05336317,27.33598170,-5.37151947
18.72913711,26.53275221,-5.25928209
-20.52984657,26.22868572,-5.21132604
19.22757898,25.55780158,-5.10051044
-21.03249238,25.13625261,-5.13219464
19.73435335,24.59075080,-5.00327634
-21.55926206,24.05490221,-5.14252437
20.24870996,23.63188102,-4.96377632
-21.32067528,22.98453032,-5.00810081
20.05133682,22.67127554,-4.80546100
-21.11706653,21.90916044,-4.93473401
19.87455035,21.70454892,-4.69160730
-20.94859238,20.82751169,-4.91715283
19.71617310,20.72855564,-4.61735592
-20.81366736,19.73667898,-4.94505451
19.57474337,19.74119557,-4.57442834
-20.18885343,19.11270062,-4.88581114
18.98391494,19.14147368,-4.50143604
-19.58079004,18.47739576,-4.86002745
18.40337951,18.52502007,-4.45489264
-18.98557317,17.83339882,-4.85414362
17.82795315,17.89609536,-4.43456066
-18.39931462,17.18459359,-4.85639113
17.25076461,17.26012096,-4.43587786
-17.42686211,16.45563361,-4.82383812
16.28794271,16.52641385,-4.44352042
-2.27329854,12.66123087,-5.59911490
-0.15928902,12.68032855,-5.32551871
-16.42962767,15.74601391,-4.76518586
1.89885091,12.76367236,-4.88559897
15.28238070,15.81295100,-4.44004801
-4.39284414,12.68630151,-5.60469146
-15.38472301,15.05811382,-4.68160656
3.90681121,12.86157698,-4.35207812
14.22488830,15.13083224,-4.38446022
-6.46888525,12.75967559,-5.32400472
-14.27510416,14.39333186,-4.59264062
5.86762038,12.94588020,-3.87760228
13.12214876,14.47714306,-4.25412943
-8.46759174,12.86922497,-4.91957339
-12.92628743,13.96603811,-4.49053831
7.74256402,12.99538013,-3.63153320
11.85213790,14.03507555,-4.03366795
-10.02265033,13.21611693,-4.62282331
-11.50544844,13.57893593,-4.48023280
9.18921893,13.28943079,-3.63192508
10.55192260,13.63488967,-3.79402730
-2.25849400,35.61018270,-9.45904513
-0.43753828,35.64310009,-9.50443766
1.39080670,35.53695339,-9.47340195
-4.05070662,35.56660224,-9.51112836
3.19419536,35.47781370,-9.39102005
-5.80808217,35.51530135,-9.54733350
4.95627828,35.44180698,-9.24219644
-7.53610793,35.47775689,-9.53719083
6.68041211,35.39551305,-9.10113364
-9.13770542,35.08484212,-9.31811767
8.25419783,34.89948412,-8.86380001
-10.71631670,34.73519019,-9.04314701
9.77181373,34.35031841,-8.64392298
-12.27496471,34.41384276,-8.73028885
11.22337985,33.76649212,-8.39796374
-13.81484112,34.09325938,-8.40833820
12.60024367,33.14495908,-8.13302827
-14.94232420,33.69484765,-8.06401282
13.58932465,32.52702088,-7.82586480
-16.03630208,33.25012387,-7.75215181
14.55721130,31.91725132,-7.55441763
-17.09613198,32.75983528,-7.49248758
15.51850705,31.32691209,-7.34169296
-18.13049980,32.24740317,-7.29192002
16.49081834,30.78083782,-7.18280064
-18.51054254,31.28763441,-6.96346043
16.91556317,29.91577946,-6.86863445
-18.89877277,30.33285403,-6.67043771
17.35764580,29.07827253,-6.57042413
-19.30106566,29.39734370,-6.39468248
17.81641930,28.27034014,-6.28112564
-19.72174068,28.48830091,-6.12480578
18.28858920,27.48985619,-6.00038406
-20.16700240,27.36021364,-5.90233403
18.77352250,26.50287348,-5.77140561
-20.64121928,26.25588969,-5.72062689
19.26814133,25.52853614,-5.58638097
-21.14002854,25.16685655,-5.61107213
19.77077264,24.56256953,-5.45902887
-21.66083455,24.08739403,-5.58781480
20.28106434,23.60465982,-5.38966558
-21.41383995,23.02179981,-5.41375726
20.07602546,22.64675877,-5.20254967
-21.19855780,21.94881937,-5.30551593
19.89205983,21.68340656,-5.06400447
-21.01747089,20.86874576,-5.26085474
19.72703684,20.71158765,-4.96954941
-20.86989856,19.78057284,-5.26976297
19.57908138,19.72974204,-4.91124571
-20.23509650,19.16298075,-5.19836588
18.98173234,19.13937464,-4.82790288
-19.61677588,18.53532900,-5.16411937
18.39476590,18.53379176,-4.77080632
-19.01112765,17.89964621,-5.15293068
17.81330919,17.91561127,-4.73986224
-18.41444368,17.25909871,-5.15063280
17.23159143,17.28943442,-4.73058774
-17.43064255,16.54124485,-5.11013227
16.26586812,16.56748480,-4.72380729
-2.30251152,12.72987324,-5.81648023
-0.19587834,12.74330091,-5.55343916
-16.42613494,15.83982475,-5.04090138
1.85918671,12.82271532,-5.12361867
15.26056895,15.86304524,-4.71089500
-4.40897966,12.75856745,-5.81172336
-15.37844047,15.15814189,-4.94495467
3.86768918,12.92179131,-4.59720725
14.20547688,15.18721297,-4.65422623
-6.47077358,12.83490619,-5.52463989
-14.26941757,14.49709371,-4.84222524
5.83246379,13.01441187,-4.12572425
13.10538327,14.53864068,-4.52987929
-8.46278779,12.95047250,-5.12020766
-12.92337708,14.06902470,-4.72461159
7.71344970,13.07367900,-3.88533961
11.83561223,14.10264122,-4.31600653
-10.01870402,13.30582805,-4.82932036
-11.50351029,13.67688216,-4.69900544
9.16528723,13.36774293,-3.90057299
10.53249637,13.70857813,-4.07540244
-1.55838423,34.60547157,1.98923400
0.04135580,34.71463614,1.86709086
1.62594165,34.68962615,1.64000762
-3.13095458,34.49665605,1.98121748
3.18510909,34.69697049,1.41610434
-4.67071641,34.39439416,1.89947132
4.72746285,34.71397341,1.25529165
-6.18955840,34.32301875,1.82529982
6.25278813,34.75093995,1.18267909
-7.62932623,33.93659800,1.80861642
7.66819713,34.41756917,1.16030339
-9.05590710,33.62420855,1.87835454
9.05911207,34.11045275,1.19366969
-10.44813191,33.35312067,1.94929756
10.42623372,33.81946001,1.25592674
-11.79517143,33.09733838,1.97024170
11.77168313,33.51382716,1.35721803
-12.78756507,32.78047779,1.92220320
12.78315666,33.13170641,1.42489380
-13.75658746,32.46159571,1.87010295
13.78740209,32.74033771,1.50013394
-14.71376429,32.14204573,1.82359527
14.77986605,32.34790935,1.56495850
-15.67015244,31.82605925,1.78887782
15.75785454,31.96377631,1.60906813
-16.11795953,31.02784677,1.73236012
16.21114716,31.15027289,1.60943372
-16.57709107,30.23103680,1.67303531
16.66086717,30.34224672,1.60155938
-17.04709895,29.43865687,1.60485499
17.10946989,29.54553011,1.58076585
-17.52891519,28.65472075,1.52444706
17.56072182,28.76619698,1.54382035
-18.01515186,27.64891665,1.53072885
18.00460315,27.77935316,1.58963713
-18.51845432,26.67591019,1.53424608
18.45034596,26.82559007,1.61084700
-19.03643286,25.75082288,1.54884072
18.89873689,25.90855517,1.60636956
-19.56046199,24.88370991,1.57937320
19.34975275,25.02778972,1.57446151
-19.39203069,23.94191840,1.60225736
19.13346891,24.06325998,1.57552539
-19.23551304,23.01248662,1.63815503
18.93474579,23.09837069,1.58033665
-19.09231852,22.09520245,1.68584211
18.75778814,22.13482700,1.58976274
-18.96308406,21.18998059,1.74064238
18.60274101,21.17455196,1.60097351
-18.41019234,20.54981229,1.80730008
18.05072829,20.51256473,1.69318128
-17.87106705,19.90576751,1.87760581
17.50878032,19.84212313,1.76685924
-17.33631549,19.26064531,1.95106745
16.96506609,19.16709944,1.81878370
-16.79516967,18.61575889,2.02381636
16.41054701,18.49107542,1.85734423
0.05795441,13.54876092,1.35257917
-1.85433677,13.55449790,1.38768946
-15.87835396,17.82110471,2.11675164
1.96396286,13.62911373,1.37192708
15.48350477,17.66519839,1.92000040
-3.72981025,13.66761004,1.43017550
-14.90595637,17.04009433,2.18419496
3.82075492,13.68643618,1.44870006
14.51157050,16.86489497,1.98811230
-5.54973783,13.86483811,1.53015367
-13.86934819,16.29475236,2.20815431
5.61191138,13.70171427,1.60262341
13.50175168,16.08165848,2.04855012
-7.32169704,14.04445891,1.72402581
-12.77093611,15.60155327,2.17791754
7.32927221,13.68810983,1.82834554
12.46290959,15.30477647,2.09460112
-8.75373486,14.35450468,1.89047110
-11.47862762,15.10670470,2.10377376
8.70058632,13.90192458,2.01176268
11.26438944,14.71149661,2.13682949
-10.13894003,14.69461404,2.01535422
10.01286850,14.23285261,2.12253788
-2.28969824,35.57678908,-10.21006550
-0.45934481,35.59220148,-10.28396238
1.38274922,35.47894371,-10.24797626
-4.08689427,35.54632700,-10.21996184
3.19985670,35.42513139,-10.13712958
-5.84797257,35.49913707,-10.21792931
4.96915528,35.40608054,-9.94564378
-7.57760544,35.45338320,-10.18479287
6.69334936,35.37731435,-9.75616440
-9.18062529,35.05008466,-9.95764232
8.26604362,34.89233385,-9.47802158
-10.75993744,34.68686789,-9.67241478
9.78430389,34.33984780,-9.24046942
-12.32065222,34.35595706,-9.34431950
11.23932309,33.74794536,-8.98917051
-13.86521945,34.03189688,-9.00914356
12.62302746,33.12144921,-8.71996955
-15.00059890,33.64393588,-8.64995616
13.61883956,32.50403429,-8.39618838
-16.10233434,33.21347141,-8.31769731
14.59027228,31.89667468,-8.09328079
-17.16654787,32.73711012,-8.02836720
15.55206408,31.30849540,-7.84281201
-18.20134941,32.23485942,-7.79247457
16.52323043,30.76096250,-7.65195077
-18.58502749,31.29063782,-7.42798388
16.94885265,29.89883050,-7.31490038
-18.97656726,30.34444742,-7.10946293
17.39096608,29.06085972,-7.00024944
-19.38072809,29.41232174,-6.81645850
17.84953700,28.25073270,-6.69901477
-19.80171650,28.50292787,-6.53570345
18.32140419,27.46735943,-6.40646894
-20.24616149,27.37605418,-6.31091867
18.80471053,26.47988142,-6.16834239
-20.71849104,26.27374942,-6.11785499
19.29692606,25.50623877,-5.96593032
-21.21454331,25.18747868,-5.98802566
19.79648541,24.54177176,-5.81583362
-21.73094829,24.11057294,-5.93897426
20.30338386,23.58500401,-5.72268277
-21.47943035,23.05032072,-5.73584126
20.09293022,22.63010707,-5.51165167
-21.25650465,21.98105297,-5.59625521
19.90372517,21.66946003,-5.35109288
-21.06642094,20.90361000,-5.52634174
19.73357030,20.70107787,-5.23860325
-20.90930161,19.81780902,-5.51632938
19.58078019,19.72321172,-5.16631049
-20.26781792,19.20486959,-5.43387478
18.97858284,19.13971513,-5.07401256
-19.64224129,18.58272125,-5.39166694
18.38687504,18.54182764,-5.00820735
-19.02906122,17.95263275,-5.37555430
17.80107563,17.93159716,-4.96868200
-18.42495663,17.31803943,-5.36968823
17.21551425,17.31330889,-4.95095723
-0.22375672,12.79582238,-5.71862025
-2.32413295,12.78675900,-5.97376552
-17.43243107,16.60828436,-5.32478836
1.82814598,12.87189302,-5.29721693
16.24706667,16.60115352,-4.93296693
-4.42005047,12.81837767,-5.96217184
-16.42137390,15.91433181,-5.24807891
3.83619356,12.97062010,-4.77779417
15.24152217,15.90407228,-4.91192230
-6.47021664,12.89747868,-5.67117106
-15.37070520,15.23790520,-5.14189375
5.80342216,13.06812715,-4.31131518
14.18824378,15.23327913,-4.85269270
-8.45583488,13.01751009,-5.26652812
-14.26129176,14.57994424,-5.02721708
7.68895501,13.13387029,-4.07656939
13.09022345,14.58840267,-4.73111205
-10.01159744,13.37866527,-4.98052352
-12.91685459,14.15151109,-4.89744997
9.14491386,13.42806019,-4.10173297
11.82100421,14.15627927,-4.52268003
-11.49768839,13.75559218,-4.85991787
10.51587193,13.76598983,-4.28351247
