0.42454852,11.81691220,2.42341666
-1.40084995,11.68864301,2.78037377
0.44564632,11.68032186,2.58380130
-1.39503087,11.54857832,2.92974254
-3.34436194,11.60844418,3.13793251
-3.36186557,11.46082798,3.27739591
-5.64001762,11.55006812,3.55280390
-5.68044314,11.39268667,3.69340012
-8.08959806,11.41992478,3.88061526
-8.13315161,11.25983798,4.02687363
-6.16405914,34.13473390,0.74543949
-4.50666552,34.38787543,0.65056546
-6.17834627,34.17151227,0.89515482
-4.51188349,34.42543107,0.81498361
-2.99415646,34.63458822,0.50804528
-2.99063789,34.67588160,0.68243905
-1.54684417,34.82640617,0.30723590
-1.53448788,34.87277928,0.48332159
-0.13497492,34.95000735,0.07264704
-0.11619298,34.99891111,0.24121240
-9.90176616,11.40948052,3.94183608
-9.94835319,11.26510174,4.10153947
-11.46183021,11.42869436,3.93216762
-11.51229049,11.31817337,4.10528308
-12.83605179,11.55244073,3.89606625
-12.88958000,11.48434647,4.07666092
-14.08806790,11.81360894,3.82975773
-14.14109537,11.78271569,4.01238179
-13.73486920,32.08660585,0.63762817
-11.90196811,32.61238123,0.74842030
-13.78142335,32.10972338,0.74500905
-11.94364946,32.63922223,0.85920491
-9.90834179,33.12768075,0.85795227
-9.94264142,33.15627555,0.97971616
-7.95188033,33.61367267,0.83995449
-7.97619772,33.64538995,0.97628382
-15.09610079,12.46003197,3.71795263
-15.13983704,12.45564063,3.90647200
-16.11825964,13.10966865,3.59184190
-16.14688218,13.12748547,3.78647223
-17.15473574,13.79461167,3.45271093
-17.17184394,13.83233512,3.65516998
-18.18192262,14.50291606,3.27243685
-18.19679795,14.55738041,3.48029060
-18.81333406,15.07251141,3.06843711
-18.82740890,15.13702233,3.27899731
-19.44470976,15.60167442,2.85066737
-19.45868367,15.66855506,3.05735486
-20.08177303,16.10003631,2.64995749
-20.09172725,16.16364401,2.84697175
-20.71516165,16.59628538,2.48191080
-20.71839808,16.65403560,2.66676382
-18.06690629,29.56842794,0.60789957
-17.14042074,30.29124322,0.53301653
-18.11209485,29.55914153,0.71930309
-17.18502219,30.28584067,0.64205455
-16.12656157,30.95784285,0.51768242
-16.17350504,30.96089858,0.62453818
-14.98634392,31.54742531,0.55600890
-15.03405314,31.56094105,0.66261637
-20.85524459,17.46990702,2.17055905
-20.85807472,17.51643778,2.34840791
-21.03533211,18.39374098,1.88193580
-21.03945091,18.42628360,2.04494438
-21.24977114,19.36686990,1.66221445
-21.26040136,19.38782379,1.80818238
-21.48806838,20.37362212,1.51804068
-21.50808318,20.38774216,1.65024471
-21.02912000,21.45201928,1.28610562
-21.04596815,21.45044401,1.40381790
-20.64763810,22.65364166,1.09841395
-20.66298544,22.63871140,1.20589149
-20.30610994,23.97385144,0.93868583
-20.32529506,23.95127295,1.04222444
-19.93494392,25.35972062,0.77963627
-19.96343398,25.33870410,0.88537338
-19.51849956,26.43502899,0.70638041
-19.55381284,26.41696920,0.81550011
-19.05163564,27.48711869,0.63937638
-19.09368512,27.47301645,0.75103743
-18.55905603,28.52973793,0.60137991
-18.60421904,28.51837327,0.71338863
0.40053943,11.98560196,2.26201054
-1.41647239,11.88618804,2.63706896
-3.34479579,11.81252788,3.00923617
-5.62305611,11.75135067,3.42436844
-8.07305911,11.60669904,3.74165021
-6.15068192,34.10058365,0.58137571
-4.50740086,34.35367659,0.47389364
-3.00407615,34.60056597,0.32064831
-1.56245990,34.79040184,0.11690946
-0.15802020,34.91329764,-0.10997171
-9.85789330,11.60312789,3.78451298
-11.41355543,11.56980977,3.75113300
-12.78531397,11.62509929,3.70033301
-14.02771556,11.86949023,3.63353466
-13.68494748,32.06345943,0.52360828
-11.84946581,32.58242923,0.63698981
-9.87106885,33.09783021,0.73347981
-7.92784189,33.58204633,0.69401587
-15.06267369,12.44482555,3.52260122
-16.09556856,13.09354867,3.38191441
-17.14395219,13.78618885,3.21050441
-18.17500640,14.48373415,3.02017426
-18.79739965,15.03098422,2.83607876
-19.39754931,15.55232422,2.64196906
-19.99108553,16.06126147,2.45084815
-20.59531113,16.57750125,2.27804485
-17.98767673,29.53440960,0.48224731
-17.07158466,30.26446109,0.41254039
-16.06773356,30.94205700,0.40375950
-14.93890721,31.53351425,0.44299664
-20.78817746,17.44602377,1.97753111
-20.99753938,18.37504121,1.71763089
-21.21121472,19.35596720,1.51910973
-21.41425323,20.37378821,1.38278058
-20.97738829,21.45923995,1.16248322
-20.58585580,22.67024192,0.98345221
-20.22616147,23.98711119,0.82536028
-19.85331958,25.35494400,0.66529742
-19.44072946,26.43131862,0.59104652
-18.98627183,27.48964579,0.52510192
-18.49748222,28.52392059,0.48504054
2.24613118,11.80399790,2.40799561
2.21823579,11.94086768,2.24784499
4.02977529,11.92179161,2.44631307
3.99812681,12.05941006,2.29051830
5.78574545,11.99451287,2.64654209
5.74927264,12.13193522,2.49579384
7.53275893,12.00356919,2.91508469
7.48659129,12.13949577,2.76726908
5.55827536,34.58034347,-0.44602434
4.09833742,34.66715297,-0.38474020
5.52545817,34.53811269,-0.56886527
4.07047495,34.62386096,-0.51764115
2.68549779,34.79717849,-0.23534394
2.66052545,34.75227731,-0.38018632
1.28360583,34.91665709,-0.01823708
1.26110497,34.86940565,-0.17565704
9.00819456,12.21323287,3.14325013
8.94956668,12.34487257,2.99328973
10.46540711,12.49574768,3.29137402
10.39330121,12.61930009,3.14103977
11.89218417,12.85292880,3.26018450
11.80826145,12.96237281,3.11026013
13.29815681,13.25963274,3.09481966
13.20702826,13.34702642,2.94147480
11.58015544,33.58005043,-0.18885059
10.08976996,33.81127244,-0.28231348
11.51777911,33.54811792,-0.30557675
10.03393611,33.77457914,-0.39868173
8.55994674,34.00735634,-0.36732860
8.51111037,33.96778156,-0.48433705
7.02773733,34.24621480,-0.43398037
6.98733267,34.20532262,-0.55328270
14.49308093,14.01982379,2.93219921
14.40361998,14.07990536,2.76800202
15.70404668,14.69387390,2.76287370
15.61848309,14.72542110,2.59133922
16.87032239,15.35090384,2.55512535
16.78558816,15.35579998,2.38031896
17.94899510,16.05950501,2.27725210
17.86481953,16.03904984,2.10305095
18.54976235,16.67458247,2.03040808
18.47154557,16.63912660,1.85546682
19.16202876,17.26312713,1.75937604
19.08882460,17.22141203,1.58658276
19.78906120,17.83705692,1.47921718
19.72162041,17.79776946,1.31127633
20.41559516,18.42774249,1.19878518
20.35507135,18.39724068,1.03544791
15.96871074,31.88773312,-0.19380434
14.88644257,32.35460185,-0.16990238
15.89362562,31.88611839,-0.29737581
14.81430686,32.34701909,-0.27588043
13.79058829,32.79740645,-0.15757667
13.72194258,32.78256152,-0.26785680
12.68457994,33.21033312,-0.16539289
12.61903079,33.18737013,-0.27991300
20.35067340,19.43662922,0.93664443
20.28510931,19.42721262,0.77267844
20.32945116,20.55724630,0.64540467
20.25996217,20.56754927,0.48380078
20.39464488,21.77319003,0.35914368
20.32242462,21.79280728,0.20665191
20.58046794,23.04223794,0.11386495
20.50366399,23.06017378,-0.02419313
19.86268641,24.24748670,-0.01719677
19.79250394,24.26587255,-0.14046388
19.26207297,25.49064122,-0.13122703
19.19150103,25.50472205,-0.24345830
18.70217033,26.75360039,-0.23696327
18.62531159,26.76156442,-0.34396424
18.11801030,28.01804390,-0.33798343
18.03482431,28.01918826,-0.44385054
17.56580726,28.97526179,-0.33457225
17.48277430,28.97660718,-0.44174542
17.00753129,29.93028952,-0.31641597
16.92571112,29.93142606,-0.42328003
16.46902288,30.90062931,-0.27162254
16.38965546,30.90091659,-0.37716282
2.19300511,12.14413796,2.09683664
3.97556392,12.26659964,2.14766994
5.72630752,12.32834031,2.35691525
7.46179252,12.31358415,2.62972278
5.49033439,34.50593988,-0.70167012
4.04323103,34.59021475,-0.65990769
2.63513250,34.71975552,-0.53506852
1.23404135,34.83509357,-0.34415347
8.89612878,12.53910095,2.84687776
10.32628298,12.78076538,2.98472096
11.72925150,13.07896656,2.94750489
13.10894811,13.46596640,2.78026975
11.45400186,33.51899770,-0.42755333
9.97119973,33.73660242,-0.51519455
8.46019114,33.93221243,-0.60304649
6.94576590,34.17216290,-0.67882266
14.32475337,14.12147827,2.59780005
15.53048972,14.76682882,2.40915387
16.68520184,15.40636019,2.17723820
17.76685418,16.06623244,1.89693375
18.37947049,16.63377848,1.66669771
18.97147066,17.20102052,1.42212538
19.55125492,17.78520729,1.16287912
20.13884189,18.40642438,0.88939813
15.76572901,31.81830156,-0.41048407
14.70796826,32.29381252,-0.39116757
13.63983355,32.75230853,-0.38489841
12.55544936,33.16668249,-0.40071736
20.13088530,19.44402447,0.61257737
20.14720722,20.59102319,0.32877727
20.21623608,21.81809821,0.06506605
20.35446846,23.08309798,-0.14846574
19.67458791,24.28121726,-0.25852446
19.05663670,25.50553467,-0.35067032
18.46481564,26.73829217,-0.44678773
17.88038315,27.97634851,-0.54823095
17.34395031,28.94117184,-0.54762336
16.81321421,29.91161274,-0.52930560
16.28685833,30.87440514,-0.48439766
-1.69967806,34.50721922,-0.77960155
-0.29551707,34.64146731,-0.97856542
-1.82583156,34.41781560,-1.36067720
-0.40926856,34.56993291,-1.53434023
1.11079811,34.57722862,-1.16104832
1.01792393,34.51581671,-1.68504417
-3.12501496,34.30935334,-0.56661293
-3.24992864,34.20031391,-1.15527479
2.53134840,34.47310306,-1.28926181
2.45988077,34.41661691,-1.77861490
-4.60406578,34.04795577,-0.36564451
-4.71654356,33.91510132,-0.94012307
3.95400251,34.34515342,-1.35004862
3.89870063,34.28388288,-1.80447362
-6.21789473,33.77153439,-0.19148491
-6.30862534,33.61207781,-0.73842132
5.40442211,34.25540217,-1.33543954
5.35658200,34.18303875,-1.75870123
-7.95289394,33.23682069,-0.02213105
-8.00480002,33.04151331,-0.54474801
6.84643150,33.90694277,-1.28398617
6.79245235,33.81365398,-1.69157468
-9.85181744,32.75224383,0.07537635
-9.85596741,32.54146304,-0.41621681
8.34343176,33.65894724,-1.18995710
8.27886986,33.55140070,-1.58769128
-11.79459364,32.25097520,0.02900848
-11.75859524,32.05276301,-0.42591868
9.84159776,33.46164485,-1.09482163
9.76985339,33.34659625,-1.49023928
-13.60969151,31.76054177,-0.05380710
-13.55649897,31.59161910,-0.47750213
11.31334313,33.24646785,-1.00538024
11.23744727,33.12836279,-1.40265482
-14.86293557,31.26481937,-0.11424635
-14.81215478,31.12292240,-0.51581885
12.40925966,32.90321257,-0.96657137
12.33013435,32.78355099,-1.35918236
-16.00133089,30.70405137,-0.14021988
-15.96064229,30.58377077,-0.52801478
13.48948417,32.49708403,-0.93122345
13.40645372,32.37366038,-1.31312529
-17.01973741,30.04751013,-0.12312774
-16.99229689,29.94005806,-0.50513782
14.55435606,32.04710846,-0.91518616
14.46762028,31.92127366,-1.28334003
-17.94721561,29.32361123,-0.04477581
-17.93076815,29.21875187,-0.42482814
15.60834647,31.57863656,-0.91546818
15.51791026,31.45249771,-1.27225244
-18.46779711,28.32671663,-0.01433608
-18.45463394,28.22223459,-0.37652620
16.13452343,30.65502658,-0.97364343
16.04122880,30.53277950,-1.32007616
-18.97159531,27.30748565,0.05450634
-18.96520656,27.20643465,-0.28778820
16.67228688,29.71336392,-1.00393651
16.58046789,29.59756713,-1.34157582
-19.44716579,26.26811742,0.14922547
-19.45182731,26.17384970,-0.17342977
17.21810854,28.76128650,-1.00591486
17.13348283,28.65379381,-1.33407837
-19.88508219,25.21260758,0.25226641
-19.90497107,25.12803684,-0.05093971
17.77025996,27.81099462,-0.98700397
17.69615583,27.71071143,-1.30227566
-20.28789796,23.85936185,0.43082006
-20.32991231,23.78523245,0.14315157
18.37315030,26.58799297,-0.87909906
18.31059723,26.49427042,-1.18644022
-20.66734644,22.53726264,0.58956894
-20.72529687,22.46227434,0.30725163
18.98870002,25.37724746,-0.78773787
18.94066254,25.29453944,-1.09036657
-21.07023261,21.30286733,0.74718519
-21.13876885,21.21326873,0.45384549
19.63047975,24.17552120,-0.72020563
19.59976227,24.10763266,-1.03160904
-21.51692907,20.18276254,0.92883605
-21.59329427,20.06893660,0.61033146
20.32871230,22.99318119,-0.65767963
20.31295856,22.93678474,-0.99423987
-21.33033050,19.15024737,1.04017083
-21.41730442,19.02745904,0.70801968
20.19602130,21.73948892,-0.48956884
20.19028459,21.69591208,-0.86075663
-21.12919935,18.14015036,1.19799086
-21.22548007,17.99996118,0.84098727
20.12258814,20.49947193,-0.26197323
20.11316002,20.45480064,-0.66997393
-20.92466409,17.17071320,1.41315203
-21.02781383,17.00171818,1.02185394
20.10763262,19.31062064,0.01155438
20.09447772,19.24669197,-0.42281983
-20.72890912,16.25515044,1.67684132
-20.83473219,16.04926961,1.25253746
20.12446569,18.21141910,0.29510616
20.11582913,18.10749007,-0.14215659
-20.11185268,15.70682053,1.81610610
-20.21141051,15.47647753,1.36646680
19.52260888,17.55368493,0.56696454
19.50387298,17.42613842,0.13198648
-19.51030292,15.16851098,1.97713796
-19.60486630,14.90989352,1.50163523
18.93689460,16.93485292,0.82014659
18.91200761,16.78199072,0.38278313
-18.91146613,14.62748828,2.15251727
-19.00666831,14.34339642,1.65602124
18.34175197,16.34862518,1.05781474
18.31627707,16.17041179,0.61407307
-18.29704889,14.07414582,2.33079327
-18.39902323,13.77127688,1.82045465
17.72309892,15.78554376,1.28496078
17.69814654,15.59174296,0.83377568
-17.26995315,13.38915533,2.52427318
-17.38181874,13.07792255,2.00370358
16.62739611,15.16785406,1.56771939
16.59700783,14.98846149,1.11214292
-1.47806062,11.88459041,2.05027837
0.33497072,11.97617954,1.68884777
-1.54113537,11.86114109,1.60541024
0.27971838,11.96207061,1.27715483
-16.19114151,12.73797382,2.71431006
-16.29549947,12.43945969,2.19316066
2.13677889,12.15033663,1.55551554
2.09183251,12.15855991,1.17563944
15.46173776,14.59266029,1.81691675
15.42559264,14.45414836,1.37178598
-3.37108895,11.85676537,2.44006745
-3.42153323,11.85631163,1.99084550
-15.10149613,12.15734216,2.88313125
-15.16870837,11.90022915,2.37299995
3.92615119,12.28152149,1.62783193
3.88637597,12.30183182,1.26310167
14.24516332,14.01447567,2.02918888
14.20395384,13.92610510,1.60138001
-5.58363219,11.85198719,2.86400993
-5.58013846,11.88717244,2.41582131
-14.01525349,11.66278973,3.01526958
-14.03330521,11.46777683,2.52212214
5.67953692,12.34404817,1.84686878
5.64202538,12.36536794,1.48122066
13.01610648,13.41899283,2.23669015
12.96789171,13.37461219,1.82413140
-8.00772835,11.73659895,3.17443294
-7.95744077,11.78695481,2.72215804
-12.74125504,11.51538090,3.08643963
-12.71839989,11.39511383,2.60354211
7.40826851,12.32764349,2.12370893
7.36898636,12.34336801,1.74954723
11.63332081,13.07214477,2.41897643
11.57920309,13.06113752,2.01440379
-9.79067614,11.68797255,3.19518843
-9.73182466,11.70247269,2.73310542
-11.35237094,11.56686951,3.14438966
-11.30325010,11.52087138,2.67118868
8.82851033,12.55171641,2.33537295
8.78305587,12.56291186,1.95005185
10.24139647,12.79096288,2.46554200
10.18896962,12.79623000,2.06885865
-1.99561859,34.46529202,-1.99192050
-0.55187357,34.63814445,-2.13499604
0.90776433,34.58717620,-2.25894704
-3.43219577,34.21558084,-1.81055604
2.37983266,34.48620922,-2.32744060
-4.89441810,33.88848304,-1.60496385
3.84240822,34.34114040,-2.32847373
-6.46585872,33.54515213,-1.40211919
5.31391437,34.22001797,-2.25979124
-8.11367999,32.91580679,-1.21540258
6.74551589,33.81165747,-2.18064189
-9.89928419,32.38118128,-1.07310206
8.22128765,33.52013627,-2.06815600
-11.74354966,31.90025391,-1.04055570
9.70580661,33.29807941,-1.96938901
-13.51909522,31.47411582,-1.03915907
11.17245808,33.07155590,-1.88710541
-14.77901239,31.03366140,-1.03518114
12.26456159,32.71985350,-1.84137303
-15.93972627,30.51403844,-1.01991163
13.33882483,32.30003412,-1.78703523
-16.98652082,29.87872232,-0.98712045
14.39512219,31.83582650,-1.74389896
-17.93967104,29.15627660,-0.90725962
15.43868470,31.35712702,-1.72079114
-18.45685422,28.14358900,-0.84131839
15.94956509,30.42822149,-1.75384136
-18.96808887,27.12058289,-0.72964458
16.48296910,29.49090312,-1.76519358
-19.46258898,26.08721578,-0.59164100
17.03679500,28.54797839,-1.74874770
-19.93038608,25.04620189,-0.44580482
17.60831332,27.60830308,-1.70393161
-20.37973488,23.71217713,-0.23284226
18.23583260,26.39554573,-1.57703285
-20.79788307,22.39120971,-0.05531858
18.88175188,25.20414922,-1.46707027
-21.22669094,21.12779163,0.08437162
19.56024059,24.03174381,-1.40677761
-21.69283673,19.95464028,0.21302801
20.29275989,22.87591265,-1.38952261
-21.52835546,18.90318058,0.29866609
20.18643357,21.65375892,-1.29187427
-21.34762652,17.85729898,0.40528151
20.11102107,20.41746783,-1.15114081
-21.15941260,16.82846669,0.54656197
20.08420495,19.19702517,-0.95498309
-20.97390963,15.83070104,0.73012792
20.10438683,18.02121210,-0.70456122
-20.34470293,15.23326371,0.81363809
19.47857485,17.31645049,-0.42972317
-19.73264961,14.63409792,0.91496313
18.87781756,16.64672862,-0.17678155
-19.13489068,14.02965218,1.03634616
18.27836666,16.00702407,0.04967990
-18.53556579,13.42117759,1.17318734
17.66255254,15.39881888,0.25959196
-17.53323452,12.70036425,1.32967384
16.56160302,14.78953627,0.52536553
-1.63382495,11.81643683,1.04093051
0.20403459,11.94859082,0.76277440
-16.44567764,12.05691711,1.50094847
2.03070907,12.17954570,0.70208764
15.38744522,14.28913443,0.79189334
-3.51168301,11.81713478,1.40273404
-15.28089239,11.55009121,1.67772445
3.83138922,12.34269488,0.81057589
14.16036197,13.82061115,1.04366217
-5.60543019,11.87489272,1.81300314
-14.08104784,11.18149422,1.83930465
5.58968224,12.41351130,1.02816292
12.91709860,13.32562206,1.28654342
-7.89741281,11.77784008,2.10606480
-12.69797212,11.19470718,1.93976200
7.31566590,12.38528017,1.27631100
11.52026319,13.05639424,1.48526586
-9.64973397,11.64805210,2.10834559
-11.23631708,11.40015379,2.02917807
8.72537059,12.59513798,1.45368264
10.12798196,12.81553832,1.55061475
-2.20299934,34.74050945,-2.66972511
-0.71620542,34.92093273,-2.78830097
0.78649585,34.85591448,-2.89634136
-3.67214710,34.46766428,-2.51321312
2.29626748,34.74326491,-2.95301147
-5.14987292,34.09740745,-2.33110887
3.79101934,34.58378479,-2.94046690
-6.71393477,33.70447850,-2.15536077
5.28678496,34.44500026,-2.85904063
-8.31054537,32.98837562,-2.01638391
6.72112483,33.98665163,-2.77232192
-10.01978348,32.39608461,-1.89976137
8.18936076,33.64647713,-2.65398385
-11.79105004,31.90459681,-1.83893690
9.66831235,33.38534095,-2.55450729
-13.53843286,31.50266285,-1.77264326
11.13657043,33.13341082,-2.47880525
-14.80673285,31.08347187,-1.70744085
12.23049059,32.76211688,-2.43279939
-15.98815849,30.57940929,-1.64591420
13.30730528,32.32505585,-2.37401150
-17.05622925,29.94515289,-1.59176152
14.36412470,31.84415365,-2.32145895
-18.02535240,29.21034597,-1.51330948
15.40450997,31.34975037,-2.28869535
-18.51157892,28.14874704,-1.43504880
15.88944295,30.38913364,-2.29908713
-19.00505527,27.09335672,-1.30170092
16.40142765,29.42931792,-2.29417184
-19.49505439,26.04152524,-1.13505468
16.94377658,28.47369012,-2.26745244
-19.97059342,24.99242561,-0.96168569
17.51419364,27.52601981,-2.21251766
-20.44103742,23.65891285,-0.72796015
18.14978788,26.30806784,-2.07591074
-20.88703384,22.34000130,-0.52945778
18.81279332,25.11932290,-1.94067749
-21.33786826,21.06518650,-0.38446071
19.51063576,23.95765166,-1.86051659
-21.82133811,19.86208988,-0.27895126
20.26356040,22.81697087,-1.84680459
-21.66755431,18.79856507,-0.19975789
20.17870277,21.62054961,-1.77772862
-21.49828565,17.73403659,-0.11799049
20.11291151,20.39651776,-1.68584125
-21.32097461,16.67582665,-0.01911123
20.08204058,19.17099233,-1.56014871
-21.14566360,15.63265818,0.10764836
20.09291448,17.97077954,-1.38167528
-20.51029271,15.01706239,0.15710496
19.44394524,17.25466900,-1.13535341
-19.88984366,14.39367932,0.21893319
18.82696785,16.56707305,-0.88827469
-19.28720255,13.75851676,0.29921651
18.21894756,15.90705306,-0.66106712
-18.69292444,13.10977208,0.39284760
17.60073219,15.27551125,-0.45757009
-17.70477137,12.34953624,0.49958973
16.50023642,14.65072934,-0.20685965
-1.75591126,11.77813683,0.34455150
0.10607757,11.96480974,0.12629058
-16.62342147,11.67680679,0.62506696
1.94926072,12.23381860,0.10832091
15.33194597,14.15360895,0.05345773
-3.64233455,11.74165807,0.66770406
-15.42209911,11.17659353,0.77047370
3.75686344,12.41716193,0.24314951
14.10545676,13.72862970,0.32309250
-5.66699002,11.78498545,1.05126892
-14.14654790,10.84993559,0.92765857
5.51782208,12.50051945,0.46447757
12.85552600,13.29625259,0.59367456
-7.84015439,11.66986138,1.31664109
-12.67372859,10.93444059,1.05981373
7.24234963,12.47677981,0.68902335
11.44740875,13.08701495,0.81084645
-9.55165255,11.49788556,1.30466595
-11.15194778,11.19872150,1.19341567
8.64792972,12.67861587,0.83329343
10.04946050,12.88091966,0.89677260
-2.43715796,35.26370985,-3.50434911
-0.89634297,35.43843870,-3.59576909
0.65849734,35.34052606,-3.68880599
-3.95361817,34.98783609,-3.37336786
2.21295376,35.20324886,-3.74197206
-5.46993517,34.61064483,-3.20586871
3.74920947,35.02932810,-3.72092056
-7.05609452,34.21080041,-3.04207500
5.28299955,34.88837815,-3.63129565
-8.61952806,33.42223995,-2.92228714
6.73504631,34.39846363,-3.53250262
-10.25825499,32.75414751,-2.82791124
8.20963998,34.01924222,-3.41011106
-11.94681902,32.20473098,-2.76035449
9.69040458,33.70473717,-3.30996834
-13.64706896,31.77119215,-2.65906041
11.16019681,33.39461572,-3.23657511
-14.91598542,31.33614288,-2.55172637
12.24983908,32.96897396,-3.18400393
-16.12844994,30.83549602,-2.44948719
13.32665493,32.49129531,-3.12005609
-17.24305864,30.20878146,-2.36879445
14.38856675,31.98314995,-3.06063071
-18.25989629,29.47550209,-2.28400700
15.43509338,31.47024139,-3.02112221
-18.69837359,28.33713816,-2.19316024
15.89524215,30.47046525,-2.99686215
-19.14062753,27.21027682,-2.04578915
16.37935997,29.47469967,-2.96477623
-19.59631269,26.10709703,-1.85145631
16.89224836,28.48522327,-2.91887689
-20.05776800,25.02422512,-1.63993102
17.44082263,27.50950515,-2.85202597
-20.53027376,23.66851283,-1.38289661
18.06311878,26.26758525,-2.71596385
-21.00009767,22.34153313,-1.16129997
18.73598741,25.06688603,-2.55254297
-21.47870251,21.05600543,-0.99672278
19.45222721,23.90710907,-2.42704954
-21.98603547,19.82724484,-0.89483951
20.22277062,22.77750301,-2.38585691
-21.83608028,18.75117507,-0.80235150
20.15722909,21.60930929,-2.32088890
-21.67629316,17.66733320,-0.73333520
20.10496626,20.40704824,-2.25915395
-21.50873493,16.58234015,-0.67346647
20.07780234,19.18683931,-2.19213557
-21.34250506,15.50157478,-0.60802115
20.08332454,17.97149529,-2.10549880
-20.69663946,14.88411526,-0.58617516
19.40761600,17.26009153,-1.92436394
-20.06149898,14.25582181,-0.56168360
18.76120400,16.57376929,-1.72583123
-19.44263579,13.61561703,-0.52501531
18.13145729,15.91064072,-1.52502475
-18.83591541,12.96077398,-0.47824113
17.50122355,15.27356119,-1.33404511
-17.83382405,12.21397963,-0.42285362
16.39188175,14.65252640,-1.09242905
-1.88758285,11.83854058,-0.46959062
-0.00721282,12.07119461,-0.63336954
-16.74967154,11.53840604,-0.36141699
1.84598698,12.35644796,-0.62582878
15.22722890,14.14779599,-0.84932049
-3.78723055,11.72494861,-0.20701881
-15.52650299,11.02446740,-0.28312745
3.65890049,12.54458928,-0.47301009
14.00951745,13.72436122,-0.58876004
-5.75252565,11.68168225,0.12981247
-14.19068550,10.68202842,-0.16753471
5.42280353,12.63286862,-0.24971831
12.76352779,13.32193071,-0.30680383
-7.79925315,11.50197262,0.36159904
-12.63473129,10.76286116,-0.00551699
7.14523363,12.61922421,-0.05191767
11.34842421,13.16476639,-0.06408114
-9.45468870,11.30966275,0.33193176
-11.05831664,11.00987528,0.18136958
8.54565304,12.81615271,0.04736027
9.94551635,12.99835843,0.06041933
-2.70842943,36.01687822,-4.65275413
-1.10056980,36.18799860,-4.69921978
0.52178359,36.04810482,-4.76830026
-4.27818678,35.72906347,-4.57653411
2.13338576,35.87014145,-4.83312337
-5.83648098,35.34453492,-4.45363734
3.72377580,35.66808736,-4.82491228
-7.45589156,34.95920564,-4.30807132
5.31068239,35.51850161,-4.74846348
-9.00220144,34.13586796,-4.14866215
6.79564043,34.99967841,-4.63165651
-10.60018743,33.42883541,-4.00416043
8.29300108,34.59398309,-4.50615528
-12.22937432,32.82394433,-3.88491468
9.78995415,34.23647183,-4.40755229
-13.87084267,32.30768164,-3.75160084
11.26478492,33.86031433,-4.33192963
-15.10885709,31.78949885,-3.62812735
12.34099102,33.35905879,-4.25198311
-16.32820254,31.23779324,-3.51672690
13.40175038,32.81158809,-4.16313666
-17.49240871,30.60125175,-3.43089584
14.45244423,32.24412708,-4.08187882
-18.59732214,29.89548782,-3.34668227
15.49629058,31.68728726,-4.02294071
-19.04002821,28.73585965,-3.22345355
15.94713210,30.65782762,-3.92942164
-19.45801734,27.56145318,-3.04598737
16.42270320,29.64231532,-3.84470073
-19.86359342,26.39069720,-2.82032057
16.92015849,28.63145472,-3.76016617
-20.27687023,25.24501450,-2.56256547
17.44291747,27.62519912,-3.66672613
-20.70737361,23.83681973,-2.25971005
18.02054926,26.34202394,-3.53233873
-21.17056499,22.47251042,-2.00383958
18.67090524,25.10472679,-3.36312763
-21.66822343,21.16155691,-1.81372364
19.39083442,23.92514629,-3.18704339
-22.20228921,19.90667536,-1.69462718
20.17202362,22.79407576,-3.07401057
-22.03463510,18.81378606,-1.55794637
20.11517907,21.64752461,-2.96332631
-21.87154545,17.71351161,-1.46138732
20.07020064,20.47158762,-2.88676292
-21.70816782,16.60532018,-1.40834472
20.04579271,19.26980702,-2.83807113
-21.54712882,15.49438701,-1.38722857
20.04907488,18.05509569,-2.80643200
-20.88297260,14.89197190,-1.37622447
19.36205081,17.35221003,-2.68387811
-20.22425856,14.28165943,-1.37568500
18.69149627,16.67579003,-2.55277151
-19.57576368,13.66708763,-1.37107495
18.03119074,16.02615253,-2.41634608
-18.93612539,13.04776500,-1.35986462
17.37389084,15.40191883,-2.27875607
-17.88247367,12.38822270,-1.32887297
16.24338675,14.79408680,-2.07342852
-2.00504754,12.04818483,-1.34325918
-0.12899310,12.27860977,-1.48786177
-16.75885238,11.79963886,-1.29544892
1.71987552,12.54868043,-1.48629988
15.07458775,14.28100965,-1.86405474
-3.89842983,11.88541481,-1.13478046
-15.51287658,11.33530175,-1.25431866
3.53132772,12.73244050,-1.33018775
13.86011342,13.84348769,-1.63877538
-5.82038322,11.75057893,-0.87125254
-14.15837724,10.97337369,-1.18478010
5.29761551,12.81745652,-1.11923513
12.61777299,13.43711001,-1.39301926
-7.77446475,11.49233128,-0.69108490
-12.57400885,10.96407397,-1.03233252
7.01981222,12.80032382,-0.96836290
11.20580018,13.28753878,-1.15683517
-9.37977797,11.31471301,-0.71336910
-10.97547545,11.08952156,-0.85261039
8.41384040,12.98191504,-0.93356640
9.80707909,13.14147128,-0.99273656
-2.89686099,36.42611474,-5.70092391
-1.24391421,36.58883531,-5.73281330
0.42693635,36.44689791,-5.77191610
-4.50210740,36.15196574,-5.64153953
2.08208148,36.26206865,-5.83735765
-6.08803725,35.79238365,-5.53180297
3.71380921,36.05574471,-5.83799813
-7.72580928,35.43976630,-5.38859525
5.34005868,35.90760889,-5.77786073
-9.26215104,34.62838328,-5.17702256
6.85447832,35.39644003,-5.63025480
-10.83906003,33.90775866,-4.98564716
8.37225868,34.98192039,-5.49171388
-12.43580260,33.26488818,-4.81985969
9.88032204,34.59456085,-5.38339749
-14.03084080,32.67098602,-4.66148862
11.35264613,34.16905308,-5.29845174
-15.23618800,32.08129700,-4.52153774
12.41263344,33.61698240,-5.18961983
-16.44447457,31.48074479,-4.39999974
13.45304882,33.02421618,-5.07168217
-17.62632843,30.82764138,-4.30351627
14.48592979,32.41659273,-4.95970726
-18.77600373,30.13179565,-4.21736772
15.51751689,31.82118338,-4.87122470
-19.24907908,28.99621415,-4.06971194
15.96858073,30.78143863,-4.70196003
-19.69755259,27.84175569,-3.87478357
16.44718869,29.76268449,-4.55428145
-20.11860757,26.67637764,-3.61926337
16.95150075,28.75780360,-4.42186306
-20.52014502,25.51067138,-3.32135169
17.47900913,27.75745851,-4.29495227
-20.91349176,24.07312356,-2.97780699
18.04341757,26.47207641,-4.14996654
-21.34710926,22.67791898,-2.67253522
18.66533817,25.21092683,-3.98206856
-21.83314641,21.33598565,-2.44675634
19.36484662,24.00512666,-3.79889638
-22.37428915,20.05553244,-2.30753931
20.14025896,22.86022225,-3.64174873
-22.17545970,18.94029835,-2.14001574
20.07828952,21.71509391,-3.46612851
-21.99610614,17.82688311,-2.00728040
20.03147106,20.55342743,-3.34021792
-21.82576319,16.70773286,-1.92416573
20.00324694,19.36767109,-3.26673325
-21.66193949,15.58274052,-1.89572221
20.00116880,18.16304689,-3.23507709
-20.98223155,14.99390169,-1.87116239
19.31099375,17.46902469,-3.12965398
-20.30622229,14.40135429,-1.86808783
18.63284977,16.79897902,-3.02269673
-19.63588447,13.81139297,-1.87080442
17.96102727,16.15615483,-2.91674590
-18.96961045,13.22598504,-1.87225981
17.28954089,15.54107811,-2.81403740
-17.87269849,12.64080145,-1.84517051
16.14240587,14.94514180,-2.64725823
-2.07379806,12.23411772,-1.90290391
-0.21026033,12.44583322,-2.04778677
-16.71364857,12.13213988,-1.80952941
1.62859605,12.69406670,-2.06394696
14.96598203,14.42674839,-2.47619566
-3.95263130,12.06184014,-1.71179668
-15.45298646,11.72476281,-1.76445632
3.43442720,12.87006108,-1.91804481
13.75084323,13.97208751,-2.28942464
-5.85054570,11.90071551,-1.47378610
-14.10162904,11.37194253,-1.69749451
5.20026391,12.95366728,-1.71727307
12.50921055,13.55281596,-2.08236722
-7.76757860,11.63213077,-1.30642162
-12.52711337,11.30690101,-1.55361653
6.92323846,12.93418868,-1.59296930
11.09846549,13.39691852,-1.86343098
-9.35136068,11.49162988,-1.30177601
-10.93612905,11.34042521,-1.40346572
8.31403321,13.10503341,-1.59195969
9.70285411,13.25376157,-1.68730390
-3.01826443,36.47404836,-6.77939834
-1.33873139,36.63023469,-6.81600083
0.36193043,36.51792720,-6.81384582
-4.64593265,36.22812804,-6.70737479
2.04665842,36.36133132,-6.85324940
-6.24837821,35.91454508,-6.57794348
3.70645218,36.18258852,-6.83408386
-7.89032073,35.60420203,-6.41341457
5.35657670,36.05450908,-6.76348515
-9.41851117,34.84645315,-6.11247955
6.88928734,35.57563015,-6.55185706
-10.98072223,34.14447360,-5.85096117
8.41837674,35.16935687,-6.36938904
-12.55321401,33.48964128,-5.62720525
9.93131978,34.77380335,-6.22606905
-14.11024884,32.84702127,-5.43091323
11.40068351,34.32873892,-6.11454058
-15.29141574,32.21818879,-5.26157935
12.45219888,33.75780881,-5.97356752
-16.48863193,31.58993069,-5.12346285
13.47692526,33.14022981,-5.83043792
-17.67884110,30.93229014,-5.01205319
14.49214648,32.50494855,-5.69284173
-18.85332892,30.24857480,-4.91602601
15.51038453,31.88233545,-5.57560111
-19.35420442,29.14659012,-4.73769139
15.96553080,30.84450154,-5.33844332
-19.83072475,28.01513458,-4.53039853
16.44944195,29.82928318,-5.13341638
-20.28312682,26.87133652,-4.26892966
16.96048986,28.83167270,-4.95353662
-20.70849817,25.72158317,-3.94697474
17.49731837,27.84443473,-4.79012370
-21.09985841,24.28786055,-3.57261311
18.06940936,26.58124168,-4.62816324
-21.51394134,22.88127757,-3.22181654
18.68410140,25.32213200,-4.45495223
-21.98069010,21.52012680,-2.94992734
19.36466122,24.10099523,-4.27233331
-22.51218503,20.21757126,-2.77857675
20.12504588,22.94075954,-4.10382337
-22.27946281,19.07906409,-2.58930898
20.05006215,21.78833523,-3.88407456
-22.08013694,17.95182065,-2.43061370
19.99764147,20.63199676,-3.70330969
-21.89841020,16.82399196,-2.31876206
19.96430105,19.45766190,-3.58870355
-21.72815680,15.69159093,-2.26519190
19.95531235,18.26338379,-3.53580790
-21.03478966,15.11314054,-2.21857069
19.26253598,17.57760648,-3.43189346
-20.34608341,14.53337129,-2.20135071
18.58040068,16.91285149,-3.33235552
-19.66150030,13.95985131,-2.19826950
17.90347582,16.27354576,-3.23717358
-18.97799640,13.39715261,-2.20024564
17.22566479,15.66223752,-3.14867554
-17.85259541,12.86067590,-2.17389028
16.07096271,15.07157744,-3.00555067
-2.11971177,12.38042803,-2.28620268
-0.26798398,12.57542487,-2.42804062
-16.66871488,12.40604725,-2.13885016
1.56142805,12.80604285,-2.45935632
14.88926515,14.55128576,-2.86237167
-3.98586839,12.20855642,-2.10728792
-15.39794588,12.03995910,-2.09091950
3.36148314,12.97354356,-2.33101704
13.67174489,14.08603562,-2.70790208
-5.86919981,12.04143185,-1.87946616
-14.05191200,11.70092703,-2.02036855
5.12567301,13.05435547,-2.14333703
12.42949968,13.65543955,-2.53417378
-7.76766929,11.78272560,-1.70684600
-12.49149178,11.60764576,-1.88044212
6.84937623,13.03389117,-2.03258583
11.01961478,13.49099171,-2.33474059
-9.33927162,11.67953521,-1.67738407
-10.91335353,11.58395807,-1.74980811
8.23874471,13.20031818,-2.04717758
9.62544555,13.34567571,-2.15777345
-3.10135327,36.35448252,-7.84693316
-1.40018301,36.50405528,-7.88956471
0.32244002,36.42155390,-7.83888355
-4.75160381,36.14050878,-7.75773436
2.02812806,36.30287104,-7.82853159
-6.36973351,35.87383265,-7.59849764
3.70577172,36.16507933,-7.76221669
-8.00893850,35.59895575,-7.39711432
5.36714384,36.06677451,-7.65749307
-9.51881433,34.88654208,-6.99028470
6.90472381,35.61876861,-7.37675265
-11.06168279,34.20736311,-6.64657467
8.43474337,35.22545508,-7.13748527
-12.60793188,33.54905494,-6.35387174
9.94588883,34.83235031,-6.94255878
-14.13038888,32.87791890,-6.10415547
11.41105937,34.38085470,-6.79482151
-15.29381243,32.23809019,-5.88648495
12.46030442,33.80700407,-6.62216695
-16.48532515,31.60904299,-5.71494741
13.47906154,33.18550001,-6.45309460
-17.68307742,30.96267071,-5.57988803
14.48462630,32.54158151,-6.28984840
-18.87398409,30.29616236,-5.47060811
15.49274574,31.90331089,-6.14695222
-19.40024118,29.23069745,-5.26159962
15.95133717,30.87090899,-5.85376987
-19.90038057,28.12483445,-5.03825146
16.44055131,29.86228714,-5.59945179
-20.37662858,26.99793369,-4.77341656
16.95740624,28.87189205,-5.37860235
-20.82916702,25.86548199,-4.44732447
17.50144172,27.89512600,-5.18226814
-21.24002449,24.45252038,-4.05795521
18.08225746,26.65386269,-5.00219320
-21.65167678,23.04885347,-3.67412762
18.70156623,25.41070909,-4.82045979
-22.10525721,21.68111630,-3.35916507
19.37431871,24.18808317,-4.63529682
-22.62322145,20.36417703,-3.15130300
20.12052347,23.01742258,-4.46472005
-22.35786565,19.20795420,-2.93660852
20.03029450,21.85626991,-4.22459697
-22.13901206,18.06764873,-2.75871860
19.97019902,20.70048544,-4.00309710
-21.94538369,16.93223701,-2.62462273
19.93175610,19.53350681,-3.84476119
-21.76779366,15.79441151,-2.54859338
19.91663110,18.34781035,-3.76303517
-21.06297175,15.22361516,-2.48183693
19.22150667,17.66884752,-3.65374499
-20.36482870,14.65317176,-2.44776667
18.53641645,17.00855179,-3.55500101
-19.67057102,14.09086402,-2.43417475
17.85625235,16.37214038,-3.46329959
-18.97596737,13.54213186,-2.43143068
17.17523843,15.76246020,-3.38025721
-17.83277937,13.03578244,-2.40486116
16.01714984,15.17284378,-3.25073068
-2.15235452,12.49201757,-2.56227408
-0.31022492,12.67464385,-2.69726481
-16.63275150,12.61526124,-2.37290567
1.51148216,12.89225910,-2.73909982
14.83289755,14.65012844,-3.12647543
-4.00850508,12.32345282,-2.39706244
-15.35491910,12.27624561,-2.32752524
3.30662033,13.05261418,-2.62929270
13.61348015,14.17886758,-2.99553729
-5.88217655,12.15728381,-2.17779120
-14.01259135,11.94925536,-2.25619904
5.06897845,13.12995504,-2.45721706
12.37036637,13.74086909,-2.84760143
-7.76981697,11.91255248,-1.99813473
-12.46421091,11.84245357,-2.12039719
6.79303071,13.10887991,-2.35653514
10.96061417,13.56880471,-2.66829476
-9.33328308,11.83960615,-1.95064992
-10.89804817,11.78371245,-2.00275416
8.18169406,13.27350569,-2.38005786
9.56727668,13.41932183,-2.49676186
-3.16248505,36.19400067,-8.78601876
-1.44175642,36.33722901,-8.83115923
0.29923504,36.27792675,-8.74689889
-4.83655547,36.01024356,-8.68947659
2.02219828,36.19418051,-8.68959178
-6.47431871,35.78871561,-8.51311439
3.71307565,36.09987352,-8.57043471
-8.11461307,35.54891372,-8.28188103
5.37982943,36.03620299,-8.42124502
-9.60141256,34.86325703,-7.78283937
6.91290270,35.60911666,-8.07491080
-11.11706145,34.19314246,-7.35274083
8.43503478,35.21866592,-7.78357693
-12.63485815,33.53067783,-6.99095963
9.93838545,34.82643777,-7.53993827
-14.12564742,32.84197215,-6.68458353
11.39842996,34.37634002,-7.35286603
-15.27264219,32.19984504,-6.41453559
12.44963114,33.80859431,-7.14930997
-16.45836895,31.57758970,-6.20467931
13.46684645,33.18843172,-6.95846731
-17.66242631,30.94977533,-6.04183407
14.46781294,32.54338584,-6.77253786
-18.86626623,30.30522302,-5.91279561
15.47093120,31.90085899,-6.60467379
-19.41425127,29.27504189,-5.67090756
15.93419276,30.87828318,-6.26546709
-19.93409142,28.19422527,-5.43150798
16.42770881,29.87642327,-5.97036707
-20.42922042,27.08369596,-5.16072293
16.94973845,28.89322118,-5.71513894
-20.90164587,25.96250676,-4.83475980
17.49881106,27.92407348,-5.49110638
-21.33550237,24.57021424,-4.44569569
18.08602241,26.69999202,-5.29443122
-21.75532565,23.17712350,-4.03967370
18.71155049,25.47346958,-5.10402753
-22.20343060,21.80896208,-3.69210993
19.38360334,24.25738776,-4.91499625
-22.71069098,20.48533417,-3.44982294
20.12130844,23.08238110,-4.74211168
-22.41830421,19.31756491,-3.20955174
20.01720915,21.91411207,-4.49343811
-22.18129827,18.16741239,-3.01266921
19.94898171,20.75704949,-4.24738765
-21.97690307,17.02507682,-2.86174103
19.90579105,19.59468080,-4.05260263
-21.79228448,15.88323483,-2.76771992
19.88559266,18.41585765,-3.94062559
-21.07818204,15.31773089,-2.68695256
19.18862033,17.74224114,-3.82329201
-20.37283384,14.75424919,-2.63847533
18.50110185,17.08583345,-3.72186979
-19.67188298,14.19995678,-2.61348592
17.81850080,16.45173679,-3.63081888
-18.96991030,13.66039126,-2.60435368
17.13550467,15.84295675,-3.54993765
-17.81538010,13.17291081,-2.57698973
15.97572412,15.25312696,-3.42870661
-2.17626265,12.57626803,-2.76786257
-0.34160321,12.74978495,-2.89474743
-16.60504354,12.77293854,-2.54923266
1.47391151,12.95813854,-2.94335654
14.79023903,14.72749777,-3.31717011
-4.02472164,12.41143353,-2.61665884
-15.32242297,12.45072100,-2.50902441
3.26531842,13.11291840,-2.84942866
13.56983429,14.25153935,-3.20361901
-5.89176312,12.24814557,-2.40700700
-13.98256914,12.13231180,-2.43994186
5.02604032,13.18732625,-2.69300519
12.32616936,13.80868676,-3.07491453
-7.77235654,12.01660294,-2.22241377
-12.44337981,12.01897365,-2.30952559
6.75005670,13.16561179,-2.60196142
10.91620762,13.63071382,-2.91382513
-9.32996672,11.96705101,-2.16275343
-10.88704283,11.93908503,-2.20079643
8.13831003,13.32962635,-2.63153638
9.52322041,13.47695777,-2.75004770
-1.61482956,34.64647470,-0.28400886
-0.21320841,34.77182059,-0.49962767
1.18244288,34.69918939,-0.71058624
-3.04752985,34.45669840,-0.07428686
2.59001013,34.58873987,-0.87314122
-4.53992442,34.20703880,0.10191627
4.00282808,34.46041664,-0.96892157
-6.17121781,33.94658386,0.24093647
5.45014058,34.37499755,-0.98503885
-7.93250201,33.42595272,0.38097011
6.89895481,34.03700517,-0.94900720
-9.86035999,32.94377984,0.44799461
8.40549284,33.79529571,-0.86447418
-11.82654599,32.43287002,0.37302133
9.91051962,33.60027707,-0.77306642
-13.65370560,31.92383038,0.27158253
11.38806241,33.38532508,-0.68376834
-14.90663141,31.40778445,0.19876470
12.48718135,33.03885072,-0.65112406
-16.03875568,30.82948871,0.16473394
13.56975183,32.62983746,-0.62631754
-17.04821585,30.16135334,0.17753764
14.63662288,32.17647683,-0.62222180
-17.96831060,29.43385569,0.25186479
15.69287398,31.70509388,-0.63262974
-18.48328537,28.43062836,0.26699289
16.21779939,30.77212633,-0.69936407
-18.97942050,27.40449584,0.31964158
16.75023415,29.82011148,-0.73764632
-19.44386493,26.35571873,0.39840120
17.28769195,28.85828231,-0.74846571
-19.86805271,25.28939399,0.48557681
17.83129600,27.90044704,-0.74042597
-20.25363274,23.92758767,0.65303936
18.42416169,26.66990702,-0.63703822
-20.62163189,22.60812755,0.81051926
19.02669981,25.44780958,-0.54467391
-21.01766041,21.38636495,0.97951379
19.65496503,24.23342934,-0.46499322
-21.45875265,20.28566380,1.18236977
20.34234107,23.04197365,-0.37692757
-21.26300077,19.26095284,1.30673325
20.20532071,21.78070486,-0.18230192
-21.05458764,18.26677700,1.48680603
20.13487493,20.54619034,0.06842152
-20.84640638,17.32045072,1.72808821
20.12023919,19.37875851,0.35150307
-20.65138243,16.43271591,2.01398538
20.13173594,18.31452799,0.63093728
-20.04099612,15.90346424,2.17271356
19.53809619,17.67700129,0.90339327
-19.44381778,15.38346126,2.35162040
18.95608577,17.07883636,1.15979077
-18.84426831,14.85615720,2.53936602
18.36183886,16.50699437,1.40236995
-18.22502035,14.30932244,2.72286388
17.74558206,15.94489323,1.63235713
0.37387685,11.98383321,2.01331570
-1.43900301,11.89049871,2.38730041
-17.19316471,13.62098999,2.91721900
2.16951379,12.14700715,1.85934242
16.65709251,15.30633789,1.91500005
-3.34966530,11.83761466,2.76975539
-16.12864195,12.94924908,3.09921941
3.95489649,12.27221024,1.91974583
15.49709530,14.69492778,2.15459182
-5.60159561,11.80085217,3.18844523
-15.07153776,12.33008286,3.25282192
5.70644454,12.33430958,2.13483924
14.28586432,14.07862809,2.35362993
-8.04551385,11.66936343,3.50209192
-14.01724603,11.78773118,3.37152612
7.43835867,12.31975354,2.41141008
13.06402045,13.44898994,2.54760502
-9.83062742,11.64688666,3.53440566
-12.76445942,11.58409646,3.43953676
8.86574790,12.54527094,2.62735431
11.68418146,13.07804762,2.72178490
-11.38784563,11.57521646,3.49300578
10.28732054,12.78652903,2.76297299
-3.20535521,36.03883625,-9.53823239
-1.47009833,36.17697664,-9.58645364
0.28466537,36.13224839,-9.48679059
-4.89828958,35.87741979,-9.43973739
2.02108358,36.07456761,-9.39859861
-6.55293507,35.69099020,-9.25632711
3.72187315,36.01748552,-9.23663252
-8.19687176,35.48333256,-9.00425297
5.39139584,35.98710872,-9.04633859
-9.67343763,34.82851264,-8.45141851
6.91947318,35.58455608,-8.64490330
-11.16490245,34.16266414,-7.95394868
8.43029080,35.19430323,-8.30829737
-12.65395536,33.49126906,-7.52691227
9.92219664,34.79688130,-8.02391499
-14.11582313,32.78877328,-7.16751415
11.37538269,34.34740935,-7.80135688
-15.24631168,32.14422186,-6.85069275
12.42901402,33.78834155,-7.57009147
-16.42584509,31.52985469,-6.60501593
13.44835409,33.17375576,-7.36068424
-17.63385144,30.91967645,-6.41550335
14.44775261,32.52992693,-7.15658695
-18.84715272,30.29579697,-6.26702522
15.44782251,31.88609936,-6.96751711
-19.41220826,29.29641990,-5.99142595
15.91723133,30.87580057,-6.59110781
-19.94810660,28.23773721,-5.73544891
16.41436821,29.88059351,-6.26321432
-20.45830216,27.14247045,-5.45825929
16.94065883,28.90390766,-5.97976559
-20.94550416,26.03069549,-5.13162278
17.49381035,27.94102706,-5.73271969
-21.39717175,24.65281210,-4.74806724
18.08514973,26.72909805,-5.52209520
-21.82960215,23.27236913,-4.33036407
18.71558237,25.51643326,-5.32384183
-22.27753336,21.90707601,-3.95924845
19.38973677,24.30938557,-5.13057721
-22.77793836,20.58061816,-3.68873424
20.12282840,23.13414398,-4.95518780
-22.46524332,19.40652947,-3.42539127
20.00880510,21.96168457,-4.70200803
-22.21238580,18.24942691,-3.20967699
19.93307182,20.80269818,-4.44202402
-21.99866401,17.10177773,-3.04534286
19.88520042,19.64312462,-4.22069876
-21.80786212,15.95657677,-2.93708426
19.86113546,18.46942591,-4.08126600
-21.08655567,15.39469618,-2.84663011
19.16265505,17.80002965,-3.95499386
-20.37558704,14.83623198,-2.78787052
18.47335484,17.14671556,-3.84970490
-19.66982697,14.28769758,-2.75327260
17.78887586,16.51433094,-3.75773045
-18.96280202,13.75473269,-2.73721705
17.10424990,15.90660498,-3.67750541
-0.36513677,12.80661454,-3.04278252
-2.19422167,12.63956944,-2.92424908
-17.80084968,13.27948948,-2.70889970
1.44576116,13.00816275,-3.09567026
15.94366859,15.31578507,-3.56211456
-4.03695407,12.47786811,-2.78611535
-16.58376409,12.89229702,-2.68523845
3.23413751,13.15830971,-3.01462912
14.75758850,14.78756836,-3.45934397
-5.89909637,12.31795218,-2.58628310
-15.29807283,12.57983064,-2.65109657
4.99348588,13.23045066,-2.87197970
13.53665960,14.30772254,-3.35842859
-7.77483861,12.09722921,-2.39951501
-13.95978711,12.26701058,-2.58576080
6.71739609,13.20814384,-2.78972175
12.29280566,13.86133484,-3.24415372
-9.32798967,12.06526646,-2.33186283
-12.42750077,12.15029506,-2.46181720
8.10537997,13.37220156,-2.82409832
10.88273091,13.67883127,-3.09833010
-10.87887508,12.05705045,-2.36014867
9.48988930,13.52124193,-2.94236993
