0.40793884,14.17741527,0.52194810
-0.73188142,14.34686997,0.56550153
0.40043882,14.08703813,0.66063485
-0.74158797,14.25771281,0.70372785
-1.87938519,14.43981640,0.61480241
-1.89096939,14.35361514,0.75413866
-3.03374474,14.45491430,0.66600424
-3.04681558,14.37311716,0.80772094
-4.19080539,14.40723294,0.72017201
-4.20528850,14.32930749,0.86503413
-6.06026464,34.39327834,2.91488520
-4.68518363,34.54710144,2.92019427
-6.05761178,34.33035785,3.06481340
-4.68357625,34.48561918,3.06676998
-3.31314795,34.64911659,2.93892979
-3.31256908,34.58965814,3.08258200
-1.94348251,34.71335319,2.97068372
-1.94367576,34.65629777,3.11191859
-0.57500160,34.75841496,3.01092820
-0.57584213,34.70343588,3.15044963
-5.16350128,14.47780951,0.77131065
-5.17994495,14.40136560,0.91903104
-6.12771672,14.51644630,0.82037187
-6.14622821,14.44184210,0.97195764
-7.08152743,14.53151037,0.86832525
-7.10225178,14.45851683,1.02446640
-8.03314128,14.51445626,0.91604984
-8.05662642,14.44272775,1.07782892
-10.77143220,31.93964281,2.62008311
-9.62945438,32.59118744,2.68226174
-10.77735631,31.88738968,2.78770690
-9.63144308,32.53483637,2.84493233
-8.46450840,33.22267145,2.76227754
-8.46396399,33.16271216,2.92031752
-7.27543857,33.82802006,2.84268125
-7.27324118,33.76585076,2.99613571
-8.84341666,14.92208966,1.02851473
-8.87014453,14.85031393,1.19617159
-9.66942697,15.29267222,1.11739252
-9.69959895,15.22054328,1.29111110
-10.53079453,15.61877822,1.18553606
-10.56601474,15.54447139,1.36583891
-11.44088199,15.90414575,1.24160945
-11.48184297,15.82680402,1.42744777
-12.03594366,16.26222000,1.26908455
-12.07522784,16.19073880,1.45838813
-12.67137018,16.59068521,1.29122538
-12.70837810,16.52517302,1.48379591
-13.35423070,16.89116034,1.31715655
-13.38925541,16.83075142,1.51215497
-14.10786810,17.15226867,1.33882091
-14.13911565,17.09832814,1.53711708
-14.15433272,29.48595868,2.33602362
-13.25419854,30.08690330,2.37471160
-14.16333488,29.43665691,2.51445518
-13.26247819,30.03743018,2.55004044
-12.40961034,30.70310677,2.43364064
-12.41747619,30.65311416,2.60705805
-11.58598036,31.32189857,2.51435846
-11.59292715,31.27091483,2.68512972
-14.31616610,18.22533354,1.33265765
-14.35061856,18.17536375,1.53170121
-14.62047390,19.22241144,1.36726038
-14.65981078,19.17613242,1.56421590
-15.03893709,20.14604259,1.44890329
-15.08505458,20.10207428,1.64320982
-15.56091386,21.02466799,1.57245378
-15.61432197,20.98255376,1.76547876
-15.26690279,22.23227943,1.62481318
-15.31968414,22.19551937,1.81426430
-15.06610950,23.39991120,1.69223477
-15.11846749,23.36688670,1.87854628
-14.90144758,24.56623944,1.75003710
-14.95469055,24.53510249,1.93431425
-14.76046026,25.74329022,1.79069144
-14.81279476,25.71350108,1.97383249
-14.57836073,26.66870084,1.93482780
-14.62138476,26.63547402,2.11648737
-14.42418850,27.60313339,2.06902873
-14.45650413,27.56525300,2.24947137
-14.28127873,28.54118022,2.19809040
-14.30178295,28.49796358,2.37689120
0.41516689,14.26698111,0.38351370
-0.72242463,14.43442857,0.42720652
-1.86803918,14.52362811,0.47516527
-3.02104969,14.53627806,0.52507541
-4.17693636,14.48403490,0.57584596
-6.06361124,34.45687833,2.76548286
-4.68793151,34.61081918,2.77510907
-3.31467793,34.71000600,2.79683590
-1.94372790,34.77045381,2.83063962
-0.57434750,34.81275802,2.87227862
-5.14744742,14.55689692,0.62499618
-6.10951608,14.59538797,0.67037157
-7.06152744,14.60457876,0.71278451
-8.01085439,14.58399490,0.75397828
-10.76670518,31.99201267,2.45205715
-9.63026962,32.65061284,2.52018785
-8.46795905,33.28589281,2.60515466
-7.27874896,33.89117006,2.68965709
-8.81848899,14.99066228,0.86081087
-9.64174854,15.36113825,0.94270087
-10.49746969,15.69141169,1.00455390
-11.40630518,15.97397864,1.05340982
-12.00104588,16.32926795,1.07807531
-12.63755954,16.65271307,1.09819560
-13.32607914,16.94332398,1.11825911
-14.07743363,17.20173379,1.14223232
-14.14843131,29.53595718,2.15769779
-13.25121700,30.13948831,2.19916820
-12.40434471,30.75469905,2.26027929
-11.58273669,31.37496540,2.34404581
-14.27793925,18.27575380,1.13716650
-14.58191353,19.26732482,1.16703520
-14.99510250,20.18760944,1.25218065
-15.51029947,21.06421543,1.37849840
-15.21601325,22.26798468,1.43420421
-15.01124930,23.43184845,1.50560469
-14.84640447,24.59607921,1.56571975
-14.70942562,25.77238118,1.60751173
-14.53813666,26.70253188,1.75316517
-14.38917125,27.63972216,1.88834447
-14.26246574,28.58454444,2.01807640
1.53495484,13.80463707,0.63734110
1.54013679,13.88964059,0.49551009
2.66335836,13.47160716,0.63040347
2.66640270,13.54916850,0.48463333
3.78110862,13.10254030,0.64269656
3.78225896,13.17218027,0.49248056
4.88837645,12.72364161,0.68182379
4.88746645,12.78561009,0.52597312
5.00903957,34.33920658,3.15184009
3.58365471,34.41673857,3.13792984
5.01237150,34.39141004,3.00931802
3.58636145,34.46885342,2.99749941
2.18426969,34.50315975,3.13659209
2.18630961,34.55534114,2.99696132
0.80198028,34.59965508,3.14329869
0.80344886,34.65272298,3.00400714
5.83132017,12.55137354,0.73351226
5.82780570,12.60838912,0.57402939
6.77907656,12.39791422,0.80454125
6.77274751,12.45077627,0.64145711
7.73944904,12.27818334,0.89477988
7.73013838,12.32620896,0.72767033
8.71768954,12.19536487,0.99991246
8.70503774,12.24045673,0.82875239
10.49059205,32.41324377,3.10906477
9.14232776,32.92539323,3.10168759
10.48839934,32.45539564,2.95316843
9.14263902,32.97109710,2.94946319
7.76391013,33.40952414,3.10372399
7.76595399,33.45836717,2.95534784
6.37961229,33.87567564,3.11917728
6.38266325,33.92668771,2.97400698
9.57685640,12.56459686,1.15592043
9.56084444,12.60996070,0.98063964
10.44358645,12.95813868,1.29548259
10.42252330,13.00586848,1.11626251
11.32227304,13.38729767,1.41149807
11.29550997,13.43850081,1.22818313
12.24230525,13.82069568,1.50767982
12.20862031,13.87591854,1.31916701
12.82950465,14.30694510,1.57382013
12.79400186,14.35959559,1.38219381
13.45347454,14.78396687,1.64534733
13.41758540,14.83289602,1.45175989
14.13696288,15.23271882,1.72773944
14.10198883,15.27773488,1.53199413
14.87743736,15.66121466,1.82561119
14.84338799,15.70336717,1.62654491
14.29127450,30.06487097,2.78118537
13.31861222,30.67700936,2.85417884
14.28499880,30.10862715,2.61331468
13.31410322,30.71967073,2.69088033
12.38357509,31.27732442,2.94427046
12.37991723,31.31967907,2.78356964
11.44984804,31.85880056,3.03258352
11.44662421,31.90116222,2.87408512
15.07608115,16.84298606,1.91392803
15.03483953,16.88128897,1.71354947
15.39148762,17.97401864,1.99296672
15.34162695,18.01011179,1.79513657
15.81846937,19.07660776,2.07522383
15.76007962,19.11162960,1.88148670
16.35206971,20.17885464,2.18286695
16.28595507,20.21274259,1.99223318
16.06675397,21.58836870,2.21333529
16.00460901,21.61917140,2.02710732
15.88381970,22.99424371,2.28814417
15.82725327,23.02212069,2.10483501
15.72379152,24.39762222,2.34849786
15.67071785,24.42296424,2.16600882
15.51236928,25.78812934,2.33838025
15.46259280,25.81124273,2.15651753
15.20463823,26.85691615,2.40538170
15.16454662,26.88355487,2.22543833
14.88220052,27.92257032,2.47304511
14.85258539,27.95377351,2.29647757
14.56733401,28.99062904,2.58610883
14.54928870,29.02745829,2.41386228
1.54500537,13.97352472,0.35411841
2.66920153,13.62580964,0.33932636
3.78337554,13.24259852,0.34280034
4.88677851,12.84773279,0.37122149
5.01593758,34.44388071,2.86761055
3.58931853,34.52211564,2.85842498
2.18844504,34.60845349,2.85907373
0.80481810,34.70573701,2.86600278
5.82458275,12.66865587,0.41578365
6.76673734,12.50613186,0.47858069
7.72113211,12.37415984,0.55995631
8.69335026,12.28557358,0.65699883
10.48658718,32.49855167,2.79721877
9.14475028,33.02024138,2.79869497
7.76871114,33.50827450,2.80792220
6.38658525,33.97964915,2.83011564
9.54592835,12.65350074,0.80589405
10.40217782,13.05544249,0.93602580
11.27269351,13.48510066,1.04249628
12.17759232,13.92758144,1.12963175
12.76070454,14.40947757,1.18976404
13.38591648,14.87714162,1.25530371
14.06782651,15.32201852,1.33461962
14.81651334,15.73958556,1.43058943
14.28340955,30.15460227,2.44737449
13.31029557,30.76284083,2.52741001
12.37885196,31.36438429,2.62408597
11.44672340,31.94588266,2.71661035
15.00169226,16.91705935,1.51392546
15.29608181,18.04389442,1.59513319
15.70159964,19.14541526,1.68610077
16.22114814,20.24566718,1.80065978
15.94436385,21.64907574,1.84075648
15.76848790,23.04951737,1.92108443
15.61464878,24.44723284,1.98285057
15.41551394,25.83426065,1.97457833
15.12515219,26.90927729,2.04586805
14.82256691,27.98335642,2.12033576
14.53364121,29.06387506,2.24191416
0.41268553,16.34452373,-7.71535392
-0.67021280,16.35911952,-7.76194069
0.42078128,16.38863607,-7.53048388
-0.65954584,16.40712355,-7.57438892
-1.75638308,16.29605310,-7.82781380
-1.74333688,16.34643754,-7.63734264
-2.84961123,16.16169039,-7.91203877
-2.83431628,16.21285236,-7.71861313
-3.95117653,15.96785073,-8.01722819
-3.93370254,16.01799198,-7.82092782
1.50461357,16.38628163,-7.49658907
1.49913402,16.34638985,-7.67946091
2.59073576,16.30663124,-7.48593049
2.58808064,16.27178434,-7.66736768
3.68121291,16.15332353,-7.50174097
3.68160852,16.12404623,-7.68232346
4.77520817,15.93231285,-7.54998407
4.77886356,15.90883429,-7.73040338
-0.68927041,36.67399375,-7.42993088
-2.30194478,36.46214202,-7.39825683
-0.68695298,36.65333188,-7.21358394
-2.29801353,36.44470315,-7.18236287
-3.88455583,36.28522306,-7.41444662
-3.87894404,36.26974493,-7.19995878
-5.44333484,36.09152154,-7.48631915
-5.43573862,36.07622559,-7.27381008
-6.98627113,35.84182327,-7.61206287
-6.97600733,35.82503059,-7.40199821
0.98283888,36.45478322,-7.15541520
0.98236730,36.47487582,-7.37257427
2.66554239,36.35003589,-7.12165793
2.66693485,36.37021039,-7.33839968
4.35837353,36.28372951,-7.12394984
4.36186640,36.30503251,-7.33892560
6.05104803,36.18708631,-7.17145065
6.05711235,36.21088438,-7.38380710
-4.93663791,16.03561182,-8.09501292
-4.91666346,16.08388279,-7.89466895
-5.92569445,16.06102263,-8.19641721
-5.90309793,16.10623272,-7.99227875
-6.91947775,16.05573164,-8.32236121
-6.89411684,16.09699415,-8.11476458
-7.92198878,16.03279083,-8.47383024
-7.89361256,16.06881112,-8.26292989
5.77138498,15.96506541,-7.58521996
5.77882331,15.94656142,-7.76730538
6.76130319,15.95476650,-7.65603279
6.77255741,15.94095404,-7.84019631
7.74343667,15.91828074,-7.76122966
7.75851680,15.90885997,-7.94748072
8.71521748,15.87244721,-7.89661754
8.73416508,15.86682708,-8.08518277
-8.39212245,35.01178758,-7.67431266
-8.37852986,34.99510316,-7.46682364
-9.77978943,34.11043390,-7.78545259
-9.76088068,34.09164360,-7.58021606
-11.15192155,33.19131166,-7.94306737
-11.12500070,33.16808904,-7.73956154
-12.53790636,32.31629053,-8.14768457
-12.49948062,32.28729611,-7.94493222
7.66369140,35.47472816,-7.12168496
7.67287314,35.49945374,-7.33227643
9.23772412,34.64034051,-7.12414513
9.25147075,34.66797805,-7.33257683
10.75235379,33.69823999,-7.18379006
10.77347639,33.73089872,-7.39015651
12.22014360,32.72386794,-7.32149300
12.25294393,32.76471155,-7.52733213
-8.92103849,16.16211862,-8.63331366
-8.88989392,16.19105650,-8.41818745
-9.94511995,16.29741577,-8.81595400
-9.91150108,16.31800562,-8.59745175
-11.00092866,16.46230833,-9.02190443
-10.96512871,16.47338914,-8.80098465
-12.09575097,16.68337483,-9.25251505
-12.05806076,16.68450533,-9.03059257
9.65862186,15.98468335,-8.04721676
9.68143338,15.98360099,-8.23896915
10.59587654,16.10699733,-8.21145163
10.62370983,16.10994042,-8.40610294
11.55650267,16.24990779,-8.38226395
11.59087545,16.25726321,-8.57948670
12.58022938,16.43025204,-8.55765792
12.62307149,16.44251881,-8.75741122
-14.64117902,30.19508015,-8.58940371
-14.08549093,30.71502588,-8.45081329
-14.59734639,30.17252642,-8.38744663
-14.04285651,30.69048152,-8.24915037
-13.55795672,31.23881357,-8.33238768
-13.51682275,31.21266653,-8.13069961
-13.04559055,31.77106157,-8.23202973
-13.00585847,31.74340464,-8.03011775
14.65551957,30.44397239,-7.89874228
13.98196530,30.96326834,-7.70364974
14.69774214,30.48504614,-8.10760816
14.02198350,31.00471592,-7.91191344
13.36497406,31.51928084,-7.54384190
13.40228440,31.56038311,-7.75103872
12.78382812,32.10810766,-7.41703011
12.81873202,32.14897289,-7.62335451
-12.66542826,17.01983896,-9.34716904
-12.62824320,17.01383398,-9.12454886
-13.26272270,17.37488048,-9.45295588
-13.22584094,17.36205645,-9.23002365
-13.89751019,17.74963817,-9.57320762
-13.86062312,17.73044477,-9.35114136
-14.58057092,18.14412627,-9.71069635
-14.54347213,18.11940039,-9.49036037
13.13041153,16.73886388,-8.63083272
13.17698011,16.75692559,-8.83272268
13.72642393,17.07339243,-8.70609161
13.77751035,17.09765689,-8.91029361
14.38069375,17.44075179,-8.78836688
14.43629000,17.47097290,-8.99378327
15.09992842,17.84288484,-8.87861952
15.16002959,17.87823430,-9.08459037
-14.66610358,18.98563438,-9.63377212
-14.62085060,18.96004453,-9.40710940
-14.78005154,19.86732847,-9.56778513
-14.72573144,19.84145019,-9.33656358
-14.92759365,20.78284023,-9.51594202
-14.86359174,20.75724941,-9.28203481
-15.11486144,21.72126673,-9.47373397
-15.04056381,21.69655796,-9.23931773
15.18006262,18.71610200,-8.79586279
15.25061839,18.75356507,-9.00927815
15.30959511,19.64000728,-8.71163063
15.39060186,19.67926606,-8.93199737
15.51199817,20.61369734,-8.64960485
15.60244881,20.65410705,-8.87596437
15.80087853,21.63028320,-8.62459403
15.89855359,21.67113460,-8.85428367
-14.93019281,23.00462893,-9.30419896
-14.85298724,22.98146117,-9.07069704
-14.81612613,24.28464655,-9.14823016
-14.73729706,24.26241893,-8.91807918
-14.77369095,25.54006457,-9.00261458
-14.69443067,25.51771485,-8.77676845
-14.80081483,26.76869276,-8.87724164
-14.72221659,26.74536471,-8.65664994
15.76327654,22.99679080,-8.52696081
15.85637502,23.03727713,-8.75990284
15.76262629,24.36647274,-8.45004449
15.84942451,24.40685183,-8.68283858
15.71979362,25.69175021,-8.37649529
15.80067461,25.73294150,-8.60719347
15.60451517,26.95437439,-8.29848350
15.68137044,26.99811856,-8.52559895
-14.71608568,27.64312743,-8.76617719
-14.64535320,27.62019665,-8.55032522
-14.66787977,28.50268054,-8.67992108
-14.60581222,28.47995184,-8.46893089
-14.64767907,29.35145604,-8.62084409
-14.59447717,29.32872528,-8.41462160
15.34728600,27.82865027,-8.19440974
15.41561418,27.87253152,-8.41767985
15.09047223,28.69251284,-8.09267433
15.15036728,28.73610418,-8.31141367
14.85517684,29.56058231,-7.99330611
14.90653594,29.60336555,-8.20713872
6.04577613,36.16660215,-6.95935517
7.65567648,35.45284287,-6.91197008
9.22558715,34.61575862,-6.91697517
10.73328156,33.66864203,-6.97878203
12.19001362,32.68628091,-7.11700158
4.77131981,15.95378958,-7.37195629
5.76373367,15.98166754,-7.40552272
6.74987665,15.96708082,-7.47433838
7.72827196,15.92649041,-7.57713077
8.69631451,15.87715165,-7.71008809
14.61600097,30.40512250,-7.69036726
13.94475603,30.92457423,-7.49654961
13.33027334,31.48113494,-7.33789869
12.75163381,32.07039671,-7.21195232
12.53828723,16.41904261,-8.35925111
13.08465001,16.72194288,-8.42989007
13.67644601,17.05047694,-8.50302921
14.32630157,17.41195414,-8.58347773
15.04123066,17.80875503,-8.67308791
15.11090952,18.68015230,-8.58277829
15.23028879,19.60225194,-8.49128473
15.42355016,20.57470086,-8.42357303
15.70490252,21.59062736,-8.39474294
-14.50667433,18.09656880,-9.26984924
-14.57599940,18.93654446,-9.18015999
-14.67221378,19.81755686,-9.10496755
-14.80059108,20.73365811,-9.04805421
-14.96756929,21.67333232,-9.00444755
15.67187762,22.95710770,-8.29407292
15.67762986,24.32719145,-8.21719239
15.64071287,25.65156604,-8.14594009
15.52976009,26.91183914,-8.07150041
-14.77758211,22.95969464,-8.83724967
-14.66066667,24.24129895,-8.68809601
-14.61766680,25.49628878,-8.55140627
-14.64621550,26.72265208,-8.43644771
15.28136115,27.78638815,-7.97155488
15.03328192,28.65075173,-7.87453842
14.80672314,29.52003118,-7.78016073
-14.57741639,27.59808785,-8.33506370
-14.54623967,28.45804900,-8.25862290
-14.54387101,29.30711704,-8.20897154
-14.55570875,30.15089958,-8.18616934
-0.68492191,36.63739199,-6.99764106
0.98331341,36.43910269,-6.93857196
2.66439411,36.33388521,-6.90554478
4.35535372,36.26604021,-6.90931992
0.42858407,16.43064655,-7.34800698
1.50978943,16.42386743,-7.31601589
2.59308219,16.33907222,-7.30679518
3.68052358,16.18049464,-7.32344772
-0.64918338,16.45341691,-7.38901082
-1.73055670,16.39570250,-7.44882195
-2.81926889,16.26348604,-7.52691493
-3.91647544,16.06800868,-7.62643608
-2.29467714,36.43179092,-6.96708558
-3.87426561,36.25870307,-6.98629702
-5.42944571,36.06506917,-7.06214119
-6.96737748,35.81197275,-7.19269498
-8.36672757,34.98177361,-7.26060753
-9.74376067,34.07561417,-7.37648045
-11.09986931,33.14722721,-7.53746729
-12.46324565,32.26025390,-7.74342027
-4.89692671,16.13262468,-7.69601254
-5.88070852,16.15271708,-7.78989110
-6.86891453,16.13982234,-7.90870704
-7.86532506,16.10699635,-8.05353804
9.63598491,15.98545060,-7.85747709
10.56843705,16.10413373,-8.01869885
11.52273240,16.24331867,-8.18660921
-8.85883671,16.22266720,-8.20474768
-9.87777104,16.34165979,-8.38042393
-10.92922055,16.48771726,-8.58112831
-12.02026316,16.68856680,-8.80934942
-12.59095638,17.01063916,-8.90211264
-13.18895593,17.35175117,-9.00748747
-13.82393495,17.71355770,-9.12917924
-14.00231499,30.66717802,-8.04844664
-13.47768025,31.18806969,-7.93016324
-12.96821792,31.71749558,-7.82934591
-0.58760028,35.37605817,1.93188440
-1.99924249,35.32956203,1.87784943
-0.60958181,35.91883004,0.99637119
-2.06752426,35.86563687,0.93241146
0.83616269,35.24078849,1.93105722
0.86413204,35.75908035,1.00198393
-3.41161879,35.26568578,1.82538908
-3.52482178,35.79840061,0.86196658
2.26278387,35.12209281,1.92173491
2.33952385,35.62495846,0.99077492
3.70565335,35.01728905,1.91051544
3.82990652,35.50841947,0.96829147
-4.82548356,35.15832820,1.77869662
-4.98250571,35.68484561,0.78867925
5.17351956,34.91804340,1.90050472
5.34357997,35.39348180,0.93644448
-6.24031684,34.98749214,1.73735961
-6.43929322,35.50118228,0.71166459
-7.48338316,34.37591419,1.62857524
-7.71222757,34.84089946,0.56840067
6.58353666,34.40871420,1.84299035
6.79512186,34.83477360,0.86084706
-8.69032621,33.71257560,1.50598395
-8.93758623,34.11560147,0.40524539
7.99843171,33.88401522,1.79648282
8.24260346,34.25108989,0.78888750
9.39625705,33.33391457,1.75899181
9.65959299,33.63042334,0.72046606
-9.85835275,33.01043411,1.38044738
-10.11151276,33.34158561,0.23682912
10.74252434,32.73815034,1.72422451
11.00661764,32.95114196,0.64847979
-10.98910650,32.27855566,1.27195958
-11.23816608,32.53414221,0.08536281
11.62885897,32.14833642,1.62211471
11.82061873,32.32191631,0.52647294
-11.73730280,31.63448847,1.14499087
-11.92224850,31.86522814,-0.05758976
12.48765983,31.53257898,1.50609721
12.60962098,31.67147154,0.38998675
-12.48988469,30.98914890,1.04356316
-12.61031640,31.19894737,-0.17493411
13.34800756,30.90283398,1.38471043
13.40368061,31.01420073,0.24684594
-13.26683272,30.35165205,0.96511318
-13.32144001,30.54386638,-0.27066312
-14.09351677,29.72917248,0.90554611
-14.08068061,29.90691438,-0.35006271
14.25262719,30.27397259,1.27578498
14.24508375,30.36690446,0.11187186
14.45900745,29.18315494,1.07711186
14.41367525,29.27647067,-0.07455833
-14.16417118,28.77156947,0.78249059
-14.10927722,28.94128999,-0.45353078
-14.25119055,27.82369010,0.66853499
-14.15752241,27.98778771,-0.55012049
14.70884748,28.11061989,0.95358287
14.63061620,28.21303793,-0.19814357
14.97707860,27.05140291,0.87298164
14.87090165,27.16903699,-0.28601706
-14.36645359,26.88723837,0.54694929
-14.23979761,27.04808769,-0.65619269
-14.51131138,25.96118998,0.41096778
-14.35854587,26.12042006,-0.77964319
15.23697530,25.99558863,0.79716548
15.10665235,26.13172806,-0.36883919
-0.63576244,36.40171448,0.01397804
-2.13946912,36.33486777,-0.05398499
0.88928136,36.22171680,0.02763105
2.41572507,36.07900961,0.01602818
-3.63988077,36.26068491,-0.13794718
3.95573520,35.95701321,-0.01692979
-5.13842321,36.13901502,-0.23519168
5.51592540,35.83017667,-0.07046321
-6.63258000,35.94149929,-0.34719197
-14.61152817,24.79074664,0.36087591
-14.42562929,24.94456595,-0.83432699
15.38709560,24.62815421,0.79388974
15.21807135,24.77916612,-0.38568825
7.00699179,35.21829773,-0.15729851
-7.93198847,35.22924509,-0.51863968
15.48699799,23.25029556,0.72375877
15.27352254,23.41269063,-0.46246886
-14.74845796,23.63897971,0.28526538
-14.53907570,23.78927950,-0.92142061
8.48321463,34.57003080,-0.24997276
-9.17270714,34.43722789,-0.71632730
-10.35068325,33.58825590,-0.92084456
9.91352943,33.87078640,-0.34690670
15.60621282,21.87106388,0.62438719
15.34413955,22.04354570,-0.57589103
-14.92712769,22.49683405,0.18764040
-14.69969343,22.64711157,-1.03993137
11.25623602,33.10050005,-0.45416200
-11.47588589,32.70715488,-1.10840068
15.82579675,20.49507505,0.54348993
15.51379040,20.68089954,-0.69362098
-15.18954463,21.33101736,0.09572457
-14.94125490,21.49276784,-1.16674675
11.99977119,32.43271543,-0.59019842
-12.10101776,32.02023302,-1.25848272
-14.71386494,20.47951077,-0.02782923
-14.51245105,20.64682231,-1.27990081
15.34097467,19.41545726,0.41192502
15.06444731,19.61233213,-0.83557696
12.72283709,31.75121127,-0.74048263
-12.73051859,31.34243870,-1.38510081
-14.32932541,19.59461842,-0.11930684
-14.16590408,19.77677486,-1.37223230
14.97481808,18.34006445,0.29942073
14.73725178,18.55476838,-0.96976989
13.45559683,31.07171727,-0.89811010
-13.38174976,30.67999237,-1.49350961
-14.04245485,18.65090118,-0.16150947
-13.90451408,18.86414477,-1.43034068
14.71744741,17.25131440,0.20275557
14.51575064,17.49778830,-1.08887007
-14.07776509,30.03736492,-1.59020433
14.23854143,30.41133506,-1.05306924
-13.85221033,17.63330531,-0.16066340
-13.72860805,17.89477955,-1.45080280
14.55806717,16.13063298,0.12088290
14.38168774,16.43028872,-1.18585071
14.37969589,29.32891168,-1.22054158
-14.07151907,29.07073102,-1.67173607
-13.11607809,17.37929110,-0.16774810
-13.00663891,17.64152553,-1.43543926
13.83907978,15.71058651,0.03883144
13.68945429,16.01560072,-1.24756079
13.18823651,15.26724195,-0.02197438
13.06505878,15.58527996,-1.28701213
-12.44379999,17.09596490,-0.16821330
-12.34691625,17.36540377,-1.41437402
-11.82305079,16.78247217,-0.16551240
-11.73721983,17.06513074,-1.39037656
12.59406622,14.80426549,-0.06547508
12.49532178,15.14129957,-1.30842567
12.03919218,14.32977931,-0.10166423
11.96169627,14.68888308,-1.32181965
-11.24359610,16.43991215,-0.16432744
-11.16652528,16.74114797,-1.36675943
-14.08789425,28.11697680,-1.75029789
14.57390679,28.28090877,-1.33974381
11.15183817,13.89046952,-0.15211385
11.08446571,14.27346458,-1.33085390
-10.33539555,16.17361430,-0.16667505
-10.24876543,16.50278709,-1.32152511
10.29603394,13.46676514,-0.22139125
10.23631758,13.87500917,-1.35768415
-9.48072943,15.86229530,-0.17919804
-9.38454228,16.22489194,-1.28603745
9.45041015,13.07395798,-0.31623532
9.39498568,13.50778437,-1.41088528
-8.65812016,15.51280106,-0.21236687
-8.55276684,15.91097428,-1.27241358
-14.14198623,27.17610388,-1.84019409
14.79542461,27.25679036,-1.43173208
8.60378479,12.71942134,-0.43350117
8.54870601,13.18076722,-1.48976276
-7.85041044,15.12746175,-0.27396970
-7.73647215,15.56161981,-1.28980718
4.85573679,13.29809177,-0.60896347
5.78412612,13.11320938,-0.58593366
4.83278020,13.77019609,-1.54663857
5.75779386,13.58684430,-1.54348416
-4.06160451,14.98405302,-0.34674356
-2.92359363,15.04335616,-0.37733452
-3.97087734,15.41736807,-1.25638906
-2.84736777,15.49099936,-1.26587531
-5.02368342,15.06640365,-0.31144602
-4.92770278,15.50151481,-1.23529612
3.77016993,13.71911081,-0.60453146
3.75881561,14.20401727,-1.51326320
-5.97632308,15.11341083,-0.28777580
-5.87515205,15.54784718,-1.23373136
6.71401871,12.94346859,-0.54924674
6.68200025,13.41392019,-1.53359968
2.67326805,14.11867975,-0.58266758
2.67416010,14.60545861,-1.47151632
-1.78898580,15.03332985,-0.41586024
-1.72802334,15.49133485,-1.29136391
7.65231106,12.80635030,-0.49803120
7.61104324,13.27158837,-1.51569616
-6.91689978,15.13289607,-0.27607425
-6.81031794,15.56610364,-1.25247232
-0.66256640,14.94088540,-0.46048988
-0.61746649,15.40454530,-1.33006892
1.56709530,14.47292511,-0.54925906
1.58178441,14.95236851,-1.42540088
0.45569468,14.76380824,-0.50852837
0.48503993,15.22819892,-1.37888585
15.01591652,26.24042565,-1.51999034
-14.23833633,26.24574948,-1.94958174
0.91219582,36.56097178,-1.04788839
-0.65954538,36.75398675,-1.07144596
-2.20240838,36.66533282,-1.13500162
15.10171792,24.90123472,-1.54787328
-14.27851699,25.05681231,-2.00482275
-3.73701973,36.57578309,-1.22496263
2.48635750,36.41628372,-1.05742502
-5.26500711,36.43893481,-1.33987110
4.07241173,36.29481255,-1.09793781
-14.37423149,23.88431167,-2.09660949
15.12447649,23.53969871,-1.62568553
5.67361725,36.15875373,-1.17016900
-6.78223762,36.22080357,-1.48081955
7.19715720,35.49668206,-1.25566955
-8.09903840,35.45535865,-1.66553072
-14.52517080,22.72119262,-2.22633388
15.15613228,22.17067826,-1.74459307
-9.34954019,34.59831390,-1.88072517
8.69364808,34.78294554,-1.35763971
-14.75726219,21.54982886,-2.37691539
15.28376591,20.80898051,-1.88751388
10.12881855,34.00132821,-1.47360069
-10.53149617,33.68093306,-2.10324596
14.86951638,19.74608273,-2.02847339
-14.38248159,20.68986742,-2.47343123
11.46245374,33.13886416,-1.60729757
-11.66196479,32.74080423,-2.31052937
-12.23793773,32.05274681,-2.45479702
12.13992513,32.44097978,-1.74657732
14.57912606,18.70222315,-2.17674817
-14.08186920,19.81472648,-2.56140694
12.80325122,31.73908615,-1.90014914
-12.81853713,31.38075770,-2.58131260
14.39127760,17.67392956,-2.31631055
-13.85538045,18.91306635,-2.63302414
13.48164417,31.04908829,-2.06290970
-13.41891728,30.72740632,-2.69637933
-13.70135951,17.97623937,-2.68250908
14.28217020,16.65572021,-2.43346803
-14.05973213,30.09445405,-2.80638416
14.21287459,30.38740259,-2.22991433
13.61196781,16.25495879,-2.47151885
-12.99176176,17.72029784,-2.64362145
13.00813087,15.84882211,-2.49089410
-12.34157193,17.45051072,-2.60414800
-14.03324235,29.14242472,-2.86613898
14.34355575,29.32918064,-2.37302912
-11.73828791,17.16479009,-2.56437658
12.45635664,15.43630966,-2.49404655
11.93851561,15.01866996,-2.48935409
-11.17179383,16.86222744,-2.52647772
-10.23401564,16.66314471,-2.44152461
11.06412825,14.64675658,-2.45931305
14.52920310,28.30920957,-2.48291637
-14.03033166,28.20041485,-2.92865153
10.21759687,14.29051152,-2.44483201
-9.34996436,16.43168306,-2.36751754
-8.49985827,16.16681346,-2.31567310
9.37544561,13.96316188,-2.45593743
8.52452708,13.67438030,-2.49421279
-7.66662919,15.86652866,-2.29536783
-14.06681737,27.26660092,-3.00541713
14.74482614,27.31372223,-2.57504678
-4.85839182,15.83968548,-2.16269394
-3.90393587,15.76106546,-2.16996461
3.74799932,14.67920235,-2.39297627
4.81576782,14.25021032,-2.44610952
5.74291918,14.07917913,-2.45753674
-2.79175804,15.85618009,-2.15950513
6.66756884,13.91159571,-2.47004396
-5.80457179,15.87681945,-2.18051791
7.59393197,13.76903232,-2.48250089
-6.73983147,15.88334980,-2.22517203
-1.68468623,15.87482433,-2.17051042
2.67129782,15.06606557,-2.34006698
1.58895909,15.39036777,-2.28941864
-0.58679524,15.80305522,-2.19986706
0.50338146,15.63813760,-2.24439286
-14.14874721,26.33758505,-3.10373225
14.96144241,26.32419892,-2.66611673
-14.17053170,25.13242677,-3.15871660
15.03709044,25.00007562,-2.70014805
-14.25614532,23.93323021,-3.25114651
15.04071515,23.64024655,-2.77332758
0.93319720,36.68350557,-2.28052796
-0.67282517,36.87957678,-2.31501332
-2.24150559,36.76534325,-2.36301048
-3.79506843,36.65565354,-2.44774410
2.54408673,36.54639298,-2.28437738
15.04434289,22.26436246,-2.88861309
-14.40597258,22.73378259,-3.38328752
-5.33491552,36.49943737,-2.56865357
4.16514843,36.43320318,-2.32658458
-6.85683716,36.25969408,-2.72645760
5.79493409,36.29540910,-2.40979485
7.34055632,35.60288328,-2.47548933
-8.18477714,35.45838877,-2.90104040
15.13895830,20.89593689,-3.04306703
-14.63978566,21.52507005,-3.54545110
8.84836794,34.83634972,-2.56897561
-9.44793619,34.55961712,-3.10926055
14.75922732,19.83746788,-3.17258271
-14.32384126,20.63793064,-3.62411272
-10.64612791,33.60312934,-3.32773113
10.28355059,33.98304297,-2.68673669
14.50287912,18.80675194,-3.32626399
-14.07377172,19.74493603,-3.70660042
-11.80057471,32.63822623,-3.53862728
11.61199020,33.04455785,-2.83105946
12.23577850,32.33810218,-2.96187831
-12.34274723,31.97369602,-3.66855339
-13.88689968,18.84155385,-3.78987950
14.34514046,17.80589101,-3.48027929
-12.88877848,31.32852441,-3.78999267
12.85360507,31.63813003,-3.10888799
-13.75925678,17.92530672,-3.86962482
14.25877369,16.83319196,-3.61578801
-13.45213030,30.70233427,-3.90826234
13.49278536,30.95925442,-3.26967433
13.60339686,16.45002546,-3.62937180
-13.05982589,17.66070382,-3.80795548
-12.41645222,17.39194735,-3.75247198
13.01283682,16.07267947,-3.63112744
-14.05085776,30.09378655,-4.02965101
14.18646901,30.31508116,-3.44392387
-11.81674663,17.11657483,-3.70168606
12.47226659,15.69741387,-3.62022706
-11.25101123,16.83247408,-3.65531538
11.96466184,15.32153416,-3.60170535
-14.01909949,29.17009844,-4.07066509
14.32517461,29.29923894,-3.56178626
-10.28504688,16.67375923,-3.53993905
11.08529577,15.00684542,-3.53758179
10.23441556,14.70600901,-3.48627911
-9.37269064,16.49297379,-3.43788416
14.51675477,28.31908271,-3.66155713
-14.00946866,28.25062845,-4.12167437
-8.49578031,16.28377625,-3.35779379
9.38661528,14.42875170,-3.45789613
-7.63815663,16.04060797,-3.30789247
8.52676507,14.18424716,-3.45645077
7.59719653,14.28085418,-3.41251670
-6.70390706,16.07826031,-3.21405659
6.66775669,14.41659941,-3.37585529
-5.76367460,16.09013928,-3.15008351
-4.81515950,16.06774343,-3.11610801
5.73737679,14.56869004,-3.34711861
-3.86031531,16.00009476,-3.11050067
4.80341096,14.71564976,-3.32733248
3.73730093,15.12292966,-3.26478728
-2.75635993,16.12294620,-3.08123253
2.66481894,15.47919784,-3.21022875
-1.65856701,16.16656303,-3.07673934
-0.57009643,16.11827302,-3.09317728
1.58900841,15.76723946,-3.16365038
0.51113108,15.97535675,-3.12773839
-14.03840766,27.33170950,-4.19075571
14.73797648,27.35988870,-3.75272502
-14.11358007,26.40934735,-4.28303925
14.96101244,26.40227783,-3.84581830
15.03889339,25.09514424,-3.88402502
-14.12304867,25.18828160,-4.34050141
15.03686854,23.73762860,-3.95034466
-14.20376013,23.95949651,-4.43383035
15.02362470,22.35323309,-4.05600267
-14.35801065,22.71811488,-4.56365818
-0.67592169,36.79921303,-3.73147019
-2.25857341,36.66077932,-3.75365601
0.95193312,36.60789401,-3.68611703
-14.59900733,21.46489679,-4.72903807
15.09343555,20.97588124,-4.21010435
2.58798653,36.48638212,-3.68001984
-3.81920322,36.53265801,-3.82129795
-5.35952038,36.36185232,-3.93561172
4.23320413,36.39125950,-3.71609608
-6.87740863,36.10988319,-4.09550240
5.88132770,36.26404937,-3.79873039
-14.34058817,20.54693378,-4.79128964
14.74546565,19.92311078,-4.32023597
-8.21918856,35.29611462,-4.24007854
7.44317138,35.56413689,-3.82888196
8.96080611,34.76442544,-3.89726318
-9.50644690,34.38469167,-4.42117892
14.51799062,18.90614128,-4.46982752
-14.13916064,19.63299808,-4.86859988
10.40110955,33.85948947,-4.00103158
-10.73887979,33.42169151,-4.62045083
-13.99001507,18.72544159,-4.96223946
14.38440056,17.93036037,-4.62992979
11.74079704,32.87337587,-4.14325970
-11.93935721,32.46561296,-4.82710824
12.32787657,32.18199552,-4.25890406
-12.46094676,31.84150543,-4.93998203
14.31582685,16.99669751,-4.77738550
-13.88727667,17.82661993,-5.06866010
12.91731694,31.50578331,-4.39501571
-12.98522241,31.23627902,-5.05438747
13.66536627,16.62737223,-4.76533199
-13.19601568,17.54423810,-4.98397244
13.07868621,16.27463478,-4.75001648
-12.55745688,17.26751980,-4.91283959
-13.52445371,30.64751011,-5.17461574
13.53347217,30.85726231,-4.55179668
12.54170602,15.93280846,-4.72738176
-11.95942480,16.99372373,-4.85189376
-11.39233532,16.71995836,-4.79897135
12.03769763,15.59650446,-4.69786882
-14.09510634,30.07219254,-5.30552231
14.20550598,30.24697233,-4.73219351
11.14397387,15.34181903,-4.60391347
-10.39315711,16.59077098,-4.65719808
-9.44635304,16.45440881,-4.53311458
10.28184487,15.10096436,-4.51985971
-14.06754302,29.18165736,-5.33277065
14.36297103,29.28132806,-4.82970225
-8.53609316,16.29794438,-4.43106129
9.42324750,14.87822579,-4.45493831
-7.64813430,16.11162645,-4.35714198
8.55049703,14.68016403,-4.41531389
14.56890336,28.34569525,-4.92189713
-14.05965330,28.28935047,-5.37755057
-6.70111711,16.16993128,-4.24733684
7.61689341,14.77574705,-4.34452572
-5.75185797,16.20071491,-4.16869286
6.67978198,14.89837647,-4.28864890
5.73953737,15.02697893,-4.24876053
-4.79770911,16.19416456,-4.12109990
4.79497694,15.14053938,-4.22494369
-3.83976622,16.13918982,-4.10263074
-2.74095283,16.29153843,-4.05595026
3.72688332,15.51324092,-4.16125420
2.65522820,15.82800427,-4.11222953
-1.64932738,16.36397841,-4.03468393
1.58248615,16.07035773,-4.07644836
-0.56695779,16.34464891,-4.03523930
0.50875525,16.23093067,-4.05480846
14.80223193,27.42553977,-5.01315048
-14.08770399,27.39006212,-5.44460608
-14.16097824,26.47939142,-5.53638571
15.03709443,26.50158279,-5.10915488
-14.16128284,25.24639448,-5.60288724
15.12632090,25.21311146,-5.15320448
15.13045953,23.86058544,-5.21436420
-14.23816070,23.99180195,-5.70137275
15.11062731,22.47108067,-5.30796972
-14.39572733,22.71352846,-5.82976239
15.16266040,21.08798077,-5.45153715
-14.64073648,21.42363656,-5.99420549
14.84160352,20.04233394,-5.53564733
-14.43191732,20.47949933,-6.04339920
-0.67610610,36.64692795,-5.30685528
-2.26826129,36.48040866,-5.29885883
0.96821308,36.45943477,-5.25231548
2.62396734,36.35387265,-5.23269751
-3.83303482,36.33382974,-5.34157590
-5.37351966,36.15288846,-5.43850390
4.28884239,36.27899070,-5.25496968
-14.27142858,19.55064017,-6.11582382
14.63552049,19.03964220,-5.66997615
-6.89193683,35.89926753,-5.58755069
5.95309306,36.16900794,-5.32575824
7.53277689,35.46940813,-5.31312679
-8.25619579,35.08407301,-5.69101851
-9.58171678,34.17773571,-5.83594633
9.06748363,34.65006789,-5.34767418
-14.15233672,18.64464935,-6.21591979
14.51769319,18.08644569,-5.82441496
10.52813693,33.71455157,-5.42855458
-10.86741621,33.23057602,-6.01212474
-14.06867457,17.76634073,-6.33903942
14.45932680,17.18402499,-5.97218900
-12.13721156,32.30720089,-6.21601555
11.90646916,32.71367817,-5.56471184
12.47343909,32.05532297,-5.66600974
-12.64789949,31.72842077,-6.31420338
13.80156471,16.81843870,-5.93230812
-13.38389412,17.45461863,-6.23010135
13.20744413,16.47909158,-5.89736922
-12.74886652,17.15804438,-6.14131118
-13.16121246,31.16607834,-6.42252829
13.05065289,31.41908478,-5.79353146
12.66462280,16.15984013,-5.86172054
-12.15162719,16.87331394,-6.06781286
-11.58280274,16.59737389,-6.00596573
12.15688325,15.85292609,-5.82179682
-13.68862749,30.61640217,-6.54413903
13.65960669,30.81455660,-5.94922282
-10.54911686,16.47577838,-5.83739766
11.23747299,15.64976611,-5.70115005
10.35579009,15.46393664,-5.58791085
-9.56466173,16.36705802,-5.69206848
14.32570710,30.24974933,-6.13786997
-14.24591889,30.07553638,-6.68271652
9.48048732,15.29294169,-5.48951866
-8.61693968,16.25099941,-5.57003450
-7.69383134,16.11261421,-5.47423693
8.59051654,15.13848011,-5.41316364
14.50430917,29.33194212,-6.22561903
-14.22669608,29.21406882,-6.70380382
-6.73040279,16.18376593,-5.35326369
7.64882916,15.22861955,-5.31994445
-5.76894721,16.22716809,-5.26279314
6.70051963,15.33236850,-5.24822379
5.74723668,15.43017625,-5.19960736
-4.80631101,16.23178389,-5.20216414
-3.84266702,16.18654025,-5.16983639
4.78905668,15.50282486,-5.17399579
3.71587508,15.83195327,-5.11427111
-2.74613312,16.36569937,-5.10613245
2.64183273,16.09770714,-5.07562266
-1.65764029,16.46673287,-5.06737792
-0.57809167,16.47844876,-5.04924124
1.56868277,16.28882000,-5.05429729
-14.22430207,28.34718666,-6.74866393
14.72543636,28.43717970,-6.31619587
0.49552375,16.39729618,-5.05054495
14.97149483,27.55209748,-6.41079084
-14.25502178,27.46887780,-6.81956034
15.21809374,26.65884833,-6.51113043
-14.32805639,26.57463547,-6.91645914
-14.31781777,25.33856372,-7.00272851
15.32190938,25.38778980,-6.56705504
-14.38498671,24.07279776,-7.11642632
15.34145895,24.04672980,-6.62942678
15.32525277,22.66079789,-6.71274940
-14.53430536,22.77840078,-7.25173831
-14.76619929,21.47659759,-7.41848122
15.36565646,21.28055244,-6.83846280
-14.58943233,20.52326054,-7.46078680
15.06568680,20.24577862,-6.89293885
14.87080443,19.25813827,-6.99943321
-14.45418708,19.59364883,-7.52732471
14.75782166,18.32374699,-7.13203116
-14.35292545,18.69848582,-7.62309154
14.69933213,17.44331681,-7.26237222
-14.27978540,17.84314884,-7.74272216
-13.59948469,17.49169114,-7.60985596
14.01975014,17.06636348,-7.19249576
13.40475352,16.72330203,-7.13344385
-12.96701316,17.16191763,-7.50025531
-12.37080494,16.85133176,-7.40922842
12.84430262,16.40910402,-7.07989272
12.32307353,16.11461648,-7.02603789
-11.80109248,16.55724642,-7.33231975
11.36414238,15.94165661,-6.87858935
-10.73674375,16.40928451,-7.13150230
-9.71617805,16.29867269,-6.95996963
10.45267058,15.79418110,-6.73723878
9.55339248,15.66258783,-6.60704893
-8.73042501,16.19874031,-6.81416428
8.64146665,15.54165671,-6.49491542
-7.77038963,16.08835849,-6.69380419
7.68824199,15.61864756,-6.38171154
-6.78916636,16.15487650,-6.56248723
6.72601065,15.69615224,-6.29517653
-5.81377088,16.19615954,-6.45959094
5.75721754,15.75655673,-6.23772709
-4.84057014,16.20016763,-6.38439759
4.78289247,15.78195993,-6.20970731
-3.86903547,16.15493552,-6.33559428
-2.77253259,16.35179840,-6.25483922
3.70191983,16.06141284,-6.15642035
-1.68460464,16.47575468,-6.19701345
2.62242665,16.27411132,-6.12953772
-0.60504823,16.51555118,-6.15868679
1.54553321,16.41114949,-6.12431628
0.46956065,16.46675329,-6.13911109
-0.57962715,35.09501118,2.39841269
-1.96938241,35.05086805,2.35043931
0.82095753,34.97356763,2.39479677
2.22517954,34.86482386,2.38672808
-3.36032773,34.98839409,2.30760070
3.64618160,34.76840069,2.38090113
-4.75316513,34.88470279,2.27382968
-6.14771702,34.72168333,2.24907945
5.09265641,34.67904266,2.38086149
6.48251231,34.19260423,2.33356688
-7.37632417,34.13321014,2.15748723
7.88085017,33.69520184,2.29958950
-8.57403626,33.49927140,2.05471063
-9.73901107,32.83107361,1.95033308
9.26791217,33.17710576,2.27697357
10.61229969,32.61955247,2.25950740
-10.87241122,32.13635367,1.86279214
11.53534003,32.04891051,2.16817195
-11.65407475,31.50569607,1.74525064
-12.44072153,30.87258461,1.65290010
12.43031959,31.45048359,2.06385586
13.32556155,30.83484543,1.95471290
-13.25213416,30.24581660,1.58345266
14.26367819,30.21619840,1.86018137
-14.11388620,29.63274529,1.53332695
-14.20637823,28.67900064,1.40167554
14.49158860,29.12594772,1.65757960
14.76032146,28.04957132,1.53502798
-14.31333859,27.73336231,1.27955960
15.04522710,26.98310854,1.45784792
-14.44575039,26.79740378,1.15085971
-14.60397212,25.87036320,1.00983724
15.31960162,25.91796547,1.38494648
15.49317541,24.54156306,1.38797971
-14.72211681,24.69856487,0.96335992
-14.87260056,23.54258125,0.89518852
15.61904658,23.15472449,1.32205958
15.76559352,21.76640549,1.23181565
-15.06326601,22.39228505,0.81054451
16.01312707,20.37854538,1.17163959
-15.34042173,21.21046873,0.73737086
-14.84392512,20.34895865,0.61135071
15.51064501,19.29018102,1.04809519
15.12480440,18.20280511,0.94685035
-14.44370616,19.44864983,0.52244176
-14.14759193,18.48250700,0.48756942
14.84896217,17.09604270,0.85960677
-13.95218472,17.43719616,0.49299760
14.67706475,15.94726230,0.77946933
13.94333423,15.52764355,0.68953270
-13.20848496,17.18157096,0.47660007
-12.52843167,16.89457804,0.46572064
13.27756215,15.08220912,0.61881730
-11.90039907,16.57566585,0.45683841
12.66867275,14.61509876,0.56402586
12.10049560,14.13511325,0.51569541
-11.31405346,16.22602862,0.44536915
11.20532181,13.69161138,0.44580132
-10.40687866,15.95023578,0.41879941
10.34312873,13.26252022,0.35693278
-9.55303221,15.62765583,0.38118018
-8.73124598,15.26578219,0.32335673
9.49292037,12.86289346,0.24325943
-7.92467391,14.86797735,0.23910921
8.64410547,12.49985084,0.10920404
-4.11613161,14.74085241,0.11211036
-5.08197284,14.81970156,0.15453366
4.87010484,13.06952707,-0.12407254
3.77645402,13.47891373,-0.13590904
5.80241675,12.88699764,-0.09030825
-2.96962696,14.79588063,0.07129112
2.67158071,13.87188726,-0.12628369
-1.82621548,14.78360581,0.02673385
-0.69063108,14.69154774,-0.01992098
1.55696060,14.22439932,-0.10171486
0.43683677,14.51819443,-0.06602628
-6.03879258,14.86354737,0.18916028
6.73762214,12.72059681,-0.04013404
-6.98429476,14.87936722,0.21668613
7.68309912,12.58651371,0.02707589
-0.67860322,36.60870653,-6.14202093
-2.27756716,36.42441327,-6.12080892
0.97577360,36.41858152,-6.08441743
-3.84739535,36.26598997,-6.15074424
2.64262870,36.31623337,-6.05777726
4.31892902,36.24788126,-6.07108752
-5.39244916,36.07989460,-6.23690913
-6.91748952,35.82760665,-6.37724341
5.99412148,36.14520250,-6.13228177
-8.29762268,35.00838128,-6.46097610
7.58651255,35.44158413,-6.10000943
9.13572966,34.61375353,-6.11818970
-9.64756248,34.10456140,-6.58956213
10.61576308,33.67027897,-6.18815534
-10.96682444,33.16844441,-6.75701159
12.02756290,32.67468973,-6.32374942
-12.28080682,32.26493527,-6.96229783
12.59035362,32.03726519,-6.42059774
-12.78853598,31.70652335,-7.05450343
-13.29966708,31.16287941,-7.15992932
13.16712020,31.42468642,-6.54663142
-13.82528104,30.62990745,-7.28133258
13.77809195,30.84506165,-6.70426895
14.44662923,30.30476682,-6.89747693
-14.38026116,30.10331341,-7.42129600
14.63323466,29.40627902,-6.98525741
-14.36493519,29.25225725,-7.44247646
14.85937971,28.52712046,-7.07795053
-14.36542378,28.39547539,-7.48953528
15.10835576,27.65493956,-7.17468899
-14.39671880,27.52690978,-7.56363349
-14.46853165,26.64199282,-7.66333215
15.35786516,26.77324985,-7.27622237
-14.45048917,25.40941749,-7.76381656
15.46704793,25.50887809,-7.34124073
-14.50767608,24.14672618,-7.88872153
15.49562650,24.17588517,-7.40740819
15.48419521,22.79670760,-7.48711157
-14.64374478,22.85581600,-8.03079774
-14.85793052,21.55925996,-8.19849471
15.52041390,21.42237339,-7.60099961
-14.68846474,20.61011517,-8.24057782
15.22964403,20.39572417,-7.64145869
15.03622759,19.41550836,-7.72931230
-14.55855208,19.68561663,-8.30253457
-14.46125239,18.79739576,-8.38963316
14.92111090,18.48814647,-7.84331116
-14.39070221,17.95094199,-8.49669994
14.85809283,17.61367560,-7.95582392
14.16202198,17.22701027,-7.87396124
-13.71025178,17.58169455,-8.35727335
-13.07734011,17.23467617,-8.23978123
13.53113625,16.87583545,-7.80285488
12.95671033,16.55620514,-7.73912604
-12.48089484,16.90832756,-8.14040498
12.42440861,16.25985672,-7.67671662
-11.91104712,16.60056922,-8.05485807
11.43949611,16.08951292,-7.51533767
-10.83341694,16.42762425,-7.83817325
10.50842190,15.95044735,-7.35976597
-9.79696484,16.30215785,-7.65123338
9.59394712,15.82938181,-7.21332769
-8.79402107,16.19659592,-7.49042212
-7.81659528,16.08768266,-7.35486180
8.66903018,15.71829520,-7.08296151
7.70885117,15.78395769,-6.95977161
-6.82734107,16.14121795,-7.21702338
-5.84519154,16.17217865,-7.10660679
6.73879012,15.84461837,-6.86538741
5.76148551,15.88338373,-6.80270050
-4.86654504,16.16771666,-7.02271714
-3.89052354,16.11606292,-6.96394473
4.77827994,15.88286879,-6.77242847
3.69256300,16.13631220,-6.72186757
-2.79360787,16.31553850,-6.87386807
2.60932173,16.32172330,-6.70065583
-1.70533065,16.44598729,-6.80615648
-0.62496075,16.49684295,-6.75704895
1.52945387,16.43215295,-6.70297498
0.45106259,16.46240984,-6.72675590
