-0.56161613,14.80124515,1.46051154
-1.39556116,14.79463652,1.45406531
-0.56739018,14.70857452,1.67407497
-1.40646096,14.70139691,1.66434500
-2.21369958,14.78644704,1.45053533
-2.22978128,14.69377305,1.65812611
-3.01694475,14.77293142,1.45461108
-3.03896970,14.68166084,1.66014227
-3.81734789,14.74362121,1.46661494
-3.84594359,14.65537100,1.67032177
-4.77337610,30.97086770,1.38368331
-3.66931635,30.95335613,1.47884472
-4.80713619,31.04100262,1.57343416
-3.69475478,31.02543931,1.66979137
-2.64819705,30.94294524,1.55375770
-2.66509091,31.01560197,1.74457241
-1.70866831,30.93983054,1.61015765
-1.71714345,31.01211212,1.80003094
-0.84372443,30.94744796,1.65267691
-0.84422328,31.01852291,1.84096746
-4.48862336,14.83359195,1.45169824
-4.52327498,14.74733781,1.65682400
-5.17703192,14.89083662,1.43281043
-5.21823125,14.80757348,1.63921364
-5.89826203,14.91030163,1.40478156
-5.94615121,14.83099386,1.61178167
-6.66977680,14.88489457,1.35989632
-6.72454470,14.81097369,1.56620153
-8.96320852,29.72823012,1.17693928
-7.83849554,30.02033829,1.23030458
-9.02078183,29.77795604,1.36969272
-7.89173598,30.07689140,1.42717301
-6.76847774,30.32411924,1.27860498
-6.81627345,30.38670741,1.47616947
-5.74574506,30.64049911,1.32986983
-5.78699745,30.70763736,1.52487832
-7.34421688,15.16362027,1.33699351
-7.40587239,15.09444630,1.55279452
-8.08230328,15.39082705,1.29415148
-8.15117148,15.32815382,1.51854672
-8.89902391,15.57842321,1.22688797
-8.97485015,15.52355483,1.45811066
-9.81121389,15.73605079,1.12222959
-9.89358528,15.69025730,1.35790257
-10.42748612,15.98840744,1.04145643
-10.51185731,15.95190675,1.28573573
-11.10498511,16.23772503,0.93369867
-11.19034784,16.21078820,1.18427972
-11.85529231,16.48520729,0.79483864
-11.93929616,16.46781965,1.04792729
-12.69377841,16.72703615,0.62396529
-12.77273714,16.71919748,0.87427267
-12.63891519,28.32843744,0.66594960
-11.61300291,28.68388438,0.83739553
-12.68495258,28.34681999,0.84289270
-11.66476815,28.71065377,1.02087834
-10.66855013,29.03352249,0.97243876
-10.72360435,29.06839218,1.16102402
-9.79029791,29.38042565,1.08221177
-9.84726556,29.42298946,1.27400727
-12.97259254,17.67833979,0.62343656
-13.06607916,17.66831931,0.88801694
-13.35956734,18.60854143,0.60589257
-13.46259985,18.59903407,0.87390282
-13.86368665,19.52226341,0.59300893
-13.96959055,19.51548388,0.85042099
-14.48857382,20.42743590,0.58131929
-14.58971649,20.42552410,0.81460757
-14.12830096,21.61700043,0.70931279
-14.22298187,21.61846634,0.93875921
-13.84802522,22.75575978,0.77689860
-13.93212571,22.76235999,0.99458371
-13.60881487,23.85620695,0.76719996
-13.68301899,23.86906999,0.97176400
-13.39010670,24.93131204,0.67111775
-13.45846601,24.95069395,0.86518819
-13.13874853,25.78141252,0.70975295
-13.20109214,25.80217367,0.89828230
-12.92358259,26.62785675,0.71320077
-12.98091304,26.64936533,0.89730944
-12.75382294,27.47549576,0.69450404
-12.80590732,27.49629110,0.87499367
-0.55771074,14.89151162,1.24322193
-1.38655276,14.88608598,1.24029591
-2.19943157,14.87784463,1.23969384
-2.99703880,14.86282886,1.24587749
-3.79134610,14.83078283,1.25939590
-4.74232817,30.89909181,1.18951510
-3.64712762,30.87945810,1.28388147
-2.63507683,30.86868843,1.35916508
-1.70419646,30.86626414,1.41681932
-0.84723735,30.87549641,1.46100453
-4.45681558,14.91872665,1.24248949
-5.13914838,14.97306301,1.22198666
-5.85396524,14.98835825,1.19309249
-6.61918501,14.95705427,1.14870801
-8.90776071,29.67660885,0.97883173
-7.78748292,29.96159122,1.02811149
-6.72313748,30.25955715,1.07600900
-5.70728334,30.57170864,1.13020025
-7.28700566,15.23111346,1.11593897
-8.01814079,15.45199571,1.06405417
-8.82807545,15.63136860,0.98963206
-9.73425359,15.77894304,0.88092179
-10.34867588,16.02183761,0.79209830
-11.02584550,16.26102902,0.67870929
-11.77788359,16.49850708,0.53815496
-12.62181756,16.73064929,0.37119876
-12.59594752,28.30961501,0.48630356
-11.56411955,28.65632096,0.65024471
-10.61589232,28.99750213,0.77926040
-9.73569603,29.33629528,0.88549296
-12.88625891,17.68514646,0.35474033
-13.26339164,18.61617572,0.33266604
-13.76399034,19.52807793,0.32871442
-14.39257016,20.42913858,0.34037413
-14.03827413,21.61567491,0.47130458
-13.76840847,22.74891825,0.55100188
-13.53868999,23.84296141,0.55551523
-13.32588313,24.91144609,0.47167885
-13.08040326,25.76000089,0.51656648
-12.86989656,26.60572807,0.52496587
-12.70503682,27.45401450,0.51050815
0.28008094,14.66411454,1.70127333
0.28089359,14.75253816,1.48493411
1.13623875,14.61578833,1.72049754
1.13221212,14.69846978,1.50151749
1.99790560,14.56072189,1.72852412
1.98907595,14.63607582,1.50721447
2.86324537,14.49524559,1.73137328
2.84985023,14.56170431,1.50837508
2.28530666,30.58660074,1.76013562
1.54353673,30.65513884,1.78747614
2.25168185,30.52541196,1.56795785
1.51786126,30.59122684,1.59528941
0.78982245,30.75229196,1.81376461
0.77252382,30.68579222,1.62228359
0.00105676,30.87472413,1.83377143
-0.00751067,30.80576878,1.64351941
3.59552078,14.58796672,1.71476602
3.57723124,14.64848785,1.48739628
4.32440984,14.66948660,1.71282681
4.30158035,14.72411054,1.48183409
5.05793794,14.74086072,1.73052696
5.03106396,14.79035802,1.49719420
5.80627066,14.80362873,1.76900016
5.77580250,14.84939780,1.53509637
5.32855029,29.16897870,1.70081118
4.50936054,29.47685814,1.66434797
5.26151370,29.11418760,1.47966837
4.44917437,29.42143548,1.45024076
3.74831840,29.81696913,1.67193755
3.69615476,29.76032177,1.46502319
3.01568494,30.18636962,1.70888492
2.97252264,30.12779829,1.50923978
6.41127749,15.31486127,1.84616402
6.37524555,15.36281509,1.60259052
7.02621891,15.79867389,1.92235141
6.98435349,15.84963553,1.67130895
7.66756983,16.25609391,1.99150115
7.61937963,16.31043051,1.73599422
8.35451713,16.68741606,2.03983608
8.29934697,16.74496022,1.78224852
8.77586569,17.14343211,2.04278191
8.71752566,17.19945577,1.77927215
9.23621889,17.57710257,2.03091361
9.17494939,17.63099793,1.76318400
9.74898952,17.98837311,2.00021327
9.68561830,18.03956787,1.73063636
10.33325832,18.37666002,1.94458100
10.26928068,18.42459755,1.67584384
8.44496104,28.06827614,1.83260524
7.50131704,28.27707436,1.78999158
8.37190250,28.03344877,1.60271620
7.42714509,28.23489647,1.55570442
6.69226148,28.53904647,1.73874817
6.61898172,28.49152269,1.50563145
5.97720436,28.83834046,1.70379897
5.90615885,28.78687284,1.47554479
10.40397380,19.35831607,1.89442394
10.32870971,19.40516648,1.61274687
10.58749216,20.26743839,1.87432521
10.50365767,20.31008672,1.58869093
10.88113267,21.12504746,1.87487324
10.79022092,21.16169848,1.59458635
11.29216022,21.95336574,1.88165523
11.19494008,21.98306625,1.61489303
10.78522988,22.90455557,1.90517699
10.68800082,22.92321381,1.62886812
10.34404826,23.80475378,1.90050388
10.24819699,23.81193241,1.61949406
9.95539480,24.66751568,1.86040773
9.86149361,24.66266815,1.57932372
9.61133417,25.50105642,1.77914971
9.51910541,25.48413290,1.50254357
9.28774401,26.13534423,1.86680826
9.20015056,26.11260264,1.60117809
8.98759043,26.76648276,1.90202543
8.90448065,26.73826123,1.64801161
8.70715397,27.40429291,1.88659622
8.62889722,27.37191132,1.64452189
0.27977758,14.83763297,1.26444391
1.12608735,14.77689746,1.27795083
1.97811143,14.70614315,1.28074864
2.83442603,14.62182356,1.27929400
2.21449224,30.46597686,1.37473027
1.48834780,30.52845513,1.40186921
0.75121093,30.61970568,1.42898014
-0.02017395,30.73648465,1.45080798
3.55691735,14.70178651,1.25246048
4.27689405,14.77043341,1.24188498
5.00266020,14.83067600,1.25352197
5.74427491,14.88562572,1.28976102
5.19227232,29.06215391,1.25941168
4.38620366,29.36888540,1.23721162
3.64079836,29.70642440,1.25881613
2.92588845,30.07153944,1.30962030
6.33826187,15.40123060,1.34582522
6.94153280,15.89116243,1.40531998
7.57059274,16.35585316,1.46410320
8.24430705,16.79427998,1.50810088
8.65952767,17.24796628,1.49939617
9.11469268,17.67821048,1.47964646
9.62408872,18.08503227,1.44621545
10.20809611,18.46770921,1.39417848
8.30055877,28.00030279,1.36888606
7.35354722,28.19470516,1.31932765
6.54490132,28.44626949,1.27186362
5.83363116,28.73794869,1.24796190
10.25685959,19.44806782,1.31768729
10.42355353,20.35001454,1.29020974
10.70336554,21.19682344,1.30133326
11.10189955,22.01225102,1.33532994
10.59474158,22.94187585,1.33825472
10.15655965,23.81909245,1.32382077
9.77204053,24.65773110,1.28413514
9.43159401,25.46753002,1.21383440
9.11642347,26.08986663,1.32490427
8.82439205,26.71045321,1.38526573
8.55292108,27.34037298,1.39602743
-1.67349566,15.12059788,-9.24995476
-2.33755433,15.14341185,-9.37817451
-1.71647128,15.23062917,-8.91826874
-2.37362988,15.25723502,-9.05188156
-2.99077203,15.14107835,-9.49336051
-3.02000503,15.25696722,-9.17289112
-3.64363171,15.12001010,-9.59411155
-3.66569402,15.23287058,-9.27738651
-4.30283183,15.08364656,-9.65285616
-4.31915717,15.18888425,-9.33607769
-1.06192628,15.24054685,-8.78898682
-1.01132809,15.13257035,-9.12847604
-0.38233759,15.22252753,-8.69300053
-0.32333138,15.11743801,-9.03787926
0.33041642,15.18193364,-8.64712630
0.39581520,15.08411031,-8.99071680
1.08330839,15.12035982,-8.63847686
1.15189104,15.03347773,-8.97421081
-3.96199953,30.96795043,-11.27851777
-4.73982216,30.55483407,-11.29498761
-3.96360282,30.97044729,-11.03348664
-4.73771167,30.54193052,-11.04392264
-5.51805942,30.25482371,-11.35808803
-5.51210657,30.23131729,-11.10479383
-6.31522987,30.02144087,-11.44701009
-6.30729422,30.00203497,-11.19914444
-7.15587993,29.87178692,-11.57959561
-7.14682410,29.86067866,-11.34108931
-3.20479437,30.92121579,-10.93331171
-3.19777902,30.93045796,-11.18863335
-2.44504539,30.98030378,-10.84661177
-2.43126804,30.99653906,-11.10923355
-1.65575380,31.13249682,-10.78290258
-1.63645947,31.14144386,-11.04302751
-0.79797770,31.39245600,-10.76146160
-0.77252570,31.39026044,-11.01269395
-4.93405707,15.22437726,-9.68809016
-4.94769806,15.32394076,-9.35966623
-5.56320375,15.34970603,-9.71920792
-5.57597613,15.43722017,-9.38222586
-6.19493746,15.45337933,-9.76901794
-6.20962068,15.52489308,-9.42260375
-6.84681023,15.51066762,-9.83816055
-6.86405986,15.56815359,-9.48289560
1.69471883,15.25269884,-8.62493338
1.76328194,15.17318091,-8.96333920
2.32621680,15.38070283,-8.62735683
2.38998760,15.31246502,-8.96301656
2.98561001,15.50684047,-8.65148426
3.04012368,15.45302129,-8.98216823
3.69607162,15.62354738,-8.66453905
3.74462741,15.57940890,-8.98884094
-7.91878360,29.28842757,-11.59874613
-7.90470098,29.27193411,-11.35233064
-8.71599914,28.77139168,-11.63904063
-8.69742237,28.76110590,-11.38693292
-9.57455797,28.32571077,-11.69028374
-9.55544744,28.32406680,-11.43764914
-10.53000144,27.93640223,-11.77333912
-10.50362247,27.94197063,-11.52582144
-0.02181621,31.12271098,-10.61472079
0.01611336,31.12849793,-10.87319882
0.83962785,30.92046562,-10.51507861
0.89173157,30.92385942,-10.77816305
1.83907904,30.77986389,-10.45189162
1.90303849,30.77721061,-10.71333495
3.04484758,30.65597460,-10.44515214
3.13288829,30.65325801,-10.69758184
-7.52719014,15.64511184,-9.94420988
-7.54520166,15.69775210,-9.57695908
-8.22690289,15.75574097,-10.11614117
-8.24391489,15.80445122,-9.74201579
-8.97256593,15.84372838,-10.33931314
-8.98776618,15.88278493,-9.96944902
-9.76857723,15.94266775,-10.57681514
-9.78264917,15.96792970,-10.21913816
4.36808575,15.88256655,-8.67577242
4.42174704,15.83486824,-9.00081633
5.07787630,16.16680191,-8.72201223
5.14194783,16.11272394,-9.04608055
5.87176841,16.46011440,-8.80695186
5.94606658,16.40473658,-9.12142200
6.75501829,16.77656655,-8.91324002
6.83699205,16.72573700,-9.21389854
-12.54715379,26.20658004,-12.06161943
-11.98436344,26.62359909,-11.95490686
-12.56898155,26.18896067,-11.80994914
-11.98879317,26.60876578,-11.69915408
-11.47695149,27.04379774,-11.87115249
-11.46403338,27.03169557,-11.61411412
-10.99479628,27.47685766,-11.80951661
-10.97078044,27.47523466,-11.55448369
6.27631798,28.99207239,-10.40895544
5.23914099,29.40258455,-10.39749028
6.31974481,29.02251498,-10.67410539
5.30971266,29.42997153,-10.66598341
4.39644004,29.81517532,-10.39590790
4.48674385,29.83806198,-10.66341703
3.67611722,30.23341604,-10.40991049
3.77215966,30.24267565,-10.67184605
-10.19305285,16.17917300,-10.75485894
-10.20620988,16.19597061,-10.40715937
-10.65601114,16.41676757,-10.93485044
-10.67090151,16.42238472,-10.60109829
-11.12615142,16.67678943,-11.11710360
-11.14217176,16.67061596,-10.80288923
-11.66639360,16.95737468,-11.30191262
-11.67840229,16.94044596,-11.00639202
7.11493262,17.15024121,-9.01325749
7.19691986,17.10384789,-9.31519608
7.55167783,17.51480007,-9.12985173
7.62828800,17.47574809,-9.43148312
8.02127838,17.87917121,-9.27928067
8.09052306,17.85034958,-9.57732140
8.60582596,18.24937472,-9.46488015
8.67629003,18.23171800,-9.75656344
-11.88026528,17.64495868,-11.41250932
-11.87483957,17.63623260,-11.11456933
-12.13222822,18.32456821,-11.53139483
-12.11703757,18.32102535,-11.23164880
-12.35562578,19.01809806,-11.66354887
-12.33692280,19.01506276,-11.36715551
-12.60685164,19.70457666,-11.78860271
-12.58555129,19.69817329,-11.49868666
8.43019934,19.04464671,-9.58058716
8.52780189,19.02167519,-9.89842678
8.38060066,19.81396202,-9.72729534
8.49103303,19.79023223,-10.06558091
8.34212283,20.58712125,-9.89824645
8.45288102,20.56899353,-10.24390096
8.39373746,21.37135907,-10.06404019
8.50184778,21.36316276,-10.40406688
-12.61884994,20.48742715,-11.84434557
-12.59451415,20.47308678,-11.55111313
-12.63859959,21.29892442,-11.90400949
-12.61424786,21.26773585,-11.60937042
-12.68341939,22.04918714,-11.97463390
-12.65935181,22.00884235,-11.68440957
-12.73667156,22.89059405,-12.03099910
-12.71448732,22.82088545,-11.75030929
8.04935657,22.26194803,-10.16056240
8.14916740,22.26775049,-10.50683764
7.75222540,23.20465747,-10.25964961
7.83950801,23.23497691,-10.60505587
7.55444986,24.10147777,-10.35285904
7.63818183,24.14502883,-10.68546218
7.37975444,25.07707153,-10.40042171
7.45276502,25.15953827,-10.71251261
-12.64978633,23.67748900,-12.03075036
-12.63141404,23.60484030,-11.75449374
-12.58394652,24.47897963,-12.03917411
-12.57490805,24.42220530,-11.76787255
-12.54721239,25.30384545,-12.05731852
-12.55343065,25.26493638,-11.79327445
6.96835932,25.99566796,-10.36982075
7.04134084,26.08346344,-10.67423519
6.62296846,26.93068575,-10.34717391
6.69661355,27.00428094,-10.64572201
6.38374763,27.90538302,-10.36485688
6.44678357,27.96120100,-10.65209376
-0.81804354,31.39637624,-10.52778995
-0.05748037,31.11454435,-10.37023965
0.79244892,30.91997678,-10.26444385
1.77662152,30.78063629,-10.20814830
2.95982247,30.65968957,-10.19625952
1.00488553,15.22682729,-8.31670622
1.61150963,15.35188871,-8.30276956
2.24580325,15.46711053,-8.30802428
2.91473871,15.57740890,-8.32291733
3.62466701,15.69008987,-8.33998933
6.24117507,28.95646894,-10.15889462
5.17948374,29.36886436,-10.13980008
4.30712630,29.79507146,-10.13962547
3.57994629,30.22656598,-10.15880986
6.65542924,16.84679462,-8.61574953
7.02897637,17.20846855,-8.70030510
7.44978100,17.56885859,-8.81693215
7.92824033,17.92662897,-8.97304421
8.47550601,18.28189526,-9.17331215
8.31271574,19.08378808,-9.26463219
8.22690682,19.86195008,-9.38510849
8.21725454,20.62908559,-9.53686682
8.28413277,21.39854008,-9.71761573
-11.65627381,16.94293333,-10.71140239
-11.85937543,17.64492123,-10.81820987
-12.07847247,18.34285985,-10.93015080
-12.31278068,19.03120435,-11.05693450
-12.56180484,19.70654959,-11.20398824
7.94939040,22.28429307,-9.80516108
7.68270446,23.17529588,-9.91427645
7.48131743,24.07247013,-10.01939375
7.33957518,24.98012304,-10.09889989
-12.56995503,20.47908658,-11.24861926
-12.59351799,21.23236075,-11.31453338
-12.63669314,21.97864242,-11.39554808
-12.70263605,22.73255477,-11.48263137
6.93162435,25.90443789,-10.08424504
6.58909014,26.85000378,-10.07000706
6.34564371,27.85334389,-10.08972646
-12.62537738,23.52828023,-11.50066971
-12.57886235,24.35349421,-11.51929110
-12.56611559,25.22688962,-11.54111017
-12.58974205,26.16557462,-11.57561477
-3.96320046,30.98210128,-10.80211379
-3.20960310,30.91503823,-10.68588523
-2.45626341,30.96022486,-10.60458145
-1.67083140,31.12079907,-10.55068360
-1.76424707,15.36226765,-8.59634688
-1.11841366,15.36990055,-8.46166566
-0.44865337,15.34974519,-8.36126547
0.25571841,15.30136358,-8.31351204
-2.41333415,15.39218297,-8.73496742
-3.05188835,15.39400933,-8.86487366
-3.69006998,15.36809300,-8.96570697
-4.33692817,15.31449554,-9.02948911
-4.73391600,30.53343509,-10.80728945
-5.50446414,30.20337690,-10.86461703
-6.29901801,29.97865761,-10.97063663
-7.13866916,29.84996694,-11.11717590
-7.88782965,29.25372745,-11.11680986
-8.67755643,28.75079848,-11.14248113
-9.53101960,28.32103640,-11.19724471
-10.47399703,27.94766294,-11.28315935
-4.95807917,15.44190473,-9.04794516
-5.58398445,15.54317868,-9.05744988
-6.22114047,15.61389097,-9.07500183
-6.87604223,15.64824459,-9.12429398
4.28523487,15.95393797,-8.35314170
4.99842736,16.23632576,-8.39461055
5.78101715,16.53573068,-8.47672870
-7.55268264,15.77320386,-9.21692403
-8.25865157,15.86746153,-9.36454885
-9.00199322,15.94070546,-9.58073328
-9.79063313,16.01069683,-9.87611077
-10.22301139,16.22240371,-10.05379452
-10.67567780,16.44430935,-10.25630728
-11.15212703,16.68271856,-10.47844256
-11.99441090,26.58698668,-11.45682922
-11.44566463,27.02170765,-11.36753090
-10.94030459,27.47382114,-11.30991294
-0.60588145,30.74632968,-0.91838951
-1.38182285,30.78555318,-0.96831674
-0.26773364,30.67568764,0.15706529
-1.05390872,30.73538137,0.14007181
-1.89455128,30.75507528,0.07996309
-2.19127554,30.77523111,-1.01377383
-2.80874752,30.79938511,0.00528776
-3.06909774,30.80255794,-1.07150918
0.13073986,30.74552363,-0.88001360
0.47201055,30.64682993,0.16453370
0.83130105,30.60890414,-0.91606611
1.19166203,30.48202791,0.13402867
-3.74497721,30.69697815,-0.09393428
-3.97847738,30.68647068,-1.18873986
1.52332302,30.50533337,-0.96159303
1.89695862,30.34740410,0.09807289
-4.75692429,30.61727892,-0.19697990
-4.95838344,30.60232394,-1.30747678
2.20422381,30.17843070,-1.01297014
2.58257900,30.01337544,0.03031826
-5.71532055,30.33498068,-0.28476876
-5.88238214,30.30817366,-1.38889302
-6.73246917,30.07922478,-0.35518763
-6.86632141,30.04453323,-1.45547280
2.90861565,29.86395668,-1.07036599
3.28450055,29.69889452,-0.03278139
3.63854523,29.48501760,-1.15145355
4.01038551,29.33835313,-0.10006682
-7.76315526,29.78396775,-0.41239055
-7.86639206,29.73489899,-1.51779645
-8.86168662,29.51154968,-0.45260810
-8.94181358,29.44714356,-1.56450094
4.45746389,29.11215819,-1.22725746
4.81150018,28.99726887,-0.14168167
-9.74951003,29.27041564,-0.50448778
-9.80291103,29.19654805,-1.61969041
5.15178637,28.81284488,-1.30623759
5.49486519,28.72222138,-0.17517434
5.96038895,28.54953060,-1.37202691
6.27580902,28.48406814,-0.18000412
-10.70648911,29.03403305,-0.56233120
-10.73776600,28.94564861,-1.67641200
6.76952953,28.15746467,-1.48055680
7.03825920,28.10941846,-0.22181461
-11.52361377,28.57366546,-0.65646901
-11.54006884,28.46106050,-1.76050695
-12.42492943,28.10450848,-0.75759408
-12.43359616,27.96322685,-1.84916785
7.73416370,27.85213508,-1.56754171
7.93187556,27.80453092,-0.24037973
8.23172093,27.27927545,-1.69037390
8.33394076,27.21072335,-0.34416577
-12.68523134,27.27875310,-0.80017016
-12.71443798,27.11710515,-1.87150712
-13.01012711,26.46080809,-0.84928199
-13.06432439,26.28593924,-1.90356867
8.78224886,26.76623821,-1.80846259
8.78074176,26.66161785,-0.46896187
9.15395032,26.21344466,-1.97447149
9.07154020,26.06569271,-0.58711206
-13.17641777,25.60323872,-0.86338881
-13.24336578,25.41185971,-1.97430948
-13.37537006,24.75144877,-0.91760517
-13.45479279,24.54913802,-2.08391335
9.54082524,25.66538021,-2.12664978
9.38557413,25.47858249,-0.72232385
-13.52325462,23.71908370,-0.93508636
-13.60140550,23.54161660,-2.13752695
9.88788237,24.93913452,-2.15910609
9.68955790,24.72565933,-0.74466392
-13.67162067,22.66452245,-1.03725329
-13.73857875,22.51032947,-2.24758969
10.23229531,24.16403081,-2.15868666
10.02431297,23.94497248,-0.75329997
-13.78382100,21.56006008,-1.15282937
-13.82869410,21.42092889,-2.36690146
10.52676905,23.30225908,-2.12121639
10.34093886,23.09708433,-0.71005100
10.85357967,22.36177525,-2.04034274
10.72093139,22.18900621,-0.63485231
-13.98340898,20.39255171,-1.25504733
-13.98702572,20.25874035,-2.45797494
10.78076675,21.45814373,-2.05557003
10.64906360,21.32970945,-0.68698036
-13.70672504,19.37939096,-1.34659323
-13.71383986,19.21905718,-2.52210302
-3.39082830,30.96868523,-2.00018506
-2.53141985,30.96260226,-1.94482629
-0.22348961,31.00309472,-1.80820387
-0.96197747,30.97875692,-1.84858251
0.48315886,30.88619214,-1.82423737
-4.27506592,30.82859532,-2.09930734
-1.73423884,31.00250689,-1.90105224
1.18650653,30.80542320,-1.85170492
-5.22617441,30.72535007,-2.20164871
10.77118757,20.48158279,-2.01743699
10.66246612,20.40607689,-0.67782971
-13.56648639,18.32221021,-1.36528357
-13.55437990,18.12414854,-2.52123136
1.87495486,30.49033578,-1.89005823
-6.12682556,30.40869373,-2.27969160
2.59199055,30.18452809,-1.94045390
-7.08691330,30.12387609,-2.34967257
3.33883261,29.79425917,-2.01378302
-8.06077007,29.78338583,-2.41460318
-12.83733836,17.48861332,-1.27322670
-12.83810113,17.22968079,-2.40937517
10.29693113,19.54896589,-1.99324649
10.19347612,19.54511450,-0.65622532
-9.11608691,29.46154974,-2.47183164
4.18355204,29.39898504,-2.09352984
-12.26302044,16.64016991,-1.13585770
-12.26805825,16.33178462,-2.25544144
9.95008468,18.55087718,-1.90293330
9.87795200,18.61322004,-0.55188919
4.89141658,29.07860078,-2.17806091
-9.94886008,29.18284536,-2.53420301
-11.50247315,16.33445488,-1.00097730
-11.52893039,16.00322802,-2.11619516
9.42864601,17.99564478,-1.89157152
9.37197956,18.11250804,-0.52461901
5.72346272,28.78949604,-2.25824662
-10.85786112,28.89679853,-2.60059349
-10.83363641,16.03819280,-0.86587028
-10.87528094,15.70344296,-1.97845549
8.97650555,17.41495231,-1.85751094
8.94199960,17.58113617,-0.47783632
-11.63701614,28.36719611,-2.68630248
6.56994619,28.37161217,-2.37561698
-10.11004704,15.92870476,-0.74302068
-10.16535223,15.61493837,-1.86618077
8.45245183,16.97748258,-1.86472778
8.43885185,17.18682063,-0.47160671
-9.45798255,15.81441712,-0.63413490
-9.52181268,15.53137255,-1.76721147
7.97178705,16.52997462,-1.86131707
7.98140280,16.77629691,-0.45939823
1.68320028,14.67288197,-1.52483799
2.49513812,14.50037577,-1.59281911
1.84488881,14.88643116,-0.17646174
2.67057728,14.76879578,-0.21680526
3.21157650,14.37129581,-1.66034999
3.38380730,14.66588441,-0.30212246
-3.67624404,15.24438517,-0.03300576
-4.33498396,15.22641683,-0.07052466
-3.67896244,15.28770613,-1.23292804
-4.33782922,15.26073312,-1.24303929
-2.91770881,15.25265237,-0.04890218
-2.93104961,15.29412551,-1.25011788
-8.60690259,15.67426579,-0.51132780
-8.66163988,15.45433372,-1.64006218
7.30549095,15.93409654,-1.84890343
7.35912258,16.21696391,-0.46153428
-2.15502418,15.23068914,-0.06433124
-2.18505879,15.25202716,-1.27364367
0.88806629,14.82596114,-1.45605884
1.02708687,14.98489142,-0.14023385
0.10449548,14.96155443,-1.39873938
0.21593401,15.05658062,-0.11515987
-1.37896176,15.18011635,-0.08036161
-1.43209679,15.17786879,-1.30796246
-0.66917222,15.06699408,-1.35383489
-0.58795600,15.11050879,-0.10127914
-5.01341625,15.16848219,-0.10902728
-5.01788524,15.18216864,-1.25615420
3.94763170,14.24920889,-1.70007174
4.11046868,14.55559077,-0.36269574
-7.85094029,15.49054758,-0.40369395
-7.89282042,15.32931160,-1.52627674
6.68921749,15.33362775,-1.81758577
6.78043747,15.63672685,-0.45213121
7.58988799,28.05039478,-2.47577796
-12.51235096,27.82343578,-2.78063228
4.65800373,14.33659829,-1.76168881
4.81480066,14.65467170,-0.41415995
-5.69370129,15.22055581,-0.16684865
-5.70470063,15.20377612,-1.31644556
6.02742968,14.88436770,-1.81593762
6.14915045,15.20080753,-0.45419502
-7.10278562,15.38503306,-0.31303417
-7.13391304,15.27902521,-1.45068162
5.38919381,14.44286342,-1.79063571
5.53436583,14.75953279,-0.43457903
-6.42043201,15.20836465,-0.23342017
-6.43707492,15.14725019,-1.38267792
8.16183685,27.48073473,-2.60814487
-12.80765292,26.94238043,-2.82324937
-13.17712762,26.08392751,-2.88243059
8.79256341,26.97825744,-2.72907370
9.21170475,26.42837114,-2.86382184
-13.36010251,25.19435248,-2.96373817
-13.56982857,24.32204335,-3.07637004
9.63047191,25.87351597,-2.97791887
-13.72358731,23.33179776,-3.14033921
10.01524205,25.15065278,-3.00911520
-13.86550452,22.31457710,-3.23707852
10.37714256,24.36419684,-3.00489658
10.67093460,23.47963790,-2.96837610
-13.95699190,21.23212999,-3.33568934
-14.09956995,20.06959490,-3.40872677
10.97842798,22.50392392,-2.89161261
-13.83831563,19.00419418,-3.44211541
10.89806530,21.55662310,-2.86908208
10.87487196,20.53328596,-2.80803595
-13.66380476,17.87724709,-3.43130063
-3.83230147,31.22071872,-3.18349222
-2.98652262,31.26032468,-3.12295754
0.04158059,31.32896409,-2.96126691
-0.67764575,31.41937325,-2.97217748
-4.69090472,31.02087832,-3.27348591
-1.42302777,31.35662279,-3.01746666
-2.19542732,31.35075281,-3.07317515
0.76245427,31.28118114,-2.96004810
-5.60968072,30.86039891,-3.36980495
-12.96195146,16.92292634,-3.31031810
10.39733272,19.54665479,-2.76097918
-6.47915882,30.48840364,-3.44014514
1.47116688,30.99036569,-2.95690803
2.21209989,30.70798498,-2.96644172
-7.40728689,30.15112700,-3.51015335
2.97795410,30.31857345,-2.99967818
-8.34593961,29.74685647,-3.58410480
10.03824323,18.49772499,-2.67598954
-12.39342166,15.97403016,-3.16049487
-9.37266637,29.36005641,-3.65940479
3.84579132,29.90931418,-3.04507018
9.50083194,17.90895803,-2.66686210
-11.67406074,15.60704511,-3.02704016
-10.16109814,29.03050167,-3.73565124
4.54879271,29.56558398,-3.10272321
-11.03229712,15.28449678,-2.89943728
9.02969905,17.29795849,-2.64566097
-11.02724197,28.69034789,-3.82053662
5.37676258,29.23574057,-3.16633808
-10.33192661,15.19724319,-2.79033183
8.48136373,16.84012197,-2.65461657
7.97671073,16.37535654,-2.65831623
-9.69143749,15.12656199,-2.69576763
6.21932669,28.75121901,-3.25731469
-11.76183617,28.10446253,-3.90785432
-8.81451267,15.08853657,-2.57960093
7.26410963,15.75915156,-2.66605274
-8.02434729,15.00670838,-2.47887827
6.60847452,15.14488369,-2.65971692
1.53930534,14.38862028,-2.46194750
2.34353501,14.20960113,-2.52306283
-2.99024158,15.13766241,-2.20333595
-3.73444417,15.13018216,-2.19613943
-4.39812007,15.10076832,-2.21077393
3.05942268,14.09807947,-2.57732719
0.75669799,14.55516738,-2.39719483
-2.25317714,15.08095000,-2.21984703
3.79840681,13.99968615,-2.60860491
-5.08500787,15.00775373,-2.23015635
5.91635698,14.68918934,-2.66350621
-7.24465131,15.00635224,-2.40136382
-1.51420675,14.99437130,-2.25118567
-0.01236578,14.72418856,-2.34145817
4.51465035,14.11176430,-2.64177843
-5.78272363,15.00663920,-2.27799200
-0.76848930,14.85986261,-2.29597742
5.25631669,14.24580102,-2.64792222
-6.52466176,14.91856877,-2.33187418
7.26132653,28.37162664,-3.35082498
-12.59546786,27.51324573,-4.00911538
-12.88983839,26.60170132,-4.05791709
7.88336680,27.76136231,-3.46350096
-13.26105875,25.72628362,-4.12515186
8.58232985,27.23129585,-3.57318488
9.03577164,26.65091369,-3.67824808
-13.42538574,24.83240430,-4.18925153
-13.61621176,23.96099616,-4.27195929
9.48737262,26.06510972,-3.76543761
-13.77712467,23.00303140,-4.31750483
9.90950705,25.33730697,-3.79370780
10.29649391,24.53677584,-3.78754447
-13.94114280,22.01266786,-4.37678820
10.60229236,23.63111728,-3.74628172
-14.06091731,20.95266229,-4.42929795
10.90846090,22.62757915,-3.67286344
-14.21281360,19.80592530,-4.47052386
-13.99056476,18.73236835,-4.47738980
10.83500673,21.64719710,-3.61788657
-13.81703487,17.59454792,-4.46765106
10.81734199,20.59234845,-3.54321570
-13.14690916,16.59261286,-4.35430216
10.35038410,19.57138192,-3.46449676
9.99984767,18.49545633,-3.38375241
-12.58750945,15.60097160,-4.23359337
9.44657413,17.89352225,-3.36892481
-11.88967730,15.18731035,-4.12299886
8.96002239,17.27429968,-3.35950557
-11.25884772,14.82854259,-4.02248864
8.38635326,16.81780106,-3.36712775
-10.56550141,14.72483423,-3.91968875
7.85925276,16.35643359,-3.37923027
-9.92520692,14.65240326,-3.82962246
7.09293767,15.74953572,-3.41130017
-9.02130295,14.64269775,-3.72175019
6.39544469,15.14963514,-3.43871307
-8.20137251,14.60179816,-3.62938749
-7.39828148,14.64904508,-3.55208350
5.66953205,14.70729313,-3.46705010
-3.12414639,14.90461634,-3.24830972
-3.85645819,14.88419331,-3.27370035
1.29496918,14.23886376,-3.36539146
2.08312214,14.09676683,-3.41149261
-4.51893094,14.85384520,-3.31067728
2.79093962,14.03613730,-3.44949963
-5.20569832,14.75076249,-3.35463039
3.52637504,13.98405459,-3.47293834
0.53175855,14.37047300,-3.31947671
-2.40169510,14.85057566,-3.23517974
4.23986054,14.12289748,-3.48763153
-5.90850950,14.72680575,-3.41554710
4.98659927,14.27906121,-3.48276841
-6.65442374,14.61151960,-3.48367501
-1.68063517,14.78319026,-3.23527249
-0.21889770,14.53285915,-3.27971853
-0.95442518,14.66248817,-3.25213281
-0.37665824,31.64971772,-3.88165055
-1.10398750,31.71031452,-3.91781338
-5.07960717,31.03247321,-4.26501348
-4.24302965,31.30751431,-4.17443585
-3.40996224,31.40839294,-4.10036290
-1.85393773,31.60548893,-3.97257589
-2.62509164,31.56137267,-4.03887725
-5.96881236,30.79984108,-4.36440592
0.35870784,31.63970831,-3.85589082
-6.81136107,30.36538324,-4.43662230
1.08620459,31.38976860,-3.81894403
1.85190388,31.15125096,-3.79473335
-7.71106040,29.97189497,-4.51308208
2.64158966,30.78341267,-3.78442082
-8.61618118,29.50842091,-4.58761309
-9.61472087,29.06757166,-4.67009935
3.53663433,30.38325882,-3.78874464
-10.36042173,28.70535403,-4.74834232
4.23378640,30.03088625,-3.81452755
-11.18303996,28.33809255,-4.83977114
5.05122834,29.67293207,-3.85256435
-11.87449216,27.73394092,-4.92400305
5.86092117,29.12008783,-3.91087637
-12.66167225,27.13644787,-5.02806517
6.88639138,28.66920281,-3.99029116
7.52163520,27.99108801,-4.07233551
-12.94666786,26.23022600,-5.05616503
-13.30712873,25.36728272,-5.10377993
8.25938513,27.40933447,-4.16773922
8.72324519,26.78051358,-4.25351782
-13.44819612,24.48663738,-5.13205130
9.19313236,26.15204044,-4.32725060
-13.62000476,23.62970031,-5.17308557
-13.78105197,22.71575063,-5.18141049
9.63227650,25.41136235,-4.34852380
10.03162683,24.59681189,-4.33632087
-13.95735581,21.76785644,-5.20117204
-14.09440557,20.75174694,-5.22122226
10.34338348,23.67950930,-4.28983804
-14.24899262,19.65006502,-5.24827845
10.64994195,22.66737736,-4.21966779
-14.06588575,18.61215132,-5.24619590
10.59470776,21.68005775,-4.14619920
-13.90529672,17.51277830,-5.24995319
10.59447843,20.62715876,-4.06989900
-13.27748417,16.52079681,-5.14870118
10.15214317,19.61070198,-3.96822482
9.82508099,18.54963118,-3.89311010
-12.73601915,15.53539006,-5.06104030
-12.05806490,15.10583742,-4.96345773
9.26873379,17.95808268,-3.86625237
8.77989084,17.35409449,-3.86036492
-11.43920152,14.73006299,-4.88130172
8.19181003,16.91602155,-3.86867468
-10.75855750,14.60567827,-4.79078730
-10.12623100,14.51991142,-4.71226148
7.65191458,16.47495804,-3.89092196
-9.20694054,14.51826777,-4.60824868
6.84365592,15.90036137,-3.94027352
-8.37028083,14.50120368,-4.52059950
6.11402541,15.33915301,-3.99395142
-7.55613105,14.57623056,-4.43303106
5.36486479,14.92730118,-4.03706636
4.66730592,14.53348100,-4.07234257
-6.80077537,14.57699927,-4.35618675
1.78537176,14.26895006,-4.03301269
2.48258336,14.24735405,-4.06287994
-4.02607463,14.87059470,-4.07658781
-4.68350512,14.84142663,-4.13735055
1.01275147,14.37832919,-3.99653600
-3.30836436,14.90444391,-4.02086325
3.21087246,14.22860462,-4.08513745
-5.36408825,14.73853646,-4.20660043
3.91968553,14.37331921,-4.08618294
-6.06208801,14.70081814,-4.27712380
0.26769071,14.47384034,-3.96694382
-2.60044914,14.86142746,-3.97918212
-1.89626380,14.82265165,-3.94976334
-0.46858223,14.61858929,-3.94489657
-1.18762043,14.72896938,-3.94054641
-1.52552039,31.86337357,-4.79908336
-2.28106596,31.71007641,-4.85952692
-4.65298046,31.23260662,-5.09011028
-3.83176055,31.39905390,-5.00441391
-5.46981106,30.88397599,-5.17941688
-0.79008661,31.83722346,-4.74453012
-3.05110023,31.62173390,-4.93597075
-6.33154176,30.58795251,-5.28114018
-0.03867760,31.87045021,-4.70405490
-7.15164377,30.10469620,-5.34369166
0.71219100,31.66910995,-4.63652951
-8.02815865,29.67494174,-5.41569927
1.51104107,31.48565171,-4.58404290
2.33249354,31.15720747,-4.54078500
-8.90932443,29.17429442,-5.48762755
-9.88654443,28.70404011,-5.57752239
3.26501168,30.78812185,-4.51220151
-10.59402146,28.33057648,-5.66184501
3.96226500,30.44307600,-4.51222748
-11.37461234,27.96139415,-5.76619577
4.77444744,30.07498563,-4.52727930
5.55151580,29.46585273,-4.54347391
-12.02065928,27.36668974,-5.84423610
6.54493009,28.94142074,-4.59771504
-12.75389523,26.78728064,-5.95023307
-13.02066978,25.89651849,-5.95691183
7.16982053,28.18427698,-4.64408813
-13.35928023,25.05282900,-5.98673426
7.92822031,27.53888324,-4.72662280
8.38978102,26.84938951,-4.79035326
-13.46985572,24.18999167,-5.97038646
-13.61612333,23.35291717,-5.96427198
8.86581713,26.16693276,-4.84932459
9.30327157,25.40581278,-4.85813569
-13.76621539,22.48877490,-5.93156337
9.69888712,24.57420360,-4.83397941
-13.93611158,21.59467255,-5.91453943
10.00363094,23.64809488,-4.77677917
-14.06872103,20.64130121,-5.90636263
10.30141779,22.63680953,-4.70617880
-14.20834538,19.61132129,-5.92197484
10.26640602,21.65970373,-4.62456885
-14.05711995,18.64210300,-5.91784971
10.28382494,20.63106113,-4.55802306
-13.91098932,17.61842718,-5.93711115
9.87398478,19.64510696,-4.43933797
-13.33834535,16.67590248,-5.84229680
-12.82599363,15.73393324,-5.77825735
9.57594758,18.62661349,-4.37177664
-12.17710477,15.30768957,-5.68917149
9.02471395,18.05886520,-4.33262632
-11.57888354,14.93004012,-5.62196796
8.54027315,17.48357710,-4.32914874
7.94713671,17.07000814,-4.33102248
-10.91971774,14.78701874,-5.53438367
7.40288700,16.65561786,-4.35650389
-10.30346223,14.68474917,-5.45980498
6.56216320,16.12035325,-4.41326283
-9.38197920,14.67459495,-5.35201799
5.80714269,15.60568702,-4.48313040
-8.54013070,14.66489939,-5.26309483
-7.72607558,14.74810782,-5.17245827
5.03646181,15.23333152,-4.53926594
-6.96867085,14.77150791,-5.09557648
4.32332634,14.88578975,-4.59144252
-4.22758195,15.04169750,-4.78424375
-4.87952363,15.02079694,-4.85829560
1.46860102,14.58402387,-4.57593370
2.15493337,14.58990800,-4.59832429
-3.52514599,15.08047835,-4.71059831
0.70940333,14.66892980,-4.55041017
-6.24205188,14.88915378,-5.01276017
3.57780159,14.73279176,-4.61149430
2.87470051,14.59456454,-4.61968461
-5.55275248,14.93049555,-4.94048386
-2.83128377,15.04560364,-4.64903003
-0.02003528,14.73701822,-4.53975736
-2.14162758,15.02807102,-4.58918062
-0.74352396,14.86455263,-4.53327632
-1.44729426,14.95655857,-4.55088194
-4.22272283,31.25624827,-5.98999232
-3.44429158,31.54514617,-5.92315121
-2.67574345,31.67601245,-5.84026738
-5.03353956,31.03336771,-6.08153611
-1.91408618,31.87880241,-5.78104697
-5.83334171,30.63019833,-6.15658050
-1.17022429,31.88812082,-5.70950038
-0.40170345,31.96329283,-5.65947462
-6.67262940,30.29671604,-6.25003012
0.36935101,31.81219360,-5.56988664
-7.48190166,29.79026763,-6.29499937
-8.34658536,29.35232227,-6.35876461
1.20160803,31.68809985,-5.50183739
2.05936404,31.40599149,-5.43398202
-9.21236520,28.84195330,-6.42286196
3.03817750,31.08002875,-5.38229980
-10.17208309,28.36984516,-6.52201927
3.74288285,30.75067698,-5.36073272
-10.83917193,28.00619488,-6.61362609
4.55934834,30.38629008,-5.35748372
-11.57226179,27.65486745,-6.73538212
-12.16365062,27.07831516,-6.81772232
5.30861809,29.74374642,-5.33237765
-12.82870905,26.52127545,-6.94005999
6.26688240,29.16180560,-5.36500302
6.86319362,28.32371267,-5.36588119
-13.05610384,25.64378639,-6.92944377
-13.34922976,24.81600235,-6.94854000
7.62283449,27.60512350,-5.43717376
8.06401073,26.84402080,-5.46912104
-13.41437197,23.96697784,-6.87942125
-13.52274696,23.14996443,-6.81835240
8.52532155,26.09541952,-5.50593556
8.93214084,25.30354784,-5.49987768
-13.64471749,22.33730483,-6.74798850
9.29865252,24.44963589,-5.46192665
-13.78875842,21.50445490,-6.69964349
9.58019058,23.51963719,-5.38545707
-13.90118065,20.62780030,-6.65785965
-14.01399777,19.68936338,-6.65584977
9.85445103,22.52224225,-5.31285306
9.83449773,21.57593830,-5.24046828
-13.88780719,18.81272941,-6.65386950
-13.75559200,17.89199926,-6.69211575
9.86110070,20.59712132,-5.20893705
9.49581558,19.67107189,-5.06984032
-13.25708740,17.02867721,-6.59004366
9.23467626,18.72083468,-5.00875461
-12.79193437,16.16106070,-6.53466253
-12.18518962,15.75966744,-6.44541782
8.69918551,18.18903824,-4.95078296
8.22831505,17.65181155,-4.94663246
-11.61911002,15.39817394,-6.38635002
7.64582109,17.26438569,-4.92616818
-10.99559801,15.23846348,-6.28698729
7.11113783,16.87711518,-4.94252742
-10.40773272,15.11561919,-6.20538660
6.25152379,16.38142183,-4.99629674
-9.50198720,15.08221939,-6.08940776
-8.66922192,15.06077510,-5.99963567
5.48052342,15.91325501,-5.07544077
4.69971266,15.57626720,-5.13177628
-7.86549234,15.12496897,-5.90193489
3.97932255,15.27068042,-5.18807018
-7.11337753,15.14442447,-5.82417470
3.24152535,15.12711899,-5.21282200
-6.40316297,15.23621851,-5.75140436
2.54762888,14.99835146,-5.22886003
-5.72498061,15.26416977,-5.69361712
-3.72848126,15.35872567,-5.47135064
-4.41632027,15.32953861,-5.55016968
1.16293411,14.95304385,-5.19712338
1.83792698,14.97711301,-5.20989595
-5.06156330,15.32744697,-5.61882867
0.41908935,15.01771949,-5.18180397
-3.04738864,15.32140999,-5.39831449
-0.29293214,15.06452666,-5.19124261
-2.37308064,15.31344746,-5.31089385
-1.00412402,15.17737720,-5.20167910
-1.69309077,15.25572541,-5.24290981
-2.93823150,31.52194698,-6.91351630
-3.70585466,31.36908854,-7.00834385
-4.48083264,31.04495074,-7.05114790
-2.17121791,31.75602546,-6.85331125
-5.28270115,30.80065763,-7.13104629
-1.42603188,31.78433708,-6.77690303
-6.07456904,30.37776515,-7.19102297
-0.64887233,31.88467716,-6.73321491
-6.90334127,30.03999856,-7.28181766
0.13432329,31.76663234,-6.61759205
-7.70880988,29.54233476,-7.29443906
-8.56706495,29.12185861,-7.34080957
0.99018624,31.68237333,-6.53621909
1.87398967,31.43220462,-6.44376000
-9.41907988,28.62515873,-7.38524606
-10.35733844,28.16935040,-7.48567551
2.88893852,31.13822898,-6.37517195
-10.98626316,27.82174646,-7.58792686
3.59892409,30.82331655,-6.34582200
-11.67275846,27.48848807,-7.73042033
4.42053108,30.46910782,-6.34118528
5.15196614,29.82074268,-6.27536128
-12.20859490,26.92762974,-7.80905299
-12.80538489,26.38469231,-7.93956205
6.08289393,29.21158257,-6.29058948
-12.98470675,25.51578963,-7.90545905
6.64096139,28.32091544,-6.23314628
7.37314429,27.54065500,-6.28529642
-13.22388024,24.69707230,-7.90842428
-13.24238991,23.85580243,-7.78742488
7.77161915,26.72157365,-6.27355083
8.19345651,25.91709832,-6.27742029
-13.31202893,23.05262442,-7.67167713
8.56293913,25.10339105,-6.23127774
-13.40710423,22.27944853,-7.54517796
8.89964192,24.24182032,-6.15920381
-13.52733965,21.49300569,-7.44786943
9.16182956,23.32330406,-6.05884011
-13.62308511,20.67148417,-7.36629290
-13.71865142,19.79841796,-7.33678045
9.41937330,22.35363448,-5.98543632
-13.60966972,18.98664338,-7.32719891
9.41678848,21.44788026,-5.93430733
9.45745178,20.51872592,-5.95142834
-13.48982743,18.13597392,-7.37046384
-12.07653850,16.12411903,-7.03099887
-12.64624059,16.50633853,-7.13756141
-13.06084691,17.32637779,-7.22346833
8.93855420,18.77116806,-5.67316058
9.15130225,19.66104717,-5.76305303
8.42886239,18.27247953,-5.57665381
7.98135383,17.76359156,-5.55155247
-11.53843243,15.77428699,-6.96148946
-10.38633036,15.46428968,-6.73233090
-10.94767877,15.60335288,-6.83464778
-9.50082967,15.40955689,-6.60273622
6.05274589,16.55034519,-5.49993248
6.90669478,17.02421557,-5.46803173
7.42129773,17.39516104,-5.48345930
-8.68182708,15.36913608,-6.50899718
5.28562552,16.10542817,-5.57137317
4.50945864,15.78439585,-5.61421660
-7.89171873,15.40705110,-6.40534689
3.79265801,15.49738382,-5.66223763
-7.14864861,15.40797253,-6.32809934
3.06687710,15.35411570,-5.68294775
-6.44951984,15.47060327,-6.26525383
-5.77885142,15.47686212,-6.22159982
2.38438411,15.22527682,-5.69795238
-5.12170418,15.51351279,-6.15228908
1.68596130,15.19032096,-5.67115430
-4.48072228,15.49539564,-6.08705626
1.02211317,15.15224130,-5.65586998
-3.80200121,15.51347759,-6.01933175
0.28814379,15.20512353,-5.65237944
-0.41285618,15.24030835,-5.68139274
-3.12930304,15.47121204,-5.95107447
-1.79629004,15.41466660,-5.76346462
-1.11632503,15.34370532,-5.70491210
-2.46595449,15.46568714,-5.84899518
-5.45942994,30.51289432,-8.87798443
-4.66513135,30.73952143,-8.80275164
-1.61939990,31.43186663,-8.53019689
-2.36210099,31.42044813,-8.61798484
-3.13008175,31.19191004,-8.67763421
-6.24134534,30.10163819,-8.93170799
-3.89304638,31.06173577,-8.78584715
-10.44690723,27.99078445,-9.18090536
-9.53523503,28.43018236,-9.08136668
2.76650295,30.85116036,-8.10887579
1.71773703,31.11373328,-8.15452676
3.48749629,30.56215446,-8.09416230
-11.03418022,27.65669309,-9.27776566
-0.83776675,31.52759975,-8.48812442
-7.05667147,29.78534119,-9.03756039
0.81868074,31.34814214,-8.24832137
-8.70129098,28.91180368,-9.05332008
-0.05132193,31.41417108,-8.33945394
-7.85423759,29.30787786,-9.02131036
4.32913703,30.24569737,-8.11053186
-11.67038502,27.33520317,-9.41710566
-12.15098008,26.78192642,-9.48833963
5.04751407,29.62455856,-8.04013391
5.95368931,29.02798487,-8.05343165
-12.67877932,26.24350984,-9.61913761
-12.81188342,25.38039215,-9.57436813
6.41820770,28.08856108,-7.93448151
-12.99216333,24.56520099,-9.57248221
7.04885387,27.23600255,-7.94008204
7.32364311,26.34019604,-7.85591706
-12.94783382,23.72879284,-9.41677989
7.64256081,25.46914259,-7.78767921
-12.95310840,22.93588522,-9.24990297
-12.98737702,22.19855369,-9.07361264
7.93297097,24.63220297,-7.67780918
8.74475041,21.96619139,-7.33917974
8.47740437,22.88590776,-7.41620751
-13.09609970,19.13394223,-8.59628220
-13.16774106,19.88486976,-8.70146520
-13.10603729,20.69084020,-8.78143205
8.82831133,21.13476878,-7.25295154
-13.05241012,21.45620835,-8.92246559
8.22525518,23.77312388,-7.55340981
8.57073124,18.67740329,-6.98712630
8.71992746,19.49545797,-7.06924377
-12.28327694,16.88026142,-8.23936094
-12.64628547,17.61794550,-8.35983568
8.11022592,18.23891021,-6.78661161
-11.78279608,16.52051556,-8.03889921
-10.22946763,15.87765343,-7.59482809
-10.75364273,16.01763106,-7.72430927
5.84552428,16.69631577,-6.40030044
6.67649678,17.12720770,-6.46958319
-9.38575309,15.78937712,-7.40702068
7.16988210,17.45800507,-6.53659308
8.95926608,20.27810273,-7.24644180
-13.01627173,18.34348761,-8.55553273
-11.29972805,16.17938167,-7.89219644
7.70945529,17.77733287,-6.66969716
-8.59609380,15.71123207,-7.27947891
5.09876202,16.28055230,-6.40344511
2.92052423,15.57001799,-6.42389514
3.62720091,15.71591611,-6.43081809
-7.10395972,15.67983426,-7.09910365
-7.82971563,15.71187377,-7.16992830
-6.42173924,15.69490041,-7.04232594
4.33459779,15.98288722,-6.40702476
0.91580201,15.33917385,-6.38640794
1.56836390,15.38959340,-6.39273035
-3.81512896,15.61992840,-6.87212458
-4.48282884,15.62231825,-6.93679953
0.19760259,15.37084519,-6.38363994
-5.11609246,15.66522613,-6.97347277
2.25548534,15.43497951,-6.41795655
-5.76318720,15.66169158,-7.01025477
-3.15252417,15.56861331,-6.79406978
-0.48662695,15.38454724,-6.42552953
-2.50351727,15.56969084,-6.69458753
-1.18004939,15.47385097,-6.49350301
-1.84783425,15.53210532,-6.60578454
-0.92863292,30.77826974,0.77831564
-0.11881393,30.63533180,0.77242942
-1.76408504,30.74303216,0.72118185
-2.67001138,30.72494538,0.65229400
0.63566596,30.51830854,0.75449627
1.35709122,30.42909413,0.73089699
-3.65524682,30.72141067,0.56947987
2.06940686,30.36952360,0.70685062
-4.72384080,30.73392010,0.47418956
-5.66691088,30.40109766,0.39714341
2.75909983,29.97579193,0.62813676
-6.66333092,30.09067061,0.33331927
3.45559081,29.60883309,0.56121156
4.18798745,29.26489550,0.51926177
-7.71311543,29.80082976,0.28628713
-8.82543221,29.52924818,0.24974324
4.98872518,28.94732278,0.51534012
5.62009817,28.61598411,0.47941577
-9.64018628,29.19796133,0.16814902
6.32809813,28.31850635,0.47792433
-10.51097027,28.86937268,0.08206686
-11.45423394,28.53861397,-0.01750354
7.13983250,28.06512156,0.50522215
-12.48653664,28.20138638,-0.14395286
8.09465918,27.87560795,0.54934161
8.35003008,27.22483086,0.51739170
-12.59494865,27.34237762,-0.13615976
8.62857330,26.61091003,0.45196835
-12.76135961,26.49679953,-0.13806303
-12.97319812,25.65790471,-0.16425272
8.93103528,26.01293483,0.34622250
9.25938485,25.41826618,0.20351433
-13.21816933,24.81823587,-0.22961912
9.57973652,24.64406572,0.23738814
-13.39705837,23.77462812,-0.19440038
-13.58163314,22.70612471,-0.24957523
9.94019544,23.84317572,0.26493833
-13.80409888,21.59514711,-0.36470114
10.35342346,23.00124002,0.29331985
10.83847229,22.10249975,0.33003664
-14.12096236,20.42339133,-0.49471598
10.44860349,21.30016688,0.26145434
-13.47731508,19.53375418,-0.55827193
10.17803198,20.46164707,0.23941782
-12.97957938,18.62419786,-0.56276283
10.02223797,19.56193916,0.28074337
-12.61789891,17.68860281,-0.51156691
-12.37870414,16.72440097,-0.43612513
9.98795587,18.57909725,0.39822128
-11.53994783,16.50543492,-0.29016269
9.41497563,18.18140842,0.42733419
-10.79901041,16.28657243,-0.15396989
8.91959870,17.75792611,0.45530359
8.48104065,17.30999561,0.48381891
-10.13701978,16.06762260,-0.03198069
-9.53978598,15.84423002,0.07555399
8.08414674,16.83816597,0.51302281
7.42255610,16.37766536,0.48155349
-8.64713497,15.73355008,0.19525654
6.80616643,15.89513476,0.45035554
-7.85324032,15.58403416,0.29097069
6.21572682,15.39299705,0.42981506
-7.13811181,15.38475798,0.37071898
-3.71807380,15.06653150,0.59943013
-4.36963885,15.14434835,0.56658639
2.75960733,14.73560380,0.52943564
3.46828629,14.77880882,0.46742936
-2.94511214,15.08528242,0.58359479
1.91970435,14.83359733,0.54712440
-2.16739028,15.08094271,0.57241347
1.08504698,14.91471629,0.56052600
0.25597128,14.98115029,0.56213955
-1.37412350,15.06319855,0.56403426
-0.56489363,15.03525391,0.55482608
4.17773771,14.81189203,0.42350709
-5.03699072,15.18477224,0.53056207
-6.48512013,15.12380350,0.43524719
5.63451020,14.87050587,0.42017814
4.89668276,14.84051479,0.40628492
-5.73591664,15.18097205,0.48845677
1.54355858,15.44390643,-7.19079427
2.18646609,15.54820546,-7.20122574
2.86623315,15.65036679,-7.22516515
-5.68501696,15.71598808,-7.88212156
-6.33531052,15.75172350,-7.89887644
-5.04987168,15.63976626,-7.87558075
-7.00762617,15.74314730,-7.94648892
3.58941598,15.75848567,-7.25354531
0.93015733,15.33186033,-7.20329892
-4.42323599,15.52689680,-7.86382506
-7.70525804,15.84818816,-8.00714434
4.24932578,16.04944833,-7.23996143
-3.76954404,15.57364315,-7.79320954
0.18766174,15.41087678,-7.18394009
4.96259759,16.36355369,-7.25654976
-8.43640490,15.91996555,-8.11858528
-0.51235861,15.46748124,-7.22222714
-3.12512410,15.58307427,-7.69318995
5.74436062,16.69609934,-7.32252996
-9.20878775,15.97129141,-8.29582770
-1.17963989,15.49717276,-7.32030598
-2.48022886,15.55678323,-7.57621592
6.61394236,17.03394310,-7.46832285
-10.02760563,16.02271830,-8.55869987
-10.48141333,16.23659116,-8.70350481
6.99462928,17.41377553,-7.53201394
-1.82466082,15.49680086,-7.46312624
-10.95194978,16.46120258,-8.89043798
7.42150963,17.78354355,-7.64902755
-11.44037874,16.70150637,-9.12234375
7.90304838,18.13837865,-7.83099466
-11.94777259,16.96128552,-9.39968370
8.44914139,18.47779853,-8.08077041
8.32337991,19.30839479,-8.08759588
-12.15248336,17.69882754,-9.47386193
-12.36566154,18.42371615,-9.58537321
8.27968476,20.10631677,-8.15114222
-12.58612000,19.12814313,-9.74499819
8.30945085,20.88184104,-8.27795400
-12.81396529,19.80746607,-9.95701748
8.40580330,21.64592132,-8.46948241
-12.78352045,20.59110513,-10.01472178
8.09310826,22.54449728,-8.53050753
7.82322495,23.42817773,-8.64910785
-12.76519484,21.34389140,-10.11667575
7.59175442,24.30090183,-8.78485699
-12.76784736,22.08112381,-10.24736836
7.39379968,25.17021722,-8.90463607
-12.79782241,22.82085494,-10.39029502
-12.69594257,23.59825729,-10.42710978
6.92962164,26.04958781,-8.89028311
6.51225128,26.94020145,-8.89516149
-12.63032218,24.40275080,-10.47010832
2.79226094,30.67253971,-9.12595645
1.66147981,30.81747332,-9.12731437
3.39780115,30.23990795,-9.06932082
-10.92922691,27.45790815,-10.24647611
-10.45164520,27.91729112,-10.21629044
-9.50687203,28.28030459,-10.10197831
-11.44590220,27.01570306,-10.31925507
4.10644410,29.79822878,-9.03952529
4.96222157,29.35547603,-9.04804542
-12.00690546,26.58737582,-10.43662435
-12.60330570,25.25417702,-10.52280370
6.18960352,27.88357674,-8.96153233
6.02051053,28.93057005,-9.10710491
-12.61696528,26.17016425,-10.59616095
-8.64820414,28.69104962,-10.04315148
0.70990455,30.95510870,-9.18397588
-0.12098524,31.12412162,-9.29649113
-7.85168647,29.16742257,-10.03201194
-7.09689981,29.73244293,-10.06065998
-0.87136443,31.36069976,-9.46782766
-1.69644809,31.09609878,-9.47751755
-2.46242846,30.93345437,-9.52994556
-6.26035968,29.88251916,-9.90241422
-5.46930257,30.12573545,-9.79709810
-4.70499450,30.46882341,-9.74891573
-3.20195351,30.87574356,-9.62164212
-3.94572293,30.92155408,-9.75954345
