1.13140612,15.17276381,1.57191888
0.30056711,15.30696758,1.57012810
1.13581995,15.10171458,1.78592257
0.30299668,15.23899283,1.77360227
-0.62109454,15.44891123,1.56339462
-0.61986622,15.38496808,1.75713286
-1.61438324,15.56608214,1.56290805
-1.61369025,15.50568521,1.74857744
-2.65694436,15.62614180,1.58668143
-2.65633031,15.56573772,1.76651321
-4.25769808,31.86042112,1.11178846
-3.44867081,31.77018252,1.15577610
-4.26694863,31.98302470,1.32681292
-3.44758141,31.89971645,1.36391837
-2.73207085,31.72436617,1.18892649
-2.72192503,31.85707106,1.38951038
-2.08788430,31.72709191,1.22027634
-2.06996152,31.85960268,1.41241567
-1.49575619,31.77721619,1.25224799
-1.47095810,31.90683741,1.43610752
-3.57459953,15.74058144,1.60956602
-3.57432649,15.67707900,1.78665857
-4.52540590,15.79635698,1.63180221
-4.52609431,15.72872489,1.80717030
-5.50442318,15.78116030,1.64228553
-5.50688926,15.70935312,1.81670445
-6.49665413,15.66090071,1.64249583
-6.50144924,15.58569114,1.81840873
-7.98949248,31.08368378,1.12399942
-6.87230358,31.28391220,1.11467874
-8.04088955,31.17712436,1.36595529
-6.91473538,31.38429695,1.34851667
-5.87876574,31.45915757,1.12669463
-5.91014310,31.56642394,1.35296076
-5.01404025,31.64827084,1.12784075
-5.03378792,31.76290205,1.34771743
-7.33539617,15.79352291,1.70832472
-7.34474970,15.71370982,1.88716795
-8.18901945,15.82770945,1.76688973
-8.20361330,15.74506825,1.95254258
-9.06438688,15.79253552,1.81531485
-9.08714708,15.70729108,2.01381597
-9.96451972,15.73797270,1.85284985
-9.99890310,15.65075142,2.07170274
-10.56233102,15.87437372,1.89063788
-10.60312233,15.79332331,2.12887684
-11.22119358,16.01908344,1.93479502
-11.27016064,15.94622962,2.19555238
-11.97240499,16.18006634,1.99424425
-12.03039377,16.11803415,2.27491146
-12.86979677,16.35371063,2.04114418
-12.92994125,16.30833836,2.33353571
-12.01300867,29.55831048,1.25198315
-10.81169961,29.96808003,1.24971110
-12.05729356,29.60174641,1.49999347
-10.86117494,30.03432109,1.50123139
-9.77651866,30.36773386,1.17992203
-9.82843880,30.44732324,1.43306284
-8.84527665,30.74222954,1.12627380
-8.89772347,30.82957572,1.37565167
-13.29872185,17.38899295,2.16085307
-13.36851834,17.35245927,2.45052169
-13.81215160,18.45200055,2.24036984
-13.88792299,18.42290989,2.51886375
-14.41673934,19.51140909,2.23020622
-14.49523676,19.48659903,2.49531252
-15.11894202,20.54618783,2.12909784
-15.19529884,20.52396665,2.38253603
-14.58379153,22.05629821,2.05055580
-14.66770131,22.03625613,2.30639270
-14.10698211,23.48857543,1.91337925
-14.19393344,23.47637782,2.17101066
-13.67649595,24.81816267,1.71784696
-13.76478104,24.81917185,1.97653432
-13.29325596,26.04306819,1.46980022
-13.37927181,26.06248080,1.72935126
-12.91061846,26.97524998,1.45387625
-12.98757839,27.00267455,1.71054564
-12.57755221,27.86518196,1.40377652
-12.64395099,27.89980187,1.65735587
-12.27248298,28.72035771,1.33517033
-12.32760939,28.76063528,1.58518040
1.12202017,15.23704664,1.34711238
0.29266580,15.36787470,1.35583874
-0.62771408,15.50485225,1.35981363
-1.62061677,15.61994279,1.36972073
-2.66311556,15.67906545,1.40016545
-4.25255197,31.73349712,0.89226430
-3.45457970,31.63858081,0.94377387
-2.74685062,31.58943513,0.98518741
-2.10984422,31.59126871,1.02517947
-1.52399389,31.64379088,1.06557400
-3.58036027,15.80010622,1.42714096
-4.53012215,15.86136844,1.45187272
-5.50795461,15.84712281,1.46306717
-6.49874433,15.72872454,1.46123913
-7.94136052,30.98308860,0.87575620
-6.83533798,31.17997549,0.87445728
-5.85336413,31.34937332,0.89446338
-4.99858256,31.52917162,0.90277097
-7.33363828,15.86598505,1.52462783
-8.18310601,15.90344844,1.57562139
-9.05042570,15.87394140,1.61198818
-9.94438930,15.81730050,1.62703546
-10.53481711,15.95131182,1.64649372
-11.18583060,16.08971133,1.66930120
-11.93207112,16.23637430,1.70177685
-12.82108862,16.39746879,1.74562073
-11.97568605,29.50781040,0.99750702
-10.77124360,29.89593034,0.98959209
-9.72995346,30.28145525,0.91991654
-8.79909906,30.64964558,0.87070885
-13.23236622,17.42862771,1.86818883
-13.74083028,18.48041442,1.94498205
-14.34301309,19.53241527,1.94932847
-15.04724254,20.56329094,1.86409037
-14.50370520,22.07080888,1.78149035
-14.01890850,23.49383262,1.64542986
-13.58901363,24.80799018,1.44996172
-13.21305863,26.01414222,1.20177058
-12.84126753,26.93928207,1.18821712
-12.51110093,27.82004918,1.14321202
-12.22267056,28.67125662,1.07644540
1.88096650,14.94906693,1.81121082
1.87504720,15.01716194,1.58791533
2.55769678,14.81991031,1.84057434
2.54981871,14.88253037,1.61064051
3.19164581,14.70759955,1.88246575
3.18135150,14.76413792,1.64868079
3.80471001,14.61768297,1.94191251
3.79176032,14.66727126,1.70619112
0.75709092,31.83507253,1.45938613
0.21700736,31.80812517,1.46839093
0.70677205,31.72530172,1.29967772
0.17279502,31.69209707,1.30382776
-0.32614481,31.80950263,1.46521811
-0.36422784,31.68733766,1.29469832
-0.88443909,31.84064707,1.45323559
-0.91598538,31.71392127,1.27635062
4.30609323,14.69319351,1.97904100
4.28916586,14.73650675,1.74242143
4.80941099,14.79346050,2.02330274
4.78816499,14.82993640,1.78777540
5.32609462,14.92787860,2.07297795
5.30012736,14.95542596,1.83873789
5.87236005,15.09719418,2.12744027
5.84047842,15.11638989,1.89412352
3.08413402,30.99969951,1.57332397
2.45181203,31.13189298,1.53909478
3.00231848,30.91055382,1.41722925
2.37896679,31.03894614,1.38465764
1.86749116,31.32535225,1.51281287
1.80295132,31.22798926,1.35835597
1.30790628,31.56112878,1.48839625
1.25080857,31.45812313,1.33218263
6.29974978,15.66361846,2.20420028
6.25709345,15.68002908,1.96964905
6.76675112,16.25210371,2.28004165
6.71023711,16.26817200,2.04331812
7.28626889,16.87293369,2.35450651
7.21422870,16.89165372,2.11396989
7.89065094,17.49884748,2.42657556
7.80252033,17.52329900,2.18038845
8.26655525,18.07799601,2.45826069
8.16989622,18.10400680,2.20847941
8.68897973,18.65050412,2.48004562
8.58715805,18.67778930,2.22836534
9.17962061,19.20111282,2.48322659
9.07601461,19.22934530,2.23073908
9.74587723,19.73118512,2.46304438
9.64277823,19.76059404,2.21018334
5.50518777,30.49631876,1.61345207
4.76843908,30.54027262,1.59215010
5.39202249,30.43122151,1.42966130
4.66376749,30.46847216,1.41862828
4.13887513,30.64325137,1.58027816
4.04166415,30.56501771,1.41377941
3.58545657,30.79935107,1.57479620
3.49553579,30.71528570,1.41387121
9.66028701,20.85051593,2.41777337
9.53976605,20.87652610,2.15626613
9.64058748,21.95420544,2.36453886
9.50613535,21.97638514,2.09970203
9.68625318,23.03573828,2.30479026
9.54128317,23.05307810,2.04087532
9.79967790,24.09811094,2.24839035
9.64622846,24.10951686,1.98842390
8.99035561,25.23163178,2.16772605
8.82856909,25.22719081,1.90037144
8.27268446,26.25262653,2.05572743
8.10873434,26.22869843,1.79209707
7.61557197,27.16833258,1.90663451
7.45171643,27.12209632,1.65368846
7.00673982,27.99871532,1.72339885
6.84640706,27.93271138,1.48454605
6.57065235,28.61525570,1.72084283
6.42138221,28.54608537,1.49848207
6.17485194,29.23005609,1.69528278
6.03776485,29.16045264,1.48834479
5.81899272,29.85384834,1.65819437
5.69453791,29.78594425,1.46423627
1.86455027,15.07770911,1.35411451
2.53796945,14.93738091,1.36990461
3.16800276,14.81395041,1.40325878
3.77676221,14.70951348,1.45857512
0.65411053,31.61353904,1.13724945
0.12593215,31.57480065,1.13689680
-0.40526735,31.56402733,1.12208957
-0.95098085,31.58462755,1.09706889
4.27070592,14.77512062,1.49305607
4.76613736,14.86064160,1.53709119
5.27460469,14.97441450,1.58818779
5.81034320,15.12702060,1.64442197
2.91828328,30.81973790,1.25729582
2.30488497,30.94708701,1.22711174
1.73656534,31.12974411,1.20131345
1.19176304,31.35484296,1.17344206
6.21714390,15.68580801,1.72070638
6.65536507,16.27609024,1.79040821
7.14682483,16.89664272,1.85774559
7.71736008,17.53444131,1.92166203
8.07489373,18.11725486,1.94679214
8.48742937,18.69098912,1.96307184
8.97066134,19.24712583,1.96641298
9.54580589,19.77727698,1.95172317
5.28082854,30.36748538,1.24240428
4.55739896,30.39482316,1.24018515
3.94393703,30.48750203,1.24320708
3.40529471,30.63195427,1.24907411
9.42356978,20.89247962,1.88432138
9.37049586,21.98771038,1.82015770
9.39029653,23.06076295,1.76357253
9.48804621,24.11232425,1.71582656
8.66263272,25.21380559,1.62122537
7.93791345,26.19479849,1.51769219
7.28227549,27.06623738,1.39067407
6.68678082,27.86201092,1.23590755
6.27117295,28.47197500,1.26852726
5.89880967,29.08590361,1.27520057
5.56969996,29.71554619,1.26472746
-2.64677595,16.56557670,-9.27829096
-3.81294460,16.43473496,-9.29216446
-2.62983759,16.70287995,-8.96172244
-3.82125868,16.58347828,-8.97855048
-4.87784310,16.21777513,-9.27643222
-4.90193499,16.37274382,-8.96426955
-5.83750523,15.94696559,-9.24983741
-5.86870520,16.10396144,-8.93742992
-6.70999488,15.65503971,-9.23473717
-6.74191293,15.81009635,-8.92139784
-1.43674286,16.78391548,-8.92298049
-1.47872002,16.66040643,-9.24324129
-0.31855721,16.76394528,-8.88587226
-0.37532442,16.65170272,-9.20716039
0.69889256,16.66241417,-8.86933992
0.63508453,16.55630894,-9.18894671
1.63739550,16.50588648,-8.88319848
1.56998926,16.40331151,-9.19823102
-4.58529132,32.76536492,-10.66858948
-5.32795560,32.50368276,-10.71709976
-4.58660096,32.62496756,-10.38841293
-5.32491213,32.36287839,-10.42978160
-6.09644225,32.32037484,-10.76753643
-6.08943621,32.17863368,-10.47351798
-6.91200016,32.21039764,-10.83205163
-6.90081420,32.06786031,-10.53217241
-7.79250022,32.16770713,-10.93130821
-7.77681436,32.02520743,-10.62655737
-3.85153051,32.48227416,-10.30687185
-3.84506272,32.61191425,-10.58460159
-3.13203947,32.42066932,-10.24860263
-3.11982572,32.54169015,-10.52336613
-2.40816567,32.42360163,-10.22063941
-2.38930558,32.53870295,-10.49253957
-1.65774054,32.48000822,-10.23049266
-1.63100929,32.59190551,-10.50080888
-7.44896777,15.60272113,-9.23224807
-7.47571133,15.74979986,-8.91252502
-8.14867495,15.57133636,-9.25253611
-8.16942392,15.70556960,-8.92721992
-8.83387965,15.57406175,-9.29809158
-8.84932199,15.69130901,-8.96762488
-9.52411928,15.62838679,-9.37274577
-9.53644493,15.72491422,-9.03750654
2.34343043,16.58282381,-8.89952362
2.27443590,16.48510945,-9.21530712
3.01183959,16.65536628,-8.93895084
2.94235622,16.56301441,-9.25546445
3.65228952,16.73282643,-9.00009153
3.58375276,16.64661779,-9.31905751
4.27330846,16.82670929,-9.08462075
4.20848240,16.74732838,-9.40912369
-8.63868227,31.62842994,-10.95105665
-8.61850706,31.49653765,-10.63647351
-9.54153455,31.10557902,-10.98304567
-9.51688141,30.98439629,-10.66290392
-10.50078194,30.57314798,-11.01069964
-10.47002997,30.46256817,-10.69080864
-11.54271852,30.01702679,-11.01962056
-11.50149522,29.91580708,-10.70338695
-0.92679474,32.11751690,-10.21727307
-0.89254644,32.21632353,-10.49269784
-0.14161897,31.79024526,-10.23027285
-0.09773198,31.87948350,-10.51194988
0.72748788,31.47973183,-10.24930574
0.78396040,31.56354710,-10.53960835
1.73024414,31.17542581,-10.25990728
1.80470936,31.26115572,-10.56420235
-10.21310506,15.86871292,-9.48540754
-10.22551393,15.94042023,-9.14528986
-10.91750736,16.19807680,-9.62947082
-10.93202142,16.24420156,-9.28823141
-11.64427559,16.62644459,-9.80297368
-11.66141328,16.64881250,-9.46461425
-12.41062213,17.13282160,-10.00958644
-12.42921772,17.13631165,-9.67743395
4.81543228,17.09165795,-9.20510669
4.75671259,17.02168398,-9.53982522
5.36701656,17.40124022,-9.37818311
5.32069729,17.34349126,-9.72286256
5.95901732,17.79112254,-9.62676046
5.93484566,17.75117718,-9.97894828
6.64763943,18.31761595,-9.96209865
6.65668270,18.30322035,-10.31555406
-13.43910754,28.18404402,-11.10118822
-12.89599474,28.63963761,-11.05421843
-13.38480285,28.11461630,-10.79467460
-12.84596852,28.56337278,-10.74372710
-12.40638547,29.09779684,-11.02700968
-12.36031588,29.01402246,-10.71356679
-11.95853198,29.55739748,-11.01688080
-11.91529312,29.46532642,-10.70169629
3.94768517,30.05101756,-10.47441586
3.27121785,30.29041522,-10.37083994
4.04712402,30.13639097,-10.79645314
3.36563946,30.37404659,-10.69203754
2.68936529,30.56617381,-10.30683477
2.77700902,30.64826612,-10.62429369
2.18177124,30.86521685,-10.27462084
2.26248303,30.94785185,-10.58580976
-12.81901707,17.56737856,-10.12567552
-12.83906586,17.55931121,-9.79539097
-13.25760532,18.00750408,-10.25705979
-13.27770686,17.98977782,-9.92871676
-13.73597644,18.44756409,-10.40414523
-13.75451323,18.42201906,-10.07863490
-14.26644733,18.88011679,-10.56593661
-14.28162451,18.84856793,-10.24310392
6.98354674,18.82844817,-10.15519587
7.00805809,18.83366092,-10.50763648
7.38861148,19.38927834,-10.36655456
7.42914696,19.41344525,-10.71583251
7.88476588,20.00319809,-10.59760827
7.93954845,20.04407827,-10.93994911
8.49298832,20.67071543,-10.84229326
8.55843864,20.72507765,-11.17379651
-14.36663906,19.50068984,-10.62771523
-14.37265780,19.46119284,-10.30236150
-14.48862907,20.12419659,-10.69940385
-14.48346719,20.07775802,-10.37285388
-14.63416784,20.75379232,-10.77889029
-14.61629466,20.70181816,-10.45251101
-14.80532756,21.39332123,-10.86280070
-14.77310480,21.33688034,-10.53850677
8.29306337,21.40418183,-10.84467339
8.36839445,21.47093716,-11.18522212
8.11292397,22.15785856,-10.85167811
8.19911260,22.23518502,-11.20007981
7.96006811,22.93125733,-10.86311634
8.05758491,23.01724976,-11.21788243
7.84197198,23.72425321,-10.87775805
7.95177543,23.81755324,-11.23682944
-14.62141962,22.22081757,-10.89986254
-14.58029377,22.15946390,-10.57550211
-14.44923517,23.09670162,-10.93750718
-14.39899158,23.03198630,-10.61378987
-14.29345759,24.03040442,-10.97705810
-14.23418159,23.96318010,-10.65472211
-14.15867140,25.02897589,-11.01955589
-14.09162671,24.95982492,-10.70033564
7.13622454,24.58787409,-10.81170829
7.24103334,24.68012282,-11.17587445
6.49677064,25.49340880,-10.76058668
6.59834478,25.58217212,-11.12299315
5.92811671,26.42934461,-10.70979001
6.03187254,26.51600481,-11.06639616
5.43794097,27.38435278,-10.65779279
5.54763301,27.47226380,-11.00648408
-13.94610388,25.77213271,-11.02240080
-13.88152990,25.70338322,-10.70463265
-13.75365281,26.54746986,-11.03547669
-13.69212559,26.47904035,-10.72031797
-13.58396585,27.35261271,-11.06120325
-13.52586219,27.28402475,-10.74980846
4.98363465,28.03143540,-10.58355244
5.09020058,28.11627350,-10.92608890
4.58443418,28.69029039,-10.52389796
4.68887022,28.77376435,-10.86014577
4.23980275,29.36256902,-10.48675969
4.34199787,29.44631589,-10.81624610
-1.67549061,32.38440855,-9.95492301
-0.95087465,32.03525488,-9.93597483
-0.17327749,31.71768390,-9.94078071
0.68587027,31.41244177,-9.94760949
1.67482751,31.10687568,-9.93907159
1.70924148,16.57560931,-8.54478139
2.41727725,16.65134382,-8.56108407
3.08709455,16.72165891,-8.60081151
3.72811286,16.79592540,-8.66031030
4.34793808,16.88602344,-8.74020099
3.87288463,29.98156056,-10.13523933
3.20099310,30.22383962,-10.03054952
2.62440803,30.50157025,-9.96981232
2.12196467,30.80000751,-9.94478938
6.66265551,18.33289343,-9.58717883
6.98366617,18.82641439,-9.77998777
7.37220237,19.36940428,-9.99433983
7.85198290,19.96709983,-10.23107856
8.44691078,20.62092627,-10.48532869
8.23888691,21.34206165,-10.47777134
8.05017367,22.08542400,-10.47612351
7.88789410,22.85093778,-10.48141992
7.75880754,23.63763581,-10.49159546
-14.31440222,18.80680239,-9.89596420
-14.39648510,19.41429169,-9.95260700
-14.49650355,20.02679308,-10.02231203
-14.61659242,20.64772003,-10.10363683
-14.75883288,21.28044549,-10.19280783
7.06219714,24.50487044,-10.42254129
6.42743266,25.41660443,-10.37589870
5.85637183,26.35688982,-10.33458949
5.35860770,27.31188635,-10.29287311
-14.55729843,22.10086275,-10.23057318
-14.36706609,22.97267905,-10.27029327
-14.19349345,23.90335977,-10.31418583
-14.04294156,24.89887636,-10.36435388
4.90623877,27.96280790,-10.22537120
4.50796398,28.62313927,-10.17181768
4.16396084,29.29518643,-10.14085060
-13.83530139,25.64348448,-10.37085190
-13.64862198,26.41949103,-10.39019881
-13.48525537,27.22383307,-10.42457654
-13.34697312,28.05241126,-10.47532744
-4.58052160,32.49697980,-10.09841969
-3.85017991,32.36664582,-10.02079415
-3.13629825,32.31483525,-9.96729408
-2.41865466,32.32453286,-9.94299669
-2.59144527,16.79431956,-8.61700226
-1.37987959,16.86095278,-8.57616507
-0.25289070,16.83277167,-8.53883495
0.76850839,16.73007473,-8.52459847
-3.80405116,16.68966677,-8.63529834
-4.89972633,16.49032847,-8.62162600
-5.87461545,16.22850970,-8.59420193
-6.75154269,15.93661020,-8.57733689
-5.31450446,32.23296704,-10.13139817
-6.07537472,32.04611192,-10.16795766
-6.88369410,31.93251408,-10.21966422
-7.75681888,31.88788126,-10.30794225
-8.59586539,31.36986509,-10.30596508
-9.49291384,30.86900921,-10.32438192
-10.44429775,30.35810199,-10.35094523
-11.47077058,29.82112910,-10.36826932
-7.48328109,15.87038455,-8.56148528
-8.17521018,15.81494607,-8.57015341
-8.85472567,15.78418037,-8.60431664
-9.54395815,15.79695398,-8.66821115
4.88725609,17.14516425,-8.85059025
5.43073145,17.44714911,-9.01341274
6.00496884,17.82558088,-9.25389737
-10.23864610,15.98746000,-8.76944487
-10.95247864,16.26562557,-8.91036024
-11.68917282,16.64790801,-9.09074871
-12.46177232,17.11971794,-9.31295140
-12.87455589,17.53340034,-9.43372689
-13.31440194,17.95674763,-9.57139460
-13.79030402,18.38393919,-9.72615460
-12.81175046,28.49434528,-10.41879517
-12.32839027,28.93750389,-10.38393944
-11.88473365,29.38013130,-10.36859086
-1.84627602,30.98638596,-0.39586108
-2.40940266,30.91415742,-0.47986638
-2.24526464,31.03875668,-1.90185201
-2.80908656,30.95027696,-1.99034609
-1.28992217,30.93402001,-0.30888676
-1.68206194,30.97647364,-1.79752992
-3.01662612,30.90665648,-0.56192194
-3.41193084,30.92410873,-2.07552203
-0.75776890,30.92928639,-0.23344235
-1.13811370,30.96573744,-1.69740375
-0.23780729,30.96341483,-0.17434784
-0.60159067,30.99911245,-1.60732203
-3.68719097,30.96699174,-0.64500864
-4.07487751,30.96304955,-2.16348035
0.28067107,31.03184173,-0.13655994
-0.06137928,31.07291867,-1.53251745
-4.44241361,31.09165173,-0.73807740
-4.82240427,31.06748508,-2.26038598
-5.15228275,30.89720372,-0.75943216
-5.53620095,30.83631979,-2.29363566
0.80194823,30.79251886,-0.06865218
0.47770086,30.82597719,-1.42573097
-5.97412185,30.73270851,-0.80372933
-6.36785575,30.64284107,-2.34108714
1.32754931,30.58563202,-0.02709306
1.02283883,30.61562143,-1.35187606
1.87384299,30.41732589,-0.00559500
1.59179140,30.44449677,-1.30877617
-6.93165312,30.57371235,-0.85964822
-7.34087552,30.45717984,-2.38714721
2.46277782,30.29880977,0.00298028
2.20880957,30.31977196,-1.29406809
-8.02616381,30.37136879,-0.88753931
-8.45519841,30.21708422,-2.39887310
2.89940237,30.12842688,-0.04075536
2.64448745,30.15954803,-1.33591797
-8.83797440,30.04135820,-0.90321969
-9.23464894,29.87468155,-2.40221624
3.38613112,29.99529456,-0.09029548
3.13263242,30.02542486,-1.39101233
-9.72530455,29.67697841,-0.86932668
-10.09135816,29.49979606,-2.37346899
3.94503188,29.90771909,-0.14414878
3.69486525,29.92243363,-1.46030318
-10.72216079,29.31793946,-0.80174953
-11.05234609,29.12455381,-2.31788951
-11.88015478,29.01621421,-0.75053958
-12.15515364,28.78785113,-2.25454006
4.60863955,29.87892336,-0.19930080
4.36029907,29.86033112,-1.54446304
4.87226405,29.25442381,-0.25790076
4.65261179,29.24412501,-1.62177207
-12.12022430,28.20513290,-0.69720039
-12.40656481,27.94866230,-2.21766320
-12.40445287,27.39327317,-0.65113707
-12.70298001,27.10858401,-2.18102836
5.18563969,28.65524140,-0.33379761
5.00411471,28.64350861,-1.71782454
5.55391815,28.07400828,-0.42917336
5.42135560,28.05041834,-1.83457340
-12.73508544,26.56231903,-0.61915969
-13.04674169,26.25492974,-2.14699146
-13.11519790,25.69355201,-0.60663162
-13.43921617,25.37467923,-2.11673580
5.98066339,27.49850136,-0.54664747
5.90914464,27.45321993,-1.97205345
-2.62809392,31.48881722,-3.22674505
-3.20716807,31.35802204,-3.29693738
-2.04557101,31.43135831,-3.13782957
-1.47883582,31.42189139,-3.04652471
-3.82474553,31.28137433,-3.36443903
-0.91492373,31.45370518,-2.95557673
-4.50375780,31.26304365,-3.43293720
-0.34116538,31.52386238,-2.86809623
-5.27204418,31.30942591,-3.50587055
-13.43080466,24.56608363,-0.39663737
-13.74909287,24.22471733,-1.94591762
6.51540709,26.71199170,-0.51091372
6.48050053,26.59381483,-2.02076768
0.23312628,31.26302539,-2.74172830
-6.01408494,31.02588146,-3.52581625
7.11684961,25.87034969,-0.47732673
7.11882468,25.66731649,-2.06491298
-13.80902937,23.34971949,-0.21707395
-14.11581240,23.02482352,-1.78157174
0.81959311,31.03512668,-2.63447300
-6.87662035,30.78201904,-3.54865663
-7.88018208,30.54361773,-3.56224037
1.43676186,30.84114101,-2.55228285
7.79591585,24.93670744,-0.41675710
7.80558770,24.64831411,-2.06380638
-14.25613934,22.02531676,-0.07368632
-14.53909058,21.76142812,-1.62708775
2.11296224,30.68592815,-2.50128751
-9.02573690,30.24791100,-3.54670180
8.58797119,23.90693948,-0.29327430
8.53529910,23.56696619,-1.98044424
-14.77851901,20.60639155,0.04173408
-15.01774979,20.43858386,-1.48185329
2.56275881,30.50202188,-2.51895758
-9.77475924,29.88742144,-3.53599200
-14.12795136,19.63645411,0.06463540
-14.49268768,19.49364103,-1.45116981
8.55165593,22.86335348,-0.26129323
8.56948566,22.49394769,-1.93714796
3.06744137,30.33441849,-2.55523777
-10.59872672,29.49779457,-3.50840250
-13.60680993,18.66384285,0.03933605
-14.06792356,18.55664389,-1.44123581
8.59860238,21.81135241,-0.19255684
8.66065140,21.42725332,-1.85872688
3.64948570,30.18576021,-2.61363951
-11.51739529,29.09408029,-3.46678736
-13.19936397,17.69473150,-0.01163962
-13.73181093,17.62794731,-1.43967267
8.72515727,20.75587403,-0.08952986
8.80593639,20.38174833,-1.74766177
-12.55606046,28.69362620,-3.41705290
4.33654591,30.06416895,-2.69676968
-12.89430751,16.73675522,-0.06929931
-13.47441670,16.71001260,-1.43841566
8.92707088,19.70321902,0.04027918
9.00464032,19.37029748,-1.60921545
4.66258251,29.42795612,-2.76453846
-12.81285144,27.82650376,-3.37540858
-12.04235144,16.61208515,-0.08290937
-12.62353822,16.55082193,-1.47119804
8.41744139,19.12241028,0.04222746
8.56375204,18.73739536,-1.58743526
8.00733489,18.53435854,0.04917538
8.19771824,18.12051696,-1.55359926
-11.32126277,16.48274107,-0.04142962
-11.87364532,16.40578210,-1.45318229
-10.68748737,16.34912313,0.02403989
-11.20365844,16.27145297,-1.39750808
7.67049037,17.94503566,0.05876147
7.88564647,17.52240352,-1.51320655
7.38653714,17.36054205,0.06914782
7.61230886,16.94511151,-1.46996423
-10.11093712,16.21138979,0.09027160
-10.59371495,16.13897862,-1.32596652
-13.11292628,26.95536336,-3.33002984
5.05496868,28.80046668,-2.84877724
6.88619659,16.72668801,0.04947141
7.09325660,16.32779617,-1.43681227
-9.20491351,16.26086382,0.18359968
-9.62640362,16.19333920,-1.21229420
6.45035635,16.13816923,0.03368791
6.62005070,15.78426122,-1.40317442
-8.32739115,16.27900643,0.21992892
-8.70782826,16.21105769,-1.14432904
6.05224409,15.59435635,0.01538594
6.17730346,15.29839270,-1.37888392
-7.46884692,16.22454876,0.21414886
-7.81904808,16.15663323,-1.11777959
-13.45737100,26.07365996,-3.28137388
5.52178512,28.17516852,-2.94824350
5.67312520,15.08499314,-0.01324539
5.75243784,14.84997707,-1.36929391
-6.62756483,16.06160968,0.17640274
-6.95564524,15.99477848,-1.12258421
3.64507587,14.79836038,-0.12798867
4.14194646,14.84326820,-0.10851500
3.52773788,14.66036803,-1.40024021
4.06888230,14.69635494,-1.39319799
-2.80382003,15.82774256,0.08711553
-1.76825448,15.75977758,0.02476017
-3.13397751,15.63808834,-1.17495956
-2.09746985,15.57255537,-1.22977704
-3.72584221,15.98765276,0.13088328
-4.06487996,15.82875962,-1.14295180
3.02727886,14.93496883,-0.16342575
2.85840073,14.81612038,-1.42048130
-4.67516494,16.09739224,0.16650367
-5.01558052,15.97485191,-1.11932745
4.63933705,14.89848135,-0.08071728
4.61558190,14.73039261,-1.38386852
2.38871006,15.08036389,-0.17663862
2.17308368,14.96861400,-1.42727988
-0.78455265,15.65242687,-0.03368631
-1.11258779,15.48277016,-1.28787132
5.14611464,14.97447453,-0.04809953
5.17428845,14.77560689,-1.37514019
-5.64505162,16.13316525,0.18346935
-5.97829958,16.04136123,-1.11144208
0.12951399,15.52409454,-0.09042605
-0.18862187,15.37584123,-1.34522128
1.70739216,15.23246929,-0.16887657
1.44905480,15.11625635,-1.41927574
0.95829348,15.39065529,-0.14367122
0.66398640,15.25594049,-1.39525805
6.06804998,27.54163295,-3.05857418
-13.84646763,25.17503115,-3.23008749
-2.41057504,31.88563812,-4.23729453
-3.02096599,31.91867407,-4.30308015
-3.62600116,31.72972832,-4.34928326
6.71332462,26.61806579,-3.10518432
-14.15932292,23.99145541,-3.07839619
-4.27054464,31.59124784,-4.39243673
-1.81457657,31.89171722,-4.16856494
-4.97906221,31.51101651,-4.43471670
-1.21796312,31.93158020,-4.09691031
-14.52250719,22.78007276,-2.92490741
7.42321725,25.61370973,-3.13952658
-0.60702791,32.00230534,-4.02241177
-5.78041981,31.50151979,-4.47850106
0.00839326,31.73349649,-3.90640420
-6.55635725,31.17084670,-4.47320559
-14.93044445,21.53612630,-2.77310895
8.14729870,24.51858071,-3.13144053
-7.45168796,30.87548528,-4.46588609
0.64207151,31.48789567,-3.79376970
-15.37615390,20.26136343,-2.62659644
8.85707022,23.39535798,-3.05936506
1.31233889,31.26475981,-3.69065852
-8.48284481,30.57778437,-4.44899214
8.92972481,22.31542162,-3.00424304
-14.95746932,19.31013311,-2.55935782
2.05382889,31.06850069,-3.60812238
-9.65855205,30.22936384,-4.41493399
-10.37082306,29.84887526,-4.39597612
2.51516783,30.84946974,-3.59756021
9.04407188,21.25338805,-2.92484367
-14.60714860,18.36970193,-2.50468769
3.03388380,30.63957083,-3.60489944
-11.15018859,29.43910354,-4.37213535
9.19783375,20.22488919,-2.82281290
-14.32128530,17.44010130,-2.45779552
3.63432776,30.44139624,-3.63725668
-12.01131437,29.00563746,-4.34541099
-14.09434955,16.52515368,-2.41556797
9.38987829,19.24069185,-2.70180991
-12.97222329,28.56461264,-4.32027216
4.34418104,30.26217253,-3.69851719
8.97296995,18.57009351,-2.67267551
-13.24839947,16.28706745,-2.42981235
8.61349172,17.92806552,-2.63575114
-12.47965203,16.07747161,-2.42161872
-13.22802307,27.69072972,-4.26349261
4.69889970,29.60533687,-3.73547392
-11.77920265,15.90438707,-2.38657415
8.29550350,17.31670741,-2.59416414
8.00755899,16.73593860,-2.55061946
-11.13712850,15.75586440,-2.33490247
-10.10404216,15.81159118,-2.24831905
7.43786155,16.11521150,-2.51087446
5.12539014,28.95359017,-3.78496726
-13.52318954,26.81206908,-4.20373940
6.90177182,15.59129479,-2.46971130
-9.14845996,15.84225036,-2.18557281
-8.23974501,15.81044530,-2.15646084
6.38798706,15.14242503,-2.43599890
5.88961972,14.73982410,-2.41422470
-7.36605831,15.68301744,-2.15193975
-13.85880087,25.92665993,-4.14205622
5.63220371,28.30189009,-3.84438622
-4.52240415,15.52607225,-2.16775630
-3.59014573,15.32312167,-2.18755507
2.65685137,14.73405330,-2.39126103
3.39532254,14.58057765,-2.38648587
3.99669761,14.62468888,-2.39022268
-2.54969575,15.27539056,-2.22570830
4.61030962,14.65417587,-2.39510266
-5.46171512,15.67862697,-2.15338000
5.24068602,14.68444633,-2.40294042
-6.40485739,15.73957804,-2.14879967
-1.55236147,15.21697596,-2.26800057
1.90733810,14.86980684,-2.38868058
1.12333487,14.98529921,-2.37659201
-0.60498756,15.15302809,-2.31252902
0.28670559,15.07615180,-2.35329056
-14.23332048,25.03148674,-4.07989169
6.22290291,27.64010304,-3.90671045
-14.54114418,23.84316073,-3.93442319
6.92245471,26.66750212,-3.91137146
-14.89322915,22.63870882,-3.79067044
7.67374015,25.60366167,-3.90428826
-2.82081106,32.14951829,-5.23742967
-3.46042336,32.15086923,-5.28209730
-4.09510100,31.90884983,-5.30059981
-4.77018794,31.72199601,-5.31617856
-2.19597253,32.18431544,-5.19062115
8.40795450,24.45540248,-3.87172125
-15.28279479,21.41755662,-3.65247694
-5.51122839,31.60192414,-5.33219452
-1.56732473,32.24561771,-5.14032415
-6.34407467,31.55616988,-5.35147800
-0.91920333,32.33014507,-5.08454169
-0.26138681,32.07157927,-4.97787003
-7.15271872,31.19143583,-5.31608530
9.10405880,23.31343425,-3.80553433
-15.70224191,20.18056416,-3.52462474
0.42448481,31.82429973,-4.86431547
-8.07693463,30.85374445,-5.27937240
9.20092051,22.25590821,-3.74646593
-15.37499915,19.23139667,-3.42741411
-9.13046406,30.50733284,-5.23822453
1.15620249,31.58564094,-4.74316320
9.33331619,21.22407586,-3.67509909
-15.09518487,18.29341067,-3.34422628
-10.32761871,30.11200804,-5.19564399
1.97324124,31.35797298,-4.62734609
2.44724388,31.11064461,-4.58980696
-10.99285644,29.71080654,-5.17707891
-14.86093673,17.36643917,-3.27317196
9.49956222,20.23028509,-3.59267230
-11.71410509,29.28020545,-5.16236408
2.98230916,30.86609668,-4.56921522
-14.66957439,16.45304735,-3.21336414
9.69811639,19.28053852,-3.50219822
-12.50190814,28.82981671,-5.15466902
3.60360206,30.62703903,-4.57818038
9.27945094,18.59526656,-3.46499436
-13.84955345,16.14054952,-3.18530284
-13.09042899,15.85363987,-3.15893687
8.91282032,17.94677944,-3.43021449
-13.36713037,28.37468155,-5.16115221
4.33978359,30.40053123,-4.62441385
-12.38614926,15.60971694,-3.12766379
8.58351398,17.33540965,-3.39751398
-11.73104373,15.41147986,-3.09009758
8.28152851,16.75996972,-3.36679021
-13.61676995,27.51494139,-5.08841907
4.72370593,29.73220098,-4.63191503
-10.64312609,15.42908355,-3.03205144
7.66554931,16.14547237,-3.34308718
7.07746828,15.64141748,-3.31804148
-9.65190463,15.45970182,-2.98529055
5.18388655,29.06630312,-4.65116236
-13.90037698,26.65149712,-5.01743069
-8.72920196,15.45176542,-2.96591816
6.50306159,15.22504889,-3.29467886
-7.85499032,15.37131402,-2.96910429
5.93892959,14.86292910,-3.27670534
5.23160243,14.81960193,-3.25712072
-6.91890423,15.46171895,-2.98110794
4.54068869,14.79472966,-3.23865690
-6.00320474,15.44193917,-2.99499087
-5.08685974,15.32277002,-3.01241226
3.86985422,14.75889081,-3.22342326
-4.15960225,15.13452255,-3.03273169
3.21400390,14.69726894,-3.21119139
2.40791324,14.83561902,-3.20073662
-3.10896051,15.11549176,-3.06174118
1.59110141,14.94064035,-3.18820799
-2.08341031,15.08893253,-3.09115604
-1.09604096,15.06540886,-3.12199731
0.74134202,15.00842157,-3.17242855
-0.15399060,15.03794909,-3.15225544
-14.21802277,25.78443816,-4.94971886
5.72750217,28.39885127,-4.67599762
-14.56725977,24.91321908,-4.88733820
6.35531375,27.72025029,-4.69455329
7.09178208,26.71649211,-4.64550396
-14.86363822,23.74504290,-4.74463613
7.85976542,25.61501974,-4.58861752
-15.19750434,22.57045500,-4.61228881
8.58364562,24.44005995,-4.52947098
-15.56219147,21.39012450,-4.49356029
-3.91638037,32.13152826,-6.36341190
-4.58144787,31.86552886,-6.34813151
-3.25109355,32.14008348,-6.34170259
-15.95070068,20.20443076,-4.39301697
9.26033841,23.30195677,-4.47270925
-2.60240783,32.19003840,-6.32155844
-5.28729633,31.66176541,-6.33636631
-6.05784189,31.52745497,-6.33265878
-1.95007695,32.26798078,-6.29970932
-6.91517950,31.46148043,-6.33744440
-1.27428716,32.36609761,-6.27151904
-15.70840632,19.27826351,-4.27596893
9.37160521,22.28661363,-4.41520955
-7.75316747,31.07361092,-6.27050193
-0.58701441,32.13120439,-6.17290098
0.14299167,31.90214728,-6.05636418
-8.69965675,30.70574680,-6.20532193
9.51346154,21.30210573,-4.35796387
-15.49823549,18.36093354,-4.17766626
0.93787937,31.67336882,-5.90934832
-9.76463740,30.32431834,-6.14613628
-15.31840809,17.45351115,-4.09712007
9.68482991,20.35665830,-4.30235695
1.84132721,31.44146961,-5.73988867
-10.95765457,29.88543121,-6.10861982
2.33066884,31.18226525,-5.66990502
-11.55884360,29.47122960,-6.09610559
9.88387072,19.45216528,-4.25138500
-15.16683272,16.55800504,-4.03425390
2.88482453,30.91836936,-5.61904855
-12.20187955,29.03717691,-6.09553432
9.45273419,18.76457954,-4.19151733
-14.39968739,16.18582791,-3.95274888
9.07154085,18.12113765,-4.14921947
-13.67827840,15.82862438,-3.88982414
-12.89234094,28.59196654,-6.11312558
3.52847800,30.65245324,-5.61047803
8.72598160,17.52080950,-4.11934372
-12.99914977,15.50908223,-3.83924298
-12.35816652,15.23892006,-3.79823769
8.40659219,16.96081021,-4.09879290
-13.63472344,28.14550836,-6.15912299
4.28855782,30.39231189,-5.66002764
7.74148946,16.36808309,-4.08968994
-11.24696187,15.17485853,-3.75093579
-10.22836006,15.18199768,-3.72140900
7.10258675,15.89795588,-4.08459771
-13.86876289,27.31687432,-6.07290422
4.70091470,29.72721168,-5.64972617
-9.29155003,15.19146392,-3.71249560
6.47446282,15.52453638,-4.07692557
-8.42009417,15.15993087,-3.72432392
5.85627917,15.20881768,-4.06828641
5.19027456,29.06229357,-5.65323893
-14.12951783,26.48612783,-5.99564095
-7.51624103,15.29127063,-3.74619452
5.11285744,15.17660858,-4.04490485
-6.63495951,15.33997868,-3.77160297
4.38519497,15.15303649,-4.01969703
3.67740549,15.10711890,-3.99702212
-5.75160002,15.29402450,-3.79744366
2.97960976,15.02908606,-3.97764158
-4.84195400,15.16477929,-3.82427512
-3.78459876,15.19333942,-3.85070606
2.11250866,15.14828019,-3.95218328
1.22794948,15.21869702,-3.93204590
-2.71804071,15.20102740,-3.87162666
0.30795538,15.23685868,-3.91841083
-1.66713371,15.20448501,-3.89010131
-0.65496518,15.21167304,-3.90725312
5.76096371,28.39557595,-5.65725669
-14.41625385,25.65513602,-5.92933850
-14.72682720,24.82536184,-5.87599072
6.40966704,27.71925483,-5.64152717
-15.00487660,23.70269033,-5.73603980
7.16461311,26.71570814,-5.53336263
7.92824324,25.61717772,-5.42584445
-15.31219588,22.58437368,-5.61723477
8.62519528,24.46362153,-5.35190311
-15.64283833,21.47285540,-5.52189990
9.26585354,23.37058138,-5.32917420
-15.99044893,20.36804382,-5.45271409
9.37624807,22.41777138,-5.28484728
-15.82456510,19.49672224,-5.32335477
-4.32611407,32.02742517,-7.85223392
-5.02113661,31.75718248,-7.82481968
-3.63547075,32.00408738,-7.83187169
-2.96296921,32.03238321,-7.82595054
-5.75286245,31.55287828,-7.80957324
-6.54274987,31.41437227,-7.80872380
-2.28808399,32.09726132,-7.83013842
-15.67888604,18.63213819,-5.21831795
9.50823659,21.49967468,-5.25568298
-7.41035352,31.34111293,-7.82464174
-1.59009295,32.18778154,-7.84008390
-0.89122768,31.93879765,-7.76942168
-8.25875383,30.91532912,-7.73660273
-9.19953275,30.51020379,-7.66091842
-0.14119712,31.69994043,-7.68244335
-15.55091796,17.77640521,-5.13739978
9.66064907,20.62158650,-5.24332328
0.68917743,31.46049626,-7.54851722
-10.23112020,30.09112559,-7.60938634
-15.43876042,16.93233623,-5.08050781
9.83191606,19.78400812,-5.24927468
-11.35624664,29.62371351,-7.60347192
1.65209009,31.21223419,-7.34724356
2.13646835,30.93884980,-7.25929715
-11.86102580,29.21553351,-7.60992840
9.40061306,19.09118055,-5.12816346
-14.76265589,16.51042184,-4.93853146
9.01570911,18.45096577,-5.04693345
-14.11490181,16.09793308,-4.82835188
-12.39182848,28.79735412,-7.63927885
2.68495844,30.65774815,-7.19509268
8.66288523,17.86159921,-4.99511377
-13.49466626,15.71502174,-4.74275328
-12.90032584,15.37624885,-4.67848502
8.33329257,17.31878340,-4.96547003
-12.95209214,28.37301929,-7.69957904
3.31687291,30.37298958,-7.19374851
-11.82658542,15.18864854,-4.60487542
7.63323018,16.74876584,-4.94018227
6.95334896,16.31986636,-4.93799134
-10.81739099,15.13417618,-4.57776066
4.05195055,30.09683084,-7.28628642
-13.54760801,27.94584107,-7.80092489
6.28554166,15.99485462,-4.93804525
-9.88129215,15.13850746,-4.57777851
-9.01776669,15.14414032,-4.59434325
5.63245763,15.72640092,-4.93622182
4.44622721,29.43782681,-7.28216053
-13.74177439,27.14489896,-7.71391257
-8.15586851,15.30376830,-4.61493878
4.88108065,15.70017760,-4.91046848
-7.32144171,15.41695698,-4.64049603
4.14393171,15.67249631,-4.88104662
3.41830981,15.61752408,-4.85185572
-6.48427733,15.46278637,-4.67025726
-5.61356866,15.42953048,-4.70386565
2.68918175,15.53013626,-4.82609360
1.76667845,15.63544669,-4.78615558
-4.57443726,15.53627079,-4.73206643
0.81433103,15.68062396,-4.76640770
-3.47863508,15.58944563,-4.75157852
-2.34877633,15.61190285,-4.76274854
-0.18251431,15.66944907,-4.76453951
-13.95696230,26.34958265,-7.64561128
4.90513658,28.77923228,-7.30306203
-1.23332660,15.62162668,-4.76836753
5.42742882,28.11962276,-7.33208667
-14.19212534,25.56314322,-7.59821588
6.00575739,27.45493624,-7.34281846
-14.44544451,24.78840769,-7.57286686
-14.68066839,23.74277538,-7.44608320
6.67954989,26.48603243,-7.23894486
-14.93881584,22.72550924,-7.34822426
7.35764048,25.46662908,-7.14763601
7.98724191,24.43114277,-7.12911303
-15.21319063,21.73861488,-7.27925294
-15.49759587,20.78260277,-7.23897280
8.57308625,23.45501348,-7.22125824
-15.37814306,20.02926245,-7.10302938
8.65608444,22.59926445,-7.22417492
8.75739446,21.77999614,-7.25285268
-15.27308174,19.28397439,-6.99690316
8.87664671,21.00193857,-7.30410566
-15.17909860,18.54889311,-6.92122938
9.01313639,20.26664724,-7.37294174
-15.09308158,17.82748444,-6.87662988
-14.54411865,17.36381819,-6.66500965
8.58081293,19.60144123,-7.11199760
8.22244848,18.98667480,-6.90310573
-14.01659449,16.91126902,-6.49533170
-13.50477053,16.48385634,-6.36057928
7.91034979,18.42205744,-6.74204906
7.62549074,17.90411937,-6.62282227
-13.00615264,16.09184625,-6.25583671
7.00251483,17.34934525,-6.43750666
-12.07382623,15.74861358,-6.09557182
-11.16673066,15.55910140,-6.01664208
6.38009551,16.94936366,-6.34228435
5.75931647,16.64941991,-6.29587320
-10.30053113,15.48081090,-5.99042616
5.14500349,16.40230875,-6.27371137
-9.48497342,15.45794420,-5.99358435
4.45088954,16.35378239,-6.23515877
-8.69173657,15.58928397,-5.99653204
3.75274845,16.30554730,-6.19534967
-7.92706778,15.71378002,-6.00589890
3.04114953,16.24357039,-6.15723367
-7.16049192,15.81267969,-6.02433588
2.30507293,16.15904580,-6.12930363
-6.35786335,15.86899320,-6.05791680
-5.38418317,16.07774203,-6.08306923
1.35128130,16.26858959,-6.08075801
-4.31633200,16.21725215,-6.10824806
0.34382894,16.32287458,-6.07612641
-3.14247811,16.28782570,-6.12040740
-0.73748382,16.32874491,-6.09658725
-1.91116577,16.30011157,-6.11828851
-1.66825301,31.25344233,0.35734061
-2.23984172,31.18643345,0.29052229
-1.10649615,31.20198777,0.42008719
-0.57046337,31.19334054,0.47258921
-2.85899283,31.17863241,0.22415086
-0.04805801,31.21907564,0.51060698
-3.54478589,31.23287345,0.15694349
-4.31743794,31.34444126,0.08003328
0.47161048,31.27489151,0.53003753
0.99811505,31.02936755,0.58243010
-5.04081224,31.15091854,0.07321942
1.53014966,30.81533168,0.61786809
-5.87376294,30.98357220,0.04392944
-6.83806599,30.82259204,0.00111323
2.08397118,30.64156821,0.64311387
2.68113393,30.52016609,0.66499338
-7.93396927,30.62639416,-0.01772140
3.13746543,30.33930603,0.64077902
-8.76570755,30.29527671,-0.03223480
-9.67249075,29.93171062,0.00880694
3.64362563,30.19934947,0.61426999
4.22200155,30.10904004,0.58601919
-10.69023301,29.56795998,0.08047940
4.90673776,30.08276413,0.55855102
-11.87283861,29.24093394,0.11363980
-12.11238122,28.42586865,0.18024197
5.17320469,29.44341232,0.53702528
5.48245442,28.82907216,0.49661421
-12.39441212,27.60468836,0.23640878
5.83898684,28.23401068,0.43274792
-12.72052905,26.75971891,0.27298961
-13.09226048,25.87297939,0.28232565
6.24579743,27.64700381,0.34124635
6.80388407,26.87755698,0.44205663
-13.43305709,24.72205641,0.51649553
-13.83468498,23.46527657,0.70702367
7.42944221,26.04785977,0.52775980
8.13612897,25.11686932,0.61646292
-14.30108460,22.09109932,0.84657990
8.96090150,24.07000624,0.73523220
-14.83964836,20.61997879,0.94365067
-14.14352247,19.62082939,0.98939303
8.88850343,23.03209874,0.77063288
8.90240638,21.97657033,0.83160337
-13.56931629,18.60969800,0.96281973
-13.10624621,17.60132737,0.88857043
8.99793326,20.90414196,0.91696525
-12.75177757,16.60841636,0.79343696
9.17003570,19.81810771,1.01924024
8.62135937,19.26505348,1.02207209
-11.88917529,16.47409087,0.77804647
-11.16890366,16.33885891,0.80125953
8.17304832,18.69174643,1.01868476
-10.53944666,16.20248501,0.83873850
7.80076181,18.10661955,1.01049495
7.48516142,17.51810306,0.99886014
-9.96663842,16.06563881,0.87317543
6.95806195,16.87499304,0.94831952
-9.07768283,16.11987858,0.92122504
6.50549794,16.26320007,0.90057082
-8.21257753,16.14472446,0.92426392
-7.36356484,16.09879236,0.89550057
6.09801494,15.69017097,0.85285237
-6.52936980,15.94719981,0.84219577
5.71455589,15.15092503,0.79822747
-2.70497733,15.80154499,0.75717940
-3.62328727,15.94297773,0.79621943
3.71124772,14.79702714,0.64071277
3.10405692,14.91784207,0.59599468
4.20085630,14.85207978,0.66756778
-1.66715503,15.73659806,0.70647021
2.47524932,15.05249502,0.57548621
-0.67993949,15.62414647,0.66686334
0.23542118,15.49067942,0.62989000
1.80278142,15.19889597,0.57630730
1.06119034,15.35808379,0.59154606
-4.57154607,16.02910220,0.82959311
4.69093880,14.92249275,0.70479171
-5.54430537,16.04098314,0.84604335
5.19125759,15.01815629,0.74913355
-4.48812763,32.13481956,-8.91291017
-5.20096062,31.86663151,-8.90935591
-3.78009368,32.06719580,-8.86626156
-5.94536036,31.66929431,-8.91502876
-3.08995051,32.06289682,-8.84174067
-2.39720914,32.10595770,-8.83804552
-6.74210337,31.54129275,-8.93604417
-7.60914297,31.48120020,-8.98443290
-1.68124514,32.18449626,-8.85572499
-8.44819895,31.01385151,-8.92591113
-0.97510095,31.89466747,-8.81147284
-0.21838942,31.62260918,-8.77056326
-9.36091794,30.56703317,-8.88994099
0.61708693,31.35145274,-8.70306346
-10.34186970,30.11100725,-8.88170634
1.58025245,31.06703006,-8.58021623
-11.39807344,29.62210201,-8.90434895
2.03877022,30.77212540,-8.53226315
-11.84376449,29.20639040,-8.91899828
-12.31409227,28.78441980,-8.95602134
2.55499886,30.47490070,-8.50826078
-12.81563800,28.35779276,-9.02126892
3.14624432,30.18468380,-8.54239244
3.83220043,29.91801692,-8.65884163
-13.35912240,27.92844165,-9.11874277
4.16992913,29.24780161,-8.66224153
-13.52137671,27.11621569,-9.05087327
4.56340116,28.58342274,-8.69628463
-13.70640569,26.31956173,-9.00424260
5.01111446,27.92166087,-8.75113141
-13.91301301,25.54218535,-8.97888753
-14.13982865,24.78768802,-8.97352244
5.50918755,27.25989793,-8.80833788
-14.33413090,23.77899828,-8.88712190
6.07710694,26.29618851,-8.78900662
-14.55221357,22.82202939,-8.81823160
6.68365663,25.32193888,-8.77518856
7.30602368,24.36304147,-8.80115074
-14.78671197,21.91570554,-8.76498581
-15.03116972,21.05667572,-8.72504969
7.95186730,23.45867830,-8.89996598
-14.90633676,20.38718420,-8.60563005
8.05862994,22.65251554,-8.90747466
8.19408664,21.87796181,-8.92996769
-14.79936832,19.72814160,-8.50756438
-14.70700342,19.07871929,-8.43406776
8.35409628,21.13695647,-8.96557229
-14.62661894,18.43855399,-8.38602178
8.53436934,20.42970354,-9.01002434
8.02110362,19.79778388,-8.72975954
-14.11022534,17.99289031,-8.17675099
-13.62835606,17.54969159,-7.99568096
7.61763461,19.22045849,-8.47903081
7.29164319,18.69275433,-8.26190037
-13.17031067,17.12085542,-7.84313648
7.01614559,18.20771682,-8.07918796
-12.72933064,16.71522122,-7.71735728
6.43045837,17.68898830,-7.77366249
-11.90106831,16.29373631,-7.49454172
5.87107150,17.29962361,-7.58329213
-11.09422383,15.99976690,-7.34786260
5.31368924,16.99616260,-7.47326609
-10.31244258,15.82187448,-7.26030659
-9.56203324,15.72249720,-7.21574376
4.75295805,16.74140313,-7.41083069
4.10847585,16.66841519,-7.35315375
-8.82670272,15.79117605,-7.18787107
-8.11221800,15.88016375,-7.17800103
3.44521583,16.60621638,-7.30193897
2.75626378,16.54201814,-7.26094870
-7.39195568,15.96958155,-7.18629230
-6.63462126,16.04431170,-7.21644716
2.03299026,16.46564689,-7.23814041
1.08285144,16.59737679,-7.19769902
-5.71417070,16.30389644,-7.23767808
0.06078434,16.68163874,-7.20319833
-4.69050886,16.51017065,-7.26616207
-3.53978036,16.64232961,-7.27948780
-1.05923993,16.71357515,-7.23405979
-2.28487209,16.68670181,-7.26840481
