1.16506258,16.64831649,0.28819368
0.64297386,16.78296368,0.36531786
1.14176620,16.50031253,0.48299165
0.61825450,16.63676513,0.55588475
0.09726004,16.88774773,0.44881071
0.07121665,16.74287471,0.63556999
-0.48834813,16.95626937,0.53920794
-0.51607870,16.81260662,0.72188294
-1.13633211,16.98821790,0.63896866
-1.16710277,16.84491206,0.81645223
-0.99272826,33.20806075,1.42110358
-0.38102868,33.13114621,1.37168197
-1.01024293,33.28913429,1.64683866
-0.39022731,33.21333226,1.59317672
0.19381331,33.10287544,1.32290954
0.19277128,33.18641707,1.53886129
0.75118993,33.11365975,1.27483090
0.75838787,33.19890894,1.48420945
1.30613094,33.15655656,1.22638179
1.32147322,33.24327740,1.42841575
-1.74946635,17.15260910,0.71627498
-1.78213156,17.00970893,0.89172416
-2.43636978,17.29862890,0.78980397
-2.47270203,17.15766112,0.96382569
-3.21773642,17.43307996,0.85125150
-3.25921680,17.29576550,1.02644163
-4.11758099,17.54824499,0.89445996
-4.16497251,17.41692077,1.07596652
-3.88958250,32.45418045,1.69173032
-3.01778763,32.59845567,1.62458929
-3.93443346,32.52911107,1.90868753
-3.05562304,32.67110747,1.84834218
-2.26900286,32.76462205,1.55516118
-2.29994517,32.83816655,1.78296039
-1.60380487,32.96610276,1.48712010
-1.62792479,33.04246984,1.71518793
-4.91426229,18.05770949,1.02166936
-4.97090107,17.92923929,1.20666342
-5.77844125,18.50587737,1.15188844
-5.84603780,18.37755306,1.34680458
-6.71767704,18.89519009,1.29487779
-6.79822832,18.76271741,1.50430287
-7.73740557,19.22692025,1.46526107
-7.83140658,19.08910059,1.68496804
-8.36910537,19.61026843,1.59995161
-8.46556964,19.47638848,1.82480345
-9.05729793,19.98342359,1.72757727
-9.15639200,19.85581225,1.95606808
-9.82518056,20.34968245,1.84865151
-9.92909566,20.23015272,2.07879370
-10.72880830,20.70388353,1.93711851
-10.83538300,20.59699437,2.17010167
-7.54234861,31.50904206,1.61188683
-6.42849506,31.70132112,1.64658384
-7.59309029,31.59888387,1.83102566
-6.47888933,31.78860991,1.86462314
-5.46347718,31.94705575,1.66298273
-5.51301699,32.02959845,1.88230341
-4.62070902,32.19913759,1.67656908
-4.66815990,32.27717013,1.89570375
-10.70776731,21.82284893,1.97516546
-10.82744886,21.72416151,2.22561154
-10.83614546,22.85137926,1.97673131
-10.96101352,22.77490960,2.23801734
-11.09423168,23.85109234,1.95770973
-11.22120144,23.80232260,2.22272104
-11.47467289,24.87035492,1.95291590
-11.60266067,24.84946354,2.21037193
-10.69623850,25.92548961,1.91151836
-10.80938711,25.93573754,2.17096113
-10.06221713,26.87962128,1.89953494
-10.16495118,26.92108124,2.15396257
-9.49955627,27.76377666,1.85447069
-9.59690766,27.83352014,2.10774330
-8.99061396,28.60578446,1.73244307
-9.08765589,28.69884197,1.99194116
-8.55443376,29.28758674,1.76755941
-8.63724463,29.38686910,2.00757803
-8.16953490,29.99658925,1.74674820
-8.24077631,30.09633366,1.97488464
-7.82549233,30.73161856,1.69222386
-7.88605633,30.82743870,1.91314890
1.18423953,16.79479933,0.06269035
0.66246203,16.92609074,0.14516225
0.11676836,17.02797560,0.23310017
-0.46876969,17.09646960,0.32940593
-1.11561078,17.12726303,0.43448085
-0.98724277,33.11204733,1.16253365
-0.38560317,33.03547664,1.12077318
0.17994839,33.00551984,1.08121254
0.72891334,33.01448244,1.04383292
1.27621535,33.05691467,1.00718629
-1.72803014,17.29497107,0.51420773
-2.41245822,17.44066583,0.58933593
-3.19012482,17.56651711,0.64871032
-4.08551226,17.67263542,0.68452440
-3.84545658,32.36450762,1.43520225
-2.98484708,32.51129645,1.35764066
-2.24605652,32.67566401,1.28423390
-1.58991539,32.87239104,1.21964116
-4.87283333,18.17815818,0.80636530
-5.72516418,18.62556858,0.92425673
-6.64786432,19.02031243,1.05220822
-7.65829964,19.35353178,1.20906956
-8.28377561,19.73700132,1.33976059
-8.96854116,20.10638289,1.46579817
-9.73874476,20.46311893,1.58231078
-10.63374250,20.80835275,1.67800684
-7.48453160,31.41486308,1.35714239
-6.37448097,31.60813654,1.38746418
-5.41007199,31.85336037,1.40150647
-4.57326947,32.10927686,1.41589245
-10.59548672,21.92292294,1.69201979
-10.72239769,22.93211056,1.66265182
-10.97961760,23.90508516,1.63690480
-11.35908810,24.89732521,1.64524172
-10.58484724,25.92156226,1.59383378
-9.94814513,26.84087418,1.58654652
-9.38537494,27.69463896,1.54238484
-8.87504983,28.51372610,1.41172720
-8.45640591,29.18740559,1.47507902
-8.07980798,29.89021063,1.47427005
-7.75357522,30.63013720,1.43076431
1.65629668,16.28570666,0.43045699
1.67849403,16.43176845,0.23268750
2.17457021,16.04706321,0.38195861
2.19436414,16.18952271,0.18206452
2.70874903,15.78344790,0.33860097
2.72423816,15.92293199,0.13723768
3.27125263,15.50437016,0.30227610
3.28025977,15.64038165,0.09956631
3.60523236,33.03007065,1.13363179
2.99101435,33.04939523,1.20416327
3.54920034,32.93561555,0.94715199
2.94428021,32.95562626,1.01281458
2.41838652,33.09075108,1.27608324
2.38148215,32.99828930,1.08031768
1.86658762,33.15448535,1.35092491
1.84030101,33.06468415,1.15174320
3.76179508,15.42918201,0.26483819
3.76316935,15.56241836,0.05639710
4.28306920,15.35424760,0.23219698
4.27540376,15.48395235,0.01901887
4.84445112,15.28509415,0.20677025
4.82684507,15.40827645,-0.01085626
5.46078109,15.21439246,0.18992435
5.43170620,15.32991460,-0.03073828
6.11427220,31.73711531,1.11348973
5.33824414,32.04724746,1.10094229
6.01114561,31.65160287,0.91793629
5.24783877,31.95742517,0.90500520
4.68851564,32.36234565,1.09982003
4.61017698,32.27025212,0.90643143
4.12027365,32.68546630,1.11232408
4.05329356,32.59194375,0.92239645
5.95185899,15.57582010,0.27509854
5.90682533,15.68854941,0.04417244
6.50836769,15.89045519,0.37737462
6.44282004,16.00040741,0.13880006
7.14554663,16.18121733,0.49630071
7.05666732,16.28791580,0.25282926
7.89609509,16.43861157,0.62279963
7.78281590,16.53980007,0.37979741
8.38661994,16.77535552,0.73058543
8.25796047,16.86708507,0.48902221
8.94319008,17.11123733,0.82255673
8.80136385,17.19080106,0.58667805
9.58934049,17.44338623,0.88574875
9.43604654,17.51053258,0.65657268
10.33762564,17.78491301,0.91776631
10.17242895,17.84215018,0.69320975
9.25871901,30.15206870,0.83192250
8.26013553,30.57170059,0.96730717
9.13553109,30.09798417,0.63673034
8.13879005,30.50677753,0.76712581
7.41816909,30.97207025,1.04610745
7.29991165,30.89812422,0.84339546
6.71156149,31.35866579,1.08797454
6.59934426,31.27798146,0.88659682
10.45143848,18.77395454,0.96267922
10.25719735,18.82237714,0.73865263
10.70177458,19.76809195,0.97173730
10.48495796,19.80575623,0.75154954
11.11490947,20.78960511,0.97367825
10.88315167,20.81777794,0.75861971
11.73308470,21.85557990,0.98651480
11.49299131,21.87695681,0.77616641
11.27928306,23.18896080,1.06767922
11.05736224,23.20057079,0.84271350
10.93667491,24.49107920,1.13917754
10.73294553,24.49143562,0.89555662
10.57182966,25.71087392,1.11929276
10.37624930,25.69508823,0.85971266
10.16113269,26.82773286,0.97618912
9.96925303,26.79114151,0.70818100
9.83451443,27.68237391,1.00167912
9.65807888,27.63908514,0.75312076
9.55909405,28.51314721,0.97743105
9.39874095,28.46426837,0.74833325
9.35901859,29.33128275,0.91834200
9.21663929,29.27855270,0.70733829
1.69784370,16.57687353,0.00333366
2.21257974,16.33323111,-0.05147695
2.73930093,16.06688629,-0.09958091
3.29012191,15.78167482,-0.13839834
3.48389621,32.83432777,0.75158875
2.88630154,32.85382940,0.81043259
2.33148488,32.89621153,0.87166459
1.79952658,32.96304508,0.93724299
3.76569776,15.70607503,-0.18875542
4.26990487,15.62536892,-0.23327756
4.81278678,15.54165162,-0.26800906
5.40745439,15.45661565,-0.28911213
5.90436076,31.55837446,0.70496194
5.15336942,31.86173457,0.69258257
4.52453288,32.17047756,0.69861033
3.97847536,32.49225544,0.72058020
5.86789975,15.80909376,-0.22146324
6.38189620,16.12253003,-0.13551915
6.97526358,16.40055619,-0.02692628
7.67437886,16.64769846,0.10419786
8.13193795,16.96668702,0.21411531
8.66192290,17.27695884,0.31570441
9.28085279,17.58690885,0.39750000
10.01484975,17.90257030,0.44850782
9.01802611,30.04087764,0.42579048
8.01713276,30.43566535,0.54780257
7.18365145,30.81885785,0.62079142
6.48829461,31.19139532,0.66580479
10.06731589,18.87785537,0.48523759
10.26482425,19.85028397,0.49581410
10.64399501,20.85153946,0.51076662
11.24891180,21.90115106,0.53810093
10.83034729,23.21049039,0.58558771
10.51598046,24.48501065,0.61367856
10.16482027,25.66754512,0.55399959
9.76695860,26.73948109,0.38722978
9.47373797,27.58138039,0.46129089
9.23279651,28.40262933,0.48580562
9.07433686,29.21654985,0.47110022
-0.08180207,16.46564232,-10.35143061
-0.74939797,16.55927932,-10.35704181
-0.03446598,16.58177691,-10.14831742
-0.69818838,16.67656602,-10.15506116
-1.45895550,16.62730454,-10.38520312
-1.40474726,16.74289088,-10.18328129
-2.22351471,16.67042176,-10.43344572
-2.16779696,16.78061753,-10.22903821
-3.05600176,16.68800245,-10.49984375
-3.00118921,16.78879645,-10.28874945
0.59382288,16.54488568,-10.15945920
0.55162162,16.42977629,-10.36435811
1.20018558,16.48418010,-10.19375000
1.16314339,16.37197903,-10.40082336
1.79683289,16.40476278,-10.24938234
1.76507787,16.29681570,-10.45979948
2.39457414,16.31220772,-10.32499631
2.36866831,16.20951883,-10.54093680
0.27035700,33.43431321,-11.88201644
-0.41344162,33.12711360,-11.85925519
0.29556349,33.27841637,-11.61632521
-0.37605361,32.98620296,-11.59240502
-1.09341898,32.91303046,-11.85139064
-1.04427983,32.78056954,-11.58607326
-1.80526857,32.79887049,-11.85980888
-1.74311714,32.66642330,-11.59889621
-2.59627862,32.79874559,-11.88349569
-2.51852227,32.65689786,-11.62917896
0.92040788,32.97047434,-11.64836126
0.90587766,33.12690326,-11.92007873
1.55116867,32.74180994,-11.70016122
1.54822948,32.90391591,-11.97487747
2.21616639,32.57653365,-11.76958777
2.22748239,32.74826701,-12.04430132
2.95005283,32.46467407,-11.85235218
2.97973186,32.64844057,-12.12485302
-3.83331746,16.94616238,-10.54961551
-3.78136612,17.04119898,-10.33091103
-4.66077630,17.18787748,-10.60755558
-4.61170342,17.27263813,-10.37932583
-5.54508068,17.41554484,-10.66705513
-5.49792762,17.48568966,-10.42793905
-6.48942664,17.63107194,-10.72143491
-6.44177016,17.68362535,-10.47091101
2.89887674,16.48454515,-10.38311391
2.88346559,16.38428774,-10.60515503
3.40431895,16.64994597,-10.45488870
3.40082159,16.55448180,-10.68401224
3.92176509,16.81358509,-10.53906313
3.93175377,16.72494486,-10.77683385
4.46321335,16.98069395,-10.63541528
4.48871759,16.90112376,-10.88303600
-3.41162140,32.28299432,-11.87794512
-3.32229530,32.14971510,-11.62475252
-4.36131823,31.91478804,-11.86734383
-4.25878511,31.78201624,-11.61868686
-5.51396245,31.66124529,-11.83390350
-5.39661873,31.52328168,-11.59179704
-6.95258418,31.50423848,-11.76065163
-6.82032535,31.35648463,-11.52489309
3.53519191,31.81048513,-11.89814232
3.58302834,31.98530985,-12.17397202
4.19946868,31.22377287,-11.94997542
4.27322020,31.39306238,-12.22703416
5.02148613,30.68533021,-12.00936031
5.13050561,30.85270658,-12.28744511
6.12680555,30.19658688,-12.08070549
6.28022659,30.36483540,-12.35826093
-7.42287339,18.00050837,-10.75556664
-7.37154324,18.03473638,-10.49434151
-8.40128027,18.35788531,-10.77876843
-8.33857498,18.37359541,-10.50698151
-9.44088701,18.70676541,-10.80037085
-9.35663285,18.70442628,-10.52102810
-10.57513197,19.07420365,-10.82982331
-10.46016076,19.05218153,-10.54816857
4.98039922,17.31006933,-10.73785188
5.02603622,17.24196835,-10.99554470
5.54459015,17.65303291,-10.85709976
5.61341123,17.59818031,-11.12538424
6.18896126,18.01747746,-11.00295776
6.28508505,17.97782427,-11.28090912
6.97017435,18.41135699,-11.19743082
7.09983910,18.38766360,-11.47955969
-9.76489887,30.77894260,-11.62739324
-8.94876747,30.91727077,-11.65513276
-9.63974654,30.64808336,-11.39419191
-8.82024628,30.78228212,-11.42259450
-8.21439668,31.08273651,-11.69170443
-8.08406427,30.94395718,-11.45887464
-7.55250027,31.27772724,-11.72892649
-7.42081894,31.13479724,-11.49496166
8.31893646,28.85045122,-12.33059243
7.62714960,29.15227928,-12.25602702
8.50166299,28.97812366,-12.58566589
7.81016375,29.29115510,-12.51994963
7.03828173,29.47695326,-12.18983454
7.21517544,29.62600897,-12.46086256
6.54231811,29.82498144,-12.13168296
6.70884088,29.98383255,-12.40709563
-11.08563631,19.50230425,-10.81498785
-10.95858254,19.46806638,-10.53152158
-11.65577409,19.96336350,-10.81778180
-11.51424376,19.91450016,-10.53700985
-12.31563002,20.47769863,-10.83546362
-12.16033266,20.41320073,-10.56411826
-13.09695370,21.06316064,-10.86880341
-12.93181958,20.98449383,-10.60967843
7.34883435,18.83979087,-11.30851924
7.49773815,18.82661870,-11.59091398
7.80988749,19.27494655,-11.45155094
7.97881382,19.27217051,-11.73043162
8.38090474,19.71391627,-11.63166299
8.56838411,19.72112526,-11.90063101
9.09222897,20.15178360,-11.84751392
9.29311385,20.16858784,-12.10190317
-12.87656216,21.93694398,-10.91825304
-12.69633941,21.85836470,-10.65972404
-12.72266698,22.83911688,-11.00394806
-12.52871494,22.76036364,-10.75165173
-12.63923235,23.76871576,-11.11624150
-12.43465116,23.68869243,-10.87008443
-12.62886456,24.71754609,-11.23970804
-12.41631435,24.63649069,-10.99657504
8.95936748,20.95185304,-11.90262723
9.17965803,20.96206436,-12.16151614
8.94024836,21.71697576,-11.98880047
9.17222333,21.72184718,-12.24867744
9.01657761,22.44679844,-12.09584967
9.25422388,22.44929116,-12.35316984
9.17227447,23.14352851,-12.21242660
9.41228701,23.14856851,-12.46455939
-11.96979841,25.84258308,-11.36023894
-11.76392218,25.77455275,-11.11449668
-11.43213731,26.90012642,-11.44372972
-11.23524947,26.83860880,-11.19767812
-11.01667817,27.84797344,-11.50443495
-10.82878670,27.78275764,-11.26020052
-10.72371763,28.69002701,-11.54892782
-10.54428228,28.61175379,-11.30761423
8.84377009,24.03071117,-12.26480841
9.07321803,24.03706385,-12.51862435
8.59956764,24.87091310,-12.31978679
8.82257211,24.88799154,-12.57310048
8.43746485,25.67202891,-12.36459199
8.66081924,25.70825567,-12.61730694
8.38931526,26.45745476,-12.39625806
8.61587808,26.51824347,-12.64824716
-10.38345693,29.21188970,-11.56085992
-10.21850142,29.12323715,-11.32291019
-10.11427389,29.71967359,-11.57910356
-9.96305116,29.61848616,-11.34345526
-9.91016483,30.23478024,-11.60202108
-9.77203257,30.11940159,-11.36772522
8.24789260,27.01734004,-12.38236878
8.46847702,27.09394261,-12.63652000
8.18508009,27.59073822,-12.36599224
8.39725045,27.68437520,-12.62174534
8.20678871,28.19512004,-12.34830132
8.40696029,28.30622599,-12.60481268
2.93232030,32.32644126,-11.55434220
3.50314945,31.67748712,-11.59270484
4.14460882,31.09190956,-11.64114111
4.93308603,30.55079674,-11.69685811
5.99243597,30.05565576,-11.76480503
2.41443076,16.42257314,-10.09660686
2.90872621,16.59437460,-10.14873270
3.40345390,16.75675318,-10.21416607
3.90921664,16.91500245,-10.29124109
4.43752625,17.07466458,-10.37943426
8.13876305,28.73760511,-12.03844081
7.45184766,29.03097188,-11.94997678
6.87363178,29.34841994,-11.87572317
6.39230142,29.69028250,-11.81484855
6.85441983,18.45296516,-10.89611999
7.21497045,18.87025174,-11.00105390
7.65699574,19.29349243,-11.14376603
8.20815434,19.72027634,-11.33142666
8.90127904,20.14630826,-11.56473604
8.74777673,20.95417562,-11.60443577
8.71442160,21.72571578,-11.68133049
8.78210168,22.45902619,-11.78855045
8.93219554,23.15457409,-11.91332908
-12.77101447,20.92960558,-10.33632347
-12.51598166,21.80722770,-10.38793902
-12.33149215,22.70978806,-10.48978138
-12.22544222,23.63559773,-10.61967202
-12.19931135,24.57908752,-10.75293460
8.61270259,24.04069983,-11.95625715
8.37327279,24.87010426,-12.00885001
8.21059968,25.65188967,-12.05604728
8.15956979,26.41266114,-12.09255462
-11.55871554,25.72545224,-10.87069837
-11.04324831,26.79040277,-10.95371808
-10.64831205,27.72772788,-11.01639945
-10.37313060,28.54439987,-11.06381802
8.02558172,26.95656297,-12.07595980
7.97275005,27.51293374,-12.06005672
8.00824203,28.09980620,-12.04679818
-10.06234927,29.04868370,-11.07859446
-9.82030307,29.53492663,-11.09871386
-9.64181089,30.02561642,-11.12303908
-9.52128239,30.54234018,-11.15021973
0.31586049,33.18326076,-11.33156583
0.93422905,32.87395651,-11.35392369
1.55788717,32.63651732,-11.40038531
2.21303970,32.45678113,-11.46849162
0.00719239,16.71099783,-9.91097866
0.62895063,16.67216546,-9.92062732
1.22963713,16.60722355,-9.95767022
1.82134676,16.52208376,-10.01781964
-0.65072401,16.80862141,-9.91932079
-1.35154014,16.87428888,-9.95328524
-2.11056379,16.90713830,-10.00501500
-2.94257061,16.90550070,-10.06703801
-0.34780426,32.90756147,-11.30356264
-1.00742547,32.71033310,-11.29751218
-1.69535650,32.59538853,-11.31480428
-2.45607737,32.57464490,-11.35425955
-3.24863383,32.07598267,-11.34773608
-4.17166925,31.70693600,-11.34513259
-5.29459761,31.43930325,-11.32482686
-6.70223922,31.25727143,-11.26526757
-3.72509318,17.15426152,-10.10130988
-4.55890852,17.37562413,-10.14018117
-5.44919470,17.57351814,-10.17658137
-6.39613213,17.75236296,-10.20580401
4.93713635,17.39524837,-10.47023476
5.48144894,17.72635811,-10.57690416
6.10240371,18.07645083,-10.71000145
-7.32655253,18.08533593,-10.21233431
-8.28647256,18.40671058,-10.20916321
-9.28639271,18.72168379,-10.21368291
-10.36123190,19.05152768,-10.24131324
-10.84554931,19.45941660,-10.22033329
-11.38461216,19.89385107,-10.23033575
-12.01324309,20.37590328,-10.27150550
-8.70127949,30.67924328,-11.17426273
-7.96500300,30.84331542,-11.20634581
-7.30227999,31.03553164,-11.23856524
0.88597309,32.55532659,-0.86410809
0.35929150,32.48983260,-0.93065374
0.60410000,32.57543700,-2.34848327
0.04532867,32.53928055,-2.37733676
1.37889073,32.45079623,-0.88877730
1.12767561,32.40860244,-2.38339993
-0.15773229,32.46354455,-0.98743419
-0.50062998,32.54740630,-2.40350816
1.88810766,32.38015891,-0.91264794
1.66532285,32.28180937,-2.42521479
2.42696467,32.34014366,-0.93527611
2.22854725,32.19245012,-2.47204061
-0.68068845,32.48236451,-1.03620155
-1.04957946,32.60604430,-2.43057577
3.01301349,32.32938756,-0.95611912
2.83179209,32.14044088,-2.52172817
-1.22951739,32.55491457,-1.08064551
-1.62050617,32.72419959,-2.46239091
-1.77310856,32.26428895,-1.15757214
-2.16396016,32.45773072,-2.49093412
3.45884443,31.96691224,-1.11151642
3.29651272,31.71723436,-2.64422250
-2.34867869,32.01789417,-1.20369861
-2.72854380,32.24002911,-2.50982877
3.95477715,31.62768695,-1.26527594
3.81098372,31.31664345,-2.75721115
4.53078034,31.29901094,-1.40053560
4.40569055,30.92548339,-2.85637381
-2.98491286,31.80104478,-1.22426699
-3.34253103,32.05413153,-2.52403014
5.22748960,30.96922557,-1.49748771
5.12359430,30.53403070,-2.93872575
-3.72305384,31.59069481,-1.22092542
-4.04681559,31.87383548,-2.53404843
5.72415620,30.59037163,-1.65967212
5.62291696,30.12956827,-3.03330272
-4.30683870,31.30088718,-1.26618474
-4.56179571,31.61643643,-2.56621181
6.32737935,30.19874538,-1.77353857
6.22115884,29.72659136,-3.11094195
-4.98244946,31.00505855,-1.28570600
-5.15358945,31.34672697,-2.58788060
7.06931733,29.80106442,-1.82863857
6.94382159,29.34201454,-3.17017456
-5.78120643,30.71539713,-1.27512210
-5.85008166,31.06702403,-2.59376383
-6.74786369,30.48264769,-1.22701247
-6.69408438,30.80351980,-2.57499808
7.98716788,29.41427510,-1.81663785
7.81549452,29.00553678,-3.20788774
8.00396100,28.57861938,-2.00288706
7.88136158,28.22967564,-3.29482247
-6.96340744,29.72242682,-1.14424410
-6.88672190,30.05329425,-2.51910106
-7.24694577,29.04439980,-1.09232600
-7.15847150,29.36935603,-2.46975080
8.13490087,27.79139571,-2.13146034
8.02363114,27.52776647,-3.36021640
8.35222603,27.04001298,-2.21634093
8.23364640,26.87399794,-3.40998772
-7.59524028,28.43939935,-1.08340734
-7.51294229,28.74748864,-2.43571748
-8.00811835,27.89810105,-1.12006367
-7.95356393,28.18256366,-2.42401678
8.63079588,26.31031817,-2.27086050
8.50131673,26.24440001,-3.44708567
0.42720622,32.67231283,-3.74450463
-0.17156448,32.63686383,-3.75713117
0.99102645,32.45945273,-3.75598917
1.56647262,32.29220504,-3.77281861
-0.75151630,32.64919878,-3.77372156
2.16525087,32.16609187,-3.79261662
-1.32958192,32.71452217,-3.79625486
2.80181769,32.08044485,-3.81271258
-1.92575126,32.84213531,-3.82645567
-8.48689084,27.21714440,-1.04904429
-8.44940347,27.45114853,-2.32884478
8.90789746,25.37844010,-2.14671883
8.74438193,25.41108324,-3.36220757
3.28870240,31.60074972,-3.83871704
-2.47901029,32.56906931,-3.82847972
9.17665907,24.38650214,-2.00498577
9.00752632,24.51465692,-3.24397231
-9.04718467,26.55964414,-1.04061270
-9.06032826,26.75713184,-2.27752245
3.82547634,31.14407315,-3.86816103
-3.05055989,32.35251283,-3.83118260
-3.67319149,32.17387350,-3.83319766
4.44691341,30.69539974,-3.89965809
9.42913074,23.31722576,-1.85973828
9.26032310,23.52149441,-3.09584759
-9.69656662,25.87153976,-1.06636857
-9.78593443,26.05002313,-2.25130769
5.20264103,30.24500671,-3.93461350
-4.39331042,32.00804660,-3.82862527
9.76942499,22.18979094,-1.70991699
9.55775954,22.44356044,-2.94182989
-10.46345762,25.08803804,-1.05899260
-10.62186778,25.26758849,-2.21486273
5.68203368,29.82606597,-3.99755348
-4.87773731,31.76100721,-3.84743551
-10.16530564,24.28345161,-1.15112794
-10.45748843,24.44974626,-2.25927785
9.26078324,21.25438355,-1.69421971
9.17253440,21.55547026,-2.88627960
6.25238138,29.41538008,-4.06593587
-5.43600672,31.50512809,-3.85434395
-9.97470701,23.48144590,-1.14576843
-10.33899270,23.61383963,-2.25155013
8.99173558,20.35672332,-1.65566658
8.96803342,20.67390308,-2.86706133
6.93688115,29.03246154,-4.14474480
-6.09310840,31.24022225,-3.84417482
-9.89736619,22.62081297,-1.06115882
-10.27550672,22.72263861,-2.19555875
8.93368886,19.47922467,-1.61017771
8.96029041,19.79621962,-2.90052178
-6.88757467,30.98466057,-3.81061419
7.75729258,28.71097277,-4.23832650
-9.97760680,21.62531983,-0.90598196
-10.30889879,21.72827483,-2.09729938
9.03961894,18.58084463,-1.56321558
9.10607263,18.89355521,-2.96902932
7.76948743,27.99314938,-4.32017006
-7.07167786,30.25866466,-3.76784668
-9.19563891,21.23037867,-0.94390474
-9.53803095,21.21544140,-2.10380905
8.46490107,18.31671565,-1.68131746
8.61009938,18.58283391,-3.08769136
8.00467526,18.05509433,-1.80839618
8.18869797,18.26883227,-3.20319616
-8.53606560,20.79785242,-0.94522553
-8.88018265,20.67559758,-2.08565982
-7.95659166,20.34993461,-0.92903074
-8.30147183,20.13972028,-2.05786075
7.62678908,17.78484523,-1.93563628
7.81935039,17.94747997,-3.30782459
7.30773129,17.49529582,-2.05506136
7.48777659,17.61534537,-3.39745305
-7.42899262,19.89983994,-0.90886208
-7.77465430,19.62684692,-2.03144581
-7.33687473,29.58617794,-3.72213239
7.85623263,27.35306092,-4.39609747
6.74077356,17.28428660,-2.20453533
6.86541414,17.36566588,-3.47245620
-6.51187378,19.51886890,-0.89439086
-6.83242295,19.20818766,-2.01859388
6.23635228,17.03790924,-2.30613375
6.30641553,17.09599362,-3.51576638
-5.66458419,19.13216605,-0.88758079
-5.96261237,18.83490016,-2.02746359
5.77372937,16.75336651,-2.37021462
5.79400421,16.79986727,-3.53683889
-4.87103696,18.72230436,-0.91712552
-5.15715668,18.45804286,-2.06879563
-7.69003225,28.96212826,-3.67903741
8.01636731,26.76201560,-4.46522042
5.33685489,16.42696207,-2.40266839
5.31203468,16.47202194,-3.53880370
-4.12477106,18.27264342,-0.99457981
-4.40915429,18.04742236,-2.14201668
3.22400360,16.81938210,-2.25446029
3.70217986,16.74311973,-2.31272838
3.11798777,16.69553233,-3.28739075
3.62138275,16.65523328,-3.35868854
-1.22606185,17.85503399,-1.36391120
-0.57907212,17.85357732,-1.50360602
-1.52150065,17.69276007,-2.50282390
-0.86275864,17.70586755,-2.60916381
-1.84295957,17.99797797,-1.24584543
-2.14196924,17.83492494,-2.40371097
2.66242342,17.08875374,-2.18766703
2.52426978,16.94853566,-3.19712160
-2.52098834,18.11838649,-1.13747923
-2.81873669,17.94398930,-2.30689695
4.20903427,16.64939899,-2.35947639
4.15021588,16.60212593,-3.42615670
2.12633212,17.31750431,-2.09932323
1.95671512,17.16910449,-3.10094203
0.00994504,17.81974797,-1.63625209
-0.25806527,17.67692767,-2.70998565
4.75153286,16.54260134,-2.39111411
4.71127394,16.53983613,-3.48726019
-3.27453267,18.21216919,-1.05117667
-3.56768462,18.01576820,-2.21808306
0.55936842,17.75626704,-1.76410966
0.31115100,17.60961187,-2.80860954
1.60421044,17.50784940,-1.99751352
1.40564357,17.35520771,-3.00362001
1.08428857,17.66334537,-1.88948510
0.86015445,17.50527023,-2.90860395
8.24363645,26.19571924,-4.52453901
-8.13736368,28.38220154,-3.64298624
0.93656684,32.84289841,-5.03837986
0.34866048,33.10803428,-5.05415617
-0.28536690,33.06406812,-5.06176904
8.47144306,25.44207193,-4.46999729
-8.64146398,27.62563411,-3.52212123
-0.89821934,33.07120529,-5.07531258
1.53211756,32.62423586,-5.02659928
-1.50854002,33.13457198,-5.09607963
2.14812902,32.44685688,-5.01666053
-9.28505585,26.89606804,-3.42256858
8.74664978,24.63165075,-4.37562957
2.79974434,32.30745038,-5.00679645
-2.13865387,33.26084408,-5.12425879
3.28379653,31.73112571,-4.97258693
-2.72589073,32.95260442,-5.11108258
-10.06185626,26.14998855,-3.33508846
9.03351514,23.71566297,-4.23493063
-3.33455684,32.70123444,-5.10155560
3.81771374,31.18086786,-4.95379259
-10.95188630,25.33157718,-3.24399742
9.36470039,22.68716374,-4.07773223
4.43967018,30.64033669,-4.95191140
-4.00519827,32.48428817,-5.08867725
9.03482932,21.83635530,-3.98564935
-10.86963234,24.48871847,-3.26244692
5.20438196,30.10083368,-4.97223666
-4.79278112,32.27110912,-5.06099000
-5.28440993,31.99347393,-5.05490643
5.63864774,29.65089593,-5.03117287
8.84396431,20.96528963,-3.93657640
-10.81384790,23.60859947,-3.25251139
6.15466852,29.21771890,-5.10625858
-5.84894337,31.70494021,-5.03606624
8.82271452,20.08124298,-3.96010325
-10.79213758,22.66471734,-3.21131869
6.77351346,28.81974852,-5.20170084
-6.50895920,31.40783123,-5.00133190
-10.84091507,21.62255664,-3.14191403
8.95357582,19.17495570,-4.04389202
-7.29707586,31.12242322,-4.94864059
7.51891112,28.48819473,-5.32295120
8.41797275,18.85314188,-4.10260294
-10.05810700,21.03796378,-3.14616142
7.96763744,18.53032699,-4.16547802
-9.39223546,20.43134688,-3.11958367
-7.48458067,30.40563266,-4.89291652
7.48064143,27.81414151,-5.39227898
-8.80927046,19.84032819,-3.07629800
7.58220575,18.20265489,-4.22658419
7.24590307,17.86635505,-4.28272991
-8.27828721,19.28852873,-3.03014079
-7.29739614,18.85564214,-2.98372245
6.60969417,17.61279838,-4.30911894
7.52894062,27.21909923,-5.46521586
-7.74783509,29.73779189,-4.83548644
6.04975443,17.34089728,-4.32262752
-6.38337236,18.51027940,-2.96114280
-5.53217779,18.18717492,-2.97328235
5.54202119,17.04584538,-4.32702823
5.06760914,16.72196676,-4.32340552
-4.74128581,17.84445072,-3.02083796
-8.09241049,29.11302832,-4.78202397
7.66210322,26.67359048,-5.53831805
-2.41034631,17.71062863,-3.23867194
-1.77027735,17.57666462,-3.33185125
2.34772125,16.97279945,-3.97551060
2.93546874,16.75253513,-4.06772183
3.42936177,16.76157993,-4.13254483
-1.09224770,17.61706563,-3.42640584
3.94424977,16.75762574,-4.19743954
-3.10751758,17.80078399,-3.15197714
4.48754247,16.74352970,-4.26155353
-3.87839662,17.84472671,-3.07801419
-0.47048736,17.60619659,-3.51781882
1.78140774,17.16569904,-3.88241502
1.22717803,17.32751979,-3.79054600
0.11329890,17.55076393,-3.60873712
0.67464775,17.45475947,-3.70186859
-8.52191260,28.52513450,-4.73680424
7.87289654,26.15397468,-5.60524603
-8.98273676,27.74544168,-4.62566905
8.08384916,25.45611422,-5.57575790
-9.57674634,26.98195609,-4.53123124
8.35033856,24.70870843,-5.50183814
1.02081662,33.46561610,-6.30409938
0.39226121,33.79568064,-6.35017603
-0.29986027,33.74328570,-6.36335573
-0.97263735,33.74359769,-6.38466098
1.64557002,33.18156704,-6.26297918
8.62465391,23.85783932,-5.36848026
-10.30222186,26.19240153,-4.44119004
-1.64555333,33.80016198,-6.41467484
2.27938290,32.93848638,-6.22586671
-2.34263231,33.91726408,-6.45128624
2.93887931,32.73239028,-6.19274319
3.39816105,32.03332769,-6.11685973
-2.99465465,33.56133973,-6.43083467
8.92720004,22.88614162,-5.20758589
-11.14513040,25.32661534,-4.34305058
3.90082537,31.36097989,-6.06834421
-3.67309217,33.25460307,-6.41124551
8.63142796,22.07630019,-5.07235777
-11.09973444,24.46890561,-4.34189352
-4.42756752,32.97243024,-6.37818441
4.49222580,30.70415672,-6.04986760
8.45953009,21.23385916,-4.97828015
-11.08786005,23.56227879,-4.32181079
-5.32084061,32.67407166,-6.31527206
5.23499326,30.06058885,-6.06869744
5.60978686,29.57546990,-6.12288377
-5.83112336,32.33669486,-6.28012313
-11.11392404,22.58801992,-4.28263760
8.44488312,20.36910005,-4.96361820
-6.41243912,31.98839176,-6.23069264
6.06145216,29.11925793,-6.19455399
-11.20633130,21.51982173,-4.23197516
8.59089816,19.48464102,-5.03898691
-7.08531992,31.63622407,-6.16737439
6.61098204,28.70789435,-6.28580581
8.06362535,19.15682313,-5.03276795
-10.44224299,20.92001509,-4.22493690
-9.79379999,20.30427173,-4.18962346
7.62594611,18.82956185,-5.04691082
-7.87776223,31.30359867,-6.09436633
7.28229572,28.36492714,-6.40102811
-9.22633413,19.70875722,-4.13710967
7.25609008,18.49972992,-5.07275804
-8.70848348,19.15693005,-4.08042570
6.93754743,18.16308864,-5.10414260
-8.06411499,30.57256722,-6.01969963
7.20622536,27.71801544,-6.44322275
-7.70873438,18.74790844,-4.01403013
6.30843438,17.90768208,-5.09048726
5.75927831,17.63751481,-5.07751182
-6.76734462,18.44971970,-3.97203158
7.22393523,27.15170974,-6.49794944
-8.31974802,29.89015201,-5.94851318
-5.88135335,18.18931820,-3.96460829
5.26326533,17.34798898,-5.06436292
-5.05308445,17.91288386,-3.99098791
4.80078383,17.03320597,-5.05049113
4.24345539,17.01666220,-4.97759892
-4.16953720,17.93612469,-4.02601912
3.71989385,16.99130240,-4.90775027
-3.37647846,17.90237247,-4.07491568
-2.65766207,17.80897056,-4.13479067
3.22138078,16.95507972,-4.84175803
-1.99686217,17.65994971,-4.20116710
2.74011605,16.90556380,-4.78004657
2.16349483,17.09731228,-4.68773244
-1.30132194,17.69767367,-4.26082511
1.60418055,17.26573701,-4.60234404
-0.66543135,17.68054675,-4.32112694
-0.07069425,17.61896424,-4.38500733
1.05260229,17.40738567,-4.52469650
0.49830552,17.51851134,-4.45543863
-8.64684666,29.25116832,-5.88687995
7.33142769,26.63472400,-6.55756141
-9.04475538,28.64776867,-5.83998215
7.52189997,26.14352439,-6.61354510
7.71532831,25.48028122,-6.60139398
-9.44087611,27.83867549,-5.74488830
7.98287566,24.77426507,-6.55037546
-9.94131725,27.03614962,-5.67207071
8.26597828,23.97057498,-6.44265072
-10.54801849,26.19416265,-5.60378993
0.45358184,34.32923966,-7.52775439
-0.30449217,34.24171524,-7.53057555
1.14355435,33.97685223,-7.44828381
-11.26316810,25.26562923,-5.52333860
8.55865999,23.04712136,-6.30768063
1.82002265,33.66460981,-7.37936744
-1.04373640,34.20445801,-7.54439935
-1.78176306,34.22021818,-7.56784059
2.49242301,33.38932983,-7.32079148
-2.54237219,34.29169155,-7.59822999
3.17679841,33.14520328,-7.27272388
-11.22673190,24.38406887,-5.49210533
8.29720628,22.27383286,-6.16208398
-3.25918661,33.89138746,-7.54009497
3.62657996,32.35705528,-7.16613158
4.08753524,31.57682251,-7.10080686
-4.00937981,33.53740812,-7.48617616
8.14060586,21.46255655,-6.05250423
-11.25755960,23.44535257,-5.43972265
4.62014160,30.81039590,-7.07417015
-4.85172319,33.20468032,-7.42079854
-11.35252040,22.43980721,-5.37630416
8.12810372,20.62657938,-6.01722837
5.30436173,30.07027930,-7.09046872
-5.85655946,32.84716498,-7.32909856
5.59372364,29.55199487,-7.12818976
-6.37375623,32.46708253,-7.27342306
8.28190303,19.77530946,-6.08075857
-11.52237034,21.35086481,-5.32213742
5.95787892,29.07386028,-7.18050677
-6.95752436,32.07892877,-7.21322411
7.76455691,19.44042421,-6.00882503
-10.81132133,20.75473034,-5.28638948
7.34029104,19.10839452,-5.97255393
-10.20251178,20.15295640,-5.24028450
-7.62575628,31.69190969,-7.15251461
6.41839910,28.64781357,-7.24946830
6.98624567,18.77616811,-5.95953251
-9.66342079,19.57506824,-5.18697842
-9.16612312,19.04088481,-5.13357809
6.68436493,18.43984138,-5.96063530
-8.39720600,31.32506953,-7.10123702
6.99787482,28.28963571,-7.34294187
6.06167668,18.18052636,-5.90820873
-8.15394455,18.66739641,-5.06107846
-7.18948939,18.41677710,-5.01271118
5.52060771,17.91169436,-5.86860332
-8.56043019,30.58306091,-7.03934753
6.87053986,27.65268224,-7.35038391
-6.26765785,18.22132018,-4.99359867
5.03245031,17.62759370,-5.83572894
-5.39686257,18.01531875,-5.00012142
4.57704666,17.32225185,-5.80828217
6.84301901,27.10030495,-7.37772232
-8.78207218,29.88552836,-6.99066351
-4.48477165,18.06301291,-5.01353676
4.03809100,17.27226030,-5.73388402
-3.66142837,18.04065590,-5.03528654
3.52907231,17.21353279,-5.66506742
3.04124089,17.14414137,-5.60223740
-2.91407905,17.94549981,-5.06442508
2.56693902,17.06147425,-5.54532744
-2.22760329,17.78246724,-5.10096542
-1.51044446,17.81302057,-5.12991735
1.99617143,17.23313782,-5.45676109
1.43971679,17.38390020,-5.37891427
-0.85732970,17.78642798,-5.16361312
0.88769926,17.51022328,-5.31226351
-0.24937107,17.71587548,-5.20524051
0.32930960,17.60856039,-5.25755684
6.90940955,26.59817614,-7.41599529
-9.06059411,29.22811040,-6.95866657
-9.39096654,28.60273504,-6.94701729
7.06543198,26.12156134,-7.45664717
-9.69565752,27.76424829,-6.90956748
7.22792563,25.47717161,-7.45176431
7.49152023,24.79624538,-7.42317177
-10.07283198,26.92337073,-6.88973248
7.79891452,24.02955838,-7.35794943
-10.53531865,26.03798333,-6.86062297
8.12556515,23.15689334,-7.28380208
-11.11170441,25.06891198,-6.78976531
7.94363378,22.43347231,-7.15928210
-11.10906402,24.19248142,-6.68777747
0.38991344,34.13460158,-8.80707361
-0.35780604,33.96833223,-8.75942940
1.09185060,33.82747034,-8.68003239
1.78884206,33.55509299,-8.57852571
-1.09064683,33.85289128,-8.74307988
-1.82610916,33.79081763,-8.75462599
2.48705368,33.31285116,-8.50311675
-11.21991725,23.25937191,-6.55111755
7.84369707,21.66999294,-7.06733448
-2.59053889,33.78796773,-8.79022730
3.20071725,33.09555501,-8.45572187
3.68725082,32.32703462,-8.28037108
-3.34509777,33.35984554,-8.66373976
-4.15755207,32.99422086,-8.56133407
4.14466495,31.54360450,-8.19960256
-11.42147360,22.26615760,-6.41543961
7.85956415,20.88039415,-7.03860768
4.64806931,30.76763056,-8.18612278
-5.09229331,32.66730849,-8.45892595
-11.69709805,21.21445968,-6.31756537
8.02816681,20.07702644,-7.10132054
-6.22187411,32.33925774,-8.34633594
5.30289253,30.02859804,-8.22817792
5.52941762,29.52665133,-8.27920779
-6.74237119,31.98077280,-8.28890228
7.52330496,19.73475948,-6.96618314
-11.07930612,20.63957776,-6.24425300
7.11370843,19.39634639,-6.88198428
-10.53921848,20.07678422,-6.19139111
-7.32289865,31.62245258,-8.24826569
5.83708930,29.07151538,-8.34593736
6.77530355,19.06053659,-6.83203575
-10.04905868,19.54215964,-6.15177225
-9.58712974,19.04889861,-6.12188789
6.48980499,18.72412285,-6.80502305
-7.97911127,31.27083487,-8.23854371
6.25368304,28.67223471,-8.43696720
-8.58845977,18.70779406,-6.06970416
5.87643269,18.45554426,-6.71702433
5.34582887,18.18505801,-6.65497370
-7.61996207,18.48581284,-6.03647348
6.81833301,28.34245396,-8.57857539
-8.72797066,30.93875192,-8.27849401
4.86717739,17.90584797,-6.60742327
-6.67189300,18.33559310,-6.02255915
-5.75775097,18.18834212,-6.02165530
4.41969946,17.61127870,-6.57021770
6.63181236,27.70560359,-8.53250299
-8.83548425,30.25024835,-8.23636165
-4.81267949,18.24422250,-6.02112504
3.90147887,17.52859686,-6.50177324
-3.95059278,18.22691473,-6.02323805
3.40732785,17.43874451,-6.44181841
2.92874585,17.33964735,-6.38946618
-3.16544485,18.12976738,-6.02916059
-2.44496124,17.95525185,-6.04197713
2.45821563,17.22839909,-6.34463583
1.88784110,17.38004968,-6.26889512
-1.69865765,17.97025846,-6.04619256
1.32788384,17.51564294,-6.20511475
-1.02162931,17.92728986,-6.05788323
-0.39436352,17.84195205,-6.07976506
0.76888585,17.63116074,-6.15337937
-8.99671998,29.60110900,-8.22725258
6.57315235,27.15866259,-8.52379459
0.20006339,17.72245897,-6.11430338
6.62522462,26.66281525,-8.53625014
-9.21376011,28.98725259,-8.24838365
6.77721089,26.19032828,-8.56106939
-9.48655392,28.40053227,-8.29848002
-9.70867579,27.57639594,-8.30986877
6.89864769,25.53508660,-8.52364307
-10.01676584,26.72868788,-8.33336513
7.14050420,24.85032905,-8.49507938
7.45390524,24.09686367,-8.47543810
-10.42222555,25.81811256,-8.34158111
-10.95805644,24.82468391,-8.30051742
7.83726271,23.26049743,-8.50106816
-10.96587558,23.97772686,-8.11713823
7.70453637,22.58625300,-8.40101337
7.67229883,21.87299452,-8.35467101
-11.10835203,23.10852649,-7.89860265
7.76525719,21.12011327,-8.39109665
-11.37393501,22.21201238,-7.68770224
8.01544267,20.31915422,-8.55105570
-11.74734956,21.28233672,-7.55520692
-11.14273464,20.78712233,-7.37133083
7.43409386,19.99007366,-8.29758031
6.99283924,19.65083304,-8.13733788
-10.64643239,20.31336378,-7.27107107
-10.20542423,19.86348512,-7.23341249
6.64823455,19.30498762,-8.04435066
6.37079175,18.95237442,-8.00192708
-9.79110846,19.44040036,-7.23716204
5.74652853,18.67474547,-7.84085733
-8.83028074,19.14924657,-7.20369119
-7.89464769,18.92848454,-7.20177954
5.22264816,18.39570506,-7.74083969
4.75625242,18.11162861,-7.67539244
-6.95860233,18.75063228,-7.21809983
4.32220845,17.81589341,-7.63553659
-6.03145069,18.56608152,-7.23611244
3.83052979,17.71512714,-7.53661157
-5.07193806,18.54691036,-7.22015471
3.35923503,17.60679666,-7.45670778
-4.17895317,18.46971089,-7.19756764
2.89830516,17.48769488,-7.39571922
-3.35536913,18.32710775,-7.17409007
2.43907097,17.35365204,-7.35486501
-2.59476181,18.11642610,-7.16021850
-1.80921276,18.11770277,-7.10276395
1.87507123,17.50710472,-7.23370196
-1.09968385,18.06255201,-7.06677418
1.31462358,17.63903531,-7.14948826
-0.44666622,17.96537893,-7.05502171
0.74898351,17.74892160,-7.09598501
0.16757933,17.83419394,-7.07008398
1.08009307,32.72830058,0.08153606
0.54321625,32.66583294,0.04829318
1.58259094,32.62894331,0.04296921
2.09970794,32.56198257,0.00964609
0.01217459,32.64093666,0.01985109
2.64543151,32.52396944,-0.01960519
-0.52844981,32.66020160,-0.00157452
-1.09876358,32.73237759,-0.01455783
3.23890649,32.51340073,-0.04530051
3.70487666,32.15734077,-0.12715895
-1.67001667,32.45880148,-0.05322015
4.22411064,31.82671640,-0.20351972
-2.28293158,32.23537648,-0.06062260
-2.96987216,32.05414138,-0.02629888
4.82988278,31.51313154,-0.25757236
5.56504921,31.20766661,-0.27092390
-3.77645495,31.90048197,0.05733265
6.10079697,30.84520517,-0.37813023
-4.43117286,31.62784250,0.01914026
-5.18900074,31.36190426,0.01793811
6.74731742,30.47664798,-0.45726173
7.53392100,30.10060391,-0.51310414
-6.07958695,31.11672148,0.05302216
8.49129963,29.72114874,-0.55997540
-7.13668389,30.93623436,0.10987845
-7.36472858,30.16149694,0.14949227
8.48392708,28.88109417,-0.70653357
8.58424237,28.06372218,-0.86728339
-7.65270335,29.44631574,0.15562898
8.77661646,27.25873147,-1.02651358
-7.99506827,28.78112621,0.11394192
-8.38510108,28.15604681,0.01186573
9.03528000,26.45961112,-1.17712518
9.40049376,25.48096079,-0.98390869
-8.89950006,27.44408253,0.13415379
-9.46909792,26.70348735,0.16869244
9.73168815,24.41720222,-0.82718465
10.02440118,23.26082489,-0.72645509
-10.10760736,25.90405939,0.15559304
10.41012210,22.05055642,-0.63722331
-10.87634303,25.00622925,0.20842643
-10.48796045,24.11326370,0.09068199
9.82738873,21.06169650,-0.70003940
9.50103807,20.11500330,-0.68796598
-10.25227195,23.24235360,0.11169219
-10.16550441,22.31836320,0.24188711
9.38666785,19.18825385,-0.63030604
-10.24743451,21.26018415,0.40534176
9.43342576,18.24491425,-0.57143997
8.76964077,17.95868877,-0.66951705
-9.39294418,20.91473058,0.27543323
-8.67293474,20.53990605,0.17809406
8.22396110,17.67939980,-0.78053460
-8.04368633,20.14363080,0.11045377
7.76773314,17.39957221,-0.89442414
7.38079953,17.10984160,-1.00541855
-7.47380065,19.73259993,0.06064156
6.75374053,16.90946328,-1.16385420
-6.51972070,19.37526625,0.01380160
6.22067248,16.67422403,-1.28379823
-5.64269271,18.98038783,-0.01404393
-4.82449073,18.54767506,-0.06430512
5.75222377,16.39781474,-1.37103150
-4.05956020,18.06687413,-0.15099283
5.32443309,16.07398683,-1.42817229
-1.12008647,17.54526629,-0.42118532
-1.73796352,17.71312098,-0.32728484
3.28017296,16.38190857,-1.24914904
2.73880459,16.64267314,-1.18498651
3.74095675,16.32936649,-1.32665394
-0.47239624,17.51621410,-0.54712230
2.21794330,16.87322188,-1.09922017
0.11693498,17.45530507,-0.66790464
0.66634675,17.36775410,-0.78583439
1.70519661,17.07722901,-1.00308161
1.18995624,17.25797175,-0.90555491
-2.42081994,17.85739231,-0.24184112
4.22879100,16.26062344,-1.38711065
-3.18664552,17.97658478,-0.17949882
4.75295355,16.17532514,-1.42311332
0.31626149,33.56529849,-9.95749186
-0.37472700,33.35947760,-9.88527107
0.96144630,33.27890297,-9.88743840
-1.05445517,33.20205718,-9.85357815
1.61305398,33.02987690,-9.85377257
2.28439698,32.81057134,-9.85766281
-1.74474087,33.09626080,-9.86347265
-2.47859800,33.04917847,-9.91466668
2.99563953,32.61523104,-9.90065781
-3.24544066,32.60276617,-9.80681098
3.54042180,31.94184476,-9.79099465
4.10145069,31.28079759,-9.75710159
-4.10750670,32.24241934,-9.72552638
4.74972180,30.64243406,-9.76943425
-5.13519567,31.95155121,-9.64036931
5.59718752,30.04103131,-9.81836056
-6.40645127,31.70401922,-9.54334629
5.91199670,29.61722923,-9.87443604
-6.97061966,31.41425407,-9.50993631
-7.59568565,31.13358272,-9.50591886
6.31035356,29.22489618,-9.95332690
-8.29571600,30.86292639,-9.55214339
6.81880165,28.86750727,-10.07795792
7.46409640,28.54840050,-10.27646526
-9.08578001,30.60981204,-9.66089391
7.29430061,27.93889763,-10.17179316
-9.19671685,30.04448469,-9.61767981
7.23765103,27.38555416,-10.11528076
-9.36271768,29.50407970,-9.61237236
7.28603740,26.86511165,-10.09877319
-9.58907065,28.97790903,-9.64434493
-9.88125299,28.45089446,-9.71043856
7.43091532,26.35761976,-10.11624169
-10.12355880,27.64618296,-9.70396030
7.50023142,25.65108045,-10.01563550
-10.47106413,26.75066763,-9.70169933
7.69261268,24.91459733,-9.95926474
7.96739952,24.11696816,-9.96297223
-10.93192867,25.74099723,-9.67804845
-11.52732516,24.63621505,-9.60386008
8.32464043,23.24349400,-10.06977045
-11.51978799,23.74972308,-9.39681078
8.17430473,22.55154827,-9.94504390
8.12376268,21.81511250,-9.91031714
-11.63346557,22.86881792,-9.18306422
-11.87244191,21.97869756,-9.01215399
8.19119684,21.02850366,-9.98069524
-12.21940092,21.05945034,-8.94929742
8.39595279,20.18570043,-10.14826525
7.76501440,19.83020309,-9.80662071
-11.52157819,20.61346640,-8.71163732
-10.96023585,20.18996703,-8.55845425
7.26986442,19.46808379,-9.57691483
6.87988819,19.09364910,-9.44725975
-10.48365757,19.76846506,-8.50760357
6.56829283,18.70584873,-9.39432919
-10.05387692,19.34523309,-8.54091256
5.88375417,18.39967532,-9.19961878
-9.04576375,19.06007958,-8.46960083
5.31871345,18.08839589,-9.09442297
-8.08956176,18.78328324,-8.48067320
4.82169829,17.77298547,-9.03694680
-7.14834721,18.50057965,-8.54349740
-6.21950927,18.19779400,-8.62256558
4.36274485,17.44968531,-9.01031281
3.85609318,17.32271517,-8.91269445
-5.25843860,18.08517090,-8.62290737
-4.35908636,17.93653371,-8.61484652
3.37159970,17.18885690,-8.83471588
2.89814161,17.04196269,-8.78129270
-3.52463418,17.74299362,-8.60645392
-2.75018418,17.49624387,-8.61519846
2.42563671,16.87587115,-8.75778842
1.85282109,17.04182347,-8.56945783
-1.93484433,17.54644913,-8.46787013
1.28534562,17.18495109,-8.42250565
-1.19654165,17.53969981,-8.35547020
-0.51895548,17.47711426,-8.29763563
0.71006837,17.29403416,-8.33194772
0.11336484,17.35919525,-8.30762480
