-1.70999368,13.19202991,1.47329615
-3.53223503,13.65779374,1.32610842
-1.71563406,13.11384412,1.57450992
-3.54071702,13.57699961,1.42852809
-5.39118918,14.17378768,1.25433383
-5.40163448,14.09592947,1.35835924
-7.28230265,14.60296730,1.32023209
-7.29457153,14.53147735,1.42740354
-9.15379285,14.92688328,1.51207300
-9.16799410,14.86568172,1.62247812
-5.14210070,37.00722845,-0.10229783
-3.47677771,36.89542826,-0.10732312
-5.14180719,37.03600206,0.02994903
-3.47300802,36.92267163,0.02848247
-1.77900876,36.89835649,-0.12864980
-1.77052780,36.92639216,0.00967177
-0.03928182,36.80533139,-0.16398113
-0.02452795,36.83304790,-0.02450411
1.65599716,36.60823678,-0.17776383
1.67578736,36.63492462,-0.03722157
-10.66430774,15.36574486,1.68994566
-10.67932588,15.31777908,1.80028391
-12.07807519,15.94141176,1.84899345
-12.09206187,15.90837944,1.95789000
-13.41804501,16.65409652,1.99017619
-13.43050470,16.63310640,2.09787782
-14.70484911,17.43147110,2.08632752
-14.71671326,17.41778870,2.19387629
-12.43910024,36.39190847,0.36178091
-10.38989457,36.55808134,0.20339091
-12.45689099,36.43181006,0.48727713
-10.40428308,36.59597906,0.32896536
-8.53573254,36.68590808,0.06917302
-8.54383290,36.72093262,0.19530274
-6.81529177,36.81271937,-0.03075598
-6.81857275,36.84411554,0.09784051
-15.75542036,18.40422754,2.10877651
-15.76766956,18.39412943,2.21853726
-16.76748922,19.32491847,2.07840442
-16.77974680,19.31745848,2.19106860
-17.73200438,20.19059272,2.00239199
-17.74398074,20.18629052,2.11823325
-18.64833487,21.01184626,1.89057381
-18.66022151,21.01138531,2.00932559
-19.18161923,21.64628346,1.78896356
-19.19096556,21.65075354,1.90922338
-19.69833534,22.26180867,1.69205182
-19.70644050,22.27130695,1.81376903
-20.19744256,22.85642172,1.61268314
-20.20560915,22.87105281,1.73590175
-20.67756096,23.42951688,1.55978718
-20.68719907,23.44910481,1.68476918
-17.67484088,35.21238343,0.59226648
-16.69227677,35.44195074,0.53814951
-17.68679036,35.24145839,0.71159920
-16.70246331,35.47120646,0.65853551
-15.47750105,35.72452650,0.49136749
-15.48914882,35.75581960,0.61334581
-14.02721832,36.05725325,0.44112014
-14.04255192,36.09263234,0.56525289
-20.72873154,24.38392604,1.45391320
-20.74419900,24.40817592,1.57942106
-20.79562186,25.36353599,1.37228575
-20.81724010,25.39249749,1.49890618
-20.87426395,26.37133836,1.31852248
-20.90261427,26.40517076,1.44572003
-20.96109875,27.40816878,1.28546628
-20.99674052,27.44718154,1.41209119
-20.52740198,28.43122203,1.16712778
-20.55990587,28.47295227,1.29265129
-20.11232430,29.47066847,1.05666264
-20.14307223,29.51437877,1.18058699
-19.70725327,30.52974824,0.94820389
-19.73723420,30.57511358,1.07021780
-19.30351249,31.61162447,0.82856458
-19.33303432,31.65805905,0.94890483
-18.91997635,32.46812786,0.79802406
-18.94566194,32.51128249,0.91755706
-18.52456943,33.34815202,0.74538503
-18.54592753,33.38714574,0.86439672
-18.11140956,34.26045262,0.67367835
-18.12825216,34.29461358,0.79253162
-1.70467106,13.26775639,1.37266620
-3.52438605,13.73536278,1.22472001
-5.38158840,14.24794385,1.15167376
-7.27058567,14.67077035,1.21463611
-9.14014997,14.98490902,1.40340258
-5.14436285,36.98020937,-0.23274467
-3.48192485,36.86905462,-0.24103882
-1.78856504,36.87028589,-0.26489964
-0.05511074,36.77715761,-0.30165424
1.63542919,36.58127478,-0.31670662
-10.64994021,15.41091890,1.58110978
-12.06514232,15.97176130,1.74167646
-13.40724255,16.67221231,1.88414575
-14.69544919,17.44209245,1.98063723
-12.42024641,36.35708929,0.23712812
-10.37725401,36.52379009,0.07897364
-8.53008060,36.65389303,-0.05577581
-6.81427444,36.78385686,-0.15772691
-15.74614586,18.41128538,2.00115426
-16.75830634,19.32924219,1.96788069
-17.72340605,20.19196293,1.88877050
-18.63992619,21.00927906,1.77404174
-19.17545400,21.63919204,1.67099950
-19.69361100,22.24988648,1.57261160
-20.19284522,22.83984149,1.49139816
-20.67158071,23.40825702,1.43641064
-17.65959321,35.18860941,0.47283506
-16.67780642,35.41852932,0.41806093
-15.46126946,35.69917464,0.36968700
-14.00881483,36.02754475,0.31765530
-20.71701714,24.35878978,1.32984507
-20.77765900,25.33459616,1.24713539
-20.84985305,26.33849288,1.19230916
-20.92968041,27.37100707,1.15934271
-20.49801772,28.39213258,1.04198894
-20.08368888,29.42998741,0.93292802
-19.67847006,30.48798293,0.82596332
-19.27418426,31.56957894,0.70787043
-18.89348815,32.42976655,0.67824473
-18.50150886,33.31415389,0.62613859
-18.09215755,34.23137115,0.55440754
0.12608478,12.78932865,1.67383071
0.12864449,12.85893474,1.57569204
2.01749670,12.59793873,1.67743432
2.01841635,12.66131924,1.58173245
3.96739591,12.42555811,1.64451566
3.96737661,12.48685019,1.54773990
5.93751000,12.19576841,1.72616120
5.93424821,12.25085498,1.62825257
7.57606116,34.81858877,0.26635463
6.05952549,35.20639295,0.20723301
7.55348620,34.80526136,0.12475809
6.03851064,35.19016254,0.06441606
4.66793850,35.70758034,0.11508768
4.64669600,35.68776377,-0.02735250
3.23274947,36.20025200,0.02484977
3.21100342,36.17628574,-0.11678273
7.54414133,12.15025947,1.86766283
7.53664339,12.19593865,1.76994084
9.00152641,12.24490151,2.03598345
8.99039577,12.27946163,1.93840307
10.34899653,12.49236744,2.19661346
10.33459311,12.51711262,2.09788345
11.62507701,12.83280101,2.33278107
11.60813695,12.85161765,2.23131489
14.24807171,32.06519627,0.55887290
12.47227863,32.81635309,0.52346875
14.21965300,32.07201686,0.41567790
12.44247698,32.81570997,0.38231655
10.75849288,33.47736488,0.48195397
10.73017347,33.47013748,0.34127492
9.12140342,34.11128047,0.39837232
9.09586955,34.10039644,0.25717882
12.71841518,13.50566663,2.40713150
12.69933697,13.52348964,2.30195139
13.76764403,14.15159605,2.46343973
13.74653167,14.17168846,2.35519669
14.79974212,14.74547492,2.50174999
14.77582381,14.76973115,2.39157067
15.85102563,15.27462589,2.51202888
15.82336429,15.30415799,2.39999350
16.56866126,15.73069933,2.49271074
16.54018936,15.76100494,2.37898109
17.32398796,16.16820327,2.45734788
17.29464701,16.19920655,2.34102344
18.12827452,16.59737535,2.40624576
18.09842294,16.62874334,2.28686284
19.00022185,17.02628123,2.34275757
18.97063680,17.05836839,2.21981248
19.07577628,29.43603134,0.65051983
17.93760777,29.94609791,0.62987735
19.07083427,29.46737032,0.51467333
17.92775626,29.97424920,0.49039058
16.77079726,30.58381195,0.60175464
16.75516778,30.60712471,0.45932855
15.54271571,31.31162186,0.57655905
15.52031048,31.32759128,0.43246108
19.50046569,17.97189670,2.25621809
19.46494362,18.00070134,2.13351767
20.05291040,18.93906262,2.15892762
20.01265520,18.96409686,2.03665425
20.65511767,19.92922872,2.05018283
20.61153318,19.95062459,1.92877739
21.29250233,20.94375059,1.92784067
21.24759899,20.96189406,1.80714572
20.94502364,22.08843417,1.74004297
20.90259528,22.10103096,1.62027718
20.62973613,23.24333510,1.52209044
20.59040197,23.25283701,1.40258010
20.35737223,24.41255301,1.28418712
20.32146288,24.42110840,1.16417062
20.13022150,25.60208167,1.03497524
20.09725375,25.61144325,0.91379811
19.84561706,26.52558147,0.92981728
19.81996600,26.53898881,0.80537498
19.58164550,27.46886614,0.82916836
19.56268632,27.48718200,0.70096678
19.32812945,28.43689123,0.73587930
19.31597783,28.46141291,0.60382239
0.13100072,12.92657022,1.47800143
2.01901249,12.72273020,1.48647722
3.96674496,12.54551176,1.45195431
5.93016736,12.30352867,1.53150822
7.53481939,34.79585644,-0.01540019
6.02018091,35.17654787,-0.07690491
4.62661490,35.66915727,-0.16844279
3.18922359,36.15263965,-0.25693606
7.52828444,12.23978541,1.67313613
8.97873369,12.31220749,1.84195121
10.32014200,12.53975080,2.00041989
11.59180731,12.86773593,2.13128594
14.19408819,32.08505900,0.27390158
12.41659128,32.82028543,0.24250175
10.70626772,33.46783300,0.20207292
9.07475741,34.09424489,0.11757906
12.68170048,13.53844381,2.19855515
13.72749667,14.18879654,2.24856886
14.75490915,14.79148917,2.28280202
15.79962468,15.33169171,2.28936361
16.51594226,15.79010484,2.26660140
17.26994363,16.22970643,2.22600753
18.07337035,16.66077591,2.16840113
18.94539374,17.09172292,2.09772857
19.06695786,29.50429982,0.37983004
17.91940979,30.00878237,0.35176120
16.74106140,30.63711351,0.31763594
15.50008792,31.34998061,0.28974087
19.43359364,18.03147195,2.01161725
19.97586633,18.99180663,1.91530018
20.57072608,19.97497744,1.80804440
21.20456241,20.98330224,1.68716739
20.86253318,22.11709709,1.50132631
20.55353710,23.26590917,1.28388147
20.28782088,24.43323192,1.04496071
20.06605071,25.62478171,0.79347554
19.79587747,26.55657799,0.68186414
19.54511684,27.51019182,0.57375143
19.30503501,28.49081967,0.47262773
-1.66393651,14.87392694,-5.92201351
-3.55758858,15.14988250,-5.86571245
-1.64437017,14.94203172,-5.80963541
-3.53745268,15.21745558,-5.75245880
-5.52334505,15.40497598,-5.89856623
-5.50281320,15.46535688,-5.78491012
-7.37180663,15.60114568,-6.01008874
-7.35087492,15.64782890,-5.89588271
-9.00440248,15.72517665,-6.14722480
-8.98143264,15.75637479,-6.03343107
0.09472292,14.73819704,-5.91460185
0.07631221,14.67181265,-6.02801526
1.67147789,14.54242382,-6.00927105
1.65513147,14.47831321,-6.12563060
3.11782524,14.33239606,-6.09497818
3.10270075,14.27182876,-6.21345079
4.44498011,14.10900653,-6.16145879
4.42902452,14.05294378,-6.28006552
0.29752615,37.49179502,-10.94269772
-1.40406997,37.67232676,-10.87823178
0.30966031,37.50351839,-10.82928588
-1.38605210,37.67322127,-10.76466813
-3.10570524,37.78282066,-10.83184693
-3.08192296,37.77459570,-10.71683311
-4.83240172,37.82175093,-10.78140133
-4.80288739,37.81705313,-10.66731233
-6.61186272,37.87268752,-10.76666341
-6.57376126,37.87381576,-10.65229131
1.99925740,36.86401502,-10.82849376
1.99520238,36.86320037,-10.94715957
3.75461212,36.29114193,-10.86431012
3.75871283,36.30164843,-10.98815022
5.58411931,35.79190212,-10.90258458
5.59309747,35.80588044,-11.02806764
7.45382608,35.49508167,-10.92113929
7.46804382,35.50923495,-11.04682803
-10.35933790,16.02044545,-6.27666028
-10.33404648,16.03939758,-6.16294169
-11.62448291,16.32849072,-6.39638673
-11.59958450,16.33412761,-6.28234567
-12.81869626,16.65005881,-6.53289242
-12.79778049,16.64165689,-6.41885265
-13.98424129,16.98358875,-6.68512091
-13.96640647,16.96492747,-6.57403672
5.58767131,14.12779085,-6.24366179
5.57001106,14.07462682,-6.35986958
6.66222554,14.17549678,-6.33558639
6.64206575,14.12837341,-6.44903722
7.71237365,14.25402775,-6.44286813
7.68935793,14.21566201,-6.55596817
8.78879990,14.35406330,-6.56575962
8.76581358,14.31913572,-6.67978199
-8.45650623,37.56765496,-10.69796436
-8.40831277,37.56132050,-10.58011967
-10.31413891,37.30170849,-10.64521183
-10.25282357,37.29872536,-10.52786925
-12.13179594,37.00581875,-10.54271172
-12.06720103,37.01246229,-10.42789623
-13.86191973,36.67478066,-10.41874724
-13.78849816,36.69034924,-10.30763824
9.14826250,34.92783964,-10.81017438
9.17371290,34.94815724,-10.93766905
10.75279533,34.35198392,-10.67267290
10.78925545,34.36452600,-10.80184760
12.25918286,33.69694472,-10.46611422
12.29428955,33.69119529,-10.59449861
13.70850927,32.98172718,-10.19167430
13.74472316,32.95159068,-10.31514470
-15.15014825,17.52627598,-6.87161223
-15.12933397,17.50512371,-6.76535614
-16.30268999,18.19131812,-7.06448427
-16.27692395,18.16703521,-6.96222688
-17.43674056,18.97522991,-7.26977724
-17.40844177,18.94207465,-7.16803391
-18.50040433,19.87309598,-7.48901472
-18.47442202,19.82969450,-7.38367796
9.92195842,14.65395722,-6.76478283
9.90426874,14.61202361,-6.88103257
11.06786703,15.07878121,-7.02032656
11.05796406,15.03041428,-7.14424927
12.22758339,15.62509390,-7.30600386
12.22588540,15.57927159,-7.44081136
13.39421734,16.27079820,-7.56629053
13.39798899,16.23554488,-7.70945196
-17.35446927,34.76668259,-9.95584903
-16.49060899,35.26353322,-10.04193874
-17.35071968,34.75667946,-9.83189512
-16.47117302,35.26093987,-9.92039028
-15.64674018,35.74730247,-10.15308551
-15.60629640,35.74927823,-10.03432915
-14.77685910,36.21444178,-10.28009849
-14.71425573,36.22586588,-10.16574182
16.84652623,30.35845665,-9.43159190
16.01516996,31.02901684,-9.58937115
16.78785121,30.34917638,-9.56700504
15.98228057,31.01249485,-9.72333003
15.22657505,31.67788909,-9.77211892
15.22323856,31.65609133,-9.90377996
14.45909501,32.32331541,-9.97535179
14.48141941,32.29351454,-10.10240248
-18.96667070,20.58983669,-7.64864865
-18.94412596,20.54223592,-7.53939142
-19.43581625,21.30294021,-7.79212034
-19.41971050,21.25184025,-7.67898492
-19.88329887,21.99401184,-7.91943113
-19.87209858,21.93874364,-7.80329401
-20.39913028,22.67846221,-8.03526228
-20.38474483,22.61764520,-7.91566277
14.02278678,16.82091372,-7.72920886
14.02662761,16.79538906,-7.87492116
14.68257306,17.37668820,-7.86558728
14.68246088,17.36076218,-8.01305222
15.33248077,17.92713288,-7.98701736
15.32866241,17.92159753,-8.13506385
16.03791108,18.49255163,-8.09944855
16.03765260,18.49791437,-8.24788385
-20.40094838,23.67988706,-8.18517372
-20.36177503,23.62411429,-8.06221439
-20.44527893,24.67632119,-8.33808559
-20.38945877,24.62728215,-8.21084000
-20.44892234,25.67161187,-8.50096065
-20.38603642,25.62736330,-8.37005085
-20.47674176,26.65706616,-8.66177597
-20.40925296,26.61353218,-8.52811612
16.37970721,19.34292043,-8.24429799
16.39766411,19.35555685,-8.38920473
16.76226038,20.20772520,-8.37577204
16.78796906,20.22390687,-8.51884091
17.10305851,21.09130218,-8.49255983
17.13001610,21.11157165,-8.63210145
17.45560569,21.99605496,-8.57969594
17.48236540,22.02054443,-8.71533141
-20.17156835,27.70904524,-8.80234837
-20.10671788,27.65631364,-8.66453593
-19.84662166,28.80180140,-8.94065125
-19.79251336,28.73217855,-8.79842324
-19.56200857,29.80512879,-9.07523238
-19.51504028,29.73259208,-8.93190880
-19.22671678,30.89933410,-9.22298154
-19.19897457,30.80065422,-9.07825298
17.52219031,22.98178804,-8.63212583
17.54726637,23.01823738,-8.76366568
17.57365588,24.03662832,-8.67727822
17.59245827,24.09290253,-8.80683427
17.61934892,25.04811635,-8.72911188
17.63072339,25.10749497,-8.85759434
17.64043844,26.14696572,-8.79549465
17.63924361,26.23446659,-8.92505207
-18.74923075,31.87267402,-9.34382616
-18.73132902,31.78156646,-9.20122472
-18.27832673,32.83090877,-9.50631773
-18.26409842,32.76962244,-9.36846780
-17.81961229,33.77743202,-9.71325523
-17.81191207,33.74347414,-9.58136851
17.45980572,27.21304924,-8.88167751
17.44668495,27.29170638,-9.01290762
17.26306305,28.27874759,-9.01506016
17.23570038,28.32532883,-9.14881255
17.05747743,29.31644676,-9.20094646
17.01236906,29.33295837,-9.33725806
7.44333490,35.48217984,-10.80621475
9.12023610,34.90598785,-10.69201699
10.71649607,34.34093761,-10.55248544
12.21943134,33.70199515,-10.35047197
13.67135669,33.01203343,-10.07500648
4.45538857,14.18633639,-6.06073959
5.59333679,14.20210381,-6.14568491
6.66807433,14.24133144,-6.23955652
7.72364189,14.30771533,-6.34178033
8.79803977,14.40851070,-6.46395088
16.90472536,30.35879008,-9.31037855
16.05226286,31.03501733,-9.46664671
15.22418902,31.70122465,-9.65417613
14.43009679,32.35513586,-9.86093742
13.37530435,16.31317105,-7.44001688
14.01187416,16.84862430,-7.59281788
14.65948777,17.39263535,-7.72721398
15.31916937,17.93890735,-7.84921636
15.99093563,18.48246454,-7.96600057
16.34465953,19.33628214,-8.11398265
16.70397658,20.20164336,-8.24772626
17.06437010,21.08350050,-8.36177259
17.42257416,21.98083603,-8.45511568
-20.32171109,22.55711380,-7.81318552
-20.30326982,23.57746292,-7.95679811
-20.29847646,24.59279855,-8.10190551
-20.30917015,25.59498809,-8.24990971
-20.33515918,26.57981489,-8.40596099
17.49238991,22.96380958,-8.51068420
17.55262256,23.96925631,-8.56000918
17.60404377,24.99308715,-8.61297874
17.64662495,26.02958671,-8.67970296
-20.03514618,27.62167719,-8.53622752
-19.74786420,28.64991105,-8.66532748
-19.46990227,29.66635189,-8.79912495
-19.19681547,30.67306609,-8.94441742
17.48109256,27.11506970,-8.76635752
17.30258802,28.20877831,-8.89654816
17.10994222,29.29271561,-9.07846461
-18.73515163,31.68109775,-9.07462101
-18.27669959,32.69011102,-9.24344178
-17.81637200,33.70787188,-9.45906674
-17.35522315,34.73961844,-9.71744000
0.32207395,37.51939230,-10.72434250
2.00354889,36.86437584,-10.71553513
3.75106509,36.27561539,-10.75201910
5.57781760,35.77491548,-10.79237598
-1.62463056,15.03317166,-5.71684285
0.11135738,14.82767593,-5.81999198
1.68485137,14.63026827,-5.91129881
3.12821804,14.41572523,-5.99325582
-3.51489771,15.30745906,-5.65999679
-5.47753759,15.54921842,-5.69272989
-7.32405355,15.71832344,-5.79886921
-8.95369254,15.81073054,-5.93628586
-1.36842776,37.67374807,-10.65960155
-3.06116571,37.75886569,-10.60920869
-4.77999191,37.80592396,-10.56366595
-6.54271902,37.87350357,-10.54744613
-8.36122705,37.55064533,-10.47023384
-10.19376992,37.29312006,-10.41707679
-11.99939050,37.01461919,-10.32160445
-13.71428097,36.70419064,-10.20187495
-10.29646048,16.08045231,-6.06636948
-11.55968618,16.36037438,-6.18271608
-12.76415323,16.65007635,-6.31388843
-13.93168067,16.96803224,-6.47157800
9.91818350,14.71356220,-6.66139214
11.06458772,15.13483969,-6.90720317
12.21783067,15.68028576,-7.17982692
-15.08372330,17.50450686,-6.67045922
-16.23685108,18.15448384,-6.86868658
-17.36349657,18.92118356,-7.07330981
-18.42955110,19.79941165,-7.29484921
-18.91325252,20.49880216,-7.44204372
-19.37826016,21.20097469,-7.57773799
-19.84082331,21.89144062,-7.70028789
-16.46246618,35.24955940,-9.80620610
-15.56312526,35.75223783,-9.92464567
-14.64784152,36.23581476,-10.05988376
3.03610267,36.59974547,-2.23103836
1.40775447,36.91567628,-2.26736019
3.10762672,36.43370304,-1.31178754
1.52059944,36.77180321,-1.34354378
-0.15519173,37.01414727,-1.32419065
-0.27560942,37.12621676,-2.22017892
-1.85755135,37.17830707,-1.28036397
-1.97472603,37.28517827,-2.15314145
4.61191041,36.27789840,-2.15740398
4.61083885,36.06619383,-1.24611401
6.13389329,35.77057011,-2.06066214
6.05317897,35.49924335,-1.12838170
-3.55969705,37.07441302,-1.21139270
-3.68763533,37.20017120,-2.09166700
7.74532105,35.36453986,-1.96756279
7.60166822,35.03370802,-1.02524002
-5.24958609,37.06582708,-1.15862027
-5.39814344,37.19830492,-2.04177699
9.36262387,34.75959932,-1.82213793
9.19402935,34.40919606,-0.89312916
-6.93909809,36.91572038,-1.06356488
-7.10597347,37.02326655,-1.92614735
-8.66576611,36.82568065,-0.94778912
-8.83680101,36.90832595,-1.79671638
11.04221755,34.20496666,-1.72329324
10.86843767,33.85218320,-0.80934175
12.74104769,33.55372788,-1.67003986
12.57988139,33.20156007,-0.76461402
-10.49512215,36.66279245,-0.80358614
-10.63060867,36.73814924,-1.65015224
-12.49061001,36.48037977,-0.64408205
-12.53074602,36.57310964,-1.49378668
14.49932047,32.85240820,-1.63387917
14.35993527,32.48079194,-0.73556700
-14.04912442,36.25556046,-0.54643112
-13.97254707,36.36622749,-1.40065486
15.81268433,32.25396588,-1.60505373
15.71746419,31.85269058,-0.70802612
17.08065410,31.65474871,-1.54860007
17.02022820,31.23679280,-0.65512317
-15.48331483,36.01773009,-0.47166383
-15.32095288,36.12902967,-1.32393644
18.09091546,30.84706738,-1.46777730
18.07105772,30.45312307,-0.58586588
-16.60798206,35.52155170,-0.41231480
-16.41224205,35.60729808,-1.26237098
-17.53564017,35.06115447,-0.35106920
-17.34826468,35.10008881,-1.20596955
19.06994631,30.10342046,-1.37817375
19.08709290,29.76105076,-0.51575194
19.40936004,29.04312482,-1.23857248
19.44312508,28.75919412,-0.41839698
-18.04118503,34.15511915,-0.28169350
-17.88334100,34.15888182,-1.10989683
-18.52380482,33.28727763,-0.22242615
-18.40019029,33.25506337,-1.02403996
19.76791832,28.03324990,-1.09271561
19.81180543,27.79862837,-0.31370165
19.92975669,26.99975582,-0.95864072
19.99829073,26.79181920,-0.16768704
-18.89553871,32.35448470,-0.15543628
-18.78894812,32.28277968,-0.97733888
-19.25986788,31.44663658,-0.11162371
-19.17629025,31.33373573,-0.95138598
20.10939742,25.99975342,-0.82565490
20.20250190,25.81407170,-0.02041064
-19.65470435,30.34614477,-0.00786028
-19.59562528,30.21131525,-0.83614281
20.26836522,24.80640861,-0.57519490
20.37667274,24.61990576,0.22755239
-20.04968251,29.27107035,0.08495852
-20.01421920,29.11544561,-0.73139578
20.44762297,23.65098306,-0.34214696
20.58069414,23.45983381,0.45935289
-20.42346833,28.19312479,0.19513436
-20.40650351,28.01479475,-0.62070298
20.58428939,22.50602808,-0.12722478
20.75028311,22.30230552,0.68589315
20.73717797,21.39529458,0.04995608
20.94495452,21.17497671,0.87602916
-20.80680407,27.13943957,0.31389335
-20.80427171,26.93836041,-0.50318362
20.42909728,20.38974353,0.14445422
20.62844583,20.16226009,0.98253305
-20.91997794,26.12218884,0.36778329
-20.93661246,25.90019310,-0.44141171
-2.09739819,37.43067104,-3.00818306
-0.38640292,37.27921836,-3.07387697
4.62468941,36.51430616,-3.03247717
2.98442136,36.79816985,-3.09661586
6.21574015,36.05039246,-2.93474923
-3.82433886,37.35206501,-2.94079372
1.31699987,37.09718521,-3.12428436
7.87733724,35.68730242,-2.83297986
-5.55368490,37.34553798,-2.88168320
20.15183426,19.40361406,0.21605551
20.33883226,19.17411122,1.06649300
-21.04644769,25.13187103,0.44245818
-21.08366844,24.88648302,-0.36102073
9.51875558,35.10752247,-2.68987204
-7.28165170,37.14975787,-2.76735560
11.20426625,34.56032692,-2.58949229
-9.01853382,37.01898559,-2.64422136
12.88545413,33.90428514,-2.52495642
-10.77658040,36.84875591,-2.50147960
-20.84004715,24.15575669,0.52895803
-20.89706646,23.88502530,-0.24894796
19.37261684,18.44190186,0.34155083
19.49780351,18.23954277,1.18018550
-12.58530076,36.70442570,-2.35307430
14.61300448,33.21345132,-2.47718075
-20.63795660,23.20004075,0.64260350
-20.71907390,22.90813004,-0.11553617
18.67985960,17.48534298,0.47036982
18.75426252,17.31918869,1.29397559
15.87267880,32.63093681,-2.44191665
-13.91780587,36.51761670,-2.26419560
-20.22817537,22.59280518,0.72435201
-20.32261602,22.28976940,-0.01351856
17.91853456,16.90998020,0.58925154
17.95958967,16.79140320,1.38842974
17.09392781,32.03645006,-2.38230932
-15.18268428,36.28966018,-2.18709317
-19.80028590,21.97547373,0.82602023
-19.91078045,21.66734471,0.10343012
17.20298728,16.33037417,0.69456542
17.22185884,16.26265445,1.46915928
-16.24147641,35.75115490,-2.12142428
18.05552436,31.20109975,-2.29453895
-19.24914269,21.42386194,0.93138719
-19.37120174,21.11862702,0.21858870
16.43916059,15.85226516,0.77718468
16.44813913,15.83574876,1.53052340
-18.67131789,20.84950809,1.04141569
-18.80369280,20.55146132,0.33691309
15.70089155,15.35756066,0.83292947
15.70819062,15.39044009,1.56765885
3.78438612,12.77935017,0.23125937
5.66702621,12.56523637,0.29003627
3.89788715,12.78382295,0.86577169
5.82507402,12.55049055,0.93480020
7.23079661,12.38094906,0.42376120
7.40419955,12.35711286,1.06929509
-9.01831421,15.22845289,0.74571397
-10.54584853,15.50906748,0.91616810
-8.93529668,15.20529154,0.07612093
-10.46270417,15.45670129,0.25530625
-7.17992861,14.93322658,0.58002328
-7.13529452,14.91988795,-0.06613462
-17.78468797,20.01731456,1.17811749
-17.90661844,19.73125062,0.49984755
14.64808269,14.65200709,0.88046175
14.68099987,14.74646577,1.58115128
-5.32327449,14.51481814,0.53692474
-5.31397378,14.52214257,-0.09588293
1.89492656,12.95213929,0.25388560
1.97363822,12.94780297,0.89947623
0.05895806,13.19675780,0.21135636
0.10822984,13.15330561,0.87432212
-3.49354738,13.99612086,0.61457828
-3.50483134,14.04367516,-0.02615845
-1.72905254,13.56048680,0.09763748
-1.70246279,13.49474396,0.75862957
-12.00433372,15.90427302,1.08199838
-11.94893773,15.78603827,0.44399256
8.67980051,12.27193748,0.60180470
8.85051953,12.27310421,1.23995018
-16.84818735,19.13663478,1.27959167
-16.95129296,18.86029430,0.62833770
13.60110926,13.91761215,0.90197248
13.66769481,14.05087354,1.57121022
18.99004039,30.40820107,-2.19423368
-17.18929657,35.20631837,-2.06659964
10.01922571,12.42943423,0.74454271
10.18367542,12.48589295,1.38543134
-13.36476354,16.57217262,1.22346309
-13.35571507,16.37383839,0.58908947
12.47661397,13.28830640,0.88850579
12.58428756,13.42713238,1.54253149
-15.77887218,18.25826499,1.32747146
-15.85588933,17.98682314,0.68791580
11.30615890,12.70799314,0.84291814
11.45279875,12.81801508,1.49108672
-14.66413776,17.33494441,1.31358339
-14.70208413,17.07968405,0.67768195
19.31079838,29.30856351,-2.05270765
-17.74890106,34.22464103,-1.97414593
-18.29895692,33.27630016,-1.89250490
19.65560291,28.26374998,-1.90620386
19.79418510,27.19996271,-1.76616335
-18.71125313,32.25625269,-1.83496045
-19.12525938,31.25852289,-1.79469546
19.95141263,26.17221329,-1.62929422
-19.56792981,30.10832912,-1.66947436
20.10147031,24.98511691,-1.39008697
-20.01175955,28.98349312,-1.55472513
20.26795129,23.83327246,-1.16912684
20.38953902,22.69166169,-0.97187669
-20.42731930,27.85220762,-1.44115413
-20.84853286,26.74235123,-1.32425994
20.52399715,21.57938315,-0.81079993
-21.00065751,25.67192029,-1.25092363
20.24401279,20.56210536,-0.72078130
19.99582992,19.55498560,-0.65280053
-21.17163041,24.62188382,-1.16351622
-2.27283559,37.65766891,-4.21243000
-0.53448878,37.51721513,-4.26284365
6.28357907,36.37790192,-4.14986015
4.62507246,36.80949119,-4.23513459
-4.02344152,37.57631974,-4.15742342
2.91804083,37.06901936,-4.28471520
1.20410215,37.36408219,-4.30482148
7.99131393,36.05493586,-4.05621071
-5.77556512,37.55968623,-4.10727376
-21.00304578,23.57828795,-1.03020594
19.28051326,18.55943028,-0.51901422
-7.52309704,37.34199838,-3.99895565
9.65382120,35.50314203,-3.91273882
11.34170128,34.96447073,-3.79959322
-9.26366665,37.19784325,-3.88403327
12.99542109,34.29963019,-3.71608649
-10.98830661,37.02531184,-3.75465585
18.63768155,17.56091685,-0.38197028
-20.85068201,22.56124573,-0.88100465
-12.72048909,36.89409094,-3.62308448
14.67700728,33.61131861,-3.64859058
17.90502946,16.94503705,-0.25353941
-20.46765669,21.91492749,-0.76612699
-13.95143120,36.72245533,-3.54859177
15.85721463,33.03796596,-3.60799068
-20.07461403,21.26864292,-0.64045161
17.20880211,16.32083508,-0.13588174
-15.13714249,36.50577813,-3.48346568
17.00593073,32.44191101,-3.55429526
-19.54917886,20.70929156,-0.51282223
16.45143546,15.80059344,-0.03153848
15.71110809,15.26649750,0.04620615
-18.99618154,20.13602164,-0.38309793
17.89903327,31.57851001,-3.46599192
-16.15696101,35.94714822,-3.41279451
-18.09682489,19.30725572,-0.20264502
14.62306578,14.51392452,0.12146400
-17.12613487,18.43240369,-0.05331639
13.52864813,13.75820129,0.16552280
3.65028162,12.61092650,-0.40041044
5.48181891,12.42323740,-0.35600461
-7.13278376,14.75207210,-0.66470711
-8.89659815,15.00592171,-0.54796640
-10.41565445,15.23422960,-0.38301653
7.02062528,12.27687014,-0.25327344
1.80135899,12.79250919,-0.39146491
-5.34001290,14.39370585,-0.68403613
8.46904359,12.18886669,-0.10651844
-11.92313529,15.51623585,-0.19709014
12.35174850,13.14152411,0.17265507
-15.99708899,17.56731611,0.03311527
-3.54484497,13.95621144,-0.62798231
-0.00568473,13.08289151,-0.43956668
9.82365750,12.33767264,0.02932351
-13.38248711,16.03509926,-0.04816411
-1.77739509,13.47958959,-0.53431574
11.13594919,12.59149748,0.13377749
-14.79026310,16.68505701,0.04171015
18.76932605,30.73627007,-3.36673006
-17.10859837,35.35795417,-3.35581672
-17.68405451,34.31580421,-3.25706279
19.06477499,29.59916390,-3.22507383
-18.26031654,33.30369464,-3.17044084
19.38586121,28.51729774,-3.08333147
19.48932921,27.42303720,-2.94236035
-18.68068041,32.21490075,-3.09181178
-19.10892831,31.14958775,-3.02856591
19.61168482,26.36445012,-2.80793488
-19.56108940,29.96780838,-2.89698316
19.73873471,25.19281503,-2.59697833
19.88417643,24.04767195,-2.40340394
-20.02226070,28.80668277,-2.77719180
19.99230625,22.90394877,-2.22685030
-20.45886580,27.63470895,-2.65836700
20.11687102,21.77526329,-2.07939283
-20.90711137,26.47641141,-2.54194245
-21.08936860,25.35486833,-2.46346083
19.88464385,20.73872834,-1.99486370
-21.29738580,24.24469064,-2.37867732
19.68220290,19.69869402,-1.92875626
-21.15773039,23.12604777,-2.22825239
19.04964550,18.66459718,-1.78994165
18.47187667,17.62002396,-1.65193406
-21.04323957,22.03450220,-2.06923072
17.76964492,16.97234445,-1.53444912
-20.67873397,21.32604378,-1.94892132
17.09473176,16.31578943,-1.42471279
-20.31347675,20.62132650,-1.82185330
16.34551607,15.77243318,-1.30932268
-19.81079250,20.02277539,-1.67780571
15.60454034,15.22140895,-1.21601312
-19.28523690,19.41718568,-1.53227371
14.46639753,14.45883832,-1.12210611
-18.39767012,18.53802174,-1.33090858
13.30488829,13.71593351,-1.06170949
-17.41703083,17.62744102,-1.15361365
-16.24403001,16.75233225,-1.03699530
12.05978860,13.11516746,-1.04866314
-7.16611050,14.50031650,-1.49544765
-8.88625844,14.67249978,-1.42649805
3.46016757,12.37459537,-1.32345839
5.20547998,12.21675340,-1.30409595
-10.38714730,14.82849377,-1.30187059
6.68681123,12.12781220,-1.26417862
-11.91080595,15.00781845,-1.14888647
8.10685133,12.09232125,-1.20138213
1.67835944,12.57276610,-1.32684268
-5.39899692,14.21411896,-1.49428995
9.46126829,12.27933069,-1.14213514
-13.43821613,15.38570630,-1.04119779
10.78924203,12.56388071,-1.08159051
-14.94727355,15.91052091,-0.99591778
-3.60912215,13.83802134,-1.45481033
-0.08597771,12.93020465,-1.35951153
-1.84151834,13.37219416,-1.40745989
6.27793367,36.57171181,-5.34196705
4.57968962,37.00513197,-5.41234059
-4.21431738,37.77818653,-5.36266833
-2.44579595,37.86339124,-5.40405908
-0.68247003,37.72776830,-5.43975781
2.83112883,37.27428719,-5.45252856
1.08544483,37.58871312,-5.47187932
-5.98175539,37.75581495,-5.32326923
8.01123616,36.26222632,-5.26394303
-7.74382628,37.52801770,-5.22760868
9.68696899,35.73449213,-5.12929652
11.37374997,35.21097920,-5.00710787
-9.48931551,37.37601698,-5.12579662
12.99970223,34.54107003,-4.89294827
-11.19937440,37.18907522,-5.00338837
-12.90381885,37.04539900,-4.88298121
14.63932356,33.85076683,-4.79294779
-14.08043229,36.86692849,-4.81913378
15.74989475,33.28123844,-4.73807332
-15.22435430,36.64300618,-4.76377035
16.83810759,32.68344060,-4.68220334
-16.21416298,36.05935283,-4.69184632
17.67993611,31.81200771,-4.59745046
-17.15615199,35.43316932,-4.63180620
18.50497061,30.95133298,-4.50890028
18.78437174,29.79513315,-4.36542848
-17.72870054,34.34552788,-4.51199708
-18.30794989,33.28789887,-4.40734147
19.08611333,28.69038939,-4.22916754
19.15235958,27.57543358,-4.09827263
-18.71163367,32.15077740,-4.30653400
19.23567278,26.49529407,-3.97834421
-19.12878202,31.03808543,-4.22178786
-19.56602854,29.84721103,-4.08443296
19.32474645,25.34805643,-3.79963332
19.43176206,24.22286780,-3.63483901
-20.02045447,28.66860444,-3.96231632
-20.45688687,27.47065737,-3.84725913
19.50529009,23.09661728,-3.48288416
-20.91402225,26.27366219,-3.74085512
19.59676799,21.97712815,-3.34918152
-21.11938831,25.11570361,-3.66666322
19.38790006,20.94910371,-3.26953904
-21.35616359,23.95884727,-3.59560047
19.20388417,19.91488517,-3.19930579
-21.24362828,22.77779458,-3.45097757
18.62604605,18.88358005,-3.05459837
18.08928551,17.84503445,-2.90938022
-21.15934289,21.61995165,-3.30639216
-20.79803101,20.85740711,-3.19528677
17.40701400,17.20687174,-2.79807626
16.74507571,16.56435751,-2.69323304
-20.44159776,20.09935374,-3.07948928
16.00144623,16.03967662,-2.59280080
-19.94644801,19.45078846,-2.94652787
-19.43410094,18.79986575,-2.80753908
15.26079497,15.51245677,-2.50798226
-18.54039682,17.86097303,-2.59642581
14.08647461,14.78625594,-2.41403438
-17.54079239,16.92059433,-2.39722498
12.88758584,14.07481847,-2.35084602
-16.32869478,16.06956051,-2.23913583
11.62646933,13.46825879,-2.32376954
10.35568151,12.89166703,-2.31757255
-14.96303011,15.32924017,-2.13721195
4.99105360,12.32865600,-2.24593139
6.39736789,12.29717440,-2.26745758
-8.90165264,14.55286091,-2.29631239
-10.37517073,14.64277100,-2.23715181
3.33820493,12.46792781,-2.23830171
-7.21367299,14.44803629,-2.30277523
7.75019386,12.32410728,-2.28699326
-11.87897171,14.72544029,-2.14820470
9.05900686,12.55996634,-2.30882622
-13.41257311,14.96114452,-2.10742594
1.62680868,12.67415295,-2.23495673
-5.45044234,14.21851591,-2.27109226
-3.64292034,13.90385982,-2.24334553
-0.09965983,13.04947309,-2.23985902
-1.85403186,13.48108123,-2.24127622
4.46647187,37.06149970,-6.62317310
2.69907250,37.37059257,-6.65587664
-2.60958885,38.01198597,-6.62289621
-0.83673840,37.86946937,-6.65048011
-4.38386731,37.92868665,-6.58287665
6.18580340,36.59570639,-6.56608755
0.94215095,37.72602309,-6.67572365
-6.15831082,37.90632705,-6.54345187
7.93405630,36.27597679,-6.50452299
-7.93160804,37.67399016,-6.44708482
9.62076769,35.76993278,-6.37576382
-9.68624731,37.51076074,-6.34915742
11.30582498,35.27153340,-6.24292021
12.90819559,34.61127317,-6.10476832
-11.40034204,37.29242361,-6.23569209
-13.10356720,37.10660117,-6.13078990
14.51685095,33.92947329,-5.97500013
-14.24148847,36.89584052,-6.08140595
15.57340739,33.37053790,-5.90637351
-15.34938494,36.63957424,-6.03870313
16.62049205,32.78050922,-5.84552507
17.43415201,31.91484291,-5.75180757
-16.30436626,36.02683276,-5.95466589
18.24004543,31.05590991,-5.66311440
-17.22074700,35.37241953,-5.87940860
-17.78571058,34.27375476,-5.73641297
18.51380750,29.89073373,-5.52163752
-18.35820563,33.20493349,-5.61327812
18.80503019,28.77047139,-5.39666845
18.83846225,27.63179282,-5.27586125
-18.73648452,32.05599589,-5.48115933
-19.12858811,30.92788705,-5.36884814
18.88600370,26.52641173,-5.17268579
18.93411399,25.40280862,-5.03217859
-19.53263624,29.75905088,-5.22616622
18.99417601,24.30461703,-4.90116030
-19.95679918,28.59222392,-5.10293968
19.01704354,23.21268721,-4.77667949
-20.36765231,27.39828528,-4.99255285
19.05185843,22.13489637,-4.65585088
-20.80649795,26.19174299,-4.89625793
18.83793825,21.14790329,-4.58259587
-21.01835634,25.03509526,-4.83354684
18.63995558,20.16855929,-4.50234791
-21.26359797,23.86933955,-4.78264485
18.08629549,19.19179518,-4.34100820
-21.16339590,22.67288065,-4.66446468
-21.08715516,21.49156803,-4.55948556
17.56246150,18.21995596,-4.17139034
-20.70160006,20.71782664,-4.49587395
16.89313824,17.62085540,-4.06439277
-20.31679406,19.94839121,-4.43108300
16.23838248,17.01923860,-3.96359583
15.50387288,16.52616363,-3.86926122
-19.78214918,19.29566858,-4.33873269
14.76930186,16.03133459,-3.78447580
-19.23002117,18.64659089,-4.22909287
13.58214047,15.33739724,-3.68481345
-18.25607225,17.72686785,-4.02407762
12.38512173,14.64572469,-3.61010444
-17.20572751,16.84361368,-3.79402794
-15.99469939,16.08772426,-3.57672509
11.14790150,14.05014966,-3.56155898
-14.67163274,15.46068914,-3.38851018
9.91401097,13.50242544,-3.50020357
-8.92731674,14.78229269,-3.20585013
-10.36137401,14.87375419,-3.22819699
4.86665218,12.86514233,-3.20941604
6.19175522,12.87686221,-3.27869234
-7.26258858,14.69382887,-3.14257573
3.30852744,12.99091330,-3.17407011
-13.23104613,15.15907309,-3.26424901
8.68634089,13.18166190,-3.43033165
7.45771167,12.94366648,-3.35521009
-11.79659691,14.95471847,-3.22335705
-5.47888408,14.48989670,-3.07473076
1.66907616,13.17989723,-3.14890715
-3.62406913,14.22857679,-3.04525785
-0.02378344,13.51112328,-3.11702975
-1.79062292,13.87559380,-3.07447967
-1.00151448,37.88214933,-7.84505983
0.76209179,37.70818922,-7.86704620
2.50804219,37.28982742,-7.85293706
-2.76000651,38.04302597,-7.82230705
4.27679115,36.91171339,-7.83690712
-4.52159465,37.96411619,-7.77086309
6.01077212,36.38495667,-7.79323835
7.77209235,36.03197285,-7.74481809
-6.29246020,37.93826321,-7.72229992
9.46657599,35.54798034,-7.63138849
-8.07822007,37.70798735,-7.63559996
-9.85145288,37.53902180,-7.55738597
11.14117280,35.08504340,-7.50191874
12.71300960,34.45119272,-7.34610470
-11.58312867,37.28325507,-7.45716601
14.28952647,33.79430712,-7.18461222
-13.29250383,37.03723140,-7.36526846
15.29959345,33.25802365,-7.09161937
-14.38896548,36.78152200,-7.31779745
16.31458706,32.68742688,-7.01132941
-15.45271389,36.48395203,-7.27400666
-16.36889456,35.85368157,-7.17749824
17.11195830,31.84456905,-6.90465927
-17.25246625,35.19101909,-7.09047592
17.90975387,31.00362570,-6.81185700
18.19490442,29.84770309,-6.67107885
-17.81662328,34.11978296,-6.92652741
-18.38502848,33.07437312,-6.79008353
18.49010897,28.72484864,-6.55733674
18.50469877,27.56940159,-6.44474975
-18.74337716,31.94846420,-6.62882562
-19.11025837,30.83466537,-6.49226937
18.52797766,26.44189177,-6.35805286
18.54110581,25.33845074,-6.27166065
-19.47416820,29.71509518,-6.36018763
18.55841377,24.26454602,-6.19350862
-19.85602658,28.59018783,-6.24907206
18.53676608,23.20766154,-6.10244852
-20.22461233,27.43592026,-6.13857731
-20.62235591,26.26237549,-6.04289521
18.51744247,22.17828811,-6.00338475
18.29038068,21.24398570,-5.94402119
-20.82042433,25.15411087,-5.98710978
-21.04640290,24.03358305,-5.94493824
18.06866661,20.33426461,-5.86412613
17.52713316,19.42838038,-5.68778033
-20.93318563,22.87661956,-5.83959795
17.00637479,18.53870410,-5.49629881
-20.83883573,21.72686297,-5.75521078
-20.42326477,20.98247164,-5.72595026
16.34515928,17.97622740,-5.39411250
15.69270640,17.41366953,-5.29408511
-20.00807562,20.23735953,-5.69439835
14.97056912,16.94825429,-5.18455749
-19.44328654,19.60081557,-5.62279050
14.24945697,16.48089990,-5.07926752
-18.85958050,18.96927855,-5.52931027
13.06567578,15.81297860,-4.95362885
-17.80852172,18.09470699,-5.34437623
-16.71019157,17.29000247,-5.11336989
11.88892391,15.14715084,-4.84205080
10.69440282,14.58912596,-4.73372325
-15.52076483,16.62781976,-4.85293150
9.51319764,14.11252477,-4.60512993
-14.28720954,16.06647584,-4.59645484
8.35984930,13.84592453,-4.49957777
-13.00108577,15.75228772,-4.41169693
7.21155193,13.64573563,-4.39510281
-11.69784306,15.50286015,-4.30739848
-7.31469518,15.11807060,-4.02577516
-8.95909898,15.22328935,-4.15106445
4.77973819,13.55992403,-4.18742437
6.02759708,13.58056895,-4.28613516
-10.34854369,15.36009175,-4.24133438
3.31375935,13.67784458,-4.12146689
-5.49630694,14.91770609,-3.92092001
1.74716097,13.83642062,-4.06584717
-3.57403008,14.69401979,-3.88232758
0.09096605,14.10925769,-4.00283774
-1.68711689,14.40250253,-3.92873470
2.31226195,37.09172514,-8.80905232
0.58832739,37.57375344,-8.82182274
-1.14127045,37.79176270,-8.79147697
4.07569019,36.64349356,-8.80837735
-2.86915530,37.97045844,-8.76352177
5.82318449,36.04898784,-8.78794825
-4.60767534,37.88965489,-8.70515191
7.59827344,35.64913518,-8.75737970
-6.36935108,37.84942309,-8.65557483
9.29838747,35.17855528,-8.64680091
-8.16641311,37.62140135,-8.57743215
-9.96125740,37.45383176,-8.51876868
10.95530079,34.74098677,-8.51391745
12.49136838,34.13481186,-8.33213831
-11.70950107,37.17359508,-8.41877642
-13.41617680,36.88362922,-8.31676171
14.03306902,33.50835616,-8.12626376
-14.47330046,36.60101050,-8.25747713
15.00528967,33.00107684,-8.00442319
-15.49736802,36.28154870,-8.20047814
15.99304480,32.45704907,-7.89677057
16.78605600,31.65157162,-7.76007016
-16.38504433,35.65773152,-8.07885627
-17.24613839,35.00744185,-7.97186970
17.58240289,30.83870898,-7.64318378
-17.81767594,33.97914389,-7.78253549
17.89576016,29.71536255,-7.48443962
18.20866801,28.60951175,-7.35951172
-18.38938818,32.96897346,-7.62791762
-18.74043898,31.87489421,-7.44829712
18.22354914,27.45995690,-7.24469050
18.23900545,26.32953600,-7.16069606
-19.09409019,30.78453921,-7.29660717
18.24148609,25.24864488,-7.08238927
-19.43394346,29.71113112,-7.15360199
18.24200300,24.19613600,-7.01179045
-19.78802177,28.62835750,-7.02921474
18.19904086,23.16267234,-6.93323408
-20.12655241,27.51615919,-6.90748689
-20.49068923,26.38420388,-6.79637232
18.15287328,22.16059638,-6.84341549
-20.67461550,25.32309434,-6.72115691
17.92573565,21.25444123,-6.77947651
17.69912951,20.37659702,-6.69226416
-20.88056601,24.24896517,-6.65625354
-20.23228714,21.27418306,-6.36047334
-20.65059379,22.00614294,-6.40495331
-20.75539608,23.12860234,-6.52029970
16.66559549,18.64230159,-6.28350558
17.17381384,19.50077438,-6.49565740
16.01267550,18.08346822,-6.17566624
15.36799346,17.52456227,-6.06731340
-19.81864841,20.53468901,-6.31112185
-18.68451798,19.25674346,-6.11358664
-19.26119332,19.89362627,-6.22187658
-17.62328687,18.38293317,-5.92773133
12.78547615,15.93895849,-5.65678456
13.95549040,16.60125384,-5.81333621
14.65961213,17.06278582,-5.94064165
-16.51214343,17.59672825,-5.70868943
11.62643773,15.29280759,-5.50391166
10.45566674,14.77497294,-5.34976038
-15.32644372,16.96433296,-5.45983940
9.30139281,14.35408778,-5.18955279
-14.12327157,16.42535230,-5.20525858
8.18453068,14.12600628,-5.06929602
-12.89925748,16.09833788,-5.01252412
-11.65160082,15.82192281,-4.88635622
7.07489564,13.95428242,-4.95426317
-10.34054785,15.64165403,-4.78769629
5.93136446,13.90200909,-4.83238276
-8.97148511,15.47490785,-4.66659362
4.72226852,13.88727834,-4.72030040
-7.33855678,15.35914184,-4.52512830
3.30239186,14.01185600,-4.64795026
1.77500166,14.16183520,-4.58235430
-5.50343096,15.15806791,-4.40988643
-1.63404569,14.67925808,-4.42066029
0.14267983,14.41255776,-4.50675317
-3.54509307,14.94758636,-4.36730629
-2.97032526,37.93079560,-9.75802163
-1.27334633,37.74061576,-9.78591874
5.65700920,35.79915046,-9.84124903
3.88882307,36.44403778,-9.84011886
2.12711775,36.94607628,-9.81604378
-4.68505855,37.83919337,-9.68733064
0.42347090,37.48420774,-9.82171138
-13.54234169,36.72469407,-9.30161276
-11.84448830,37.06150139,-9.42165851
13.76804436,33.16083930,-9.11867004
12.28730098,33.80520994,-9.37238323
14.69001345,32.66704226,-8.95521338
-14.55860730,36.42000665,-9.21735970
7.45392983,35.35825514,-9.82456321
-6.43991531,37.77463609,-9.63442550
10.80048298,34.43076328,-9.57600063
-10.07824169,37.37401483,-9.52545136
9.16240293,34.87740157,-9.71304304
-8.25472529,37.54284936,-9.56622397
15.63931341,32.14395791,-8.80650747
-15.54535059,36.08553790,-9.13757118
-16.40845246,35.46979745,-8.99569009
16.41797326,31.37728100,-8.63464919
17.20566191,30.59657737,-8.48787702
-17.25431080,34.83622125,-8.87620296
-17.83488269,33.84947579,-8.65996418
17.55344916,29.52213820,-8.29716344
-18.41463421,32.87481798,-8.48637432
17.89069084,28.44656479,-8.14781449
17.91423426,27.31734460,-8.01791126
-18.75973370,31.81096885,-8.28706021
17.92856929,26.19393558,-7.92391035
-19.10191708,30.74329112,-8.11851343
-19.41896105,29.71460349,-7.97156367
17.92190363,25.13855336,-7.85045410
17.78291834,22.10203762,-7.63821159
17.84934933,23.08916749,-7.71748705
-20.55098268,25.49971487,-7.44269607
-20.37963606,26.52120293,-7.57541698
-20.05299796,27.60703240,-7.70485392
17.57734133,21.21352421,-7.53963122
-19.74587662,28.67446066,-7.83900408
17.90836566,24.10560178,-7.78654230
16.32509127,18.63865880,-7.07334546
16.84065495,19.48746467,-7.25147339
-20.46681374,22.31394291,-7.05695529
-20.59321564,23.39204686,-7.17928268
15.68877474,18.07098810,-6.94239552
-20.05580256,21.58055698,-6.96827904
-18.54129676,19.55306630,-6.65601752
-19.10695705,20.19166272,-6.77291824
12.52026390,15.90751703,-6.34735639
13.66847788,16.56785985,-6.55968691
-17.48852276,18.65960747,-6.44853346
14.36140018,17.03322524,-6.68819341
17.36887575,20.35229341,-7.41693685
-20.74056944,24.46155668,-7.31685939
-19.65427597,20.83277619,-6.87408578
15.06283491,17.50303677,-6.80849154
-16.37901771,17.86748518,-6.22822327
11.38100710,15.28890839,-6.12974000
7.99978479,14.29211481,-5.62037588
9.08654169,14.47400527,-5.75450381
-14.01119787,16.73291791,-5.77234886
-15.19707222,17.25124625,-6.00354539
-12.82779283,16.39630631,-5.58249411
10.22409294,14.82680898,-5.93373887
4.63569279,14.14065972,-5.28994392
5.81186319,14.13183819,-5.38963636
-7.34805983,15.57469000,-5.05536655
-8.97142786,15.70765319,-5.21010818
3.26006926,14.27414533,-5.20810291
-10.32854034,15.89527199,-5.33598583
6.92386721,14.15444924,-5.49765121
-11.61597815,16.09827204,-5.44108350
-5.50475610,15.36293566,-4.92784450
1.77098014,14.41600758,-5.12515450
-3.52315821,15.16225096,-4.89799389
0.16479384,14.65789230,-5.05304968
-1.60105323,14.91188981,-4.97013028
1.57732930,36.67118635,-0.84463337
3.13649647,36.23728276,-0.78796515
-0.10661492,36.84212520,-0.81753984
-1.82870467,36.91993979,-0.76872728
4.59497426,35.75778726,-0.69942782
6.01538393,35.27265210,-0.60419356
-3.52040710,36.91438971,-0.72960961
7.55213761,34.89731962,-0.53157306
-5.18903080,37.01521948,-0.70476886
-6.86389223,36.80386789,-0.61399294
9.10095266,34.19621562,-0.39198905
-8.58088791,36.65385169,-0.50046604
10.73626554,33.56807861,-0.30129753
12.45125160,32.92336324,-0.25791300
-10.42286838,36.50769784,-0.35924605
-12.45283700,36.33156112,-0.19837019
14.23717639,32.19825831,-0.22780997
15.53281636,31.47513113,-0.20816713
-14.01074893,35.99653123,-0.11309178
16.76682574,30.76887389,-0.17030474
-15.43888332,35.65816961,-0.05246504
-16.63955138,35.35713077,0.00340999
17.93872444,30.13583717,-0.12088528
-17.61145467,35.09816469,0.06273784
19.07808433,29.61421871,-0.07369363
19.30412254,28.58085819,0.03268084
-18.04007942,34.13336001,0.14635501
19.53510375,27.58367645,0.14762796
-18.44714695,33.20827411,0.21888715
-18.83831545,32.31656526,0.27099636
19.77796296,26.61696132,0.26883350
20.03983982,25.67593298,0.39171288
-19.22029495,31.44973847,0.30039924
20.24049611,24.48363231,0.64600660
-19.62099925,30.36514903,0.41363808
-20.02183451,29.30595558,0.51563524
20.47927451,23.32128978,0.88526683
-20.42919398,28.26833075,0.62011313
20.75690881,22.18429660,1.10064781
21.06555519,21.06984433,1.28184683
-20.84940883,27.24958018,0.73347807
20.42882718,20.07069387,1.40199660
-20.78234241,26.22521760,0.77035927
19.83855540,19.09685382,1.50938563
-20.72210899,25.22838870,0.83192373
19.30589567,18.14404340,1.60716283
-20.67232215,24.25903793,0.92126014
-20.63677893,23.31562710,1.03272834
18.82959854,17.20886363,1.69545250
-20.17022708,22.75164639,1.09796692
17.97606577,16.75928991,1.77830139
-19.68089856,22.16856039,1.18721410
17.18729192,16.30909415,1.84677917
16.44540414,15.85031987,1.89634846
-19.17038453,21.56669429,1.29185882
-18.64028514,20.94657597,1.40075630
15.73891528,15.37308985,1.92616864
14.69525358,14.80646719,1.92805093
-17.71933458,20.13846601,1.52545820
13.66587639,14.18311782,1.90280038
-16.74789534,19.28213161,1.61443432
12.61565270,13.52211349,1.86390599
-15.72842976,18.36871627,1.65584401
-9.07542517,15.12542916,1.06814802
-10.58647042,15.50700427,1.24078175
5.88134406,12.44049986,1.23066893
7.46858997,12.34445807,1.36702122
-7.22091934,14.82288831,0.89137512
3.93519133,12.67939545,1.15680206
-5.34803278,14.40145562,0.83946406
1.99798253,12.84745046,1.19232842
0.12111456,13.05320680,1.17527069
-3.50504613,13.88492863,0.91561945
-1.70099003,13.39833164,1.06288881
8.91296527,12.37325759,1.53333402
-12.01182314,16.01394010,1.40191515
-14.66890564,17.40690127,1.63998424
11.52106563,12.85477801,1.80754361
10.25030762,12.55789854,1.68700565
-13.36818636,16.66781145,1.54493161
5.70731290,14.20980544,-5.76308376
6.79589636,14.26202592,-5.86875764
7.86347606,14.34336898,-5.97951496
-11.57322997,16.28162686,-5.81236685
-12.78543431,16.55857534,-5.94769224
-10.30796187,16.01871342,-5.69782882
-13.96553696,16.86688790,-6.11979173
8.94538792,14.46405290,-6.10505083
4.55558318,14.18460938,-5.66693093
-8.96769159,15.77070442,-5.56593418
-15.12164695,17.41398522,-6.33671903
10.06581656,14.81146093,-6.29835089
-7.33816069,15.68216852,-5.42012299
3.20603956,14.38935572,-5.59432853
11.20847269,15.26909238,-6.52456803
-16.27672999,18.06477441,-6.55012938
1.74184406,14.59126548,-5.51394815
-5.48438991,15.51861453,-5.30449257
12.35746249,15.83032696,-6.76616868
-17.40687097,18.82182957,-6.76011139
0.15120449,14.78607136,-5.42796585
-3.50957882,15.27683876,-5.26796537
13.51308202,16.45684115,-6.99777839
-18.47965867,19.68678352,-6.97200517
-18.96967631,20.38429570,-7.10491543
14.15519699,16.97949655,-7.14229378
-1.60322047,14.99073181,-5.32936155
-19.43955413,21.08561346,-7.22484215
14.80787557,17.50831243,-7.27339199
-19.90528106,21.77710665,-7.33184560
15.47185387,18.03952945,-7.39543767
-20.38667444,22.44618034,-7.43085652
16.14708800,18.56959304,-7.51409448
16.50309650,19.40952598,-7.67274397
-20.35358399,23.48753151,-7.55974609
-20.33501660,24.52559416,-7.69367870
16.86588776,20.26505115,-7.81669928
-20.33307761,25.55056510,-7.83493306
17.23119870,21.14227517,-7.93983763
-20.34778140,26.55624194,-7.98841606
17.59604846,22.03999180,-8.04092008
-20.02498339,27.61525675,-8.11575523
17.65588855,23.02086821,-8.10675182
17.70665340,24.02877835,-8.16445273
-19.71893493,28.65806065,-8.24415923
17.74907193,25.05947611,-8.22335806
-19.42493907,29.68712556,-8.37910533
17.78343755,26.10725649,-8.29351689
-19.13776417,30.70505081,-8.52702915
-18.67687562,31.71453164,-8.65798928
17.61760438,27.19459746,-8.37692603
17.44005817,28.29466547,-8.49895091
-18.21825783,32.72471853,-8.82590283
13.69351343,33.04428006,-9.57600426
12.20412423,33.66083230,-9.83919031
14.49071805,32.42469817,-9.37781818
-14.56633374,36.23759181,-9.60917090
-13.61825892,36.68380906,-9.73932503
-11.90334753,36.96894263,-9.85031510
-15.49299078,35.77070111,-9.48385989
15.31850601,31.79375519,-9.18957513
16.17268278,31.13856219,-9.02093039
-16.39848804,35.27729185,-9.37265700
-17.75587980,33.74180523,-9.03731422
17.24910343,29.38906581,-8.66770872
17.04405620,30.46660278,-8.88146863
-17.28919496,34.76722599,-9.28801262
-10.10664863,37.22571458,-9.94171773
10.68812858,34.24932861,-10.04130411
9.09711354,34.78962372,-10.18431605
-8.28921528,37.47265860,-9.99446700
-6.48413713,37.78346209,-10.07339322
7.43021616,35.35382139,-10.30029825
5.58162772,35.67181975,-10.29655059
3.77037537,36.19612908,-10.26822375
-4.72838933,37.71968181,-10.09878715
-3.01234259,37.67726290,-10.14790769
-1.32143549,37.60241351,-10.19788115
2.03668209,36.80181965,-10.24194905
0.36442599,37.45775534,-10.25669858
