0.78633662,14.10132224,0.75785844
-1.48542447,14.10392047,0.74165708
0.79499089,14.17257644,0.88018418
-1.49471349,14.17203309,0.86497345
-3.71208257,14.27818510,0.86144003
-3.73636048,14.34854295,0.99095665
-5.83221959,14.57826174,1.10536864
-5.86054503,14.65189443,1.24275629
-7.70904405,14.89582673,1.36109872
-7.72211509,14.96877024,1.50055668
-7.32825786,33.99940795,-0.20265271
-6.19559933,33.85131218,0.15685572
-7.34281570,34.10218930,-0.07545006
-6.20479800,33.95397045,0.27500903
-4.86497404,33.70821419,0.59250721
-4.87038036,33.81469069,0.70068545
-3.18532589,33.55506563,1.08063473
-3.19140499,33.66725617,1.17664515
-1.04177517,33.39555040,1.53033681
-1.06348446,33.51361585,1.61758996
-9.03810588,15.32793286,1.49901490
-9.03559874,15.39691155,1.63509937
-10.17652946,15.71713961,1.53716662
-10.16626585,15.78948806,1.66683377
-11.18424332,16.06800420,1.48645761
-11.17052849,16.14885491,1.60905012
-12.13927630,16.38784623,1.38755549
-12.12410812,16.47278607,1.50330280
-11.42814576,33.20705853,-0.90123498
-10.40949790,33.42232485,-0.71494423
-11.46970593,33.30953566,-0.75945008
-10.44254544,33.52482377,-0.57131411
-9.38220736,33.61014743,-0.53776553
-9.40806645,33.71321690,-0.39586157
-8.35913437,33.79089946,-0.37816932
-8.37923954,33.89335440,-0.24313593
-13.00940855,16.83566246,1.23177303
-12.99336094,16.92312975,1.34451724
-13.95826762,17.25790391,1.02720965
-13.94350713,17.34089136,1.14177715
-14.96659728,17.75246146,0.75450493
-14.95379698,17.82090226,0.87468338
-16.03013112,18.33044328,0.40888960
-16.01398272,18.38188601,0.53584193
-16.72786252,18.90775095,0.10692078
-16.70097580,18.95285002,0.23954101
-17.41199154,19.50460288,-0.23886297
-17.38185215,19.54368174,-0.09870923
-18.01171664,20.04085123,-0.60045948
-17.98835488,20.07969146,-0.45696706
-18.52773686,20.48555384,-0.94882981
-18.51372265,20.53708153,-0.81195067
-14.37926606,31.84606720,-1.73911998
-13.64847659,32.20931573,-1.49806318
-14.43782389,31.92596720,-1.62708971
-13.70455461,32.29612217,-1.37405057
-12.92865127,32.56868345,-1.28141636
-12.98147839,32.66317644,-1.14969787
-12.18815409,32.90254516,-1.08439115
-12.23603540,33.00225234,-0.94578214
-18.48172663,21.31615899,-1.21200010
-18.48465211,21.38575952,-1.09557065
-18.40250536,22.08552027,-1.41569767
-18.42063060,22.16024714,-1.31406505
-18.29263732,22.85347503,-1.59774106
-18.31912857,22.92960380,-1.50570213
-18.18430116,23.66042018,-1.78354977
-18.21742373,23.73584919,-1.69629966
-17.52010518,24.72805480,-1.83860336
-17.55343350,24.80550708,-1.75186786
-16.92269876,25.84430199,-1.89027455
-16.96052944,25.92358029,-1.80413302
-16.37166322,27.00448531,-1.93699473
-16.41599767,27.08698179,-1.85117532
-15.87168935,28.19484760,-1.99191837
-15.92091144,28.27816546,-1.90423008
-15.46888114,29.14133574,-1.92776185
-15.52367331,29.22557016,-1.83559376
-15.09202386,30.06822177,-1.85664260
-15.15238410,30.15325832,-1.75969925
-14.72992113,30.96924684,-1.79411125
-14.79043122,31.05127162,-1.68978601
0.77734107,14.01772806,0.64102475
-1.48053604,14.01806364,0.62383452
-3.69612391,14.18381275,0.73898324
-5.81510274,14.48011042,0.97513934
-7.71030759,14.79667787,1.23085158
-7.30734512,33.89968737,-0.32166306
-6.17867483,33.75063082,0.04403767
-4.85085248,33.60527923,0.48812150
-3.17099561,33.44690689,0.98633856
-1.01395472,33.28198071,1.44333039
-9.04765164,15.21967478,1.37124550
-10.19171822,15.60572733,1.41781108
-11.20467831,15.94975869,1.37495917
-12.16719797,16.25281821,1.27770835
-11.38686459,33.10525225,-1.03988720
-10.37459417,33.31687879,-0.85030248
-9.35341941,33.50660013,-0.67540536
-8.33468823,33.69289054,-0.50704085
-13.03910111,16.70115406,1.12626340
-13.98085877,17.14888681,0.92241700
-14.98791567,17.65131316,0.64582873
-16.05209293,18.25126403,0.29422951
-16.76085341,18.84055190,-0.01176848
-17.44390573,19.43244202,-0.36096967
-18.04027165,19.97394849,-0.72867476
-18.53896825,20.40388707,-1.05906207
-14.31572648,31.74895963,-1.83939166
-13.59515043,32.11911202,-1.61499274
-12.87488644,32.46925972,-1.40764210
-12.14082559,32.79784659,-1.21609863
-18.48827689,21.22238749,-1.31045870
-18.38984187,21.99676553,-1.51207442
-18.26654504,22.77253569,-1.68957794
-18.14453520,23.58313467,-1.86471669
-17.49402347,24.64776652,-1.91730124
-16.88300272,25.76283726,-1.96721169
-16.32540232,26.92332698,-2.01886771
-15.82503433,28.11032469,-2.07473532
-15.41232274,29.05369287,-2.01017541
-15.03042579,29.97915174,-1.94805774
-14.66855621,30.87938222,-1.89046240
3.04469970,14.38314994,1.02614940
3.02428939,14.30661987,0.90077988
5.08925498,14.62088029,1.20075605
5.07146315,14.54313493,1.07571845
6.81958515,14.73015989,1.31746542
6.80971776,14.65572501,1.19461459
8.27137111,14.66712593,1.35518713
8.26523481,14.59628426,1.23256137
7.19337268,32.27607780,1.61990303
5.32229299,32.52903429,1.82895546
7.22647660,32.15801974,1.49173683
5.35193935,32.40696530,1.71295599
3.39498095,32.84715986,1.93011080
3.42742969,32.72431243,1.82557020
1.26022227,33.17055055,1.89155853
1.29486781,33.04959819,1.79919313
9.36669571,14.71726069,1.32057002
9.35891669,14.65073592,1.19763527
10.36207270,14.73506786,1.25034482
10.34940625,14.67162717,1.12787216
11.28602104,14.77439192,1.14686935
11.26713258,14.71400173,1.02566709
12.16352620,14.87502285,1.00873512
12.13944503,14.82162555,0.89026222
13.01949439,31.34365041,-0.17197573
11.95505428,31.34481049,0.34520637
12.99114463,31.26148893,-0.30863695
11.95456293,31.26321653,0.19486892
10.62636474,31.45749194,0.86272464
10.64695582,31.36221896,0.71387544
8.99353869,31.76620583,1.29830228
9.02589791,31.65391162,1.15917191
12.95795444,15.23674165,0.82632054
12.93169621,15.18396411,0.70978991
13.75687104,15.62145777,0.60850412
13.73230824,15.56358464,0.49415130
14.58817364,16.05107609,0.36271902
14.56751854,15.99105524,0.24945118
15.47268985,16.49684940,0.08942524
15.45393183,16.44034664,-0.02420884
16.07052310,16.94904462,-0.12101286
16.05265009,16.89392852,-0.23669685
16.69745827,17.42524140,-0.34545756
16.68067411,17.37249442,-0.46275142
17.34588087,17.89450993,-0.57183799
17.33210174,17.84213797,-0.68853590
18.04063364,18.37591730,-0.80863309
18.02937202,18.31893690,-0.92283813
15.56594792,30.95621177,-1.35186068
14.88398034,31.08381379,-1.11943145
15.50729147,30.86027243,-1.45095932
14.82578425,30.99622729,-1.22438972
14.27958972,31.18292224,-0.86159162
14.22295428,31.09867957,-0.97232598
13.67883963,31.26351954,-0.55360425
13.63093349,31.18141397,-0.67481758
18.29586800,19.33747358,-0.99197472
18.26963326,19.27033280,-1.10249975
18.57727467,20.29740142,-1.16515156
18.53407477,20.22583130,-1.27024235
18.85250232,21.27827857,-1.33430861
18.79674680,21.20144069,-1.43302903
19.13870761,22.29518910,-1.49152466
19.06968516,22.21403901,-1.58523124
18.67612936,23.47063196,-1.52156424
18.60680828,23.38477441,-1.61516523
18.24501444,24.73197104,-1.54021972
18.17371746,24.63987558,-1.63066499
17.76169437,26.06106064,-1.55849479
17.68972469,25.95919077,-1.64494000
17.20336732,27.41560691,-1.59171518
17.13600417,27.30580282,-1.67752208
16.67490967,28.46240515,-1.53210124
16.61312050,28.35055088,-1.62153453
16.20155659,29.40207610,-1.47423232
16.14045007,29.29183968,-1.56650520
15.82560073,30.21806222,-1.41968597
15.76616988,30.11477240,-1.51528311
3.00620794,14.21195524,0.78064229
5.05683539,14.43977837,0.95519439
6.80488006,14.55668222,1.07860870
8.26748581,14.49864960,1.11636634
7.25665489,32.05057562,1.36593555
5.38060544,32.29229908,1.59707226
3.46031314,32.60709776,1.72036123
1.33243791,32.93357654,1.70611324
9.35306978,14.54835022,1.08019534
10.33514498,14.57364452,1.01287491
11.24559772,14.62045541,0.91470766
12.11231330,14.72142185,0.77816155
12.95838829,31.18525642,-0.43871509
11.94743686,31.18517808,0.05283202
10.66535112,31.27732190,0.56587495
9.05622869,31.55634678,1.02207193
12.90568821,15.08173726,0.59819767
13.71000201,15.47686093,0.38758582
14.54894056,15.89965647,0.14696907
15.43413516,16.35966370,-0.12923767
16.03683874,16.82224275,-0.34387885
16.66436476,17.29328907,-0.56964373
17.32137371,17.76524938,-0.79817155
18.00751993,18.23367771,-1.02133831
15.43800008,30.74604325,-1.54104178
14.76683005,30.90438215,-1.32321519
14.16295351,31.01112203,-1.07797151
13.57873692,31.09630221,-0.78872096
18.24619668,19.18007747,-1.19879587
18.48941128,20.13984892,-1.37052064
18.73650394,21.12041908,-1.52979212
18.98481396,22.12568477,-1.67172534
18.53883559,23.29562324,-1.70180658
18.09367405,24.54363669,-1.71291698
17.60957764,25.85867967,-1.72797034
17.06766026,27.19346709,-1.76022528
16.54428306,28.23409261,-1.70380612
16.07346907,29.17493377,-1.65481339
15.70277796,30.00244557,-1.60542596
1.61624187,11.13621639,-9.12065236
-0.01339593,11.08636769,-9.07431319
1.59182719,11.08654440,-8.98574085
-0.02909368,11.04107668,-8.94127919
-1.40379910,10.94917222,-8.94085425
-1.40676990,10.90664800,-8.81419619
-2.66689351,10.76030712,-8.78088630
-2.66647002,10.71619008,-8.66402636
-3.94921863,10.54515198,-8.64080410
-3.95568387,10.49546085,-8.53423967
3.44198494,11.08563730,-8.87684568
3.45989621,11.13305602,-9.01050632
5.24813357,11.08229471,-8.64244243
5.26035547,11.11346000,-8.77514341
6.81056631,11.16476724,-8.39620619
6.82689875,11.17960524,-8.52621308
8.17138086,11.28892271,-8.23424593
8.19114964,11.30065944,-8.36190333
2.37727877,35.49217536,-12.50852840
0.15427787,35.67467667,-12.50923401
2.38352386,35.52897234,-12.39272973
0.15384937,35.71601101,-12.38939836
-2.05540904,35.85514636,-12.45896654
-2.06031199,35.89925842,-12.33378099
-4.09799471,35.90872418,-12.33305848
-4.10351916,35.95078353,-12.20665135
-5.91487198,35.90404330,-12.18858250
-5.91293699,35.93629302,-12.06694141
4.67670630,34.83973596,-12.33730253
4.65941036,34.82066819,-12.45578901
6.72257475,34.21046065,-12.17350808
6.70642756,34.21157239,-12.30066763
8.32827470,33.58691440,-11.90101384
8.33289629,33.60345862,-12.03107064
9.59504319,33.02913129,-11.62028249
9.62820272,33.05385356,-11.74018106
-5.17591570,10.53232986,-8.54298773
-5.18895637,10.47895829,-8.44173740
-6.58739120,10.61088233,-8.52107982
-6.60104075,10.55425169,-8.42566667
-8.21105275,10.88764241,-8.57833873
-8.22126243,10.82598434,-8.49196671
-9.94072187,11.43768713,-8.73456324
-9.95133655,11.36916007,-8.64907604
9.31247238,11.61120213,-8.19254195
9.33095620,11.62183157,-8.32243892
10.38811016,11.89707912,-8.22318140
10.40337471,11.90442797,-8.35599625
11.42496301,12.13168376,-8.29854002
11.43672609,12.13360370,-8.43315953
12.43969620,12.32392562,-8.40434536
12.44860680,12.31736093,-8.53950034
-7.68504347,35.54243712,-12.02710945
-7.67266392,35.55440653,-11.91118947
-9.43739928,35.26854694,-11.85708591
-9.42562808,35.27386703,-11.74254065
-11.17339055,34.98349714,-11.70745674
-11.17597366,34.99493309,-11.58595324
-13.11252420,34.69510795,-11.56350350
-13.13142882,34.71545953,-11.43010821
10.82888049,32.06199296,-11.37785380
10.88355970,32.09658440,-11.48727496
12.10751612,31.25171448,-11.24387452
12.17501642,31.28649721,-11.35317397
13.34787712,30.45127026,-11.12954442
13.42355443,30.48133446,-11.24089778
14.67231338,29.64853247,-10.97023525
14.75097882,29.67858433,-11.07890785
-11.78590624,12.27778201,-9.07956974
-11.78863026,12.20309317,-8.98078104
-14.01257466,13.21977647,-9.49301446
-14.00035548,13.14153959,-9.40278120
-16.39542767,13.99733444,-9.95161005
-16.37581125,13.93237533,-9.83184691
-18.62000461,14.43679481,-10.68853638
-18.59523752,14.38920202,-10.54606263
13.42447625,12.64140926,-8.58508751
13.43134025,12.62118544,-8.72150005
14.38014071,12.97393867,-8.80484028
14.38851459,12.94437753,-8.94295432
15.31294175,13.35478627,-9.06705989
15.33029487,13.32285383,-9.20833624
16.26050883,13.79787752,-9.36261031
16.29404032,13.77297910,-9.50700480
-16.92500904,33.31208183,-11.17650879
-16.00824309,33.66257257,-11.23670897
-16.96677276,33.33372035,-11.06662681
-16.04333334,33.68734958,-11.11572899
-15.04746598,34.02325207,-11.33971658
-15.07818976,34.04912140,-11.20901073
-14.07109176,34.37396918,-11.45825807
-14.09688627,34.39785917,-11.32326622
17.30127145,27.05790836,-10.59425919
16.65405921,27.63303440,-10.70048534
17.35465993,27.08471747,-10.69949480
16.71524815,27.65713539,-10.80558544
15.99784494,28.31197500,-10.80481423
16.06663065,28.33600120,-10.91056921
15.33392510,29.00444181,-10.89511398
15.40910235,29.03162148,-11.00208146
-19.70479993,14.76237106,-11.06317155
-19.67606171,14.70686958,-10.92545898
-20.73388163,15.19091010,-11.38944043
-20.71623917,15.10857615,-11.25147306
-21.67396476,15.86990520,-11.66660925
-21.68841660,15.74382969,-11.52845155
-22.52788852,17.00020816,-11.83662102
-22.57473432,16.83610872,-11.71294741
16.74789569,14.24046642,-9.57991152
16.79272938,14.22574817,-9.72365658
17.25770328,14.70818860,-9.77839771
17.31196547,14.70589371,-9.91768366
17.80120918,15.21058190,-9.94683664
17.86282684,15.22274950,-10.07776090
18.40328630,15.76200690,-10.07448676
18.47187640,15.78943179,-10.19451130
-22.81057710,18.49817216,-11.75801210
-22.85819300,18.31021954,-11.64553712
-22.90687573,20.51622661,-11.53721861
-22.95177478,20.32729022,-11.43711507
-22.59230342,22.77599521,-11.33221646
-22.62503508,22.62294032,-11.23580026
-22.15617390,24.75314806,-11.24333640
-22.17311635,24.64577344,-11.14791846
18.53520396,16.59043353,-10.23313325
18.61581898,16.62669780,-10.34916622
18.71107550,17.46280040,-10.36802025
18.80031654,17.50800349,-10.48003457
18.89546931,18.33740853,-10.47034196
18.98943737,18.38854415,-10.57823678
19.06994357,19.18346018,-10.53115186
19.16843759,19.24002873,-10.63494669
-21.41068983,26.52494742,-11.13699566
-21.41455869,26.44064263,-11.04520795
-20.76480889,27.96830750,-11.06732898
-20.76498746,27.89445470,-10.97662877
-20.16147631,29.19536428,-11.00921496
-20.16464663,29.12706334,-10.91716360
-19.52622700,30.34634728,-10.96530649
-19.53557814,30.28392548,-10.87026439
18.97980804,20.14248491,-10.59046150
19.07689412,20.20470265,-10.69531196
18.89196053,21.06800000,-10.59273445
18.98722727,21.13853142,-10.70012786
18.77296970,22.01321726,-10.55624042
18.86411615,22.09238580,-10.66674828
18.59890159,23.08368554,-10.49902797
18.68264074,23.16959412,-10.61030525
-18.92011879,31.15747051,-10.93419920
-18.93384734,31.10390252,-10.83545568
-18.28457829,31.95747137,-10.95800564
-18.30527707,31.92523950,-10.85481947
-17.61815090,32.68284652,-11.04509114
-17.64973347,32.67989364,-10.93840621
18.34326781,23.95076901,-10.47008197
18.41771078,24.03376728,-10.58111790
18.04703327,24.95149550,-10.46800731
18.11188898,25.02052204,-10.57756060
17.69926184,26.00812501,-10.51489549
17.75653284,26.05504242,-10.62231875
9.59797236,32.95170859,-11.52554963
10.77526864,32.02892544,-11.28809279
12.03294103,31.18660408,-11.15370861
13.32124184,30.39805020,-11.03189840
14.57577190,29.64397149,-10.88710090
8.13875113,11.31844657,-8.16222916
9.27035299,11.61910422,-8.10605094
10.33678502,11.89442115,-8.12585954
11.35942304,12.13306983,-8.19735011
12.35248560,12.33890153,-8.30734587
17.30167195,27.00890070,-10.52084313
16.64404638,27.61359166,-10.61355180
15.97598180,28.27013576,-10.71122988
15.28825492,28.95413803,-10.80252350
16.16442862,13.80290372,-9.24064410
16.66408235,14.23627202,-9.44810408
17.16989804,14.69133783,-9.64549075
17.68135376,15.17235447,-9.82201340
18.19471182,15.67801724,-9.96799265
18.39086235,16.55475367,-10.13566317
18.58101403,17.42494980,-10.27373984
18.76058131,18.28970373,-10.37974371
18.92448642,19.15069630,-10.45076781
-22.39362517,16.49568116,-11.58586461
-22.79877568,18.05318068,-11.54477683
-22.92854506,20.08869525,-11.34885218
-22.59790753,22.40795873,-11.14737771
-22.09755610,24.53428106,-11.05249659
18.85583121,20.06091092,-10.49894987
18.77037202,20.97590974,-10.50347995
18.66405808,21.90496406,-10.47064935
18.53655386,22.85585705,-10.42144965
-21.37313647,26.29277553,-10.95577898
-20.71376491,27.76760415,-10.88719045
-20.12624979,29.00456492,-10.83125935
-19.59232946,30.06022025,-10.79315205
18.26285446,23.83733370,-10.38509977
17.96741559,24.85550044,-10.38360392
17.64673984,25.91204851,-10.43107756
-18.91953748,31.01022860,-10.74708362
-18.28273093,31.86303453,-10.76028365
-17.66408296,32.63086880,-10.84297080
-17.03757325,33.31881882,-10.99240553
2.39464821,35.50246543,-12.30213022
4.70394351,34.84563847,-12.23674867
6.72902326,34.18080821,-12.06749559
8.32533145,33.53367387,-11.79572345
1.58140352,11.09300124,-8.89111643
3.41952969,11.09144732,-8.78346832
5.22930011,11.09613617,-8.55205786
6.79105782,11.18908772,-8.31228440
-0.02266557,11.04372249,-8.84652729
-1.39444398,10.90669330,-8.72429692
-2.65431487,10.71561196,-8.58316005
-3.93190001,10.49974838,-8.46686064
0.13547022,35.74519101,-12.28766537
-2.05515731,35.90115268,-12.23064339
-4.11512861,35.94546738,-12.10570577
-5.95620021,35.91741008,-11.97415425
-7.65231813,35.55160374,-11.81545792
-9.38935666,35.24010843,-11.64370492
-11.23623736,34.98977146,-11.47656488
-13.09612103,34.73397355,-11.32477896
-5.16335367,10.46326713,-8.37050122
-6.55864982,10.52310952,-8.35358786
-8.14218290,10.77721286,-8.42207299
-9.82411622,11.29713571,-8.57377254
13.32674072,12.67721565,-8.48834774
14.28078786,13.01892846,-8.70750571
15.22316445,13.38710795,-8.95880891
-11.60883942,12.11971227,-8.88058354
-13.77111936,13.05109773,-9.31101912
-16.17060932,13.86630599,-9.71488289
-18.41666535,14.34165812,-10.38850953
-19.54598777,14.65062813,-10.78235517
-20.60670058,15.02316618,-11.11445404
-21.57194578,15.58901383,-11.38797361
-16.11481240,33.69680798,-11.02326888
-15.14943785,34.05246306,-11.09709112
-14.14087723,34.39703955,-11.20289540
8.04011154,13.98966943,0.35626997
6.55544830,13.90381472,0.32485978
7.67846872,13.33624194,-0.51304975
6.19321355,13.27327526,-0.54129762
-7.04915790,13.44693211,-0.49919756
-5.21735169,13.15719498,-0.54167187
-7.38687600,14.17308372,0.39018765
-5.50378546,13.82009249,0.20139631
9.13851296,14.07273800,0.32631118
8.81850648,13.42209385,-0.51394685
-8.51525924,13.76206177,-0.42850167
-8.82184798,14.54623305,0.54056723
-9.87285379,14.04724927,-0.35778675
-10.07824827,14.88983645,0.62615238
10.12067785,14.11966245,0.26830146
9.85506031,13.47867569,-0.53498675
4.81182485,13.71776399,0.22985443
4.52090233,13.11926557,-0.56978629
-3.28827189,12.90603422,-0.55196228
-3.48762099,13.52385034,0.07923715
11.01723954,14.27167986,0.17222169
10.80639901,13.64610601,-0.61207512
-11.08645813,14.41621554,-0.37632423
-11.15132548,15.28743457,0.61176718
-1.29173975,12.83818850,-0.58057068
-1.39049054,13.42461641,0.01821166
2.83677006,13.56454762,0.10435167
2.67514229,12.99439017,-0.60269413
11.88161762,14.44908290,0.04358939
11.72831263,13.85211280,-0.73799850
-12.23586687,14.79872708,-0.48450891
-12.15559765,15.65760085,0.52310682
12.70548649,14.77050198,-0.12779605
12.60892327,14.21874615,-0.94250828
-13.31970941,15.30226605,-0.68446489
-13.09595969,16.12200063,0.36348638
0.71617932,12.87648576,-0.61042579
0.73813168,13.44383083,0.02067565
13.55061004,15.13692719,-0.33918159
13.50603622,14.63925802,-1.20052784
-14.45542992,15.85224725,-0.93938171
-14.10012647,16.62612919,0.12998824
-15.58579411,16.51955809,-1.24287995
-15.16073563,17.25341977,-0.18125757
14.40805237,15.61046688,-0.59902179
14.40595235,15.15424724,-1.49915850
15.30810487,16.12205462,-0.89529325
15.33750521,15.67823278,-1.79522442
-16.65159144,17.23717269,-1.62468319
-16.29477485,17.94657322,-0.55471478
15.95738120,16.52539638,-1.11522589
15.98087106,16.08820632,-1.98701521
-17.29453245,17.78133371,-1.92880682
-17.04217149,18.49891004,-0.88171386
16.63059028,16.93053520,-1.33034043
16.63182216,16.50123925,-2.16581777
-17.89062776,18.28422396,-2.22746408
-17.69364915,19.01896439,-1.23643161
-18.33526619,18.85053588,-2.50187235
-18.14857456,19.56624322,-1.55350331
17.23086582,17.45596212,-1.53283069
17.19293300,17.03782777,-2.34785993
-18.73404616,19.35497199,-2.75435307
-18.53601157,20.01213286,-1.81571327
17.83912761,17.98215467,-1.72253135
17.75070559,17.57183366,-2.52077926
18.27073041,18.89753237,-1.92710796
18.13040557,18.50044852,-2.74016684
-18.85759478,20.19514086,-3.02548893
-18.63255617,20.75883646,-2.05860767
18.69652743,19.82022625,-2.11752737
18.50581587,19.43209327,-2.95779747
-18.96944908,21.03147174,-3.31257807
-18.69791229,21.48539995,-2.28904182
18.68697542,20.82502554,-2.23782350
18.49905031,20.44831590,-3.10956364
-18.70771783,22.01504633,-3.49594430
-18.40776398,22.36942116,-2.42781563
18.68982926,21.86036798,-2.34181355
18.50571244,21.47804726,-3.24213915
-18.45580188,23.05474975,-3.69551570
-18.12599153,23.30470923,-2.57660175
-17.90032879,24.25709356,-3.80986620
-17.54912957,24.42559618,-2.67938656
18.34563067,23.03448448,-2.40513579
18.21569034,22.63132815,-3.32441315
-17.36722393,25.49371358,-3.90371675
-17.00106370,25.60337122,-2.78060108
17.99970396,24.26042146,-2.44155899
17.91715290,23.80885851,-3.37859231
12.97746885,31.39858136,-1.36196385
13.56880337,31.27180421,-1.64499332
12.73427155,31.37305441,-2.68087086
13.41176855,31.11753434,-2.90119932
12.09001623,31.46598818,-0.97202233
11.77090286,31.62310074,-2.38127411
-9.98449853,33.15209358,-3.26036555
-11.12325072,32.96437536,-3.38694371
-10.23272764,33.23746355,-1.97067571
-11.25267534,33.04857352,-2.14154279
-11.95698939,32.73951233,-3.46878740
-12.01621397,32.80697130,-2.26849856
10.98180864,31.61930177,-0.53426451
10.67781024,31.93902784,-2.06263608
-8.82173268,33.35738882,-3.10178675
-9.19341445,33.43632408,-1.77510076
14.16456474,31.13103338,-1.89020298
14.10801296,30.85694761,-3.10575149
-12.78352256,32.50221521,-3.55009823
-12.77083278,32.54964518,-2.39286854
0.08500002,33.66780861,-1.25017543
-1.94164922,33.72536125,-1.49734050
-0.76558059,33.30630196,0.66877962
-2.96030960,33.56701384,0.13997620
1.66213375,33.01938850,0.90165490
2.17366810,33.51933489,-1.15075599
9.45893279,31.82643800,-0.07294511
9.29179696,32.28073536,-1.77077237
-7.61955752,33.50066733,-2.89872265
-8.13300568,33.56845698,-1.53711565
14.72366259,30.80262307,-2.10707363
14.76521281,30.40818460,-3.29548310
-13.56447130,32.07541664,-3.63783297
-13.48111511,32.11309309,-2.51571795
-3.67417295,33.79664367,-1.88243728
-4.62608306,33.75896443,-0.43129930
3.80697947,32.82053921,0.81482626
4.10254687,33.38235015,-1.20601879
5.72814887,32.46864890,0.61151135
5.90229646,33.06548539,-1.33929085
-5.10317415,33.72342128,-2.27862140
-5.93077391,33.73284149,-0.88920985
7.63667729,32.19510851,0.32007363
7.65859496,32.75434940,-1.54489572
-6.38985675,33.68543797,-2.65397455
-7.06282622,33.72673020,-1.27328198
15.36931540,30.41535159,-2.30246545
15.48446032,29.91670757,-3.46439728
-14.36466741,31.62234987,-3.76276794
-14.20287709,31.64875320,-2.66577440
-16.81990908,26.73142712,-3.95187652
-16.44847171,26.81602019,-2.83254614
17.57638477,25.53258174,-2.44610262
17.54669492,25.00029027,-3.42029545
15.75979266,29.64169704,-2.39767881
15.91061623,29.07230048,-3.50485571
-14.88059851,30.78858292,-3.81274393
-14.65877996,30.82115064,-2.74132033
-16.30565519,27.96227088,-3.97928177
-15.94284114,28.04122813,-2.87834504
17.10659799,26.81387848,-2.47517371
17.14710467,26.19846027,-3.48183877
16.24753273,28.78762744,-2.47058453
16.38998040,28.18320179,-3.51551167
-15.41685453,29.92148813,-3.88189146
-15.13538028,29.95895198,-2.83198461
16.66617014,27.83166877,-2.47141377
16.76424661,27.20345220,-3.49771853
-15.84965558,28.95543394,-3.93044879
-15.52570843,29.01122546,-2.85463978
7.41638725,12.70284414,-1.38060245
5.93686684,12.64530142,-1.43328438
8.59211595,12.78022264,-1.36087529
-8.27004465,13.01227129,-1.34827771
-6.79120102,12.70646162,-1.32348495
-4.99099806,12.42223213,-1.29645426
4.31846974,12.48500758,-1.45048851
-3.12305671,12.17906048,-1.27497084
-1.20771147,12.14416734,-1.31106333
2.56632702,12.35974814,-1.43379871
-9.68391218,13.27658978,-1.34801793
9.68535360,12.83695131,-1.35927067
-11.00493610,13.61561668,-1.39941099
10.70008786,13.03083737,-1.42777402
0.70747632,12.22113152,-1.38451850
11.68331031,13.27606120,-1.56067949
-12.28811806,13.97230159,-1.53339570
12.62062445,13.68326076,-1.78049146
-13.49578579,14.46553607,-1.76657738
13.56427164,14.12934016,-2.03735612
-14.68695471,15.02385655,-2.05800518
-15.79199165,15.71343792,-2.38676691
14.49251982,14.66731106,-2.31600036
-16.83510390,16.45231903,-2.75542342
15.43477719,15.21352936,-2.58128272
-17.49604794,17.01107811,-3.03039026
16.06390824,15.63169263,-2.76302673
16.69247800,16.04911093,-2.93889280
-18.13767191,17.55238800,-3.30221290
17.22494457,16.60187280,-3.12707229
-18.62200184,18.18863996,-3.55921844
17.75267472,17.15146757,-3.32085711
-19.06504467,18.77335941,-3.81905597
18.11174465,18.10802763,-3.58858232
-19.22957240,19.73426502,-4.12911020
18.47526633,19.05926705,-3.84875289
-19.40160693,20.71923871,-4.46903582
18.48335072,20.07532052,-4.02284614
-19.17510794,21.81257111,-4.68491173
18.50793485,21.09262806,-4.16717156
-18.95935825,22.95266554,-4.89165490
18.26401883,22.22727837,-4.24923375
-18.41492904,24.21232747,-4.96690318
-17.88870498,25.48567769,-5.01273105
18.00959767,23.37741419,-4.31626524
-17.33496872,26.73698617,-5.01262335
17.68263861,24.53588988,-4.37425181
-16.80451373,27.96597127,-4.99557559
17.32889320,25.70389133,-4.44447118
-16.33659940,28.98266184,-4.95895159
16.98684383,26.70578742,-4.50379397
-15.88478657,29.96706461,-4.92316778
16.65120197,27.69983894,-4.56218658
-15.30142133,30.84341904,-4.86746308
16.18552272,28.62109725,-4.59782166
-12.09198967,32.81278945,-4.58011290
-13.00157945,32.57480376,-4.63987365
-13.85884718,32.14120415,-4.71546730
14.28311369,30.61049746,-4.35823996
14.99847920,30.07666660,-4.49566796
13.50518759,30.94933758,-4.20101302
-14.73658812,31.68909453,-4.83193232
15.75531220,29.52029458,-4.60869451
-11.18124788,33.04547142,-4.52758779
12.73263554,31.28659586,-4.02987587
-9.91399374,33.26195725,-4.45992707
11.61633642,31.65501498,-3.81047890
-8.62537787,33.49554088,-4.36797477
10.41064708,32.07125845,-3.59278473
-7.28599251,33.65425360,-4.23775588
9.02865587,32.44534072,-3.40979396
-5.90771020,33.84682287,-4.07475631
7.50798238,32.87955287,-3.28330921
-2.93354999,33.91710652,-3.49844337
-4.46611488,33.86780730,-3.78893653
-1.24215577,33.80653290,-3.25793912
2.37129973,33.56290797,-3.03985816
4.15322045,33.43756480,-3.05460868
5.86266527,33.14728284,-3.14112079
0.55425185,33.72542271,-3.12650990
8.45609552,12.01282035,-2.50461856
7.24896178,11.89257431,-2.55705298
-7.95770522,11.96765965,-2.59730832
-6.47080024,11.66306982,-2.56341080
5.78071083,11.79982217,-2.64621335
-4.71482073,11.40241939,-2.54960966
-2.91888709,11.17775883,-2.56129802
4.20428895,11.60747981,-2.70857857
-1.08680195,11.18012958,-2.62900222
2.51950495,11.46410060,-2.73513769
-9.42007189,12.24319247,-2.61136644
9.59852012,12.11152067,-2.47767046
0.74285701,11.29955832,-2.71001519
-10.84718976,12.58888191,-2.66136537
10.66990659,12.34667143,-2.51830787
-12.27755374,12.94747508,-2.80698928
11.70930775,12.62826387,-2.62114665
-13.64018137,13.44323352,-3.09286877
12.70011565,13.06563262,-2.80863062
13.68474097,13.54150456,-3.03129702
-14.93058758,14.03485033,-3.43348200
14.63720947,14.11952800,-3.27930496
-16.06836557,14.79010574,-3.78169888
-17.14162090,15.59793414,-4.14036505
15.58846630,14.70334233,-3.52936482
16.20120139,15.14748062,-3.70991293
-17.82006238,16.20123179,-4.38412677
16.81079427,15.59057426,-3.89658896
-18.48961749,16.79520152,-4.62983950
17.32624159,16.17728229,-4.10185193
-19.00263402,17.51614460,-4.86799934
17.84296464,16.75693455,-4.31072128
-19.49443027,18.22038159,-5.11841052
18.20056276,17.73483958,-4.58865463
-19.71003678,19.34765473,-5.42166926
18.56937321,18.69482891,-4.83548362
-19.92382007,20.50689743,-5.73551412
18.58966770,19.70985457,-4.96346078
-19.69680497,21.70751924,-5.87224473
18.62806225,20.72404470,-5.06196840
-19.47795691,22.93391293,-5.98852514
-18.94738088,24.24092767,-6.01125629
18.42679763,21.84246320,-5.13658889
-18.42705319,25.54590062,-6.01148350
18.21976096,22.97650847,-5.20671411
17.94182132,24.11637311,-5.27691879
-17.87012203,26.81000752,-5.98233706
17.63060864,25.26598119,-5.35750184
-17.32775395,28.03937845,-5.94823820
17.30835478,26.29202050,-5.41735056
-16.82835333,29.08264147,-5.89850428
-16.34370427,30.08771259,-5.85687462
16.98401873,27.31494742,-5.47461287
-15.70114569,30.97089160,-5.78737145
16.49867320,28.26638342,-5.50425027
-15.08092429,31.82441767,-5.73877441
16.04438374,29.20606365,-5.51136752
15.26098793,29.78795278,-5.43643083
-14.15354422,32.27850543,-5.63146942
-13.24832931,32.71823336,-5.56374999
14.51394827,30.36178149,-5.33875522
-12.28543894,32.95471533,-5.50411120
13.69132727,30.74045944,-5.21259186
-11.32774018,33.19096404,-5.45805933
12.87476367,31.12450735,-5.07603583
-9.97581291,33.42855368,-5.42391802
11.68657971,31.56322212,-4.91947617
-8.60287190,33.68234253,-5.37262667
10.43316417,32.04013154,-4.76658582
-7.17424540,33.84636034,-5.28102206
9.04766241,32.45327524,-4.62737988
-5.70748514,34.03986132,-5.16462135
7.56509307,32.91781507,-4.52500732
-2.59406823,34.09404477,-4.75436724
-4.18022864,34.05190859,-4.96222538
-0.91193498,33.96935478,-4.57364339
2.58279087,33.68911624,-4.36760183
4.31130399,33.53691096,-4.35729154
5.97151943,33.21324781,-4.41604071
0.82938909,33.87907117,-4.46204377
-7.57964872,11.05427996,-3.94519157
-6.08071982,10.80484617,-3.89475767
-4.36601172,10.58925790,-3.90531908
7.22135911,11.28640983,-3.70109576
5.76518398,11.15349477,-3.83035002
8.44733068,11.45711585,-3.62275854
-2.64252770,10.40471598,-3.96188468
4.21782751,10.93170207,-3.95689792
2.57865834,10.77229294,-4.05269548
-0.88920345,10.45122600,-4.03892395
9.61927840,11.60729490,-3.58234822
-9.08545139,11.26241458,-4.02522974
0.86558400,10.59700083,-4.08670293
-10.60821545,11.56204919,-4.12725348
10.72635113,11.87980746,-3.60224777
11.80204097,12.18791667,-3.68110258
-12.18734419,11.91554371,-4.28209627
12.83330179,12.64188995,-3.83974008
-13.72774161,12.45888179,-4.53235999
13.84552291,13.13603448,-4.03750730
-15.16226842,13.12706103,-4.82926696
14.81088175,13.74250426,-4.27170218
-16.39378821,13.95153613,-5.15224004
-17.53888363,14.82129952,-5.50062745
15.76532560,14.36149280,-4.52281605
-18.24744332,15.46909031,-5.73121703
16.36652127,14.82776921,-4.70856687
-18.95609409,16.12731348,-5.95996883
16.96847046,15.29223979,-4.90140451
17.47942925,15.89497053,-5.10446637
-19.50510333,16.94965963,-6.16482315
-20.03154587,17.78694415,-6.38952363
17.99389103,16.48347657,-5.30724542
18.34202787,17.44285409,-5.58008394
-20.27217423,19.08269985,-6.64804017
18.68652564,18.37969611,-5.81420409
-20.49780651,20.42226022,-6.90582838
18.69149895,19.36691888,-5.91631558
-20.26812673,21.72691077,-6.97156958
18.71601221,20.35906195,-5.98292154
-20.03450305,23.03416859,-7.01590937
18.53624209,21.45048663,-6.04400163
-19.50693001,24.38593044,-6.99331169
-18.97845320,25.71585446,-6.95591853
18.36317902,22.55978298,-6.10398084
-18.40359498,26.98405855,-6.89319178
18.13152619,23.68180975,-6.16182998
-17.83986477,28.20462581,-6.83528306
17.86869552,24.81831060,-6.23067566
-17.30797924,29.26705224,-6.77235718
17.57928891,25.87374476,-6.28271153
-16.79189640,30.28503163,-6.72599517
17.27628307,26.93017831,-6.33471404
-16.10492450,31.17172091,-6.65444284
16.78432169,27.90941664,-6.36624792
-15.44171312,32.02810903,-6.60741734
16.31538752,28.88128211,-6.37942830
-14.48459406,32.48947386,-6.50911696
15.51899433,29.48399858,-6.33346048
-13.54674239,32.93549467,-6.45076307
14.75724435,30.08692439,-6.26619827
-12.54666165,33.17035602,-6.40755719
13.91386556,30.48699362,-6.17763568
-11.55242716,33.40482264,-6.38604881
13.07701583,30.89732282,-6.08308340
11.83932247,31.39191574,-5.97259868
-10.11730538,33.64738668,-6.38258675
-8.66249802,33.90712142,-6.36612986
10.55421856,31.92768390,-5.87008275
-7.15083058,34.07266415,-6.32806893
9.16415716,32.39275194,-5.79503580
-5.60375167,34.26530529,-6.26559345
7.69934388,32.91242312,-5.74262600
-4.00444906,34.26677830,-6.12658198
6.13533797,33.25598004,-5.67168357
-2.36625662,34.29794356,-5.97968591
4.50489726,33.62869225,-5.63951112
-0.66405206,34.15184255,-5.84232991
2.80240985,33.81787235,-5.66046268
1.06855462,34.04290147,-5.74406238
-5.60322629,10.32429932,-5.12453580
-3.95681804,10.17732128,-5.17200584
7.32831702,11.03601091,-4.78463889
5.88860498,10.87691603,-4.94372366
8.55996032,11.23731051,-4.69355129
-7.07742999,10.52059661,-5.18726555
-2.31700417,10.06887729,-5.26976777
4.35881868,10.64347616,-5.12932899
2.73342637,10.48164832,-5.27986930
-0.64364728,10.15784707,-5.34229171
-8.57613120,10.67597955,-5.38696081
9.74294048,11.41772656,-4.64624683
1.05015242,10.31104467,-5.35672011
-10.13995099,10.93741525,-5.69088324
10.86352211,11.70367414,-4.65716849
11.94927779,12.01965141,-4.72315113
-11.87875411,11.29180838,-5.96011512
12.99392818,12.47575979,-4.86107117
-13.67833581,11.84995071,-6.13264517
-15.34164364,12.49687462,-6.32250245
14.01217728,12.97633519,-5.04269610
-16.74934332,13.30172049,-6.56793872
14.98209848,13.59061855,-5.26748711
15.94408888,14.21663212,-5.52626540
-18.02572662,14.19193632,-6.85443246
16.54214462,14.67528803,-5.73323218
-18.78971734,14.86125422,-7.04431351
-19.54398720,15.55916249,-7.24537649
17.14071684,15.12504900,-5.95248477
-20.11897292,16.45004321,-7.43037696
17.64110797,15.70131252,-6.18080296
-20.65410655,17.41137258,-7.65113688
18.13145354,16.26775729,-6.40165669
18.43459147,17.18752294,-6.68925893
-20.89396217,18.88765162,-7.88009592
18.72705273,18.10019013,-6.91473000
-21.10231842,20.44010872,-8.09267234
18.71624955,19.04964138,-6.99909617
-20.86020335,21.87247954,-8.10601854
18.72522405,20.00158328,-7.04255501
-20.59804673,23.27417523,-8.09906219
-20.06127603,24.67259159,-8.03133844
18.56674322,21.04974514,-7.07666048
18.42387082,22.11715180,-7.10916626
-19.51584701,26.01745894,-7.95640206
-18.92884986,27.27809075,-7.87295568
18.24102982,23.19837116,-7.15113461
-18.35253297,28.47702806,-7.80282279
18.03609237,24.30240879,-7.20731422
-17.79693522,29.55108201,-7.73806962
17.79731000,25.37789787,-7.25565061
-17.26012033,30.57337104,-7.70147610
17.53318297,26.46246377,-7.31034302
-16.54356080,31.45946180,-7.64686324
17.05303242,27.46635470,-7.35463871
-15.85181354,32.31376993,-7.62433874
16.58036099,28.46596354,-7.38745328
-14.88836959,32.79191894,-7.55170324
15.78991956,29.08800782,-7.37765103
-13.93859185,33.25451653,-7.51886049
15.03099680,29.71763542,-7.35062915
-12.91512501,33.49838464,-7.49245117
14.18584936,30.13937039,-7.30148543
-11.88998185,33.73423486,-7.49941773
13.34818985,30.57555520,-7.25088762
-10.36295691,33.98287970,-7.56988809
12.08260087,31.12703022,-7.22011162
-8.81082913,34.24140592,-7.63981457
10.78278585,31.73088622,-7.20683396
-7.20045090,34.39648014,-7.67492112
9.39970906,32.27615580,-7.21405951
-5.56468518,34.58134471,-7.67572436
7.96227834,32.89268226,-7.24246308
-3.88532873,34.57114113,-7.61681132
6.43385612,33.32567241,-7.25680311
-2.17383024,34.59398921,-7.54662493
4.82511029,33.78253050,-7.28872132
-0.40962418,34.42687161,-7.46461351
3.11982955,34.02871532,-7.33019266
1.36317475,34.30078089,-7.39916205
7.54463326,11.03407021,-5.86954765
6.13112098,10.84815843,-6.04564366
-6.48500619,10.23148350,-6.34956586
-5.05508934,10.09533420,-6.30574369
-3.50305613,10.05173657,-6.38859378
8.76287645,11.25954655,-5.77495734
4.60877949,10.59900638,-6.28640442
-1.97257672,10.04356940,-6.52166448
9.93266954,11.46026838,-5.72971819
-7.96610368,10.35910239,-6.59387868
-0.39464798,10.16783758,-6.60027739
2.95599060,10.44108639,-6.49444846
1.25400025,10.30164851,-6.60330073
11.04060605,11.74915199,-5.72942205
-9.53972803,10.64488439,-6.98699847
-11.32392922,11.09130325,-7.35777356
12.11376864,12.06259069,-5.78251430
-13.25336151,11.69775739,-7.61058377
13.16223675,12.49917514,-5.92267714
14.18999278,12.96607515,-6.12479027
-15.13620905,12.34184704,-7.82049828
-16.82189288,13.09184195,-8.01941003
15.17468317,13.53338882,-6.38487318
16.14269936,14.11890158,-6.68522003
-18.37732402,13.89379061,-8.19500953
-19.26303142,14.48685284,-8.34401745
16.71793372,14.55939716,-6.91020732
17.27737951,15.00673441,-7.13360120
-20.10091880,15.11238939,-8.56375509
-20.74644032,15.95514372,-8.78482174
17.72901158,15.58585041,-7.35576632
-21.34682237,16.97238034,-9.02592635
18.16734947,16.15291070,-7.56243129
-21.62397738,18.64657077,-9.19101482
18.42728314,17.05058198,-7.82173953
18.68555491,17.92252709,-8.01625259
-21.76508399,20.51324676,-9.33066143
18.67928617,18.81475045,-8.08202175
-21.42866974,22.15566468,-9.29553077
18.68418626,19.70730890,-8.10791650
-21.07034790,23.70130965,-9.24637511
18.54674765,20.69138750,-8.12232137
-20.49832699,25.16797555,-9.14020525
-19.93533231,26.52519765,-9.02563599
18.41988734,21.69938709,-8.12478821
-19.34867008,27.76009499,-8.90352610
18.26088852,22.72791812,-8.13228592
-18.78014045,28.91460486,-8.80256888
18.08706215,23.78684151,-8.15803127
-18.22133274,29.97768657,-8.72188113
17.88016444,24.86759983,-8.19365112
-17.68612583,30.98361690,-8.68666094
17.64611476,25.96860704,-8.25146257
-16.96374295,31.85068988,-8.64399192
17.19151729,26.99150841,-8.31725601
-16.26786233,32.68592958,-8.64661380
16.73234617,28.01655366,-8.37922572
15.98254819,28.66449493,-8.40725001
-15.31553552,33.16692517,-8.60611332
-14.37068079,33.63480568,-8.60624635
15.25127697,29.32255598,-8.41645982
-13.33765312,33.88793317,-8.60033323
14.43069339,29.76645423,-8.40198735
-12.29366070,34.12892053,-8.62963229
13.61300389,30.22628912,-8.38806957
-10.67295959,34.37717001,-8.74849354
12.34165936,30.83852733,-8.41026552
-9.01379136,34.61694292,-8.88738571
11.04239108,31.51004423,-8.45692053
-7.30360808,34.75448520,-8.99666289
9.68659650,32.13682241,-8.53939446
-5.59104149,34.93454703,-9.06004000
8.30487139,32.86291807,-8.65838018
-3.84215823,34.92230185,-9.06273570
6.83659723,33.41492512,-8.76423872
-2.05169067,34.94553634,-9.05231865
5.24529358,33.98730514,-8.86621443
-0.19652171,34.76546966,-9.02240722
3.49695209,34.30780411,-8.93741989
1.66205535,34.62750171,-8.99636473
-4.63634169,10.04369558,-7.08341612
-3.17007697,10.10823780,-7.20060463
-6.01765283,10.11423089,-7.06855242
8.95741608,11.33653796,-6.53553513
7.75806784,11.08368311,-6.62408930
6.36881909,10.87343110,-6.81657956
-1.74292388,10.19581963,-7.33968739
4.84616460,10.62959892,-7.08884430
3.13671596,10.51289879,-7.30589388
1.37194680,10.43889413,-7.40438232
-0.25506959,10.34325768,-7.40481414
-7.48466286,10.23809531,-7.23024299
10.10555063,11.55859437,-6.50737369
-9.06100493,10.56436906,-7.53607599
11.19427219,11.84851423,-6.52702268
12.25320107,12.14712936,-6.60616118
-10.79880764,11.07883835,-7.86128202
-12.67441997,11.75472785,-8.15439215
13.30009428,12.54972156,-6.77595897
-14.64561670,12.47459318,-8.50317229
14.32323610,12.98308700,-7.00906871
15.28963348,13.53817702,-7.28315120
-16.62371963,13.24153059,-8.79278787
-18.52029531,13.95112777,-9.03500407
16.22089692,14.12769698,-7.57627670
16.75748408,14.56336542,-7.79339811
-19.55545584,14.42568284,-9.31276759
17.28007612,14.98851599,-8.01026410
-20.50997871,14.91822254,-9.67389814
-21.27853294,15.63030649,-9.93152369
17.70381116,15.53299392,-8.21777419
18.11787282,16.06048723,-8.40681164
-21.99581642,16.60905983,-10.09918160
-22.35628604,18.39236989,-10.13043368
18.36258819,16.90272643,-8.64010819
18.60779983,17.73400999,-8.81481304
-22.43094425,20.53740929,-10.15340281
18.60555246,18.58960810,-8.87833627
-21.96829833,22.41118640,-10.07932923
18.60795753,19.44762948,-8.90405586
-21.48737191,24.12068237,-10.01164273
-20.84327963,25.67593182,-9.90826282
18.48636066,20.39315564,-8.91327226
18.36843281,21.36622303,-8.89654041
-20.24060638,27.05488580,-9.79655620
18.22182100,22.36238903,-8.87684838
-19.64485788,28.27025477,-9.67662471
-19.08570081,29.38131520,-9.57291577
18.06598178,23.39095895,-8.87565798
17.88018364,24.47359918,-8.89652821
-18.53368740,30.42134622,-9.49154393
-18.01592166,31.39793986,-9.46313704
17.67202363,25.57967565,-8.95600395
-17.30841677,32.23788886,-9.43241081
17.25277957,26.60889356,-9.04369145
9.16218520,11.47387615,-7.31277545
7.99485731,11.20302343,-7.38988745
6.63158984,10.98827201,-7.55861934
-5.54543918,10.20379343,-7.73569149
-4.22250543,10.22178693,-7.79710776
-2.86929134,10.36972319,-7.90484476
-16.63279121,33.04358428,-9.45845056
-0.15672033,10.65052058,-8.10687747
1.45931140,10.71229147,-8.12710391
3.30869941,10.71575289,-8.03173327
16.82020339,27.64709613,-9.13561785
-1.56138692,10.50157716,-8.02756130
5.09730253,10.77425170,-7.81134368
-6.99485186,10.28747464,-7.79328501
10.27454768,11.71561293,-7.30517082
-15.70870894,33.52078069,-9.43953671
16.12526311,28.32143786,-9.19924142
-8.57079433,10.60957390,-7.96567561
11.33089739,12.01066948,-7.35901787
12.35791311,12.29956747,-7.47137674
-10.26716775,11.16554360,-8.19674404
13.37606969,12.67685850,-7.65595040
-12.10384277,11.91972154,-8.49765518
-14.78652637,33.98352904,-9.46525514
15.43095769,29.01035535,-9.24284287
14.36492530,13.07651454,-7.88463245
-14.20219603,12.74434174,-8.92657718
15.29873241,13.58054424,-8.15822655
-16.44722275,13.55909909,-9.27705263
-13.75763015,34.24097115,-9.47875143
14.64282616,29.47999108,-9.26474711
-12.70568022,34.48654145,-9.52913163
13.84799949,29.96389570,-9.28560964
16.20539878,14.08634604,-8.45258240
-18.57631877,14.16174326,-9.76138387
12.58393912,30.62971600,-9.35656139
-11.00965614,34.75250659,-9.68899742
-19.70484652,14.49376600,-10.17038604
16.72491703,14.45911456,-8.65179867
-9.25428140,35.00511885,-9.88635403
11.29955988,31.35400668,-9.45425923
17.23804735,14.83270207,-8.84903595
-20.75833569,14.84078448,-10.52892258
-7.46203089,35.14862326,-10.04517950
9.98236055,32.04073627,-9.58233118
-21.65811991,15.43422112,-10.76349657
17.66229779,15.34047839,-9.05488020
18.08650726,15.85728161,-9.23722631
-22.48999957,16.36563109,-10.91634563
18.35929427,16.70322510,-9.42992102
-22.97338759,18.18378277,-10.88996354
-5.70362997,35.33699227,-10.14945519
8.67077863,32.84133872,-9.76483585
-3.90779891,35.33946867,-10.20279789
7.28678140,33.48813393,-9.95257830
-2.03885728,35.36650873,-10.24539807
5.72130302,34.17465570,-10.12272393
18.63490498,17.55248134,-9.57495382
-23.02679877,20.52696615,-10.78298771
1.91588212,34.98268291,-10.24456357
3.89035653,34.59363012,-10.20777424
-0.06993158,35.15873966,-10.24513602
18.66294953,18.39565643,-9.66942742
-22.52033092,22.61115975,-10.65717887
18.68782005,19.23653749,-9.73054558
-21.95966384,24.50260572,-10.57992519
18.59921382,20.15544852,-9.75681058
-21.26378829,26.17807336,-10.49138871
18.49957288,21.09370219,-9.74295787
-20.62712905,27.60364007,-10.41029249
18.36270038,22.05120493,-9.70342777
-20.01519988,28.81088059,-10.32343894
18.21539516,23.04051862,-9.66820324
-19.45315036,29.87781991,-10.25131965
-18.89626862,30.88479476,-10.20519212
18.03651812,24.10938879,-9.65656588
-18.38455868,31.81087246,-10.21578820
17.84022702,25.20301229,-9.69111915
-17.68872514,32.60621022,-10.22638268
17.44542777,26.21664540,-9.77241623
-17.02454382,33.35493776,-10.30467029
17.02658926,27.25514860,-9.87393121
16.37919960,27.95622020,-9.95947885
-16.13468401,33.81980750,-10.31877101
-15.23283162,34.26788022,-10.37889491
15.71727291,28.68779843,-10.03484590
-14.21156095,34.53760226,-10.41074360
14.96296316,29.20076341,-10.09740550
-13.14435346,34.79405322,-10.48209111
14.18934809,29.72785412,-10.16024560
-11.32819485,35.07744478,-10.66656075
12.93051744,30.47920900,-10.28290804
-9.45579284,35.34010971,-10.87489692
11.66441254,31.27672099,-10.41560355
-7.63584285,35.54513502,-11.04745198
10.40465030,32.02494699,-10.57121982
-5.89991426,35.83975878,-11.17946529
9.20826259,32.88324751,-10.78642107
7.96739890,33.61207990,-11.01694028
-4.09762359,35.97182253,-11.27768080
-2.13342111,36.08160685,-11.38702915
6.46228177,34.42979227,-11.25858173
2.25469376,35.57887274,-11.45463952
0.02259492,35.86531866,-11.43502532
4.50395622,35.02399980,-11.40501238
6.69658948,14.25147337,0.68954876
8.17262914,14.25777843,0.72770214
9.25651348,14.35930073,0.68970433
-5.65378851,14.17148711,0.55909641
-7.55879921,14.50339637,0.79499746
-8.94119244,14.93997742,0.94336910
10.22818132,14.43200262,0.62083175
-10.12463722,15.33707621,1.00837761
-11.16468564,15.68441560,0.98226127
11.12546889,14.51413933,0.52282807
-3.58254344,13.88662978,0.37028183
4.93967409,14.10648804,0.56992528
11.98494894,14.63139933,0.39161568
-12.14704674,15.99311225,0.89388739
12.78371076,14.98168508,0.21690150
-13.03476885,16.45746561,0.74001552
-1.43273857,13.72853599,0.28772502
2.91728112,13.88773781,0.41527954
-13.98722999,16.94433959,0.52166227
13.60076710,15.36656906,0.00937909
0.75391606,13.71341582,0.30447747
14.45238271,15.79130674,-0.23464503
-15.01663400,17.49987749,0.22442331
-16.13401993,18.13830181,-0.14232485
15.34882845,16.26051673,-0.51794973
-16.85526191,18.74059470,-0.46010638
15.95400233,16.72327982,-0.73700382
16.58305023,17.18959777,-0.95977366
-17.50837915,19.33369328,-0.81916761
-18.05761849,19.84780297,-1.16851750
17.23553228,17.65559785,-1.17741006
17.90858685,18.12035481,-1.38452754
-18.51923960,20.24093966,-1.45905530
-18.44859106,21.03824016,-1.67263758
18.13447266,19.05949225,-1.56060086
18.36162017,20.01575876,-1.72745936
-18.33922516,21.81251440,-1.85501406
-18.21369892,22.60131473,-2.02818476
18.59056444,20.99382869,-1.87950649
18.82081476,21.99471888,-2.01489485
-18.09855767,23.43592634,-2.21268316
-17.46831827,24.51750118,-2.27543291
18.40330064,23.15979125,-2.05077619
-0.92788871,33.24870148,1.08253854
-3.11270386,33.42078915,0.58359527
1.48042414,32.88154285,1.33881549
3.61963059,32.55706609,1.30752998
-4.77714113,33.57203707,0.04504083
-11.30806964,32.96953103,-1.60779194
-12.05018518,32.67702403,-1.76214165
-10.30031030,33.17352627,-1.41999701
12.02639323,31.21415559,-0.48767366
12.95263554,31.19431273,-0.92132996
13.53194937,31.08015423,-1.23087538
-9.27692610,33.36986842,-1.22872373
10.83111347,31.31355381,0.00236673
5.54642695,32.24967658,1.13866575
-6.09486942,33.68501696,-0.42438509
-8.25031070,33.57271832,-1.03269628
9.26077003,31.56823054,0.48300787
-7.21745923,33.79962496,-0.81598806
7.44771443,32.03116040,0.86458942
17.98553764,24.39242815,-2.06281392
-16.87108326,25.65099709,-2.33749217
-12.77872499,32.36756645,-1.92049403
14.10155662,30.95875354,-1.49401624
14.70665732,30.80494429,-1.72181756
-13.50162033,32.03815598,-2.08752517
-14.23272942,31.68734012,-2.27170993
15.38752391,30.59160808,-1.92649368
17.53214513,25.68014079,-2.07781503
-16.31995933,26.82787202,-2.40043062
-14.60037773,30.81666635,-2.31081590
15.67091176,29.81884237,-1.98992004
-14.98126794,29.91194406,-2.35666011
16.05283557,28.96672699,-2.03500642
-15.82034360,28.02669257,-2.46380631
17.02689657,26.97901315,-2.11542114
16.52042430,28.01502269,-2.07312119
-15.38489192,28.97923301,-2.40802453
-2.74035201,10.56045031,-8.22053356
-1.45707240,10.74361008,-8.33983930
6.73161069,11.11847688,-7.91087262
5.17991238,10.97820508,-8.14878766
3.36910333,10.91046608,-8.37551908
-0.08991762,10.86189422,-8.44220330
1.51012101,10.88962796,-8.48135986
8.08646729,11.27079136,-7.75690382
-4.06033971,10.35162228,-8.11916813
9.22954133,11.57906375,-7.69137664
-5.33039476,10.33106935,-8.03739674
10.31415442,11.86394034,-7.70049907
-6.74828880,10.41373799,-8.04930401
-8.33847200,10.68961088,-8.16928159
11.35717537,12.11948494,-7.76681698
12.37016960,12.35249212,-7.88051585
-10.03508697,11.21817905,-8.36255850
-11.83184196,12.02523291,-8.65952766
13.35848446,12.73907976,-8.06950431
14.32051638,13.13531439,-8.30005015
-13.96117200,12.92692887,-9.09813197
15.25943399,13.54146557,-8.55945210
-16.31258927,13.73126700,-9.47675082
-18.52489028,14.25338602,-10.06727817
16.18169323,13.96458570,-8.84165382
16.66384097,14.39089111,-9.05009159
-19.62483005,14.58276354,-10.46337182
17.14593119,14.82652097,-9.25173362
-20.66305559,14.94976808,-10.79725478
-21.64231027,15.48826101,-11.05801052
17.63042127,15.27993813,-9.43833581
-22.51749107,16.37291742,-11.24154713
18.11876952,15.75577523,-9.60100662
-22.90381486,17.98194515,-11.19533146
18.29367317,16.61721451,-9.77617932
18.46910371,17.47374166,-9.91763047
-22.94058076,20.09978371,-11.02732059
18.63857388,18.32638386,-10.02357189
-22.55437977,22.44663368,-10.87541313
18.79520377,19.17771669,-10.09094697
-22.07701596,24.55371758,-10.80870449
-21.35612888,26.26742617,-10.71803916
18.71162488,20.08645933,-10.12777979
18.61313555,21.00681291,-10.12148887
-20.69801500,27.71437492,-10.64330054
-20.10521730,28.94252917,-10.57546203
18.49666428,21.95011420,-10.08228937
-19.56470258,30.00640382,-10.52334349
18.36413654,22.92224673,-10.03597173
-18.89059919,30.96001958,-10.46051831
18.09416414,23.92238714,-10.01037743
-18.26347469,31.83468021,-10.45542439
17.80580346,24.95509108,-10.02623690
-17.67029746,32.64022488,-10.51834798
17.49362681,26.01727060,-10.08874715
-17.09036062,33.37839430,-10.64785463
17.15642547,27.10784247,-10.18393275
-16.16980006,33.75923871,-10.64885825
16.48743749,27.69990051,-10.27128747
-15.21813166,34.11979256,-10.69375777
15.80484631,28.33658156,-10.35828735
-14.22681188,34.46898898,-10.77593089
15.10060154,28.99767801,-10.43781541
-13.19130016,34.80827377,-10.88934546
14.37288453,29.66540141,-10.51300481
-11.31504216,35.04105041,-11.06032092
13.11168614,30.38786097,-10.65077110
-9.41880684,35.26298726,-11.24980005
11.83401864,31.15386511,-10.78150230
-7.65017699,35.56103832,-11.42322763
10.59043920,31.98594099,-10.92461594
-5.95449440,35.94305506,-11.56753243
9.43067785,32.91371001,-11.14496947
8.19572319,33.52029719,-11.38414057
-4.12729444,35.99365492,-11.67802758
-2.08443223,35.97858978,-11.79622583
6.66418463,34.21501516,-11.64034867
0.09834202,35.84678319,-11.86359377
4.66711747,34.93398809,-11.82154087
2.35590402,35.62528945,-11.89037338
