1.15635604,13.77654084,2.72038687
0.14546969,13.93505919,2.74392403
1.15964861,13.70371987,2.98179154
0.14330064,13.86182530,2.99613903
-0.89521185,14.08857034,2.75090598
-0.90330109,14.01598099,2.99672653
-1.97384662,14.22766056,2.74679563
-1.98760077,14.15737204,2.98897382
-3.09853707,14.33315697,2.74235540
-3.11726431,14.26822054,2.98243911
-3.32166121,33.70588314,0.81600260
-2.24697092,33.67211969,0.86068752
-3.34527531,33.75952956,1.01061212
-2.26664947,33.72339482,1.05478304
-1.16718899,33.67389908,0.90334890
-1.18370922,33.72399615,1.09561044
-0.07482374,33.69954970,0.94073117
-0.08831833,33.74979150,1.13028515
1.03190290,33.73597102,0.97124785
1.02215835,33.78728550,1.15730955
-4.05463767,14.54284434,2.68827191
-4.07759981,14.48578755,2.93531849
-5.03796101,14.70191987,2.64294462
-5.06457274,14.65477266,2.89610239
-6.05561251,14.81295369,2.60674426
-6.08548199,14.77709557,2.86354505
-7.11544832,14.88650848,2.57509594
-7.14798936,14.86232619,2.83211248
-7.24114345,32.48382811,0.85490881
-6.21611478,32.80675906,0.82275285
-7.29928565,32.54016108,1.06760796
-6.26260044,32.85933054,1.03543222
-5.23997899,33.11678836,0.80345243
-5.27711705,33.16797880,1.01241470
-4.28331957,33.41491456,0.80039433
-4.31291467,33.46641349,1.00314297
-7.91159200,15.34006375,2.52288592
-7.94824023,15.32740312,2.79489195
-8.74039649,15.74824136,2.46610409
-8.78171498,15.74494571,2.75033109
-9.61742805,16.12773289,2.40653490
-9.66527297,16.13172829,2.69887388
-10.56335440,16.50292552,2.34541699
-10.61980573,16.51255417,2.64081645
-11.12154496,16.93151117,2.28805954
-11.18201493,16.94740387,2.58922924
-11.73357124,17.37666603,2.24612409
-11.79946478,17.39777560,2.54591245
-12.41829359,17.84848299,2.22268648
-12.49033053,17.87316771,2.51297655
-13.20117071,18.35216561,2.20874994
-13.27891838,18.37844816,2.48325818
-10.90073693,30.87646888,0.67168302
-9.79583444,31.25675150,0.75336667
-10.99985625,30.92698540,0.87065898
-9.88523356,31.30921910,0.96201747
-8.85321318,31.66392104,0.80041562
-8.93198138,31.71759680,1.01508468
-8.01424515,32.07674438,0.82911122
-8.08260524,32.13152009,1.04526830
-13.14028424,19.46367691,2.13329664
-13.24434373,19.48907431,2.40688634
-13.24072805,20.59977993,2.01674173
-13.36556989,20.62200260,2.28219530
-13.53851483,21.74209024,1.85976745
-13.67618363,21.76154890,2.11193448
-14.03719468,22.87276265,1.67683744
-14.18356939,22.89100413,1.91196761
-13.37126421,24.09382184,1.41479259
-13.50358455,24.11408666,1.64736619
-12.90501011,25.25187668,1.20457492
-13.02412230,25.27655283,1.42660320
-12.54703233,26.35667314,1.02915261
-12.65924243,26.38795378,1.23795686
-12.22113404,27.42176224,0.85517276
-12.33377506,27.46139460,1.05313866
-11.85338981,28.25150071,0.84427751
-11.96196473,28.29393591,1.03789313
-11.49235086,29.08652699,0.80292645
-11.59927410,29.13291474,0.99701105
-11.16090001,29.95187294,0.73601703
-11.26602788,30.00159200,0.93368055
1.15575534,13.84369533,2.42885187
0.14791640,14.00379844,2.46219497
-0.88855886,14.15769880,2.47693925
-1.96288533,14.29453679,2.47805182
-3.08374624,14.39438383,2.47679399
-3.28874525,33.65398240,0.61232103
-2.21880670,33.61935235,0.65830739
-1.14409025,33.61973545,0.70304598
-0.05730241,33.64344328,0.74313211
1.04304986,33.67756099,0.77677917
-4.03677822,14.59524827,2.41305746
-5.01762138,14.74321979,2.35945735
-6.03311405,14.84185361,2.31840588
-7.09093139,14.90288732,2.28718993
-7.17621198,32.43320572,0.62796347
-6.16079471,32.75915683,0.59660484
-5.19272133,33.06978903,0.58248832
-4.24353388,33.36634505,0.58725235
-7.88416534,15.34378412,2.21516192
-8.70820410,15.74227741,2.14263219
-9.57837093,16.11502749,2.07328067
-10.51439046,16.48589617,2.01029205
-11.06702024,16.90956217,1.94546207
-11.67227799,17.35085902,1.90556286
-12.34974953,17.82011705,1.89513444
-13.12623399,18.32306429,1.90318561
-10.79790275,30.82694564,0.46063980
-9.70162887,31.20627079,0.53035003
-8.76831799,31.61350208,0.56993166
-7.93938827,32.02675833,0.59744747
-13.03794836,19.43645423,1.82520319
-13.11756178,20.57680001,1.71976125
-13.40383394,21.72273554,1.58212717
-13.89531468,22.85458406,1.42345409
-13.24382151,24.07361009,1.16494525
-12.79018256,25.22668449,0.96900732
-12.43800239,26.32470605,0.81043310
-12.11004866,27.38142709,0.64944182
-11.74504794,28.20834791,0.64388192
-11.38397008,29.03952312,0.60104081
-11.05261880,29.90152682,0.52827446
2.15286876,13.49894765,2.98441243
2.14525679,13.56962419,2.71691782
3.13250380,13.30761095,2.97631587
3.12252858,13.37612547,2.70262008
4.11310481,13.12721069,2.95713120
4.10316679,13.19158135,2.67873936
5.10986991,12.95624907,2.93089649
5.10205398,13.01209349,2.65158832
5.40956753,33.47110190,0.99794126
4.31465879,33.54631040,1.06132020
5.38124832,33.40971847,0.81325044
4.29989178,33.48788898,0.87229535
3.22016618,33.62342282,1.10709733
3.21652182,33.56814914,0.91776277
2.12415007,33.70324096,1.13833059
2.12863465,33.65046532,0.95031510
5.94446042,12.99470437,2.86647207
5.94115419,13.03913904,2.58224746
6.79787060,13.04879317,2.81242304
6.79870625,13.07831394,2.53110345
7.67130375,13.13327575,2.78423971
7.67329878,13.14609988,2.51369505
8.56716680,13.27045166,2.79203649
8.56491912,13.26790347,2.53776537
9.17654374,32.09672201,0.85743581
8.19681329,32.48792600,0.84066194
9.08372921,32.01462858,0.69739168
8.11941960,32.41177308,0.66706339
7.26815310,32.84176861,0.87223836
7.20707491,32.77128427,0.68879886
6.34723099,33.16432220,0.93215120
6.30285405,33.09882774,0.74468062
9.21188449,13.99372862,2.83880576
9.19865405,13.98742269,2.58691909
9.89910508,14.77210992,2.90365022
9.86655609,14.77049393,2.65504446
10.66945547,15.59706813,2.98173475
10.61204292,15.60667249,2.73511303
11.55781385,16.45274999,3.05810210
11.47444422,16.47596762,2.81212824
12.12940802,17.25254753,3.08422676
12.03411574,17.28206455,2.83304772
12.77757218,18.02132145,3.08158359
12.67384908,18.05361982,2.82862733
13.51225818,18.74639007,3.04146009
13.40463896,18.77948661,2.79269771
14.36157222,19.40258240,2.94113208
14.25593754,19.43419633,2.70374502
12.85606203,30.27262850,1.15842050
11.76636613,30.74475217,1.04967624
12.73807247,30.18447575,1.00905881
11.65064955,30.65350856,0.90399412
10.79310251,31.21411164,0.94744835
10.68255851,31.12345956,0.80073685
9.93478668,31.66648700,0.87857013
9.83179927,31.57938388,0.72592256
14.57938586,20.66050384,2.79506038
14.46878728,20.68896707,2.54601651
14.97315860,21.79772554,2.58241502
14.85973409,21.81709380,2.32929798
15.49285175,22.81977385,2.31656670
15.37539264,22.82635950,2.07397307
16.10199056,23.73843223,2.01514181
15.98101022,23.73175413,1.79657371
15.61258230,24.73802720,1.97450759
15.48095062,24.70903518,1.72879473
15.21562541,25.64809316,1.93158527
15.07378260,25.59631240,1.67005658
14.84970380,26.52333800,1.84936440
14.70101539,26.45009030,1.58667306
14.47226239,27.38537269,1.69766415
14.31998834,27.29462646,1.44888585
14.10700601,28.12295930,1.67626738
13.96228922,28.02866268,1.45055822
13.70276848,28.84913469,1.55765858
13.56654250,28.75467449,1.35810084
13.27543832,29.56143529,1.37275036
13.14769553,29.46891978,1.19933929
2.14341769,13.63358754,2.42005732
3.12204348,13.43671782,2.40076193
4.10674514,13.24675454,2.37377640
5.11148560,13.05850880,2.34773337
5.34834315,33.34322173,0.62294818
4.28029982,33.42104040,0.67535196
3.20943109,33.50292221,0.71933392
2.13199914,33.58855233,0.75342995
5.95916368,13.07385313,2.27375364
6.82374233,13.09822436,2.22794959
7.70072895,13.15004568,2.22499769
8.58786074,13.25695305,2.26945924
8.99014028,31.93075293,0.53648902
8.04045485,32.33369768,0.49217938
7.14322812,32.69810064,0.50318978
6.25454947,33.02969574,0.55348708
9.21220484,13.97175384,2.32264468
9.86034809,14.75881317,2.39514723
10.57926778,15.60617131,2.47666953
11.41287936,16.48999883,2.55218790
11.95834297,17.30356682,2.56410870
12.58760686,18.07944084,2.55484754
13.31292333,18.80710087,2.52296805
14.16582257,19.46043359,2.44985610
12.62083901,30.09470648,0.85960898
11.53513539,30.55956533,0.75841433
10.57177362,31.03024999,0.65353032
9.72870777,31.49020507,0.57257411
14.37338278,20.71204635,2.27704524
14.76088349,21.83009284,2.05867458
15.27247374,22.82603899,1.81901607
15.87430657,23.71973491,1.57070193
15.36096722,24.67552370,1.47251586
14.93922272,25.53986777,1.39507822
14.55500617,26.37184928,1.31005157
14.16841401,27.19927210,1.18919047
13.81436558,27.92730247,1.21551904
13.42697756,28.65328124,1.15282673
13.01844664,29.37148350,1.02364230
1.12825776,13.20584384,-8.43351950
0.08104784,13.18299023,-8.46032465
1.11783898,13.32457647,-8.20178500
0.07521449,13.30677445,-8.22917330
-1.00797081,13.15254104,-8.47966885
-1.00794093,13.28054573,-8.25042289
-2.13984923,13.11166756,-8.50609396
-2.13405686,13.23904216,-8.27912801
-3.31374406,13.05525572,-8.52737315
-3.30358194,13.17638044,-8.30269699
2.13603487,13.41159846,-8.16070520
2.15006723,13.29505854,-8.39687101
3.12170151,13.51089532,-8.10967416
3.13940364,13.39604437,-8.35032032
4.08226447,13.63325820,-8.05781856
4.10386425,13.52430429,-8.30190153
5.01930272,13.77896944,-8.01299217
5.04397443,13.68037515,-8.26008095
1.84548697,33.46864708,-11.96657681
0.76516366,33.38658402,-11.95135525
1.83016033,33.47275551,-11.72901889
0.75105536,33.38449906,-11.70456520
-0.34109596,33.45286698,-11.94017145
-0.35225373,33.44788707,-11.69085288
-1.50137733,33.61229574,-11.93054395
-1.50942566,33.61530653,-11.68925157
-2.75964650,33.85881404,-11.98204015
-2.76020454,33.86999955,-11.75436911
2.91347197,33.17023960,-11.56748967
2.92811687,33.17366952,-11.81163780
3.97672438,32.98145973,-11.39062406
3.99136342,32.98544466,-11.63532721
5.03453255,32.86315540,-11.22962052
5.04919648,32.85509319,-11.46435382
6.11117933,32.80887447,-11.11349029
6.12838599,32.78866769,-11.33370245
-4.32180361,13.20421598,-8.55580151
-4.30994109,13.31809845,-8.32125009
-5.32034270,13.36856725,-8.60337612
-5.31012878,13.46704736,-8.36161018
-6.29833673,13.56137686,-8.67832520
-6.29272943,13.63971570,-8.42855674
-7.27571305,13.77634459,-8.77126804
-7.27026273,13.83839020,-8.51408147
5.83241168,14.20371606,-7.99781113
5.86058317,14.11079302,-8.26295970
6.59849547,14.68281096,-8.02953291
6.62996300,14.59948264,-8.31049574
7.32776813,15.20410887,-8.13420063
7.36244867,15.13371700,-8.42514516
8.05266916,15.73331915,-8.28671690
8.09399460,15.67088421,-8.57379644
-4.00025850,33.65342866,-11.88981333
-3.98583812,33.65966363,-11.66295148
-5.31603284,33.42207408,-11.84223841
-5.28218072,33.43173849,-11.61990041
-6.67787482,33.13069871,-11.80624777
-6.62941840,33.14710691,-11.59085676
-8.07883882,32.73060352,-11.77268297
-8.00691705,32.75148710,-11.56449786
7.02174238,32.22917344,-10.91666801
7.05300706,32.21068748,-11.13283077
7.88591336,31.64488340,-10.74679913
7.93666916,31.62463540,-10.95945212
8.74668473,31.07133311,-10.55068729
8.81662398,31.05149063,-10.75803798
9.68425347,30.50975553,-10.33339732
9.78494194,30.49885434,-10.53061976
-8.18935279,14.17147989,-8.89657822
-8.17532046,14.22762488,-8.62774903
-9.08072528,14.61628032,-9.06002130
-9.05354656,14.66922541,-8.78385365
-9.99038467,15.10057960,-9.25138184
-9.94936949,15.14456852,-8.97706542
-10.91589296,15.63223875,-9.45817212
-10.86234129,15.66271791,-9.19275417
8.74829547,16.46284698,-8.48467168
8.80522131,16.39356220,-8.75591275
9.47153172,17.18257687,-8.68102526
9.54534958,17.10766092,-8.92624922
10.28138788,17.85413439,-8.84696450
10.36846852,17.78100131,-9.06654968
11.20431888,18.47455645,-8.95550884
11.29850689,18.40854572,-9.15721017
-11.03917440,30.36343562,-11.59760726
-10.18131376,30.95926600,-11.57635794
-10.99471308,30.33447928,-11.37437888
-10.12181859,30.94081563,-11.34738518
-9.44736660,31.56365775,-11.60851669
-9.37518008,31.55640527,-11.38181851
-8.75843034,32.15751139,-11.67674590
-8.68119619,32.16835257,-11.45843078
12.26861635,28.39477677,-9.80117862
11.33451823,28.80323233,-9.88357250
12.33944246,28.44856428,-10.00268447
11.43774150,28.85259724,-10.09152766
10.63935085,29.30485195,-10.00257696
10.76011928,29.34098286,-10.21177793
10.10633741,29.88032755,-10.15612368
10.22488824,29.89098999,-10.36056790
-11.29241099,16.13316002,-9.63328456
-11.23349845,16.15356524,-9.36911427
-11.72038425,16.62201000,-9.82733620
-11.66033491,16.62992165,-9.57019125
-12.16024967,17.11054536,-10.03636434
-12.10120239,17.10355517,-9.79295780
-12.70597313,17.62169331,-10.25735203
-12.64093078,17.59848588,-10.02969684
11.66560848,19.00381859,-9.00924307
11.75739250,18.94432859,-9.20781394
12.21424016,19.47164629,-9.04479483
12.29711635,19.42202694,-9.24229354
12.80906658,19.88815371,-9.07409676
12.88076649,19.85149346,-9.27089713
13.53094230,20.26581357,-9.09018913
13.60092396,20.24218503,-9.28731532
-12.56953448,18.49413401,-10.45858754
-12.47409972,18.46393482,-10.22925201
-12.53528773,19.39399683,-10.67504178
-12.42076463,19.35568307,-10.44799843
-12.50761798,20.35376359,-10.90437158
-12.38634125,20.30855546,-10.68217540
-12.57719507,21.35644668,-11.11636058
-12.44917375,21.30625602,-10.89899044
13.60830086,21.01450655,-9.11559533
13.70047386,20.98952384,-9.32554699
13.79322366,21.67560376,-9.15560709
13.89612153,21.65325419,-9.37920748
13.96526045,22.29131769,-9.22701931
14.06948140,22.27667536,-9.45635160
14.18885358,22.87590933,-9.29841498
14.29381274,22.87195483,-9.52614124
-12.29646586,22.47651432,-11.25191643
-12.16916946,22.41778681,-11.02908943
-12.09612584,23.69265921,-11.35573738
-11.97594372,23.61746373,-11.12988768
-12.00902465,24.83633998,-11.43413411
-11.89471940,24.75899207,-11.21230971
-11.93235836,26.08088174,-11.47273936
-11.83144597,25.97406476,-11.25861976
13.99366438,23.49838686,-9.35170527
14.09756321,23.51025007,-9.58439129
13.79141659,24.12225026,-9.39997120
13.89072398,24.15648552,-9.63528961
13.63485185,24.70701845,-9.45443570
13.73379936,24.75523420,-9.68511494
13.46463858,25.35380177,-9.50220653
13.55407878,25.43372608,-9.72469069
-11.62788963,27.16336745,-11.43327679
-11.53842540,27.06461937,-11.21702537
-11.35441760,28.20432698,-11.41006025
-11.27254368,28.13175594,-11.18343405
-11.15106281,29.23897681,-11.46127865
-11.08466740,29.18774670,-11.22812902
13.04952459,25.97804227,-9.54419978
13.13926001,26.06821091,-9.76336056
12.68040666,26.66393280,-9.60418545
12.77167368,26.74860323,-9.81969144
12.40465933,27.44340860,-9.68674074
12.48902059,27.51704527,-9.89799281
6.10113971,32.84024749,-10.91153381
6.99212170,32.25609981,-10.71473957
7.83807339,31.67821549,-10.54476887
8.67539909,31.09967132,-10.35702197
9.58188380,30.53048190,-10.13751773
4.99469051,13.90457657,-7.77804314
5.79835145,14.32362413,-7.74862259
6.55864318,14.79124258,-7.76547272
7.28523240,15.29861710,-7.84561550
7.99794505,15.82900419,-7.99452676
12.20167657,28.33885919,-9.61184847
11.23549319,28.75029605,-9.68269765
10.51444472,29.27707587,-9.80103635
9.98351769,29.88026572,-9.95895336
11.09353822,18.55784944,-8.75657578
11.56488506,19.07044173,-8.80441813
12.10103112,19.52995391,-8.84136635
12.70932351,19.93770158,-8.87145812
13.39533080,20.29918078,-8.89805305
13.48844938,21.04822062,-8.90241717
13.63773999,21.71177121,-8.92468581
13.83331058,22.31680038,-8.97571424
14.06713800,22.88681617,-9.05458981
-12.51971180,17.58382304,-9.81059957
-12.35485289,18.44855921,-10.00813915
-12.26126179,19.33924754,-10.22582558
-12.24399164,20.28280510,-10.45605778
-12.31109895,21.27259845,-10.68379350
13.87172517,23.49873632,-9.10028608
13.68928242,24.08353494,-9.15440634
13.52756566,24.66390824,-9.21544992
13.39210946,25.26334491,-9.28106865
-12.03238561,22.38468745,-10.80448105
-11.86186769,23.53245736,-10.90617387
-11.78081049,24.69282267,-10.99345412
-11.75256490,25.83658752,-11.05685025
12.98195548,25.88590957,-9.33357766
12.61743068,26.57525304,-9.40064539
12.33582623,27.37392879,-9.48434170
-11.47337786,26.95775332,-11.02042453
-11.21732294,28.04170460,-10.97568838
-11.02809419,29.13609594,-11.00110444
-10.95147094,30.29818241,-11.15904889
1.81978532,33.49025647,-11.50184215
2.90466771,33.17729769,-11.32814191
3.96852041,32.98252218,-11.16418105
5.02684406,32.87682304,-11.02131403
1.11478891,13.46728310,-7.97333732
2.12771859,13.55332624,-7.92887898
3.10811865,13.65325854,-7.87441834
4.06230680,13.77032030,-7.81929064
0.07835580,13.45277970,-8.00171313
-0.99685719,13.42970344,-8.02772277
-2.11643536,13.38775455,-8.05442746
-3.28145956,13.31591859,-8.08484090
0.74153623,33.38869943,-11.46793871
-0.35933863,33.43835074,-11.45055051
-1.51564635,33.61171215,-11.46423303
-2.76166421,33.87856376,-11.54003612
-3.96690456,33.65871321,-11.44533157
-5.24530358,33.43653291,-11.40351419
-6.57268273,33.15746362,-11.38419470
-7.92991008,32.77056727,-11.35824017
-4.27963945,13.44856056,-8.09795032
-5.27998160,13.58233001,-8.12857338
-6.27178297,13.73361397,-8.17932428
-7.24481973,13.92134378,-8.25692197
8.67044670,16.56604728,-8.20357426
9.38461390,17.28115902,-8.42122714
10.17832805,17.95193158,-8.61082046
-8.13555629,14.30327094,-8.36751229
-9.01584463,14.73292098,-8.51161329
-9.89574351,15.20367397,-8.69943896
-10.79411398,15.70514744,-8.95097216
-11.17298853,16.17928273,-9.11708673
-11.57621544,16.64600557,-9.32044031
-12.01979255,17.11055215,-9.55600243
-10.06474130,30.91245368,-11.12264780
-9.29547512,31.55129171,-11.15992416
-8.59534982,32.17833267,-11.24586262
2.29545864,33.63997729,-1.81579698
1.27587927,33.70707380,-1.87038358
2.19444671,33.37372019,-0.67215250
1.15876815,33.43049787,-0.67967542
0.12324774,33.47883730,-0.72806328
0.25608008,33.77729100,-1.90280470
-0.91061861,33.57593616,-0.78236870
-0.76545638,33.93334167,-1.92999644
3.32421254,33.63883748,-1.74228283
3.23291763,33.35553501,-0.65861702
4.32146175,33.54709398,-1.73658426
4.23296449,33.24163814,-0.67888396
-1.92246666,33.57357187,-0.87272550
-1.77258775,34.02104484,-2.02793322
5.31212791,33.46422649,-1.71087755
5.22757476,33.14085284,-0.68106878
-2.94409384,33.61285042,-0.95939658
-2.81025109,34.17731810,-2.11956343
6.18261554,33.14765044,-1.68848704
6.10872893,32.86399370,-0.70176700
-3.89703829,33.44210044,-1.04279263
-3.80698462,34.09201387,-2.18721044
-4.86797206,33.25336035,-1.10837175
-4.83997992,33.98652967,-2.24199553
7.02790789,32.76660552,-1.63847587
6.97223573,32.54326935,-0.68662140
7.82564929,32.24797022,-1.57971927
7.79884219,32.11296711,-0.64682772
-5.82905814,32.95411951,-1.16632476
-5.86373371,33.73718775,-2.30042746
-6.83116311,32.59040440,-1.19403539
-6.91642197,33.37328741,-2.34004541
8.65741310,31.64937951,-1.46794603
8.66815731,31.61569292,-0.54674796
-7.62652052,32.21963281,-1.21454771
-7.71295761,32.95544227,-2.37912563
9.34372128,31.12722726,-1.37082640
9.39624066,31.16205044,-0.44757975
10.14357246,30.60481527,-1.24534294
10.23683537,30.69933489,-0.31763049
-8.48768797,31.81482410,-1.20134598
-8.54253120,32.44257652,-2.39561093
10.95986454,29.96206438,-1.18138440
11.06613767,30.08790190,-0.23343626
-9.23676209,31.15589087,-1.21741238
-9.23731475,31.61483460,-2.43161234
-10.15785891,30.53959592,-1.18594473
-10.10315982,30.82737995,-2.41826671
11.96817519,29.41929308,-1.15064292
12.04973299,29.53045585,-0.16963892
12.54474378,28.73060362,-1.19657394
12.54460114,28.79398145,-0.18357016
-10.57419823,29.62460791,-1.08326824
-10.54200280,29.79490567,-2.30994313
-11.12288631,28.81161104,-0.97098344
-11.14804414,28.91697483,-2.18206501
13.21266701,28.12244298,-1.25858986
13.10106838,28.11663880,-0.23696159
13.72723512,27.51357639,-1.36234875
13.51078626,27.45107893,-0.29943490
-11.51835020,27.99587603,-0.86805423
-11.61243049,28.07840785,-2.14310703
-11.91660902,27.19437094,-0.85714488
-12.09527098,27.26586248,-2.19304993
14.25788987,26.90922543,-1.44230921
13.95159879,26.81847317,-0.37584169
-12.24023855,26.17961448,-0.83616409
-12.48047524,26.23738079,-2.21512126
14.74530265,26.12687116,-1.38804448
14.40091157,26.05775802,-0.34359397
-12.53451905,25.11649777,-0.88194018
-12.80108708,25.13738799,-2.28874331
15.22035795,25.29295734,-1.27522489
14.86412165,25.28165523,-0.26023548
-12.77592339,23.96769090,-0.89612161
-13.04886755,23.93484865,-2.34303118
15.63050918,24.37225081,-1.10592595
15.27043952,24.44169785,-0.09425003
16.06109642,23.37397191,-0.88227849
15.70018112,23.52224137,0.14479091
-13.12715122,22.74442358,-0.82723262
-13.38844220,22.65892066,-2.32709397
15.97821120,22.37870912,-0.75401201
15.54081304,22.58673644,0.29646431
-13.01883564,21.57380605,-0.86563046
-13.36033408,21.43780390,-2.34006159
-0.65015336,34.30876191,-2.89971264
0.38685182,34.10919552,-2.86783903
3.49844277,33.99343645,-2.65803638
2.45611472,33.96603289,-2.75116897
4.50522567,33.90429715,-2.61562396
-1.67280688,34.42638791,-2.98175516
1.42151986,34.03075739,-2.82360880
5.50083715,33.82673294,-2.56013719
-2.73237739,34.63331260,-3.05396114
15.91762922,21.32478728,-0.58306543
15.42978499,21.56884392,0.50370441
-13.14753166,20.36208054,-0.80513908
-13.50312783,20.17244232,-2.25494836
6.37497780,33.48325252,-2.51654742
-3.76042970,34.59891950,-3.11408938
7.21784620,33.06812113,-2.45500807
-4.83519264,34.55422029,-3.16141589
8.00264761,32.49298854,-2.38535524
-5.89959395,34.33532439,-3.20916352
-12.78526099,19.20891569,-0.77797274
-13.15247118,18.95360981,-2.12671803
15.17481017,20.31098232,-0.47539373
14.62637419,20.56846366,0.63055869
-6.99019793,33.97827617,-3.24569084
8.82080915,31.83706302,-2.27415534
-12.66823564,18.05530889,-0.63570784
-12.98070882,17.71905317,-1.91172909
14.51802876,19.23507369,-0.33595123
14.02063779,19.42813448,0.77704665
9.48685097,31.28246726,-2.18461075
-7.78251143,33.52656116,-3.28931896
-12.15518393,17.40894248,-0.61426258
-12.46153933,17.01382888,-1.81076829
13.73676263,18.55154802,-0.33230247
13.28734228,18.68721744,0.77438593
10.27583411,30.73765229,-2.07514537
-8.59349514,32.94686354,-3.32226385
-11.70489576,16.79760931,-0.53267759
-12.00241078,16.33617482,-1.68188357
13.09755909,17.78155317,-0.29529036
12.70133049,17.85240457,0.81859053
-9.24391314,31.99653041,-3.38161739
11.09736556,30.08460564,-2.02261094
-11.09338751,16.37314312,-0.48188910
-11.39213256,15.86274372,-1.60096029
12.47217213,17.09384562,-0.31119971
12.10321294,17.11531009,0.81723476
-10.51287863,15.99142245,-0.40075140
-10.81220656,15.43884922,-1.51213418
11.98474338,16.33562828,-0.33478856
11.61835953,16.32755957,0.81567191
4.59485779,13.33013935,-0.97927642
5.74024233,13.11820138,-0.99166415
4.38401077,13.34538029,0.22862457
5.48414209,13.15178266,0.21284037
6.73105710,12.95563448,-0.98216774
6.45731614,12.98457562,0.18716458
-3.04181401,14.57259652,0.50336810
-4.03750307,14.58492529,0.40631126
-3.10632986,14.46903506,-0.83691135
-4.13228894,14.39690087,-0.88795430
-1.93510798,14.48481425,0.51854268
-1.97522380,14.46027197,-0.81195187
-9.68715682,15.54231909,-0.28844765
-9.96264367,14.96434496,-1.39217103
11.40442207,15.26457416,-0.41795686
11.03873277,15.25525163,0.75077416
-0.87104056,14.32850235,0.51487574
-0.88957245,14.34462600,-0.80041416
3.45702099,13.53150199,-0.93383466
3.30187579,13.52868913,0.28763500
2.33812005,13.73801080,-0.88070575
2.24212041,13.70728328,0.36531991
0.16713580,14.12445107,0.48867153
0.17665431,14.16731665,-0.80962722
1.24602640,13.94445463,-0.83709934
1.20004317,13.89849840,0.43455287
-5.07867370,14.52726297,0.32387405
-5.20476217,14.23785324,-0.92829974
7.71063905,12.78888753,-0.91757636
7.42814858,12.80704578,0.23551957
-8.89388802,15.13271857,-0.14506437
-9.14089840,14.55415519,-1.26288645
10.89329360,14.24690327,-0.53285163
10.53381483,14.24913399,0.64832653
12.13400914,29.55084269,-2.00420862
-10.07521817,31.09247924,-3.39680145
8.63646269,12.86095998,-0.87581353
8.34194597,12.86765399,0.29093511
-6.08737052,14.58293575,0.19391627
-6.24735988,14.18905767,-1.02371428
10.24616123,13.55363053,-0.68254476
9.90796206,13.55693286,0.50799894
-8.00120034,14.86885232,-0.03797671
-8.22191213,14.32197254,-1.18612152
9.53444296,12.98684426,-0.78457395
9.22370305,12.98453444,0.40725056
-7.13120202,14.60026450,0.10784675
-7.31864272,14.10948037,-1.08670876
12.75780086,28.87625806,-2.05977488
-10.53209042,29.98352997,-3.34059857
-11.19808003,29.05901875,-3.25813916
13.46477371,28.27358131,-2.12280221
13.95765993,27.63663440,-2.20059738
-11.70808229,28.17854856,-3.23577906
-12.21637031,27.31408892,-3.27905466
14.43696056,26.98155687,-2.24651086
-12.62367735,26.23984527,-3.29513571
14.88988327,26.16627029,-2.17155113
-12.94332658,25.07602083,-3.33416687
15.33907592,25.29274471,-2.04382016
15.74128482,24.33002854,-1.87855420
-13.19331505,23.81165391,-3.34964058
-13.55075872,22.49295562,-3.31007824
16.19481678,23.29309678,-1.68920318
-13.54477681,21.24990723,-3.26266255
16.16718061,22.27689717,-1.58011263
16.17526014,21.21560827,-1.45084231
-13.68632602,19.97769395,-3.13692246
-0.49106528,34.59075684,-4.07987544
0.56946817,34.38009670,-4.02657348
4.77083729,34.24175788,-3.72694065
3.75205108,34.32252915,-3.79007362
-1.53258032,34.71187512,-4.15960779
2.68811828,34.26372301,-3.88382420
1.62810202,34.31609872,-3.96610826
5.77204519,34.17376132,-3.66095679
-2.61079432,34.93498174,-4.23244798
-13.31938699,18.75828078,-2.93937714
15.49854449,20.21472163,-1.33527447
-3.66366727,34.91942182,-4.27754433
6.64626447,33.80962741,-3.58502945
7.48029926,33.36453456,-3.50113054
-4.76775163,34.89687475,-4.31220887
8.23876723,32.72938380,-3.41348859
-5.85886282,34.68069467,-4.34667959
14.84887707,19.19176914,-1.18299215
-13.12091550,17.51591297,-2.68222753
-6.97880963,34.31395234,-4.37507980
9.02848966,32.00774033,-3.29953939
14.02032255,18.57280020,-1.14611970
-12.59401204,16.79564749,-2.53986891
-7.76238576,33.83773272,-4.41287639
9.65265253,31.41197537,-3.21948571
-12.13868092,16.09223174,-2.39080316
13.32043774,17.87959783,-1.09976476
-8.56042270,33.21972094,-4.45249746
10.40956921,30.83339463,-3.13698647
-11.53778405,15.60073798,-2.28807566
12.62532699,17.26894510,-1.10825125
12.07370646,16.58466868,-1.14074723
-10.97022695,15.15847871,-2.18970522
11.19387559,30.13935581,-3.09404291
-9.19267831,32.21177248,-4.50201952
-10.12126027,14.66437033,-2.06892066
11.41815454,15.57770154,-1.26212849
-9.29824856,14.24274025,-1.94945937
10.87169701,14.58107733,-1.42746694
4.63806509,13.37671583,-1.77090970
5.78612789,13.19553736,-1.82695737
-2.03837534,14.41613293,-1.56216360
-3.19431106,14.37497039,-1.58949430
-4.24517813,14.25676057,-1.63038768
6.77262888,13.08288680,-1.85504870
3.48891938,13.55649750,-1.68945435
-0.93143393,14.32861035,-1.54081598
7.73951347,12.97468633,-1.82734160
-5.33844254,14.04356465,-1.66084579
10.21777176,13.87259247,-1.59675651
-8.37481296,14.02423698,-1.86892280
0.15610198,14.17774247,-1.54217093
2.35309480,13.76354615,-1.61565548
8.64277287,13.09898699,-1.79520726
-6.39143355,13.94945246,-1.72831552
1.24360001,13.96792201,-1.56570958
9.51764553,13.27593496,-1.70765773
-7.46192445,13.83638226,-1.77645730
12.20541405,29.57437495,-3.09308808
-10.00184593,31.24113952,-4.53289637
-10.46519878,30.07706197,-4.50348783
12.79962595,28.85573363,-3.13863811
-11.15478474,29.09860333,-4.46639045
13.47530250,28.21241120,-3.19386227
13.89537881,27.52724189,-3.23747246
-11.66203155,28.15655215,-4.45859003
-12.14851341,27.21354710,-4.48905480
14.30634921,26.83070175,-3.24199752
-12.52244084,26.07988427,-4.47919311
14.70490253,26.01823968,-3.14160935
15.11022355,25.15445822,-2.99909827
-12.81020976,24.85238308,-4.45856102
15.48332734,24.21250964,-2.83305325
-13.04887236,23.54599495,-4.40236385
15.92835730,23.20759034,-2.67956817
-13.41174701,22.21479040,-4.31289083
-13.45558591,20.98324431,-4.20183641
15.95065124,22.24203370,-2.59781262
-13.62606221,19.73583663,-4.05411105
16.02535537,21.23950516,-2.53064026
-13.30407112,18.54878310,-3.81734514
15.45192007,20.29995757,-2.42746607
14.88407341,19.34956060,-2.29762992
-13.12285935,17.33703545,-3.56759352
14.06256085,18.80563557,-2.23690180
-12.62196320,16.62204530,-3.40367639
13.34224344,18.20402159,-2.18353758
-12.19370061,15.91188558,-3.25701352
12.59811211,17.68551781,-2.16574142
-11.62408122,15.41080845,-3.13622963
11.98433595,17.09685065,-2.18304037
-11.08609406,14.95446028,-3.03281616
11.23046651,16.18785383,-2.31110073
-10.25060570,14.44210205,-2.91562510
10.64928486,15.20325347,-2.52122660
-9.43611073,14.00826556,-2.81256302
-8.52216570,13.78832676,-2.73607103
10.01641498,14.42917814,-2.72955362
-2.14926082,14.31080597,-2.41077527
-3.33013007,14.22501107,-2.44847547
4.59619278,13.46893706,-2.68133634
5.73504797,13.32768619,-2.80768618
-4.40222604,14.07970640,-2.49227738
6.71311488,13.27665212,-2.90053684
-5.50616030,13.84230964,-2.53204203
7.66162378,13.24923519,-2.93922929
3.45044062,13.60870768,-2.54948425
-1.01929133,14.25481442,-2.37631662
8.52863812,13.46229430,-2.93958653
-6.55718116,13.72792990,-2.59814923
9.35638408,13.74618233,-2.87499178
-7.61066480,13.61025548,-2.65865644
0.09174909,14.14706960,-2.36514495
2.31168171,13.79501459,-2.44445433
1.19446506,13.97281591,-2.38340082
5.00835872,34.46481171,-4.74819058
3.97947623,34.55268054,-4.81655304
-1.43013889,34.89510978,-5.17389701
-0.36463558,34.78698109,-5.09829124
0.72295645,34.57874482,-5.03267124
2.89486369,34.48163933,-4.89441620
1.80865901,34.53206024,-4.97280594
-2.53152541,35.10578822,-5.25299049
6.01275471,34.38998764,-4.68319170
-3.61168311,35.07180887,-5.29197371
6.88375689,33.99882766,-4.58330966
7.70283343,33.51740691,-4.47880995
-4.74267737,35.02142707,-5.32685871
8.42181897,32.81352799,-4.35798564
-5.85435507,34.75579915,-5.34834282
-6.99433595,34.33235717,-5.36619332
9.16555868,32.01475435,-4.22297954
-7.76886974,33.82148683,-5.38934427
9.73489294,31.37095154,-4.13789088
-8.56496261,33.18119918,-5.41879998
10.44157579,30.74858362,-4.06865425
-9.20780633,32.17457124,-5.43656951
11.17109714,30.00804147,-4.03470592
-10.02049213,31.20009409,-5.46240075
12.14068917,29.40873021,-4.05858521
12.71111126,28.65929400,-4.09149251
-10.49299736,30.02383480,-5.42379284
-11.17379536,29.01047133,-5.41459372
13.37178583,27.99512403,-4.13701252
13.74221358,27.28672436,-4.14998167
-11.63599938,28.01574801,-5.41982567
14.10509556,26.57443434,-4.11994281
-12.06370135,27.00459310,-5.44089045
-12.37362269,25.83294157,-5.39669824
14.45467174,25.79019769,-3.99832301
14.81707312,24.96922828,-3.84839969
-12.61998929,24.57870567,-5.32274892
-12.84322085,23.27034483,-5.21699186
15.15110303,24.08724676,-3.69039036
-13.19973079,21.95937232,-5.10135105
15.55770355,23.15358646,-3.56647961
-13.29529222,20.76165890,-4.96493055
15.59847370,22.26707415,-3.50692853
-13.50346879,19.55797371,-4.83156720
15.69707496,21.34268336,-3.48932593
-13.25199770,18.41335745,-4.59704169
15.19313247,20.47538015,-3.41692345
14.70238801,19.58845705,-3.34881245
-13.11075858,17.24611733,-4.38731286
-12.64347152,16.54830713,-4.21587455
13.91734733,19.09886955,-3.29637286
13.21824676,18.55852057,-3.25410977
-12.24186192,15.84555449,-4.07722723
12.47220122,18.10611236,-3.22291081
-11.69973361,15.33972020,-3.95028436
-11.18770726,14.87021090,-3.85022808
11.84182313,17.58385618,-3.22062356
-10.36220320,14.33473559,-3.73259146
11.02646069,16.75270049,-3.29476459
-9.55239669,13.88199899,-3.64100338
10.40653083,15.79670820,-3.46247687
-8.64427983,13.64614437,-3.55649354
9.77668222,14.98139973,-3.62945929
9.13971672,14.23080103,-3.75544291
-7.73148214,13.46246581,-3.47993114
5.63350006,13.45087817,-3.58333461
6.59559168,13.48027697,-3.70441155
-3.46432582,14.04148369,-3.20402687
-4.54912014,13.89074275,-3.26505137
4.51271912,13.53618568,-3.42328054
-2.26646674,14.15709202,-3.14693137
7.52047376,13.54544520,-3.77936047
-5.65493166,13.65853635,-3.33060210
8.35234529,13.85009369,-3.79431988
-6.69786961,13.55392466,-3.40381006
3.37824079,13.62749465,-3.26515964
-1.11910667,14.12790170,-3.09641238
0.01123884,14.06419881,-3.07053880
2.24419576,13.78716469,-3.14364820
1.12495980,13.93107925,-3.08210588
4.19866147,34.75674737,-5.81663307
3.08737169,34.67801321,-5.86541694
-0.27998072,34.96007939,-6.05146803
0.84547216,34.75594235,-5.97786154
-1.38177852,35.04920173,-6.12455367
5.24180046,34.65257089,-5.75804985
1.96766789,34.72849051,-5.92914197
-2.52002705,35.23790066,-6.21604435
6.25231461,34.55936644,-5.70719982
-3.64027876,35.16758869,-6.25212378
7.11978666,34.12829334,-5.59033719
-4.80928963,35.06472379,-6.29261178
7.92098495,33.59684231,-5.46697937
8.59517783,32.81064896,-5.31689367
-5.94837503,34.72199549,-6.31284235
-7.11156632,34.21295706,-6.32884495
9.28678142,31.92362321,-5.16186126
-7.87958757,33.65673840,-6.34141142
9.80159099,31.23031925,-5.07458534
-8.67971231,32.99414946,-6.36003944
10.46276036,30.56826516,-5.02184422
11.14457406,29.79095068,-4.99232657
-9.33377316,32.00126042,-6.33550010
12.07903713,29.16667429,-5.03491102
-10.14764111,31.04349321,-6.34435622
-10.61611916,29.87390069,-6.29301002
12.62749936,28.38746901,-5.05490499
-11.26175440,28.83966853,-6.30974235
13.27210421,27.70244056,-5.08647253
13.59218890,26.97768799,-5.05612944
-11.64854651,27.80415345,-6.32090653
-11.99128838,26.73877597,-6.33067238
13.91388325,26.26599515,-4.98707131
14.22614451,25.52883558,-4.84953606
-12.22688656,25.55208316,-6.25776644
14.55626683,24.76972517,-4.70090836
-12.42865887,24.29909867,-6.14834221
14.85617206,23.96404818,-4.55878072
-12.63250206,23.01544214,-6.01635992
15.21531809,23.11351127,-4.46134116
-12.97218236,21.74498219,-5.89621419
15.25056775,22.30936249,-4.42604080
-13.10847237,20.59600960,-5.76217173
15.33559086,21.46599286,-4.44667216
-13.35334069,19.44992177,-5.65946085
14.86762579,20.67333536,-4.40984773
-13.19024622,18.35195282,-5.43463423
-13.11797248,17.23107462,-5.25791307
14.42710031,19.84939486,-4.40668528
-12.69563569,16.55115513,-5.08376578
13.68015003,19.40661932,-4.38994481
-12.32484233,15.86249388,-4.95045341
13.01188844,18.91656429,-4.37746574
12.28447588,18.51466892,-4.33438181
-11.80401628,15.35545737,-4.81112060
11.66177611,18.04189028,-4.29896605
-11.30955812,14.87585826,-4.70572226
10.81541720,17.27335477,-4.27110076
-10.48049835,14.31290793,-4.57535622
10.15004839,16.37470942,-4.30822290
-9.66261898,13.83321262,-4.48067841
-8.74929961,13.56568929,-4.38974076
9.50156222,15.56494519,-4.37091247
-7.82674607,13.35954799,-4.31241860
8.86853989,14.78490365,-4.43519338
-3.57515406,13.81600068,-3.97274132
-4.66649482,13.67753638,-4.05251979
5.50480477,13.60691693,-4.24522700
6.43930621,13.74130828,-4.35026132
-2.36911217,13.94647405,-3.89873451
4.41374258,13.60310492,-4.10546717
-6.80664394,13.40188922,-4.22490391
8.12149285,14.31536469,-4.44439664
7.32841811,13.91789776,-4.42381749
-5.77032205,13.47416992,-4.14310963
-1.21137804,13.93715614,-3.83793491
3.29781506,13.61631399,-3.96618594
-0.06605140,13.91639213,-3.79420276
2.17371753,13.72791346,-3.84948112
1.05572352,13.82789722,-3.79395133
0.93014302,34.78847174,-6.94751370
2.09349185,34.78769927,-6.91836252
3.24906213,34.74590263,-6.88132833
-0.24029665,34.97803462,-7.02753719
4.38709973,34.83600638,-6.87751402
-1.38521919,35.04023613,-7.09922512
5.44126356,34.71800500,-6.84237737
6.45185655,34.60148956,-6.81706426
-2.56720570,35.19537452,-7.20712188
7.31045737,34.13130676,-6.70221046
-3.73320858,35.08679700,-7.25511956
-4.94485481,34.92901992,-7.31606735
8.08558177,33.54578171,-6.57390891
8.70464772,32.67330490,-6.39992210
-6.11442616,34.51212280,-7.34156727
9.33820410,31.69887132,-6.22909573
-7.30248098,33.92494172,-7.35549258
9.79936727,30.96380372,-6.13956717
-8.06313586,33.33877045,-7.35038587
10.41766212,30.27308220,-6.10238017
-8.86322817,32.67318160,-7.35126625
-9.51501756,31.71226882,-7.29414591
11.05086925,29.46424519,-6.08142234
-10.30918530,30.79195492,-7.29668481
11.94395202,28.81678467,-6.13775867
12.46826812,28.00844469,-6.13576496
-10.73958491,29.64427609,-7.24568403
-11.30644730,28.60137473,-7.29919872
13.09928519,27.31079350,-6.13999478
13.38427069,26.59068739,-6.05566414
-11.58210083,27.53838532,-7.32292623
-11.81955413,26.43588524,-7.33126199
13.68436757,25.90654192,-5.94739535
13.97282180,25.23454526,-5.81205597
-11.97994554,25.25516956,-7.25796321
14.27891810,24.55344719,-5.68218905
-12.14046170,24.02484251,-7.14611793
14.54858722,23.83981114,-5.55827912
-12.32723931,22.78659148,-7.00547492
-12.64526300,21.57486894,-6.88777472
14.85145015,23.08487039,-5.48082464
14.85927943,22.36908375,-5.47648485
-12.81027537,20.49347015,-6.76493884
-13.08410864,19.43295562,-6.67975224
14.89406681,21.61568205,-5.52904004
14.43013715,20.90460950,-5.52462144
-13.01743894,18.41120625,-6.43573069
13.99992964,20.15711484,-5.56371844
-13.02906184,17.37063050,-6.25181289
-12.66540048,16.72578937,-6.06761137
13.27631741,19.76631106,-5.58950010
12.63084459,19.32949633,-5.60451356
-12.33368644,16.07307469,-5.92821760
11.93559996,18.97228922,-5.53797371
-11.84039607,15.57145014,-5.76585585
11.34059882,18.54116689,-5.45192088
-11.36246817,15.09000753,-5.64390306
10.50181699,17.82392880,-5.30364432
-10.52302824,14.50358488,-5.49739770
-9.68721685,13.99769751,-5.39516302
9.82734711,16.96993166,-5.19257407
9.17898374,16.16592885,-5.11696227
-8.76350619,13.68247124,-5.28951684
8.55538146,15.36112343,-5.09104832
-7.82791661,13.43636381,-5.20066416
7.84970058,14.81095319,-5.06540895
-6.82147742,13.40255296,-5.11190147
7.09619422,14.32898373,-5.03825522
-5.79542448,13.41139314,-5.02922325
-2.41867566,13.74833895,-4.75606225
-3.61822151,13.63349106,-4.84126008
5.34877052,13.81427436,-4.90269040
6.24842949,14.04780303,-4.97575663
-4.70379387,13.54270647,-4.92870668
4.30056893,13.71567003,-4.80967772
-1.26344612,13.74680655,-4.69038692
3.21613488,13.63930471,-4.72432251
-0.11483378,13.76180146,-4.63093338
2.11370983,13.68114735,-4.64496522
1.00574355,13.72285280,-4.61261598
3.29666459,34.50417712,-7.86599246
2.12492826,34.52656243,-7.88642824
0.93971319,34.49934251,-7.88310750
4.44115963,34.60523632,-7.89489390
-0.25913355,34.65867174,-7.95673948
5.48932760,34.47850827,-7.88749907
-1.43001912,34.68180277,-8.03177942
6.48352808,34.33918312,-7.89063819
-2.63753056,34.79175815,-8.15950806
7.32032623,33.85509187,-7.76950399
-3.82676352,34.66408083,-8.20868755
-5.05806748,34.48880124,-8.27736805
8.06345397,33.24870505,-7.62904463
8.63599784,32.34721457,-7.42386081
-6.23805629,34.06422343,-8.28954562
-7.43684869,33.48265261,-8.28092573
9.23136580,31.34782755,-7.22867698
-8.19080037,32.92472375,-8.25646290
9.66030913,30.61026506,-7.13486483
-8.98970514,32.30626230,-8.24368886
10.25353609,29.92401285,-7.10147492
10.85288565,29.11243919,-7.06347903
-9.63068918,31.41135386,-8.16038519
-10.39431759,30.55002346,-8.16120195
11.71807760,28.46710861,-7.09311058
-10.76404128,29.43175122,-8.11112387
12.22402016,27.64730303,-7.04356406
12.85031757,26.95851050,-6.99920138
-11.24270988,28.39592900,-8.19238339
-11.41519419,27.32284472,-8.22896582
13.12284748,26.25865497,-6.87712802
13.41959787,25.61242856,-6.74844765
-11.56776137,26.20712270,-8.23778260
13.70525649,25.00498744,-6.60781505
-11.68082901,25.04756773,-8.15175300
14.00311330,24.39393795,-6.47872567
-11.82037721,23.84646412,-8.02797622
14.25565915,23.75298118,-6.36239884
-11.99899745,22.64280423,-7.88205442
-12.30572860,21.47335111,-7.75731572
14.51821898,23.07072545,-6.28569980
-12.48835244,20.44321533,-7.63021136
14.50212434,22.41775195,-6.28505102
14.49840786,21.72565039,-6.33319955
-12.77831038,19.44991820,-7.53646174
-12.51684455,16.93878699,-6.77611738
-12.84234293,17.53877940,-6.99583579
-12.77338276,18.50256999,-7.23550591
13.63401616,20.35986407,-6.35340118
14.04627357,21.06497904,-6.32392518
12.93391742,19.99025564,-6.39576451
12.31536927,19.57062027,-6.42056869
-12.21359621,16.32778021,-6.60662511
-11.28449308,15.37238124,-6.24955351
-11.74617929,15.84445281,-6.40209916
-10.44269214,14.78565085,-6.08206886
10.26023249,18.12632239,-6.01273187
11.08224763,18.81639586,-6.22518998
11.65038700,19.23031205,-6.34144070
-9.59820836,14.27095482,-5.97033981
9.59621667,17.29426223,-5.81575602
8.96113229,16.49409558,-5.64999632
-8.67326569,13.92527255,-5.85284135
8.34953790,15.67875658,-5.55947937
-7.73614184,13.64837939,-5.75573570
7.66956998,15.08773328,-5.50502309
-6.74234775,13.56321085,-5.66582422
-5.72888218,13.52341776,-5.58401165
6.94025600,14.56388005,-5.47034879
-4.65422870,13.59474225,-5.47695096
6.12007542,14.23142620,-5.40737758
-3.58296613,13.64097564,-5.38423888
5.24531698,13.95342770,-5.34636028
-2.39852148,13.72843865,-5.30597224
4.22636000,13.81976115,-5.28322282
3.16790528,13.71245895,-5.23436324
-1.25448361,13.72398152,-5.24973130
0.99579284,13.73836587,-5.15861786
2.08829780,13.72539634,-5.17598615
-0.11446375,13.75221304,-5.18532991
-0.37372352,33.87656600,-9.41326777
0.80913045,33.74580619,-9.35741028
5.24829179,33.64814088,-9.28717427
4.22264056,33.80578924,-9.33339251
3.10666363,33.73695666,-9.33425984
-1.53241671,33.87328146,-9.46250609
1.96299867,33.77852590,-9.38764870
-7.58896458,32.90153709,-9.62138320
-6.36968115,33.38831624,-9.65232468
9.09602920,30.82239377,-8.51492036
8.44923890,31.69286963,-8.73852083
9.54756207,30.17963811,-8.38907283
-8.34218972,32.43177702,-9.57482096
6.22963098,33.48433636,-9.26406780
-2.73582084,33.96787731,-9.58117234
7.84351638,32.49074451,-8.96151387
-5.17642434,33.74175671,-9.65997059
7.07501246,33.03064037,-9.11647084
-3.93135706,33.86438186,-9.60107815
10.16561497,29.58240248,-8.31436774
-9.14457892,31.91151924,-9.55004784
-9.77134435,31.10684719,-9.44887897
10.73971149,28.81199697,-8.22118783
11.59257398,28.20310626,-8.19744252
-10.50452341,30.32466012,-9.45261461
-10.79541071,29.23644406,-9.37463231
12.03767379,27.35642370,-8.08162927
-11.19689639,28.21555108,-9.45194968
12.63607287,26.66759793,-7.99466643
12.85191536,25.96291738,-7.83972588
-11.27786559,27.13186121,-9.46880405
13.10933738,25.33532621,-7.69327891
-11.36920681,26.00307935,-9.45197855
-11.43805913,24.86002156,-9.34943472
13.35640103,24.77215674,-7.55549504
14.06801379,23.02807354,-7.25311336
13.84182682,23.64040429,-7.32430449
-12.19410974,20.36548646,-8.75001429
-12.00394347,21.35818102,-8.92960592
-11.71268377,22.49936805,-9.05884832
14.07292908,22.43495113,-7.21183015
-11.55165759,23.68045918,-9.21295006
13.62069980,24.21686585,-7.43300933
13.29580304,20.49166458,-7.31797162
13.66718611,21.17174715,-7.24641698
-12.51109432,17.65945285,-8.12198748
-12.45013351,18.53699739,-8.33647763
12.65077865,20.11232952,-7.34132190
-12.20865065,17.11717234,-7.84280575
-11.05646156,15.70078463,-7.16848023
-11.49670700,16.13132863,-7.35712683
10.05040582,18.29156970,-6.96081184
10.87941694,18.94584061,-7.20225848
-10.23175824,15.13181114,-6.92575135
11.43790782,19.34456505,-7.29496119
14.09803835,21.79274893,-7.22019436
-12.48749965,19.42311519,-8.60434435
-11.93829958,16.56018902,-7.60518417
12.08501509,19.67922998,-7.34968164
-9.39423257,14.61110132,-6.76894511
9.37418229,17.50371075,-6.69462900
7.45599576,15.33793106,-6.18844115
8.11432171,15.95049549,-6.28956454
-7.54291944,13.93834059,-6.53026839
-8.47497988,14.24474051,-6.63286523
-6.57000267,13.79549015,-6.43287881
8.72807843,16.74393914,-6.45065879
5.11177363,14.09991704,-6.08248803
5.95795221,14.41327850,-6.09929791
-2.31684415,13.74483247,-6.13746111
-3.47431474,13.69695261,-6.20444965
4.13512845,13.93155079,-6.05682145
-4.52464939,13.70438592,-6.26822460
6.75219137,14.78282774,-6.13860215
-5.57828317,13.69632391,-6.35232170
-1.19523782,13.72973265,-6.09869494
3.11828746,13.79493974,-6.05244992
-0.07363880,13.76864402,-6.06445821
2.07613975,13.78696719,-6.04350896
1.01441824,13.77628396,-6.06629597
1.10033653,33.51898029,0.03743279
2.15591910,33.40403567,0.01130848
0.03228471,33.48994173,-0.01405854
-1.02278190,33.48231683,-0.07024327
3.19783927,33.31114338,-0.01804172
4.23381048,33.23635138,-0.04403670
-2.07091812,33.50514338,-0.13028782
5.26950096,33.17333239,-0.06094702
-3.12439059,33.56653099,-0.19055480
-4.05485115,33.29499710,-0.25719289
6.13745745,32.85340349,-0.11962340
-4.98565308,33.00737983,-0.30197840
6.98790447,32.50703115,-0.14301376
7.84613986,32.11608912,-0.11627397
-5.93913632,32.69270539,-0.32174742
-6.94119116,32.34554427,-0.30881299
8.75606308,31.67548268,-0.02737021
9.45556484,31.20058445,0.03343067
-7.66335518,31.91082691,-0.35807344
10.26379994,30.70964020,0.13654751
-8.45354416,31.46267989,-0.37567083
-9.35455514,31.02294947,-0.37162407
11.20261129,30.22253281,0.25195612
-10.42733824,30.62025002,-0.36838196
12.27857769,29.76456090,0.34567721
12.64695157,29.01467081,0.41627128
-10.69050783,29.69116190,-0.26309373
13.03923039,28.28986331,0.44130749
-11.05210291,28.84670359,-0.15106736
-11.44593330,28.03771688,-0.09197623
13.43536431,27.58537330,0.40948281
13.83914417,26.90864842,0.32780648
-11.83788817,27.23085562,-0.10100576
14.25114627,26.12918497,0.39415254
-12.15848188,26.20059640,-0.00642686
-12.47182307,25.12479883,0.05149900
14.67776292,25.35055022,0.48453634
-12.85030711,23.99123952,0.13624032
15.13750200,24.53752708,0.62103825
15.66383476,23.63546220,0.81246128
-13.40315446,22.78771296,0.32202494
15.07277945,22.76095962,0.96099273
-12.87984616,21.66407607,0.29533577
14.56393539,21.79919989,1.12955258
-12.58940241,20.51604575,0.29317668
14.16681277,20.72138302,1.33167446
-12.57154200,19.35844077,0.36747054
-12.77046119,18.22519768,0.53932566
13.94572640,19.49702190,1.55399077
-12.06859858,17.70290031,0.46449937
13.12134662,18.83201870,1.55743717
-11.46640247,17.21302021,0.45922309
12.44210141,18.08499583,1.57711025
11.87459596,17.27846915,1.61292655
-10.92655733,16.75481123,0.52130557
-10.42565276,16.32234922,0.63627160
11.40381623,16.42049329,1.64246117
10.68128176,15.48210378,1.57230587
-9.52917322,15.94933687,0.71378283
10.06043714,14.59856285,1.47355233
-8.68237553,15.59218700,0.82667415
9.47478282,13.80519522,1.36964529
-7.86840046,15.22698842,0.97002840
-3.05111209,14.52559944,1.48711726
-4.00583522,14.68487628,1.36905880
5.25530430,13.12220111,1.24304348
6.16305724,13.09573775,1.14801743
-1.94167763,14.42220842,1.49197544
4.20940550,13.31244191,1.27162192
-0.87629937,14.26846609,1.48679634
3.18560379,13.49874365,1.32185770
2.17729641,13.68978841,1.37079397
0.15696041,14.08764273,1.45964892
1.17164094,13.89364452,1.40723601
7.07531327,13.06916814,1.12372752
-4.99138343,14.78208109,1.26279517
-7.07582846,14.83485958,1.13654808
8.86271019,13.11447208,1.29246162
7.97769666,13.06413691,1.17569997
-6.01299197,14.82602965,1.18216836
5.84520641,14.45059118,-6.82933169
6.60649315,14.91046153,-6.82976875
7.32003577,15.42473808,-6.88755729
-5.40165970,13.75723831,-7.17833848
-6.40118552,13.86446131,-7.23911387
-4.39373160,13.66323869,-7.14183910
-7.38175825,14.00964266,-7.32665884
8.00450469,15.97679435,-7.01582829
5.03059054,14.04821134,-6.87136890
-3.38768000,13.56065360,-7.13242806
-8.27172103,14.37984046,-7.41716979
8.62047707,16.78194230,-7.20490869
-2.22184092,13.63967241,-7.07932710
4.07759558,13.92420812,-6.88465162
9.27923070,17.54239620,-7.46289719
-9.14716453,14.80132730,-7.54923557
3.09654450,13.82182892,-6.91969700
-1.09548698,13.67405356,-7.04390448
10.03276927,18.22336098,-7.73196317
-10.01158070,15.26797083,-7.73961893
2.08756358,13.73560760,-6.96924685
-0.00710947,13.67564609,-7.02722049
10.93007991,18.80658847,-7.95675603
-10.87284192,15.76854357,-8.01606847
-11.22521408,16.24797725,-8.18134423
11.40706482,19.29893127,-8.01829741
1.04853566,13.65746311,-7.02729650
-11.58669660,16.71655341,-8.39677981
11.95688651,19.72977831,-8.05631698
-11.98035137,17.17538411,-8.65664837
12.58447734,20.10475635,-8.07605252
-12.43467664,17.63376380,-8.94938633
13.29368481,20.43278507,-8.08635822
13.39515641,21.16715146,-8.01330620
-12.21985458,18.49595531,-9.10108060
-12.08787579,19.37496111,-9.30208305
13.55026764,21.81595676,-7.97227163
-12.05268520,20.30667384,-9.54807112
13.75003198,22.40821646,-7.98359103
-12.11957497,21.29225137,-9.81661410
13.98931463,22.96706412,-8.05363353
-11.82000623,22.41985018,-9.92820010
13.75920645,23.56611835,-8.09653183
13.54161009,24.13274587,-8.17633116
-11.64047154,23.58680452,-10.04378902
13.34352470,24.69123705,-8.28075440
-11.55554066,24.76099028,-10.16001836
13.17029844,25.26619158,-8.40071533
-11.51806567,25.90594601,-10.24743403
-11.23006108,27.01065912,-10.18730288
12.71902524,25.85484969,-8.48652940
12.31103565,26.51045716,-8.58742107
-10.95979620,28.06953702,-10.10855313
9.24614740,30.60391266,-9.26531625
8.45008724,31.27387084,-9.47296099
9.59631557,29.89550999,-9.08162916
-8.37303861,32.17164710,-10.31484752
-7.73031772,32.76104865,-10.43501995
-6.42904100,33.14625771,-10.44103163
-9.05120366,31.54187465,-10.22378941
10.09727752,29.23000666,-8.94330863
10.81438141,28.65016541,-8.86862353
-9.80141789,30.89552658,-10.19319747
-10.75653079,29.13619290,-10.10496184
11.98598857,27.27743771,-8.70229933
11.81287220,28.21327499,-8.85763033
-10.67379179,30.27077883,-10.25917669
-5.15995118,33.41033433,-10.43223704
7.71521172,31.91005251,-9.66744621
6.95115802,32.49966137,-9.84198813
-3.93339633,33.61232239,-10.43877643
-2.76162916,33.81070936,-10.49714874
6.11495129,33.04366140,-10.02416847
5.07091198,33.07255543,-10.06480585
4.02369091,33.13496170,-10.13567384
-1.52787567,33.55408934,-10.36899475
-0.36388623,33.40244868,-10.31604194
0.75520360,33.38020041,-10.32281508
2.95476097,33.26401218,-10.24085348
1.85167828,33.50645154,-10.38918485
