0.59641361,14.65370166,1.15686746
-1.20253499,14.60968895,1.24359773
0.60246993,14.63946322,1.23985322
-1.20091059,14.59846058,1.32629640
-3.13798699,14.53353256,1.33855469
-3.14139817,14.53312877,1.42400001
-5.14571956,14.36792044,1.40018045
-5.15393229,14.38536786,1.49097818
-7.11007106,14.10620534,1.41942802
-7.12076408,14.14809285,1.51945995
-8.09828217,31.07205892,2.33444378
-5.95202646,31.31714118,2.47936248
-8.11301524,31.13578600,2.36520751
-5.95870525,31.38549364,2.51271777
-3.82774062,31.46647590,2.54266217
-3.82846123,31.53893327,2.57930582
-1.63394053,31.47274524,2.59907681
-1.63000205,31.54640279,2.63913105
0.62456837,31.35102271,2.69069380
0.63167101,31.42595391,2.73506955
-8.70915692,14.02994326,1.37713576
-8.71686104,14.08862738,1.48434636
-10.21275643,13.93448651,1.34435015
-10.21412448,14.01038199,1.45823257
-11.63164159,13.92808601,1.36872496
-11.62549517,14.01770585,1.48536867
-12.99146727,13.98632866,1.44018407
-12.97952332,14.08116139,1.55644788
-16.05360680,29.01570810,1.21586827
-14.17115491,29.67958477,1.42586674
-16.11852393,29.07265188,1.24951574
-14.22309305,29.73583839,1.45571956
-12.27688616,30.27675871,1.72708493
-12.31453569,30.33357189,1.75487315
-10.23693052,30.68823248,2.07636629
-10.26317268,30.74820713,2.10548382
-14.24621234,14.18294140,1.45638452
-14.22957280,14.27949723,1.57187217
-15.48713005,14.37770275,1.40602360
-15.46529243,14.47246857,1.52112950
-16.69748776,14.66404199,1.29624859
-16.66965982,14.75125846,1.40949886
-17.86353652,15.00828024,1.15310709
-17.83113137,15.08521584,1.26212856
-18.59146576,15.36681642,1.01243043
-18.55589319,15.43672240,1.11552551
-19.28080140,15.77078608,0.87116863
-19.24315822,15.83144573,0.96887875
-19.92448984,16.19170888,0.73845161
-19.88447487,16.24381605,0.83099552
-20.56596011,16.63623670,0.60931548
-20.52307131,16.68428071,0.69712211
-20.31416425,26.31335001,0.67831500
-19.39442020,26.92180509,0.78173701
-20.37625621,26.37706212,0.71654701
-19.45561790,26.98394726,0.81891754
-18.44143912,27.59384369,0.91044729
-18.50624044,27.65220477,0.94693691
-17.33475796,28.32605894,1.05746780
-17.40156287,28.38133878,1.09327805
-20.85090402,17.39224959,0.47060492
-20.82085866,17.44132077,0.55071019
-21.15828020,18.15436250,0.37982015
-21.14267390,18.20293794,0.45298873
-21.49452229,18.91455135,0.33085939
-21.49084990,18.96440409,0.39802960
-21.88525405,19.67224032,0.31954749
-21.89410542,19.72401727,0.38254242
-21.63675035,20.49059805,0.34934943
-21.65681155,20.54332644,0.41063430
-21.43291825,21.34138439,0.40266247
-21.46769257,21.39538139,0.46166595
-21.23564844,22.22007351,0.46313314
-21.28563974,22.27605929,0.51917886
-21.05624667,23.13381843,0.51202608
-21.11565683,23.19040285,0.56474064
-20.83833046,23.89876494,0.57905083
-20.90115394,23.95641899,0.62941482
-20.63770501,24.68848606,0.63029145
-20.70494901,24.74804739,0.67703450
-20.46049709,25.49672175,0.66089668
-20.52526458,25.55750590,0.70345982
0.59079937,14.64668152,1.07215549
-1.20687273,14.59438713,1.15813559
-3.14121886,14.50235232,1.25212061
-5.15053601,14.32281641,1.31094598
-7.11988069,14.03837484,1.32395277
-8.08164333,31.01080163,2.30474222
-5.94481533,31.24997653,2.44643921
-3.82715766,31.39530625,2.50645722
-1.63811834,31.40038417,2.55916197
0.61730753,31.27758206,2.64666277
-8.71111498,13.93836140,1.27621808
-10.21353015,13.82988657,1.24044301
-11.63762342,13.81252846,1.26322519
-13.00416214,13.85403931,1.33213048
-15.99178555,28.96044283,1.18298768
-14.11840553,29.62387236,1.39802613
-12.24013541,30.22093917,1.69953096
-10.21078527,30.63174167,2.04785166
-14.26359016,14.05256290,1.35141454
-15.50730222,14.26779469,1.30236974
-16.72204098,14.55883481,1.19605857
-17.89037725,14.91810778,1.05537157
-18.62347514,15.28868005,0.92047916
-19.31217818,15.69387920,0.78505243
-19.96315717,16.12605259,0.65420680
-20.59397280,16.56889470,0.53476588
-20.23144918,26.24151703,0.64403119
-19.33161024,26.85899884,0.74672895
-18.37142723,27.53542735,0.87582768
-17.26644085,28.26951527,1.02381299
-20.87649256,17.32578134,0.40036925
-21.17067450,18.09552431,0.30863371
-21.49349894,18.86152088,0.26286937
-21.85829323,19.61621392,0.25812725
-21.61356367,20.43463644,0.29255430
-21.38402136,21.28496939,0.34761075
-21.17584818,22.16584088,0.40868454
-20.99212366,23.07746686,0.46159294
-20.76328583,23.84150033,0.53243143
-20.56105051,24.62896977,0.58539781
-20.38531485,25.43336041,0.62090079
2.29337290,14.70933145,1.20650988
2.28461544,14.72269611,1.11921174
3.88970549,14.77067269,1.24247751
3.88056262,14.77955912,1.14754689
5.43043610,14.76462747,1.34881335
5.42186443,14.76646910,1.24506917
6.95803336,14.65461729,1.51730385
6.95139383,14.64750919,1.40488271
8.69013456,30.10893452,2.77233185
6.93593137,30.39653750,2.79159906
8.67105970,30.02061949,2.72382915
6.92087273,30.31189451,2.74068038
5.00001264,30.81293081,2.80335536
4.98740252,30.73109562,2.75220514
2.87180945,31.16826520,2.79629158
2.86208747,31.09006125,2.74753265
8.20229345,14.70122629,1.70187895
8.19909330,14.68847367,1.58747224
9.38228246,14.75195921,1.87222874
9.38167563,14.73113697,1.76007203
10.51022743,14.85110226,2.01237536
10.51092466,14.82315421,1.90440439
11.60585347,15.00468088,2.12148448
11.60611925,14.97608355,2.01859916
14.20497897,28.88074137,2.48270620
12.88826760,29.19014049,2.61381018
14.15967651,28.78260005,2.44526746
12.84905436,29.09165553,2.57442638
11.54323223,29.44855859,2.70606164
11.51116945,29.35237583,2.66320369
10.16069877,29.72808316,2.74731905
10.13556826,29.63589308,2.70133786
12.61173586,15.34058134,2.19182205
12.61237786,15.31159919,2.09182464
13.62758865,15.67488238,2.22113862
13.62953562,15.64517426,2.12201301
14.64867034,16.04307813,2.22040576
14.65351523,16.01598085,2.12094027
15.65224401,16.43063873,2.20073006
15.65858707,16.40885101,2.10101165
16.28829927,16.82409559,2.17888578
16.29554087,16.80511554,2.07894451
16.90380322,17.24422076,2.14833428
16.91144178,17.22935656,2.04791118
17.48903901,17.66150232,2.10566368
17.49787439,17.64905478,2.00470446
18.07194557,18.08855966,2.04008241
18.08277561,18.07284007,1.93811568
17.68092584,26.90351483,1.97055779
16.89291549,27.41273150,2.08544717
17.63445425,26.83033503,1.92115175
16.84607319,27.33429854,2.04119156
16.05709938,27.94065541,2.21756033
16.00868121,27.85549621,2.17751832
15.15650338,28.44857411,2.35315182
15.10859756,28.35675038,2.31521258
18.36504164,18.86229475,1.96067821
18.36789245,18.83176654,1.86222380
18.67484498,19.59119185,1.88186670
18.66872149,19.55102924,1.78788224
18.98395664,20.29154545,1.80412310
18.97046287,20.24332739,1.71534620
19.30055376,20.97585215,1.74137398
19.27837991,20.92272993,1.65610358
19.08815722,21.73852568,1.68238753
19.06149938,21.68141979,1.59992677
18.90523427,22.51541441,1.63665837
18.87149369,22.45551825,1.55725690
18.71965704,23.30474118,1.61712023
18.67823876,23.24182842,1.54167515
18.53043595,24.11045147,1.62569513
18.48454848,24.04637759,1.55574352
18.32170574,24.78401781,1.70213721
18.27424336,24.71801271,1.63663981
18.11334015,25.47314621,1.79033851
18.06320620,25.40459247,1.72988364
17.89688604,26.17751463,1.88083276
17.84798330,26.10699765,1.82591592
2.28048086,14.70931369,1.02970290
3.88016200,14.75718609,1.05075042
5.42632767,14.74083273,1.14354771
6.96337596,14.61428778,1.29589352
8.65061525,29.93585006,2.67723889
6.90498100,30.22921544,2.69102449
4.97442643,30.65053932,2.70179478
2.85217085,31.01324497,2.69921568
8.20766710,14.64410042,1.47327304
9.38645695,14.68097209,1.64892572
10.51248148,14.76770370,1.79952405
11.60521035,14.91081067,1.91434508
14.11647826,28.68833672,2.40863093
12.80975190,28.99471419,2.53698918
11.47977129,29.25806887,2.62119736
10.11122547,29.54896268,2.65680703
12.61281171,15.24475966,1.98981812
13.63089872,15.59338176,2.02544464
14.65609163,15.96241885,2.02671430
15.66055477,16.36533449,2.00538284
16.30191480,16.77006642,1.98453968
16.91581596,17.19010615,1.95349444
17.50693486,17.61447604,1.90789729
18.08276352,18.02941780,1.84610233
17.57499572,26.74988691,1.87400651
16.79794150,27.25521005,1.99882481
15.95756923,27.77000468,2.13858216
15.06029886,28.26288939,2.27851639
18.36980481,18.77911646,1.77443113
18.66151542,19.49747555,1.69681274
18.95477210,20.19009371,1.62703485
19.24392372,20.86381538,1.57393365
19.03417048,21.62166253,1.52259436
18.82967774,22.39359330,1.48224318
18.63072746,23.18087914,1.46752232
18.43687059,23.98265358,1.48751295
18.21969682,24.65232480,1.57399267
18.00637963,25.33590012,1.67076281
17.79319060,26.03462822,1.77277860
-0.64023597,15.43774680,-4.12247668
-1.92592273,15.39863527,-4.20095268
-0.63302508,15.37008450,-4.03946293
-1.91344798,15.33020044,-4.11548997
-3.09195531,15.24186710,-4.21471826
-3.07306123,15.17103122,-4.12586037
-4.23286309,14.95534172,-4.20461644
-4.20636203,14.87996476,-4.11103215
-5.55152058,14.54801754,-4.23677722
-5.51592608,14.46621802,-4.13913029
0.73287532,15.38458616,-3.96806077
0.72949153,15.45061137,-4.04984340
2.13093036,15.32621078,-3.95319958
2.13054432,15.39159546,-4.03361717
3.50362753,15.30121314,-3.96773126
3.50565619,15.36852097,-4.04550485
4.90449810,15.31626515,-4.01416141
4.90893125,15.38874489,-4.08749494
0.89624995,30.88009066,-1.65996578
-1.75072034,31.26094556,-1.53281475
0.88430524,30.84444471,-1.64523686
-1.75342706,31.22426239,-1.52026897
-4.11099600,31.47228621,-1.49377708
-4.10446470,31.43486567,-1.48340565
-6.38945101,31.46769221,-1.51155102
-6.37178923,31.43262142,-1.50287386
-8.68412324,31.42507636,-1.48472842
-8.65317808,31.39374023,-1.47721678
3.66709905,30.24073098,-1.82180174
3.68819061,30.28184569,-1.83882268
6.31465361,29.78242972,-2.04746940
6.33963708,29.83029137,-2.06941663
8.50878399,29.50723663,-2.25922401
8.53405063,29.56188627,-2.28407521
10.31819108,29.50747098,-2.35760096
10.34346638,29.56958452,-2.38793592
-7.05676430,14.43888472,-4.23303813
-7.01328292,14.35364922,-4.13423557
-8.83892373,14.42735505,-4.28521189
-8.78789816,14.33770676,-4.19288381
-10.89411379,14.51700305,-4.27636348
-10.84003885,14.42571956,-4.19310444
-13.15162023,14.61476800,-4.21622059
-13.10013955,14.52465449,-4.13191226
6.35019164,15.56056042,-4.02470898
6.35872839,15.63556905,-4.09559031
7.96516962,15.69386720,-4.10258764
7.97944156,15.77069637,-4.17074655
9.67855697,15.71582577,-4.25921581
9.70125019,15.79384371,-4.32358539
11.47455390,15.74670300,-4.46776870
11.50303219,15.82963754,-4.52582381
-10.97032352,30.96334657,-1.53867105
-10.92514184,30.94251947,-1.52452827
-13.16317261,30.03108436,-1.92967543
-13.09926458,30.02309658,-1.89285126
-15.20736422,29.04581324,-2.38299402
-15.13167593,29.03182868,-2.34981322
-17.42585713,28.16202818,-2.58474987
-17.33755642,28.13787866,-2.54953672
11.80871804,29.39006100,-2.49965781
11.83460910,29.46095813,-2.53954308
13.03924449,29.34795100,-2.59893194
13.06236156,29.42313044,-2.64838044
14.08873610,29.22270939,-2.69442597
14.11001165,29.29700600,-2.75129332
15.26297895,29.00294572,-2.81820160
15.28613707,29.07713341,-2.87818407
-15.43742730,14.79561955,-4.29764733
-15.40254042,14.70277359,-4.21222558
-17.37746850,15.17383281,-4.52599364
-17.35986759,15.07543638,-4.45594452
-19.04972278,15.71269155,-4.73722545
-19.03155383,15.62106229,-4.67278370
-20.66088698,16.20574799,-4.98675886
-20.63339644,16.12620584,-4.91831337
13.34754941,16.10223916,-4.59530316
13.37155923,16.19845653,-4.64574059
15.11337556,16.61806278,-4.71293553
15.12847524,16.72563318,-4.76499106
16.58516823,17.07213022,-4.89015636
16.59053246,17.18318595,-4.94845798
17.69969735,17.40782992,-5.07944911
17.69645025,17.52254494,-5.13969611
-21.62962241,26.01496921,-3.47260477
-20.48857321,26.64139122,-3.20802471
-21.58270085,25.97308773,-3.41596981
-20.42636214,26.60446457,-3.15323105
-19.43219848,27.19582551,-2.97539389
-19.35661324,27.16093395,-2.92521761
-18.41941012,27.68701143,-2.75897948
-18.33495999,27.65630349,-2.71503305
18.06891488,27.36055348,-3.30767308
17.31105926,27.83446105,-3.16577537
18.07253348,27.42322496,-3.35697878
17.32285414,27.89665654,-3.21934273
16.57405241,28.28943646,-3.03335351
16.59192389,28.35445437,-3.09107406
15.88636425,28.68523713,-2.91644901
15.90812259,28.75502367,-2.97645262
-21.46411388,16.57642614,-5.09094149
-21.43361632,16.50114722,-5.02118733
-22.26973934,16.92091960,-5.21308599
-22.23864505,16.84675784,-5.14390270
-23.10011560,17.27007874,-5.34415904
-23.06823496,17.19368836,-5.27744656
-23.99572923,17.66363332,-5.48106812
-23.96346977,17.58205367,-5.41821155
18.18903349,17.75888676,-5.10491529
18.18259346,17.87716481,-5.16383939
18.64309116,18.14930813,-5.10802026
18.63416208,18.27072892,-5.16493742
19.08414381,18.59463283,-5.09333553
19.07452894,18.71837928,-5.14767955
19.53934190,19.10451988,-5.06963411
19.53083832,19.22930733,-5.12195296
-24.25510965,18.19663927,-5.39765810
-24.20663545,18.11328256,-5.33224333
-24.55638357,18.76403418,-5.33031272
-24.49589742,18.67831498,-5.26283358
-24.84693714,19.33994556,-5.27708414
-24.77974554,19.25359786,-5.20866057
-25.10935317,19.90478356,-5.23524280
-25.03626118,19.81743385,-5.16678165
19.69604906,19.75557628,-4.89865752
19.69534867,19.87984701,-4.95043500
19.87171596,20.43904313,-4.73444043
19.87731808,20.56080079,-4.78582669
20.03839833,21.11535208,-4.58538950
20.04820100,21.23100684,-4.63677814
20.18678143,21.75368009,-4.45455712
20.20108400,21.86223535,-4.50607909
-24.91869472,20.54084884,-5.03758390
-24.83778169,20.45868906,-4.96531279
-24.69864457,21.19075749,-4.84128465
-24.61261844,21.11202923,-4.76664058
-24.40220182,21.89048194,-4.62794611
-24.31747440,21.81354694,-4.55304209
-23.99618473,22.71999476,-4.38190373
-23.91697174,22.64383520,-4.30954722
20.13150592,22.45492290,-4.26131198
20.14871571,22.55624046,-4.31166181
20.05148605,23.12752064,-4.09417922
20.07020278,23.22500186,-4.14334939
19.91868062,23.80646573,-3.94207133
19.93580402,23.90281213,-3.99006530
19.70025037,24.56264065,-3.79302179
19.71377994,24.65835477,-3.83991366
-23.43962135,23.46616553,-4.12924434
-23.36902024,23.39396806,-4.05892438
-22.84993447,24.31803629,-3.88877856
-22.78835387,24.25374609,-3.82197789
-22.23928061,25.19260264,-3.67177565
-22.18662805,25.14015906,-3.60977993
19.38719658,25.18926152,-3.66764900
19.39622935,25.28215889,-3.71399797
19.00623058,25.89984628,-3.54303546
19.01186216,25.98434991,-3.58971149
18.56083215,26.64010063,-3.42359370
18.56465772,26.71263564,-3.47151089
10.33785193,29.43870050,-2.34602125
11.78172121,29.32725087,-2.46603215
12.99887469,29.25564722,-2.55909286
14.10380033,29.15252769,-2.64834650
15.21478144,28.94966393,-2.76486913
4.88358927,15.32373344,-3.95489900
6.31154146,15.53463574,-3.96612601
7.90034587,15.65250889,-4.04300981
9.57536536,15.67715175,-4.19554249
11.32126765,15.70910094,-4.40298273
18.10855591,27.29001600,-3.28365158
17.34636139,27.77660407,-3.13065303
16.59939685,28.21905830,-2.99083899
15.88674397,28.60977441,-2.86764078
17.62795012,17.31358528,-5.01768130
18.14855998,17.64417955,-5.04822463
18.61440182,18.02168366,-5.05437553
19.04024692,18.45414782,-5.04118311
19.43594777,18.93162045,-5.01729806
19.64487390,19.63247766,-4.84235297
19.83072852,20.32530875,-4.68021949
19.99250955,21.00492467,-4.53134426
20.12991668,21.66752702,-4.39583695
-23.70769965,17.46637247,-5.31889063
-24.04822305,18.03390318,-5.24241725
-24.35850244,18.60132666,-5.17602098
-24.63483697,19.17283848,-5.11949954
-24.87121135,19.75145869,-5.07009690
20.08698113,22.34318380,-4.21371570
20.00304943,23.02124337,-4.04860186
19.87541755,23.69982683,-3.90123566
19.70278197,24.37705248,-3.77226525
-24.69778360,20.37218452,-4.87809347
-24.46069646,21.03199975,-4.67509640
-24.17679275,21.73182835,-4.46868763
-23.86482749,22.46725797,-4.26869571
19.36181740,25.08790684,-3.62965997
18.97466954,25.81339674,-3.50157347
18.55274791,26.54867242,-3.38641107
-23.26441779,23.31716363,-3.98852993
-22.67254093,24.19758680,-3.74944033
-22.11551428,25.06941835,-3.55502708
-21.61397362,25.90522243,-3.39417359
0.86402668,30.78534174,-1.64935701
3.67167709,30.20202289,-1.80845576
6.28498801,29.72809296,-2.03669064
8.49271739,29.44330511,-2.24880279
-0.63186940,15.39016773,-3.97035011
0.72542208,15.39681604,-3.90063060
2.12476699,15.33086747,-3.88679902
3.49874557,15.30434096,-3.90378378
-1.90211743,15.34210594,-4.04387271
-3.05961074,15.17468473,-4.05259607
-4.19035599,14.88233695,-4.03501849
-5.48008379,14.48015755,-4.06188828
-1.77522008,31.19601213,-1.50866953
-4.09960161,31.39039723,-1.48173527
-6.37721883,31.38861936,-1.50343312
-8.69529061,31.34920575,-1.47998706
-10.87808185,30.92420579,-1.51422408
-13.00650421,30.01385797,-1.86462926
-15.13396389,28.98934281,-2.33043679
-17.21276437,28.13817441,-2.51561229
-6.94924238,14.33474100,-4.05251217
-8.68654751,14.29425027,-4.11338985
-10.68764396,14.37525465,-4.12380646
-12.87691398,14.49272912,-4.05706545
13.17447154,16.04565471,-4.53816594
14.95451487,16.54818846,-4.65296618
16.47924119,16.99887994,-4.82438000
-15.16302488,14.68645487,-4.10329756
-17.16821727,15.02715873,-4.35899012
-18.88141905,15.55078876,-4.59665048
-20.49125885,16.04761763,-4.84177881
-21.32718551,16.42189448,-4.94577264
-22.14111417,16.76670471,-5.06846157
-22.93406758,17.10764439,-5.19568349
-20.45179259,26.55467797,-3.12363432
-19.35603757,27.10861539,-2.89464037
-18.28687708,27.61254705,-2.68317057
6.87364925,14.47714573,0.61307355
5.33399487,14.50350608,0.50992842
6.78329927,14.06688222,-0.08325254
5.21573029,14.12808419,-0.12239174
-6.74417430,13.53882869,0.11937226
-4.87745603,13.80513693,0.19624922
-6.94982799,13.84788738,0.71624717
-5.01586057,14.07649361,0.75832696
8.14441722,14.48892079,0.75385982
8.10011366,14.05933555,0.01008835
-8.33522969,13.30066494,-0.00374538
-8.54595622,13.65180184,0.62180380
-9.91001112,13.00352819,-0.12528166
-10.07993641,13.42351276,0.53707278
9.33814650,14.49890459,0.92183744
9.33322884,14.06297290,0.15214773
3.79452232,14.43219272,0.45564177
3.66698451,14.08672358,-0.12682649
-3.01192066,13.91773176,0.17578504
-3.05861998,14.18128860,0.71701100
10.45336945,14.63512152,1.09075458
10.48164494,14.19943025,0.31618373
-11.46452482,12.87326855,-0.17881105
-11.54439709,13.38495301,0.51193855
-1.22852114,14.02923504,0.09382179
-1.19233672,14.30398151,0.62850825
2.20689822,14.41194816,0.47155274
2.08448944,14.09483172,-0.08160036
11.54117123,14.81853355,1.22989516
11.60531105,14.38235812,0.46491340
-12.99927102,12.81828724,-0.16571559
-12.96144608,13.40976335,0.54322075
12.58469170,15.11591193,1.32420362
12.70868239,14.66992282,0.56620198
-14.46351708,12.94220521,-0.15017164
-14.29972513,13.55463087,0.57067799
0.45598542,14.08661992,-0.00167919
0.54901526,14.38143344,0.53767884
13.65173928,15.43311733,1.37003967
13.85453753,14.97828866,0.61303780
-15.91216689,13.18681145,-0.18710177
-15.62770317,13.76086186,0.54565235
-17.27938684,13.61863032,-0.26972247
-16.90251222,14.11782374,0.46362042
14.71364943,15.82796425,1.37466138
14.99574973,15.37902491,0.61788778
15.74833032,16.26848706,1.35696425
16.08316482,15.84326889,0.60649306
-18.53473472,14.16169528,-0.35601177
-18.11315813,14.55460125,0.35815741
16.42900220,16.63385705,1.33754795
16.76567700,16.22872811,0.59455847
-19.30143320,14.63097896,-0.41809080
-18.89060240,14.93964731,0.26885796
17.07621099,17.00985687,1.30712577
17.40817394,16.61648992,0.56220652
-20.01145508,15.11978498,-0.48421718
-19.61388207,15.36137849,0.17362735
-20.60502245,15.68442891,-0.55767706
-20.21970254,15.88232295,0.07224312
17.63744766,17.46733386,1.26526793
17.95771946,17.07464352,0.50412680
-21.18842311,16.21672403,-0.61973681
-20.80815471,16.39841033,-0.01707540
18.18328423,17.90453427,1.20529413
18.48984774,17.50811024,0.42481180
18.63459169,18.59460984,1.12625188
18.90755806,18.19689372,0.32851229
-21.63707295,17.00887625,-0.68713918
-21.27197526,17.18435521,-0.11498824
19.07710466,19.25465654,1.04777921
19.31234017,18.86300182,0.24472632
-22.11455433,17.76444764,-0.72493877
-21.75887487,17.94584481,-0.17377096
19.17693676,19.95035743,1.00988982
19.37176213,19.58023280,0.22330164
-22.20295814,18.52686754,-0.71419648
-21.86568690,18.71123068,-0.18224715
19.27153395,20.64571796,0.98362497
19.42676940,20.29771768,0.21711593
-22.31561395,19.28441356,-0.67704935
-21.99971131,19.47603536,-0.15717293
-22.10205453,20.12403414,-0.60120799
-21.80511335,20.31210025,-0.11014234
19.10108085,21.41534144,0.95021851
19.23295265,21.10080526,0.22644007
-21.89979353,20.98322354,-0.50692166
-21.62591063,21.17161728,-0.04402973
18.93343371,22.19911083,0.93591937
19.04494921,21.91250034,0.25609291
14.22150637,28.56993336,2.14395481
15.16902320,28.16070575,2.01339467
14.29836663,28.25124518,1.73940509
15.22014373,27.85172530,1.60197061
12.92604770,28.89457981,2.26678281
13.01908837,28.59979409,1.85904144
-14.24239761,29.28301611,0.62748946
-16.11980626,28.51181331,0.42362034
-14.23019606,29.54353523,1.07765578
-16.11036336,28.83583914,0.86425890
-17.40751580,27.83872356,0.29075325
-17.40608865,28.15125468,0.71059062
11.61292025,29.17002710,2.34454803
11.72946208,28.89595366,1.92297576
-12.38451688,30.00295029,0.91490281
-12.35080577,30.18849653,1.38345976
16.07463240,27.68914092,1.86283373
16.10912305,27.39973965,1.42856645
-18.56217250,27.17225753,0.16703870
-18.54474671,27.45521864,0.56831163
0.64688054,30.96563315,1.88951858
-1.66338584,31.14163521,1.84390274
0.63747346,31.17310843,2.36776409
-1.63867367,31.33695113,2.29318783
2.91740743,30.93082942,2.41170698
2.97791040,30.69731547,1.92060636
10.22502869,29.39186008,2.37103829
10.36266376,29.12699714,1.92870847
-10.36769923,30.45499983,1.27590809
-10.29927935,30.57897730,1.76287450
16.83986110,27.09809701,1.69655126
16.86315408,26.82992939,1.22735342
-19.46931228,26.48858010,0.06324156
-19.42326217,26.74303694,0.45051254
-3.87834824,31.19693211,1.82372697
-3.83780280,31.37451072,2.25009335
5.08473542,30.58216803,2.40944289
5.19767563,30.31774235,1.91814248
7.00784063,30.07730224,2.38866177
7.14916341,29.79840627,1.90288071
-6.02902763,31.01980226,1.77016502
-5.97334256,31.17538278,2.19610173
8.73379854,29.70756544,2.37624904
8.88285932,29.43555703,1.90803427
-8.19928341,30.75880471,1.59830243
-8.12725161,30.88716565,2.05176214
17.54920136,26.52099269,1.53269156
17.56614131,26.26994819,1.01861112
-20.34198829,25.81666917,-0.02909882
-20.25176633,26.05757326,0.35282509
-21.65808705,21.85767508,-0.40440548
-21.40591024,22.05402358,0.03973286
18.73024683,22.99791932,0.96838092
18.82621517,22.72610963,0.31608757
17.85617040,25.82391496,1.39118100
17.89159278,25.58528523,0.85625151
-20.67931023,25.05032971,-0.07898761
-20.54209751,25.26958214,0.30083754
-21.43981650,22.74741455,-0.30801268
-21.21315515,22.95976681,0.11582859
18.53296179,23.80477234,1.03696122
18.61318902,23.53953179,0.41316126
18.15574311,25.14281803,1.25058060
18.20905968,24.90944161,0.69679638
-21.03571719,24.27593484,-0.14411228
-20.85678476,24.48378419,0.23894635
18.34247136,24.47030777,1.13817676
18.40878880,24.22467259,0.54864454
-21.22517328,23.50869687,-0.21836689
-21.02232867,23.71485963,0.18461718
6.67290836,13.64929989,-0.68343800
5.07816136,13.74813194,-0.67520108
8.04200312,13.59642462,-0.64794415
-8.12919905,12.96319203,-0.53912769
-6.54772005,13.23231398,-0.39704074
-4.75187323,13.52326834,-0.31094026
3.52147280,13.73439688,-0.64936830
-2.98486984,13.63846893,-0.32787434
-1.28635360,13.74847564,-0.39950115
1.94616268,13.77828369,-0.57902278
-9.74453268,12.61415115,-0.68847010
9.32979876,13.55546679,-0.55121821
-11.39923637,12.40666209,-0.75890869
10.53285925,13.66462409,-0.40479629
0.34547547,13.79579047,-0.48919943
11.71954401,13.83061133,-0.25851730
-13.07355157,12.27684154,-0.75882998
12.90778526,14.11172421,-0.15579277
-14.68820879,12.39744079,-0.76274903
14.15071850,14.42450460,-0.11307345
-16.27031574,12.71006876,-0.82634981
-17.71762682,13.24814126,-0.90560650
15.36891662,14.85301440,-0.11054205
-18.99420767,13.91633277,-0.96019596
16.48702028,15.36131819,-0.12341827
-19.75253274,14.44823256,-1.00828078
17.16362637,15.76453219,-0.15400778
17.79867547,16.15986704,-0.21260775
-20.46018570,14.97097825,-1.06162016
18.33153121,16.62749015,-0.28652350
-21.04714782,15.54867181,-1.11612622
18.85481840,17.06427166,-0.37309505
-21.63146618,16.07953651,-1.16351621
19.24428949,17.77073739,-0.45821316
-22.07361770,16.86847466,-1.21344140
19.61876716,18.46134581,-0.52450355
-22.55096895,17.61558845,-1.24598723
19.64437632,19.20982082,-0.52981599
-22.63352887,18.36727890,-1.22758870
19.66496137,19.95979900,-0.52155017
-22.73357146,19.11075578,-1.18832359
19.44425375,20.80559301,-0.47420694
-22.49963497,19.94635041,-1.08100039
-22.27049985,20.80092930,-0.95578601
19.23204031,21.65279458,-0.41006258
-21.99550638,21.67150311,-0.82005521
18.99077989,22.49409594,-0.31861618
-21.74127003,22.55267556,-0.69430195
18.75588788,23.32551669,-0.19728172
-21.50647008,23.31896128,-0.59451798
18.53608839,24.03025367,-0.06133769
-21.29217855,24.08561392,-0.51401692
18.31977123,24.72776015,0.08918143
-20.88392448,24.86326246,-0.44058376
17.97827708,25.41102335,0.26179449
-17.45384075,27.58775805,-0.10981980
-18.62860714,26.95211977,-0.21691087
-19.56906487,26.29171331,-0.30563266
16.19070076,27.21377475,0.93984217
16.93249043,26.65182661,0.69570903
15.31942343,27.65730421,1.14911529
-20.49251722,25.62507867,-0.39353189
17.63050954,26.09624740,0.43920231
-16.16573008,28.24486482,0.00516872
14.42314785,28.05539322,1.30457295
-14.27277654,29.07175573,0.19997857
13.16057756,28.42910045,1.42595369
-12.42029042,29.87170758,0.45385208
11.89418250,28.74112418,1.47421573
-10.42744568,30.39092997,0.73152306
10.54339284,28.97220222,1.45825008
-8.27444335,30.69562834,1.03372097
9.06835223,29.25863101,1.40758730
-3.92514049,31.08668995,1.31863379
-6.09026435,30.93075406,1.24856651
-1.69571300,31.01302787,1.33048661
3.04704031,30.51964963,1.37747081
5.33103324,30.11024216,1.37897449
7.31966536,29.59416504,1.37870674
0.65428100,30.82121342,1.35570737
7.88754059,13.19648442,-1.43004662
6.45577998,13.28175553,-1.39991074
-7.86373360,12.63409742,-1.19325041
-6.29713379,12.91586288,-1.04900862
4.84928930,13.40588120,-1.33304070
-4.60224499,13.22875000,-0.95659683
-2.96968088,13.35204225,-0.96933852
3.30172738,13.41181202,-1.27506846
-1.38391328,13.47082810,-1.02957114
1.74292364,13.48478897,-1.19035659
-9.52768213,12.26245740,-1.36329185
9.24892147,13.10633855,-1.40290545
0.17899432,13.51903231,-1.10505079
-11.30938511,12.00278751,-1.45185592
10.53185933,13.17096459,-1.30065578
-13.16811388,11.81326087,-1.47240256
11.82202863,13.29911245,-1.18117751
-14.98732179,11.95094806,-1.50238615
13.14687101,13.56189006,-1.09496315
14.52483242,13.88614601,-1.06527005
-16.73592153,12.36476124,-1.58059525
15.82594361,14.35988748,-1.05997659
-18.25344976,13.04047759,-1.62500939
-19.54112792,13.83300918,-1.64157605
16.96574027,14.91002786,-1.07354871
17.63163875,15.32098163,-1.10535194
-20.28847095,14.40328003,-1.67449123
18.26350098,15.71164786,-1.16166985
-20.99867094,14.92884871,-1.71832938
18.79076794,16.18078937,-1.21570093
-21.58494924,15.49650395,-1.75802684
19.31138979,16.62506676,-1.27812714
-22.17291417,16.01488933,-1.79605792
19.67275160,17.36833517,-1.32859382
-22.60956876,16.79052060,-1.82889626
20.01358645,18.10942171,-1.36600360
-23.08100231,17.52214186,-1.85852795
19.99389678,18.91192184,-1.31665468
-23.13366668,18.25770972,-1.80555402
19.97185513,19.71147092,-1.25877526
-23.19736325,18.98382308,-1.74058999
-22.94434054,19.80364392,-1.60032132
19.72865456,20.59598223,-1.17385467
-22.68972524,20.64518062,-1.44321772
19.49461513,21.47567388,-1.07812184
19.23247978,22.34072127,-0.96395249
-22.38524298,21.50596721,-1.27402409
18.97475553,23.18728770,-0.83024073
-22.09704430,22.37679084,-1.11955163
18.72733777,23.91929732,-0.67923602
-21.82568443,23.15854031,-0.99110664
-21.57498155,23.93621072,-0.89067790
18.48298582,24.63406279,-0.51674870
-21.10246673,24.73111866,-0.78848628
18.10163363,25.32468369,-0.31858529
-20.65159112,25.50367747,-0.72924744
17.71880349,26.01048927,-0.11655298
17.01403755,26.55256750,0.16710801
-19.68302934,26.17096276,-0.63978124
-18.71262828,26.81596561,-0.56148329
16.27811896,27.10292107,0.44158199
-17.51957979,27.42829750,-0.45797925
15.42237421,27.54143436,0.69223949
-16.22937135,28.07231592,-0.34358629
14.54756831,27.94123609,0.87794049
-14.31421150,28.94175094,-0.12924547
13.30037907,28.33551944,1.01404455
-12.45478207,29.81049922,0.11550109
12.05273689,28.65633736,1.05575629
-10.46897277,30.38529856,0.31630591
10.71141365,28.87974782,1.02830778
-8.32719329,30.67970802,0.54293156
9.23414184,29.14075349,0.96100510
-3.96294615,31.03059229,0.87080240
-6.13568381,30.88571296,0.77168886
-1.72545427,30.94140269,0.88675683
3.10781587,30.39219531,0.91318859
5.44851837,29.95800640,0.91694928
7.47074843,29.44833548,0.91988239
0.65881830,30.72721404,0.89702317
-7.60882767,12.54372244,-1.78308986
-6.06394217,12.81652418,-1.65039419
-4.46942584,13.13463795,-1.56877156
6.14917679,13.30608969,-1.99704525
4.56838391,13.39508563,-1.89903480
7.61845056,13.24326616,-2.07635544
-2.96895405,13.27025153,-1.58851504
3.05320467,13.38343056,-1.83165520
1.52205837,13.45969925,-1.75010326
-1.49590858,13.41558249,-1.63593238
9.04326563,13.13780385,-2.13095499
-9.30387759,12.19451259,-1.97080758
-0.00197667,13.48743208,-1.68512086
-11.18822946,11.95232125,-2.08539579
10.40094652,13.15607169,-2.11292016
11.80687409,13.22858630,-2.07875887
-13.21364450,11.77016868,-2.13860676
13.30800443,13.44965241,-2.05468242
-15.23267717,11.93440819,-2.18990191
14.84984022,13.76376530,-2.04801517
-17.12313245,12.41611184,-2.27663036
16.24860113,14.23354678,-2.03418119
-18.69089908,13.17690606,-2.30866431
-20.00971734,14.00764735,-2.33173966
17.43010722,14.74263786,-2.04678954
-20.76981063,14.55738103,-2.37388932
18.10303465,15.11154023,-2.07406242
-21.50148079,15.04371661,-2.43076265
18.74364599,15.46704964,-2.12215594
19.26636758,15.92718256,-2.14871331
-22.09841200,15.57512562,-2.46255906
-22.69666631,16.06395543,-2.49909791
19.77303840,16.38728096,-2.18428575
20.09527342,17.17962078,-2.18517310
-23.12658773,16.81029036,-2.50862212
20.39555427,17.97982088,-2.17770336
-23.58727974,17.51729440,-2.53123226
20.34674894,18.81183421,-2.07710360
-23.61976074,18.22310338,-2.44602915
20.29565664,19.63827939,-1.97425319
-23.65462216,18.92101002,-2.35744277
20.04276304,20.54240847,-1.85208682
-23.38671964,19.71429068,-2.18552114
-23.11023437,20.53383859,-1.99847113
19.79628775,21.43854182,-1.72678932
-22.77623568,21.37999345,-1.79095462
19.51769715,22.31533230,-1.58657204
-22.45604283,22.23880170,-1.60209826
19.24115732,23.16905727,-1.43763828
-22.14939836,23.03578592,-1.44058984
18.96759458,23.92437915,-1.27639935
-21.86346040,23.82664994,-1.31596115
18.69456738,24.65511521,-1.10918123
-21.33224087,24.64038746,-1.17713043
18.26966820,25.34795892,-0.90140435
-20.82506645,25.42532959,-1.10023635
17.84497912,26.02734980,-0.69202217
-19.81384058,26.09607975,-0.99940264
17.12006639,26.53754984,-0.39927840
-18.81565898,26.72798433,-0.92484588
16.37981185,27.05466845,-0.11384917
-17.60812180,27.31457537,-0.82377843
15.53747107,27.46473804,0.15490776
-16.31852101,27.94053376,-0.71101203
14.68675658,27.84886182,0.35662144
13.45757635,28.24947517,0.51221875
-14.37424503,28.84613864,-0.45765707
-12.49831365,29.78525379,-0.19373242
12.23112606,28.57018315,0.55420863
-10.51031208,30.42018522,-0.06480976
10.90547382,28.77901129,0.50883701
-8.37683787,30.69978261,0.03577227
9.42973946,29.01240095,0.42460891
-6.18056471,30.86144349,0.24489466
7.65038394,29.29368478,0.38990787
-4.00323247,30.99734851,0.38393724
5.58832642,29.79961492,0.40889808
-1.76036482,30.89091495,0.41136134
3.17933018,30.26197178,0.41024783
0.66159002,30.64188967,0.40178681
-5.86235374,12.96793073,-2.15401126
-4.35520262,13.28520841,-2.10163654
5.82245420,13.62443284,-2.44338418
4.28576099,13.65068281,-2.34826088
7.30436718,13.62578410,-2.53799143
-7.38516689,12.71333696,-2.26288645
-2.97238191,13.43840283,-2.14061407
2.80902701,13.61109764,-2.29402104
1.30973362,13.68467469,-2.22653275
-1.60342911,13.61112941,-2.17353881
-9.09388906,12.41719114,-2.45197315
8.78394022,13.55560566,-2.64968930
-0.17397668,13.70348277,-2.18824975
-11.03890266,12.25822259,-2.57618692
10.20852505,13.57092436,-2.72575772
11.71127444,13.63048521,-2.81307270
-13.18178875,12.15784154,-2.64054829
13.38177265,13.84089536,-2.89350418
-15.36956191,12.34031574,-2.71617429
-17.36475268,12.81997362,-2.86250228
15.08214821,14.14336901,-2.93388742
-18.98058642,13.57546460,-2.94214346
16.57828149,14.54799496,-2.92621120
17.81046434,14.93410753,-2.94491003
-20.35437176,14.35900250,-3.01341548
18.48750412,15.23564537,-2.97097949
-21.14372492,14.85437215,-3.08480728
-21.90885870,15.28766331,-3.17156080
19.11954517,15.55529944,-3.01427356
-22.53332681,15.77416526,-3.21052205
19.61856901,16.01349767,-3.02254668
-23.15814223,16.23061463,-3.25836597
20.08834082,16.50146802,-3.03958732
20.36899792,17.33444652,-3.00013283
-23.60217064,16.93936323,-3.25180539
20.63017645,18.17891294,-2.95663072
-24.07103564,17.61872603,-3.26997776
20.58914853,19.00169859,-2.82453094
-24.10510341,18.28294295,-3.16517586
20.54120676,19.81845662,-2.69497017
-24.12938348,18.94272414,-3.06265980
-23.85463978,19.69506657,-2.86616523
20.31127945,20.70371618,-2.54347239
20.07773320,21.58307471,-2.39542880
-23.55822078,20.48111517,-2.65579822
-23.20038951,21.30097674,-2.42507545
19.80780283,22.44395025,-2.24472175
-22.85206133,22.14027741,-2.21243782
19.53097372,23.28471920,-2.09406527
-22.51116264,22.95125514,-2.02329900
19.24359516,24.05642378,-1.93536997
-22.19019841,23.75705891,-1.87601872
18.94961520,24.80293572,-1.77727619
-21.59962953,24.59409255,-1.69251803
18.48537979,25.50446890,-1.57572701
-21.03440494,25.39594941,-1.58874163
18.01773954,26.18742736,-1.37530356
-19.98394584,26.07170290,-1.46417061
17.27336684,26.67374096,-1.09355561
-18.96043549,26.68985715,-1.38475657
16.52553609,27.14895807,-0.82231812
-17.74195292,27.24411086,-1.27609469
15.69426664,27.49877759,-0.55959151
-16.46085750,27.84399734,-1.16464523
14.87052684,27.83253371,-0.36320735
-14.48181850,28.77514976,-0.88192337
13.67146097,28.19959491,-0.22346907
-12.57533675,29.79225568,-0.57226410
12.48521213,28.49302739,-0.20671501
-10.57384514,30.50580794,-0.49753725
11.18771334,28.67396496,-0.27337119
-8.44379168,30.77849712,-0.54350373
9.71778673,28.87657094,-0.36203590
-6.23850443,30.88278512,-0.41124734
7.92225595,29.12753189,-0.35881800
-4.05598083,31.00369403,-0.24185979
5.80439516,29.62698750,-0.26897325
-1.80862263,30.87189616,-0.20580029
3.29000582,30.11724291,-0.24980740
0.66484827,30.56164186,-0.25637604
5.48730008,14.10387215,-2.83943269
4.00248777,14.06214486,-2.76670212
-7.18037581,13.08361319,-2.71108299
-5.67621592,13.31162211,-2.64059940
-4.25136917,13.62316850,-2.62454757
6.96728509,14.18314675,-2.92003942
2.56484976,13.99643963,-2.73615735
-2.97798933,13.79134264,-2.68278139
8.50123929,14.17138973,-3.05223918
-8.89839492,12.86297160,-2.87529393
-1.70837222,13.98393296,-2.70366199
1.09753444,14.07177525,-2.69120677
-0.34455565,14.08722342,-2.68516983
10.01020124,14.20005368,-3.19131743
-10.87814923,12.82087015,-2.96927486
-13.08743555,12.83284444,-2.99615495
11.60847564,14.26271205,-3.37431957
-15.40282626,13.01363334,-3.09242435
13.40405515,14.49593452,-3.54732473
15.19870220,14.82372596,-3.64622041
-17.46779618,13.43901968,-3.34269795
-19.12582484,14.14039864,-3.51132799
16.74906119,15.18248623,-3.68831427
17.99449668,15.46739229,-3.75267348
-20.57000132,14.84468183,-3.65335953
-21.39782999,15.27786921,-3.75687221
18.63980285,15.72920583,-3.78523208
19.21938158,16.04706287,-3.82168176
-22.20333789,15.65857089,-3.87535468
-22.86558762,16.09969967,-3.92944056
19.67013990,16.52225795,-3.80557546
-23.52197501,16.52712539,-3.99046393
20.08516959,17.04490267,-3.79378039
-23.98864146,17.19424993,-3.97339156
20.34158466,17.88773222,-3.70808077
20.58148345,18.73394691,-3.62519065
-24.46657329,17.84563930,-3.98603040
20.58338901,19.50413455,-3.47016260
-24.51657527,18.46141219,-3.87015388
20.56995349,20.26943704,-3.32249501
-24.54319261,19.07896540,-3.75705748
20.40190839,21.09586668,-3.15736192
-24.28770057,19.78145501,-3.55261238
-23.99143695,20.52367030,-3.33492574
20.21481304,21.92115909,-3.00115937
-23.61923880,21.30728216,-3.09284069
19.98040381,22.73222408,-2.84750973
-23.24633242,22.12047390,-2.86669989
19.72475746,23.53108314,-2.70060177
-22.86722518,22.94288403,-2.65813152
19.43962473,24.29887104,-2.55163816
-22.50805712,23.76424483,-2.49220115
19.13655823,25.04813546,-2.40891964
-21.85355682,24.62546838,-2.26723141
18.64872117,25.75670019,-2.22534014
-21.23352512,25.44744223,-2.12635612
18.14867692,26.45060245,-2.04322255
17.40044425,26.94075256,-1.78995321
-20.15593937,26.13011056,-1.96131647
-19.12107132,26.73874016,-1.85393274
16.65545933,27.40287589,-1.54642772
-17.90316092,27.25882541,-1.72295900
15.84505776,27.71138624,-1.30793937
-16.64275986,27.82778244,-1.61089966
15.05399329,27.99429427,-1.13463866
-14.63696427,28.76116185,-1.33596595
13.88649809,28.30143172,-1.01894403
-12.68375163,29.83181463,-0.94876490
12.73847912,28.54013094,-1.01561410
-10.65652881,30.61630366,-0.86750059
11.46856883,28.67282408,-1.08153833
-8.52089667,30.90297303,-0.97061410
9.99987863,28.83566448,-1.14466390
-6.29477951,30.97870083,-0.90844257
8.19042760,29.04966258,-1.09202915
-4.09523331,31.07731912,-0.75681153
6.02850884,29.53458844,-0.90912185
-1.83680928,30.91150910,-0.73451688
3.42019251,30.03233124,-0.84479011
0.69051115,30.53251682,-0.83272991
-5.56075719,13.64035761,-3.00927724
-4.19082078,13.94834242,-3.02173475
-7.05395761,13.43791479,-3.05096023
6.72901744,14.63150104,-3.19788919
5.25962876,14.49921622,-3.13480307
3.80960608,14.41947070,-3.08599220
-2.98709612,14.13096198,-3.09476149
2.39612995,14.34449882,-3.07726410
0.95265120,14.42145494,-3.04670602
-0.45822942,14.43498111,-3.06050913
-1.77881790,14.33233273,-3.10443605
-8.78178613,13.28203802,-3.18910672
8.29420048,14.66509777,-3.32793394
-10.77476403,13.33051412,-3.25024461
9.86706487,14.71038104,-3.49149419
11.53271981,14.77723929,-3.71556915
-12.99712346,13.42660196,-3.23536798
-15.36705582,13.59510860,-3.33909496
13.38454074,15.02899102,-3.91675905
-17.45321267,13.96771825,-3.65912746
15.20083877,15.39656164,-4.04172196
16.75272696,15.76913799,-4.13194096
-19.13275617,14.62014357,-3.88459678
-20.63359165,15.25928110,-4.07364077
17.96719840,16.04162475,-4.24351159
18.57012773,16.30854013,-4.28958922
-21.48945453,15.65037029,-4.20164089
19.10100531,16.64400319,-4.32584996
-22.32139862,15.99938410,-4.34481480
-23.01132654,16.41162173,-4.41319856
19.52205000,17.12764657,-4.29412263
19.90829188,17.65910467,-4.26209895
-23.69087559,16.82106989,-4.48542394
-24.17866438,17.45791125,-4.47272257
20.16675381,18.48136631,-4.15050200
20.40787357,19.29894842,-4.04644836
-24.66511638,18.08740608,-4.48925700
20.44783941,20.01852086,-3.88151242
-24.73361635,18.66956844,-4.37346178
20.46644913,20.73328678,-3.72660212
-24.76862024,19.25805135,-4.25836937
-24.54193559,19.92647962,-4.05566174
20.35203849,21.50493620,-3.55627258
20.20786002,22.27774035,-3.39794772
-24.26278225,20.63584867,-3.84024276
20.00933730,23.04067589,-3.24751102
-23.89910559,21.38827290,-3.60242578
-23.52290464,22.17699302,-3.37762116
19.77855173,23.79684003,-3.10829694
19.50245780,24.55164794,-2.97046931
-23.12246589,23.00483839,-3.16341055
-22.73735243,23.83776181,-2.98928310
19.19900676,25.29535448,-2.84291826
-22.03534222,24.71531057,-2.74459243
18.70165410,26.00772365,-2.67988309
6.50668229,15.09327700,-3.54116406
5.05049306,14.92922258,-3.50009269
3.63658661,14.81846275,-3.46499918
-6.96709590,13.85716483,-3.48015230
-5.48174701,14.04375229,-3.46750286
-4.16107970,14.34519386,-3.48867988
-21.37675558,25.55377428,-2.57593762
-1.84357794,14.75207632,-3.56027582
-0.55758023,14.85385348,-3.49677186
0.82639241,14.82923244,-3.45593104
18.18458213,26.71329380,-2.52033821
-3.00978378,14.53770225,-3.55762121
2.24886170,14.73818257,-3.46637544
-8.71075440,13.75449904,-3.58713689
8.09544434,15.15700831,-3.65495064
-20.28876706,26.24308226,-2.37464556
17.44223210,27.22038048,-2.30562269
-10.71033476,13.87234214,-3.61198889
9.72654440,15.21541418,-3.81925303
11.44589581,15.28474320,-4.04585763
-12.91745182,14.02796260,-3.55303350
13.31852005,15.55941154,-4.23368661
-15.29235475,14.17831539,-3.65176239
-19.25869239,26.84753145,-2.23044107
16.70723858,27.69079461,-2.09922676
15.12967140,15.97862634,-4.36621066
-17.36465089,14.50275342,-3.99739559
16.66159577,16.40508219,-4.50265946
-19.05312569,15.11126532,-4.24691241
-18.05151911,27.34176500,-2.07075195
15.92133728,27.98864938,-1.89660393
-16.81575936,27.88341511,-1.94855020
15.16183919,28.24805613,-1.74757961
17.82710006,16.71256592,-4.66125106
-20.60715757,15.69042982,-4.47173166
14.02448411,28.51460667,-1.64324832
-14.80127539,28.80180107,-1.71162147
-21.48637345,16.03929616,-4.60974268
18.39199282,16.98427254,-4.71367795
-12.80225354,29.88463700,-1.26919554
12.90584784,28.70777345,-1.62591110
18.89029687,17.32179717,-4.74509358
-22.33836785,16.35897305,-4.76226808
-10.73846777,30.71952814,-1.12253003
11.65032517,28.79432402,-1.65014957
-23.05380474,16.75708048,-4.85023168
19.29225441,17.81487337,-4.71088175
19.66363663,18.35002050,-4.67156345
-23.75756053,17.15928679,-4.94154211
19.94025600,19.11995886,-4.53268940
-24.26522764,17.76281477,-4.92540404
-8.58422024,31.03579412,-1.20467121
10.17495062,28.91942302,-1.66462200
-6.33159986,31.11100320,-1.17947987
8.36055988,29.09059674,-1.59470682
-4.10898443,31.19402362,-1.06575207
6.18893821,29.54673510,-1.37167087
20.19551109,19.88133335,-4.40535173
-24.75642725,18.36703568,-4.93294849
0.74091221,30.56467861,-1.19623171
3.53738238,30.03327582,-1.24929924
-1.83216791,30.99468036,-1.06675352
20.25987266,20.56722812,-4.24173999
-24.84319235,18.93093860,-4.82899126
20.30016952,21.24576123,-4.08971428
-24.88844557,19.50397944,-4.72289794
20.23198580,21.96486992,-3.91548173
-24.69600240,20.14552460,-4.52788963
20.12671815,22.68571750,-3.75609700
-24.44439579,20.82673801,-4.32114521
19.96189242,23.39806874,-3.60703208
-24.10176332,21.54909332,-4.09159513
19.75568138,24.10816610,-3.47310802
-23.73618791,22.31154698,-3.87170286
-23.32614001,23.14334454,-3.65582955
19.48933664,24.84693970,-3.34460905
-22.92629062,23.98658004,-3.47517959
19.18791537,25.58251343,-3.22971333
-22.19043776,24.87780582,-3.22277435
18.68364887,26.29997791,-3.08689911
-21.50742855,25.73202858,-3.03208478
18.15334103,27.02115854,-2.95133327
17.41835907,27.55225804,-2.77767365
-20.42506083,26.42449952,-2.79875427
-19.41324626,27.02469427,-2.61175308
16.69592262,28.04364242,-2.61435275
-18.22266964,27.49316451,-2.41610991
15.93557603,28.34967987,-2.45545281
-17.01347907,28.00473054,-2.27093064
15.20773358,28.60504147,-2.33233596
-14.99327385,28.89805124,-2.06628285
14.09851174,28.85161821,-2.22244517
-12.94536864,29.96332833,-1.59153102
13.00471360,29.01363977,-2.16314115
-10.82780654,30.84230579,-1.34152896
11.76346868,29.06482422,-2.12766943
-8.64259006,31.20346539,-1.37510650
10.28686766,29.15832229,-2.07773235
8.47545405,29.28302204,-1.97868276
-6.35563443,31.29091766,-1.36495551
-4.10281950,31.36648190,-1.28362986
6.31294278,29.69133086,-1.73489024
0.81511289,30.68192328,-1.46583179
-1.80056009,31.14200792,-1.31132222
3.65335363,30.14447251,-1.56182975
5.37870659,14.67740762,0.81601015
6.91539725,14.58388692,0.94071341
8.16353350,14.63204349,1.10320230
-5.08585834,14.23989517,1.02362568
-7.03688392,13.95449953,1.00428745
-8.62635783,13.83632079,0.92779777
9.34235834,14.67614137,1.27806619
-10.13795436,13.69559428,0.85921445
-11.58229257,13.63669408,0.85558096
10.46611373,14.76050702,1.43771194
-3.10258577,14.41123668,0.97821211
3.83543627,14.66985322,0.74700663
11.55783961,14.90016359,1.56444278
-12.97262583,13.64209929,0.90715383
12.57580518,15.22722908,1.64946027
-14.26025191,13.82471274,0.92662977
-1.19740686,14.48950465,0.88638807
2.24458371,14.60497580,0.74291887
-15.53750388,14.04163029,0.88842715
13.61132402,15.57078475,1.69064311
0.57441537,14.52805527,0.79494766
14.65772280,15.94029113,1.69290812
-16.78773974,14.34993237,0.80082909
-17.98504508,14.73462067,0.68395981
15.68078627,16.35070507,1.67169221
-18.72350903,15.13089250,0.57336139
16.32595434,16.75859492,1.65232090
16.94146166,17.17880246,1.62237207
-19.41239434,15.56317606,0.45933891
-20.06156934,16.01930574,0.34739359
17.53358343,17.59725738,1.57719615
18.11081494,17.99938424,1.51571794
-20.69138434,16.47942159,0.24616137
-20.96507505,17.25293338,0.13501279
18.39989126,18.71869970,1.44984756
18.68804219,19.41544790,1.37911890
-21.25153882,18.02925850,0.06443631
-21.56616584,18.79524563,0.03603348
18.97194282,20.09523626,1.31702090
19.24754283,20.76150497,1.27248105
-21.92118712,19.54645691,0.04424032
-21.67200586,20.36720908,0.08791481
19.03906226,21.51707208,1.23407357
0.62744998,31.22020023,2.50526146
-1.63934593,31.33694570,2.42304925
2.87457072,30.93959102,2.54976525
5.00918087,30.55596542,2.54585919
-3.83516301,31.32729914,2.37605113
-16.00174632,28.85424386,1.02786237
-17.26349630,28.16228849,0.86958564
-14.13114335,29.53705343,1.24728625
12.82937515,28.85907588,2.39634183
14.13171789,28.54641280,2.27082522
15.06343375,28.12249021,2.13992285
-12.25904644,30.15208008,1.55385423
11.50667860,29.12876623,2.47599282
6.94582892,30.11797558,2.53366574
-5.95950150,31.18101684,2.32124497
-10.23704663,30.57222291,1.91119384
10.14611897,29.42488452,2.50740896
-8.10354265,30.94295845,2.17902089
8.69052417,29.81380043,2.52347022
18.83455695,22.28864565,1.20931894
-21.43681877,21.21780784,0.15095097
-18.36517387,27.43375447,0.72324527
15.95196826,27.63499303,1.99369264
16.78557451,27.12734365,1.84227741
-19.32864907,26.76288519,0.59562856
-20.23668880,26.14790750,0.49285010
17.55723797,26.62869507,1.70137775
18.63510920,23.07499534,1.21288157
-21.22250273,22.09605522,0.21961681
-20.39930900,25.34993602,0.46016298
17.78044862,25.91957684,1.58519501
-20.58329618,24.55151479,0.41557713
17.99884878,25.22511348,1.46736795
-21.03323174,23.00113820,0.28070604
18.44006811,23.87306441,1.25347943
18.21767746,24.54350098,1.35481742
-20.79436931,23.76624304,0.35592169
-4.16846813,14.63415411,-3.73217913
-3.03334502,14.91368824,-3.76996574
3.56252283,15.08583455,-3.65783485
2.17840246,15.09042861,-3.64003561
0.76875515,15.13587928,-3.65421028
-1.87379628,15.07105630,-3.78005687
-0.59759079,15.11194970,-3.72138433
4.96234852,15.12092120,-3.71197547
-5.46723987,14.24512009,-3.73990450
6.40091303,15.33242053,-3.72994746
-6.94001257,14.10822042,-3.72755723
7.98960587,15.44461567,-3.81790196
-8.67486770,14.06794349,-3.79914715
-10.67996602,14.15038051,-3.82770742
9.65011565,15.46652759,-3.98644047
11.38762257,15.49838007,-4.21444566
-12.88930182,14.26849899,-3.77264029
-15.21270905,14.46322843,-3.83594157
13.25011778,15.81950673,-4.37284335
15.04202779,16.29401475,-4.49403421
-17.24928440,14.80681193,-4.14199630
16.57501285,16.71739907,-4.65539005
-18.96614270,15.34906041,-4.40730288
-20.55969033,15.86973021,-4.65352435
17.73387670,17.01341718,-4.83919164
18.26029623,17.33996089,-4.86808550
-21.38681852,16.25431508,-4.75766549
18.72913303,17.71809137,-4.87513522
-22.19184738,16.60522635,-4.88032550
-22.97670179,16.94917127,-5.00770481
19.15516346,18.15633222,-4.86447569
-23.74484284,17.30884630,-5.13251568
19.54904378,18.64281223,-4.84411806
-24.07507802,17.88513859,-5.05804410
19.74983954,19.36152821,-4.67430635
19.92836334,20.07352051,-4.51737259
-24.37927652,18.45996200,-4.99496654
20.08411636,20.77278287,-4.37318995
-24.65394200,19.03713571,-4.94389096
20.21670163,21.45499952,-4.24128244
-24.89295920,19.61947984,-4.90206776
-24.69759357,20.24840753,-4.70324388
20.15734820,22.14874979,-4.06204025
20.05830484,22.84567038,-3.89868980
-24.43946216,20.91879127,-4.49225149
-24.13661622,21.63129903,-4.27817390
19.91756853,23.54307693,-3.75179878
-23.80882095,22.38007176,-4.07267723
19.73353849,24.23767365,-3.62155490
-23.20839129,23.23407306,-3.78888993
19.38828006,24.95419591,-3.47775894
-22.61982009,24.11322582,-3.55081949
18.99935087,25.68138818,-3.34631107
-22.06472625,24.98122890,-3.36231023
18.57705763,26.41421537,-3.22611610
-21.56135047,25.81237228,-3.21310878
18.13289927,27.14868307,-3.11745567
-20.38742637,26.46032553,-2.95278390
17.36817905,27.62468263,-2.95134741
-19.27816561,27.01605582,-2.74062059
16.61650338,28.05607215,-2.79582422
-18.19740216,27.52839494,-2.54637711
15.89622215,28.43701364,-2.65996406
-17.11077674,28.06547869,-2.39426010
15.21449105,28.76873876,-2.55167446
-15.03955476,28.93113470,-2.20501577
14.09798696,28.97052273,-2.43925434
-12.93529390,29.97234371,-1.73868880
12.98665542,29.08009599,-2.36878405
-10.83574858,30.86954014,-1.43782924
11.76376866,29.16265345,-2.30468310
-8.66960515,31.27331304,-1.43023282
10.31667992,29.28654149,-2.21650384
8.46833006,29.31553993,-2.13235834
-6.36582826,31.30849537,-1.44922079
-4.10147104,31.31360718,-1.41494533
6.25478607,29.62715650,-1.92422919
-1.78775689,31.12869465,-1.43053717
3.63662833,30.12738810,-1.70930232
0.83863721,30.72537670,-1.56263335
