1.29463470,14.20034720,0.42271278
0.64437100,14.20991969,0.44867690
1.31300026,14.07023139,0.63982880
0.65766657,14.07927360,0.66341457
-0.01365583,14.22417427,0.48170728
-0.00533088,14.09422437,0.69375606
-0.69045956,14.23914369,0.52242071
-0.68709041,14.11073191,0.73124568
-1.39862421,14.24928832,0.57098206
-1.40040336,14.12346417,0.77595093
-3.60653942,30.18697180,1.78824314
-2.81558992,30.31267950,1.79909194
-3.60821745,30.14892049,1.97656338
-2.81386782,30.27587193,1.98558867
-2.06972431,30.45368225,1.81541281
-2.06488144,30.41814654,1.99967651
-1.35201966,30.61316006,1.84048941
-1.34431056,30.57871268,2.02230117
-0.64551122,30.79325774,1.87673317
-0.63518017,30.75951284,2.05585730
-2.03961511,14.41050106,0.60754894
-2.04634389,14.28560826,0.81476512
-2.71716982,14.55319191,0.64729689
-2.72914570,14.42996594,0.85630465
-3.44244857,14.67171684,0.68911437
-3.45999530,14.55033188,0.89891404
-4.22786675,14.75868678,0.72971607
-4.25119507,14.63925391,0.93880873
-6.78197652,28.61083572,1.72510514
-5.87606746,28.99273822,1.72409913
-6.80684296,28.57832635,1.94382252
-5.89435291,28.95736174,1.93966478
-5.05897043,29.37926490,1.73394179
-5.07117155,29.34220491,1.94252251
-4.30835981,29.77486362,1.75575446
-4.31500526,29.73710041,1.95499872
-4.96838025,15.21505482,0.83594931
-4.99881349,15.09548908,1.06159424
-5.76989712,15.62074898,0.91755617
-5.80728577,15.50077991,1.15663161
-6.64406358,15.97366624,0.96755344
-6.68784701,15.85364733,1.21398248
-7.60200405,16.27260616,0.97904468
-7.65145999,16.15336498,1.22437841
-8.25343554,16.62962836,0.96588536
-8.30385117,16.51541836,1.21367308
-8.95173350,16.95617947,0.93438511
-9.00214961,16.84864809,1.17865748
-9.70484293,17.24754938,0.88980341
-9.75392050,17.14809265,1.12528155
-10.52390667,17.50070854,0.83363180
-10.57005263,17.41028963,1.05681794
-10.11401919,27.20254143,1.43599686
-9.14337547,27.53927157,1.52832821
-10.13539212,27.16819369,1.65115860
-9.16828283,27.50564648,1.74856660
-8.27346392,27.88841146,1.59807235
-8.29963659,27.85490167,1.82079282
-7.49116296,28.24668502,1.65977217
-7.51712538,28.21330523,1.88210859
-10.81342434,18.52054951,0.82253082
-10.86631970,18.43203375,1.05511017
-11.17064296,19.45014530,0.84156919
-11.22757551,19.36800154,1.07200906
-11.60113571,20.29052613,0.90110831
-11.66076955,20.21752248,1.12051916
-12.10825282,21.06346110,0.96586436
-12.16998488,21.00060409,1.17012479
-11.67987059,22.12707144,1.06885238
-11.73787405,22.07542585,1.28016236
-11.33077448,23.07620175,1.13928933
-11.38511832,23.03465348,1.35645989
-11.04839657,23.94421699,1.14928463
-11.09880289,23.91000738,1.37302295
-10.83133929,24.76001527,1.10002128
-10.87732129,24.73001448,1.33060723
-10.59140946,25.36917870,1.20864413
-10.63245961,25.33976797,1.43810041
-10.39415927,25.97151380,1.29657907
-10.42952703,25.94173408,1.52294927
-10.23604926,26.57846735,1.37039060
-10.26478797,26.54705177,1.59189621
1.27466005,14.33332922,0.19533415
0.62913410,14.34312564,0.22374645
-0.02426713,14.35614152,0.26001522
-0.69647218,14.36832439,0.30455555
-1.39991569,14.37483285,0.35758406
-3.60822294,30.23268949,1.60060365
-2.81992882,30.35631325,1.61383799
-2.07651898,30.49562999,1.63257618
-1.36107049,30.65372170,1.66009864
-0.65669078,30.83285129,1.69852172
-2.03634115,14.53410240,0.39202101
-2.70900339,14.67408508,0.43049258
-3.42905773,14.78945076,0.47171107
-4.20897099,14.87324979,0.51322492
-6.76387518,28.65282457,1.50149845
-5.86370168,29.03744751,1.50565766
-5.05192887,29.42513627,1.52407546
-4.30595791,29.82104507,1.55652045
-4.94274832,15.32857681,0.60250507
-5.73739497,15.73361984,0.66999900
-6.60535031,16.08593519,0.71199159
-7.55771909,16.38339221,0.72462042
-8.20841406,16.73501769,0.70987588
-8.90702989,17.05493828,0.68258937
-9.66189043,17.33879520,0.64733533
-10.48430955,17.58324925,0.60437110
-10.10004121,27.24406339,1.21324929
-9.12616051,27.58088378,1.30035593
-8.25469140,27.93078262,1.36798853
-7.47233902,28.28932163,1.43151600
-10.76817594,18.60150939,0.58357307
-11.12214629,19.52585323,0.60451148
-11.55051388,20.35845110,0.67436380
-12.05542815,21.12277133,0.75388425
-11.63092358,22.17620866,0.84799005
-11.28523311,23.11678384,0.91067944
-11.00675635,23.97886343,0.91280879
-10.79414397,24.79230218,0.85743749
-10.55875521,25.40214947,0.96759483
-10.36680562,26.00610188,1.05932447
-10.21494907,26.61581676,1.13909414
1.97954731,14.01344524,0.63817215
1.95638743,14.13894886,0.42098687
2.66273693,13.97020074,0.64477642
2.63477578,14.09007248,0.42774992
3.37391886,13.94432744,0.66223436
3.34115141,14.05782479,0.44591321
4.12577296,13.94072134,0.69364905
4.08833927,14.04700206,0.47857422
2.32646645,31.16560940,2.12056902
1.54851163,31.02989773,2.08795145
2.30656157,31.20255353,1.93470932
1.53122539,31.06575417,1.90328345
0.80621402,30.91789840,2.06595403
0.79128794,30.95281187,1.88318587
0.08316579,30.82830643,2.05575820
0.07050501,30.86249450,1.87469992
4.76742980,14.11430600,0.73031395
4.72510544,14.21748563,0.51237360
5.44956205,14.30283693,0.78229456
5.40228800,14.40274189,0.56247534
6.18413087,14.50774974,0.85472219
6.13195802,14.60440151,0.63543648
6.98504010,14.72950642,0.95101063
6.92794678,14.82327405,0.73539086
5.64397595,30.39361153,2.28938410
4.70349627,30.57257875,2.23685033
5.60559304,30.42712276,2.07118654
4.67120458,30.60844837,2.02209651
3.85437350,30.76170530,2.18646731
3.82727778,30.79872983,1.97915904
3.06949550,30.95858253,2.14596974
3.04648819,30.99576924,1.94871258
7.60292408,15.36641322,1.14605008
7.54014377,15.46157215,0.92647322
8.28347816,16.01128386,1.33189060
8.21532139,16.10788112,1.11177883
9.04443367,16.66355952,1.50143512
8.97155821,16.76173421,1.28432588
9.90751744,17.31563825,1.64525949
9.83119754,17.41500443,1.43366633
10.43716869,17.93051268,1.73072001
10.36420639,18.02788522,1.51766061
11.03067598,18.52620110,1.79315864
10.96302328,18.61990079,1.57966596
11.69998821,19.09462865,1.83209282
11.63999458,19.18286914,1.61929759
12.46060261,19.62766931,1.84371082
12.41086246,19.70930851,1.63220022
9.21976210,29.61594689,2.23806269
8.16665663,29.75553954,2.24033499
9.18003635,29.65260159,2.03019464
8.12430158,29.79084770,2.02357092
7.23346127,29.94343453,2.24863991
7.19109466,29.97847667,2.02734184
6.39869075,30.16043413,2.26600478
6.35778719,30.19501318,2.04421019
12.43597481,20.75737254,1.90008926
12.38470742,20.83743368,1.67197052
12.53861545,21.81196025,1.95693828
12.48894954,21.88731848,1.72058881
12.75738443,22.79778073,2.02848322
12.70918692,22.86682230,1.79350773
13.08245100,23.73431458,2.10617976
13.03375135,23.79649863,1.87980994
12.33669680,24.70316326,2.11682727
12.29011786,24.75684120,1.87944813
11.69476439,25.57028150,2.08221754
11.64795587,25.61465858,1.83912706
11.14674174,26.37901715,2.02758572
11.09859165,26.41521606,1.78385257
10.68255865,27.16774144,1.96263331
10.63214257,27.19764160,1.72268514
10.24835182,27.73712342,2.05661341
10.19983031,27.76572844,1.82334257
9.86458872,28.32863306,2.13550905
9.81829113,28.35775322,1.91015805
9.52364957,28.95169522,2.19650592
9.48032042,28.98349179,1.97975537
1.93198609,14.26744020,0.19325775
2.60590548,14.21261021,0.20046534
3.30793005,14.17337467,0.21949898
4.05083454,14.15502080,0.25359563
2.28737841,31.24507424,1.74938208
1.51434527,31.10714007,1.71973799
0.77638074,30.99326764,1.70142972
0.05745800,30.90220738,1.69484333
4.68302366,14.32237007,0.28363047
5.35563507,14.50425882,0.33175809
6.08081252,14.70240271,0.40474236
6.87245443,14.91802114,0.50795103
5.56900969,30.46731834,1.84942002
4.64064215,30.65110337,1.80508643
3.80163480,30.84204994,1.77085289
3.02461517,31.03896707,1.75152943
7.47916869,15.55856404,0.69303753
8.14897413,16.20673652,0.87613365
8.90078165,16.86207848,1.05017861
9.75767467,17.51606318,1.20471611
10.29418401,18.12655847,1.28712150
10.89897809,18.71449438,1.34877918
11.58445531,19.27166635,1.38960902
12.36641525,19.79058331,1.40535484
9.14212228,29.69421461,1.81903199
8.08388067,29.83184740,1.80306536
7.15044228,30.01964186,1.80193032
6.31874436,30.23607609,1.81883334
12.33973923,20.91733893,1.42715358
12.44616809,21.96292258,1.46889039
12.66820923,22.93650976,1.54452583
12.99201573,23.86007279,1.64158877
12.24990357,24.81262516,1.63135848
11.60677460,25.66150662,1.58714040
11.05518913,26.45404645,1.53311494
10.58567597,27.23070592,1.47796092
10.15475351,27.79781140,1.58510109
9.77487803,28.39075676,1.67985180
9.43930485,29.01963486,1.75847624
0.22533289,18.02150504,-9.47265914
-0.55852820,17.85143931,-9.49645786
0.18142162,18.08129020,-9.22232074
-0.59562102,17.91463726,-9.24202459
-1.31633786,17.64136044,-9.52527278
-1.34686337,17.70732452,-9.26749242
-2.05633853,17.40770292,-9.56041888
-2.08016714,17.46998856,-9.30027726
-2.78413507,17.14801678,-9.57437530
-2.80247231,17.20052144,-9.31343066
0.96771026,18.29820151,-9.20277091
1.01899103,18.24071495,-9.45290854
1.79064025,18.47296508,-9.19581348
1.85011262,18.41763961,-9.44658859
2.65652276,18.61167109,-9.19965674
2.72244515,18.56401739,-9.44968161
3.57127567,18.70710451,-9.20753509
3.64058992,18.67204294,-9.45559169
-0.48583306,32.81050551,-8.60948911
-1.38287939,32.40636050,-8.59512575
-0.49373171,32.80010911,-8.38582585
-1.38803491,32.38973253,-8.36986716
-2.29553029,32.09475591,-8.62128493
-2.29693935,32.07485834,-8.39787306
-3.23842334,31.84490071,-8.66914970
-3.23724436,31.83211678,-8.45376814
-4.23528120,31.67177220,-8.75174238
-4.23102617,31.66835483,-8.54766265
0.39588781,32.85993704,-8.36963329
0.40773860,32.88183646,-8.59824763
1.27442115,32.99462119,-8.36776248
1.29175973,33.02426889,-8.59937067
2.16200887,33.18285501,-8.38878122
2.18441997,33.20940075,-8.61633276
3.08582968,33.42979040,-8.43820450
3.11440889,33.45000757,-8.65743444
-3.47096094,17.16568312,-9.54850742
-3.48536053,17.20714584,-9.27790044
-4.14167690,17.16457045,-9.51395442
-4.15374137,17.18933655,-9.23993006
-4.80320926,17.14480938,-9.48201990
-4.81521362,17.14983437,-9.20682107
-5.47510559,17.07084317,-9.44405874
-5.48719347,17.06331478,-9.16995600
4.34522699,19.04699759,-9.17253633
4.41474471,19.02580296,-9.42773288
5.15246345,19.35074092,-9.14047090
5.21786471,19.34690136,-9.39987315
6.00040324,19.61600415,-9.12577371
6.05771568,19.63205356,-9.38844716
6.91374160,19.81617582,-9.12625187
6.96702645,19.84358656,-9.39208628
-5.17012147,31.16050284,-8.76041171
-5.15868995,31.15450281,-8.55925535
-6.14391318,30.69522941,-8.76783121
-6.12505303,30.69419314,-8.57130611
-7.17577596,30.28263805,-8.75220806
-7.15421770,30.28796490,-8.56301682
-8.30785914,29.91596414,-8.74317122
-8.27651804,29.92678041,-8.56433637
3.94564706,33.26176795,-8.39639430
3.98779113,33.28753930,-8.61733612
4.84767249,33.11438139,-8.35643777
4.90586999,33.13796609,-8.57879456
5.82844442,32.98711731,-8.30693006
5.90032722,33.00540489,-8.52664161
6.93645081,32.86148497,-8.27095113
7.03162458,32.87870399,-8.48271847
-6.16425173,17.12061890,-9.40365215
-6.17342272,17.11523827,-9.13007664
-6.86159365,17.15735190,-9.39837340
-6.86591984,17.15958077,-9.12998261
-7.59655891,17.17060141,-9.42034168
-7.59556372,17.17673921,-9.16401139
-8.37433714,17.19405421,-9.45334145
-8.36973597,17.19954583,-9.21257065
7.81696991,20.14714167,-9.12193424
7.87770228,20.16858074,-9.39772860
8.77151172,20.44763246,-9.15487476
8.84527708,20.45632946,-9.43986981
9.81774386,20.69964424,-9.21974295
9.90375607,20.69643233,-9.50489865
10.94439987,20.92644992,-9.26554201
11.03769244,20.91614711,-9.54285793
-10.64063734,28.34179674,-8.88253583
-9.99599123,28.72828572,-8.80425960
-10.66323419,28.32738080,-8.71164803
-9.99939684,28.71736321,-8.62883667
-9.41488373,29.11230724,-8.75973285
-9.39864982,29.10501566,-8.58160753
-8.85631812,29.50419945,-8.74046051
-8.82770849,29.50743255,-8.56077906
9.80671187,31.57062332,-8.28848164
8.93031809,31.88245828,-8.22944471
9.87857884,31.62104527,-8.51014022
9.01680329,31.92639947,-8.45413981
8.19042128,32.20141986,-8.21330790
8.28926784,32.23968106,-8.43695771
7.53364812,32.52853814,-8.23029414
7.63635838,32.55521585,-8.44911659
-8.76946814,17.45881161,-9.50485167
-8.76438901,17.46089987,-9.27092149
-9.19913743,17.70882065,-9.56346112
-9.19674521,17.70341541,-9.33802137
-9.63442174,17.97522700,-9.63635557
-9.63434099,17.96093209,-9.42221949
-10.14461810,18.24022484,-9.72502535
-10.14064694,18.21875408,-9.52223479
11.44782597,21.30185394,-9.26396984
11.53922052,21.29209412,-9.54594966
12.01420124,21.64792333,-9.26492046
12.09766315,21.64224289,-9.54789798
12.58775687,21.99227148,-9.27769505
12.66182721,21.99336034,-9.55742921
13.24676376,22.33204838,-9.29529579
13.32143091,22.33821916,-9.56783681
-10.25534228,19.11513023,-9.74272742
-10.23008768,19.10721545,-9.53856063
-10.41459453,19.95777905,-9.75744627
-10.37491931,19.95701980,-9.55357500
-10.56122530,20.81158016,-9.77229228
-10.51529682,20.80975534,-9.57423214
-10.76062842,21.63705104,-9.77091556
-10.71036225,21.62949926,-9.58212755
13.15071054,23.25225856,-9.23824826
13.24986861,23.24764701,-9.52732654
13.13706532,24.09183671,-9.21511735
13.24864551,24.08338165,-9.51304131
13.08571317,24.88948407,-9.20981250
13.19973236,24.88591306,-9.50595747
13.07063008,25.63990462,-9.18244885
13.18583567,25.64627094,-9.46928720
-10.69639761,22.60003216,-9.67065008
-10.64541447,22.57891218,-9.48682329
-10.66058399,23.54534875,-9.55161962
-10.61316487,23.50311434,-9.37381616
-10.68162224,24.36798345,-9.44350334
-10.63728459,24.31768409,-9.27060489
-10.73625231,25.23957759,-9.30380679
-10.69659041,25.16251362,-9.14048914
12.61275646,26.43394425,-9.05421677
12.72843670,26.46162369,-9.34310990
12.14770528,27.18956058,-8.89474918
12.25910837,27.24643297,-9.18119715
11.76625897,27.86594211,-8.76099006
11.88039807,27.93895271,-9.04054014
11.38619085,28.58341047,-8.61874537
11.48722080,28.68835082,-8.88012830
-10.65024784,26.02326399,-9.14782406
-10.61740421,25.94734069,-8.98377921
-10.60482638,26.78505047,-9.02427562
-10.58580476,26.72848313,-8.85503438
-10.60076952,27.53937188,-8.94116983
-10.60252407,27.50289193,-8.76858485
10.83504083,29.25343316,-8.45827769
10.93658235,29.36312542,-8.71342611
10.38223939,29.96406876,-8.34919663
10.48334684,30.05922530,-8.59900522
10.04450366,30.72554255,-8.30072587
10.13371813,30.80056951,-8.54024656
3.05987653,33.41366605,-8.23353372
3.90303124,33.23604011,-8.18684881
4.79117911,33.09414735,-8.14409920
5.75655138,32.96947066,-8.10261689
6.84282628,32.84700117,-8.06361639
3.49176785,18.77060847,-8.96453196
4.26002358,19.09606718,-8.92427688
5.06919262,19.37972088,-8.88901953
5.92593510,19.61907356,-8.86151988
6.83699677,19.81441058,-8.85633715
9.74667477,31.52114737,-8.08343359
8.85635924,31.83789560,-8.01783709
8.09371424,32.16892091,-8.00238472
7.43100772,32.50673874,-8.02312464
10.83188057,20.95432554,-9.00093755
11.34929837,21.31382942,-8.98494084
11.90047136,21.66369737,-8.98318886
12.48681923,22.00647710,-8.99899503
13.11019103,22.34483956,-9.03449075
13.02862314,23.26917800,-8.95858806
12.97784973,24.12099970,-8.92257285
12.95087493,24.90719213,-8.90581356
12.94708977,25.64242192,-8.89520969
-10.09592624,18.22605186,-9.33497516
-10.19041855,19.11876457,-9.34920198
-10.30745607,19.98747224,-9.35914429
-10.46151570,20.82618021,-9.37744103
-10.65785032,21.63425889,-9.39838272
12.48628459,26.42137837,-8.76102280
12.04967284,27.12890718,-8.61936730
11.65677836,27.80106560,-8.48827685
11.31993241,28.46998647,-8.37905023
-10.59419245,22.57549569,-9.30370757
-10.57299391,23.45008171,-9.20601292
-10.59734824,24.27264403,-9.10508202
-10.67212781,25.06175704,-8.99729691
10.76921643,29.14512658,-8.22808963
10.31979741,29.86817811,-8.12547164
9.97855472,30.65764434,-8.07727083
-10.60219366,25.86382638,-8.84197680
-10.58461236,26.65803649,-8.70845664
-10.61444599,27.46575173,-8.60886268
-10.68642243,28.30771963,-8.55653082
-0.50308769,32.80002423,-8.17412317
0.38249793,32.84317756,-8.14814066
1.25677241,32.96535784,-8.15485372
2.14149060,33.15792930,-8.18569776
0.13201900,18.16976952,-8.97361249
0.90971536,18.38430266,-8.95455823
1.72293526,18.55780940,-8.94700726
2.58061711,18.68792872,-8.95010573
-0.63680676,18.00660978,-8.99028619
-1.38033005,17.80422268,-9.01581639
-2.10625616,17.56354275,-9.04128207
-2.82211718,17.28414190,-9.05831529
-1.39459442,32.38010840,-8.15796498
-2.29966722,32.05522471,-8.18750044
-3.23837329,31.81927099,-8.25645038
-4.23025475,31.66782012,-8.35675235
-5.14659720,31.14914155,-8.36804409
-6.10691082,30.69477277,-8.38168449
-7.12847329,30.29309536,-8.38463090
-8.24353727,29.93830134,-8.39086499
-3.49586655,17.28005192,-9.01881689
-4.15970018,17.24472567,-8.97445476
-4.82210421,17.18019832,-8.93114164
-5.49105190,17.08876966,-8.89564690
7.72546885,20.15304975,-8.84481543
8.68167092,20.45200292,-8.87054406
9.71419478,20.71686707,-8.92906991
-6.16827029,17.14587232,-8.86733085
-6.86235004,17.18216294,-8.86821950
-7.58561717,17.20631660,-8.90857992
-8.35183075,17.22962015,-8.99749065
-8.75450307,17.47234066,-9.05211968
-9.17507962,17.71766327,-9.12582270
-9.61972443,17.96808974,-9.21996207
-10.00597259,28.70017275,-8.46624849
-9.37833884,29.10000086,-8.41388902
-8.79353334,29.51131457,-8.39114188
-0.17345141,32.24485602,-0.13493749
-0.93791052,32.15698479,-0.15130818
-0.05470523,31.62118435,0.63045477
-0.78981330,31.50748375,0.62607603
-1.52309526,31.37399129,0.59248940
-1.69205160,32.00904735,-0.17427873
-2.27240444,31.26952690,0.56615594
-2.46181653,31.89824452,-0.19249300
0.59716041,32.37226825,-0.11215809
0.68903713,31.76658999,0.64283388
1.37237314,32.38472726,-0.16580404
1.44379127,31.78351469,0.61385816
-3.00976767,31.04369234,0.49591072
-3.22091440,31.67738867,-0.29092567
2.16745664,32.43143597,-0.20916394
2.22165323,31.82689890,0.59618054
-3.78476478,30.84135184,0.43153897
-4.01834094,31.48558302,-0.38539658
2.94293113,32.24628676,-0.28891661
2.98180652,31.65864537,0.53714277
-4.50848710,30.45580761,0.32190450
-4.75281533,31.07798433,-0.52493897
-5.28479007,30.08359897,0.22241215
-5.53943877,30.68600939,-0.65816732
3.75003757,32.07894009,-0.35277281
3.77955441,31.50191702,0.49489152
4.57876115,31.84933945,-0.42740594
4.60923339,31.28673519,0.44893964
-6.09365426,29.66773935,0.11481011
-6.35201177,30.24131581,-0.81234635
-6.99054870,29.24619646,0.02995374
-7.25094605,29.78632333,-0.95049753
5.48431993,31.61479463,-0.47360768
5.52169500,31.06880369,0.43163903
-7.74790698,28.89547570,-0.04808526
-7.99283270,29.41052860,-1.07011751
6.23589742,31.40594314,-0.50860380
6.29709521,30.87259674,0.41706698
7.08433741,31.20065322,-0.50929323
7.16942356,30.68647598,0.43808943
-8.59109579,28.54485084,-0.10690598
-8.81942959,29.03199471,-1.17149981
7.90786439,30.81306373,-0.54674588
8.00893153,30.33116614,0.41308178
-9.34087796,28.06907064,-0.23054654
-9.54323256,28.50912203,-1.32634556
-10.18132626,27.60329600,-0.33345798
-10.36145280,27.99793233,-1.45070405
8.86660009,30.47364251,-0.53704830
8.97127169,30.02563835,0.43231583
9.34905015,29.79604852,-0.62345550
9.42093366,29.39154665,0.32410196
-10.42495194,26.95711907,-0.49327540
-10.58976182,27.28273873,-1.60591558
-10.71828584,26.32520946,-0.63388049
-10.87604028,26.58828718,-1.72790939
9.89707466,29.18053583,-0.69159261
9.92922802,28.81215058,0.22279546
10.28475317,28.53882519,-0.81413771
10.29295555,28.18362210,0.11956001
-10.85370757,25.66723785,-0.72793619
-11.00333449,25.88510521,-1.86663890
-11.03674109,25.01226992,-0.81449185
-11.18465321,25.18673981,-1.98586395
10.72551846,27.93932568,-0.92513171
10.70670257,27.59242044,0.01800220
-11.20218126,24.18819408,-0.79217223
-11.34904002,24.33492686,-2.00861175
11.21146527,27.18446604,-0.97565668
11.16782399,26.83636181,-0.01129796
-11.42726500,23.33643009,-0.78531309
-11.56624968,23.46550165,-2.02041182
11.76529386,26.42770645,-1.01320801
11.70344502,26.07549706,-0.02756220
-11.64279651,22.42231082,-0.78263588
-11.76204164,22.54872749,-2.03436275
12.32083156,25.59468875,-1.05276634
12.24885998,25.23359301,-0.02049854
12.93115565,24.64901645,-1.09373617
12.86408127,24.28761195,-0.00859972
-11.92164252,21.41821918,-0.79121012
-12.00429933,21.55720182,-2.04154530
12.98763041,23.66945476,-1.24866796
12.90734257,23.33675163,-0.14379228
-11.72352384,20.55231297,-0.90168149
-11.78720758,20.68608915,-2.13565390
-2.65462467,32.47587702,-0.75881940
-1.86011829,32.58628501,-0.73767755
0.50962256,32.94178439,-0.68123583
-0.28801460,32.81781769,-0.69945458
1.31004434,32.93761753,-0.72672865
-3.43158968,32.23732221,-0.84870298
-1.08068695,32.74016760,-0.71340062
2.12735316,32.97566352,-0.76382876
-4.24595686,32.03105014,-0.93626926
13.10637239,22.59502471,-1.37029116
13.03254896,22.30048974,-0.22970878
-11.58712520,19.59348699,-0.96209241
-11.62344721,19.72829300,-2.18664410
2.92238915,32.78921957,-0.84075642
-4.99894742,31.60700369,-1.07872029
3.74504546,32.62668262,-0.90575289
-5.80330673,31.19890223,-1.22053762
4.58119765,32.39104895,-0.98003917
-6.62402596,30.72192916,-1.38575115
-10.87888571,18.82063276,-0.99828858
-10.90103168,18.92746916,-2.22273781
12.56063579,21.56635827,-1.49974803
12.48501006,21.32132606,-0.30608443
-7.52861031,30.23118814,-1.54626834
5.48964687,32.15020979,-1.03325196
-10.27847074,17.95478443,-0.95434297
-10.29259310,18.03646476,-2.18426473
12.15093191,20.49422607,-1.55121890
12.08786400,20.27509196,-0.29561757
6.22511264,31.93458515,-1.07448870
-8.25689927,29.82952198,-1.68189742
-9.52615141,17.60501908,-0.96196812
-9.54712329,17.65305067,-2.19527017
11.43731351,19.90350919,-1.63219335
11.37573744,19.69770363,-0.34406458
7.05402835,31.71821539,-1.09095946
-9.06851099,29.42563822,-1.80633565
-8.84221012,17.22041796,-0.94970349
-8.87497960,17.24486016,-2.18416468
10.81711626,19.27852193,-1.69339638
10.76262442,19.07523244,-0.38232597
-9.76957642,28.86362014,-1.97522700
7.86033574,31.30396037,-1.13957288
-8.10768304,16.99324681,-0.96102738
-8.15636934,17.00549759,-2.20303131
10.10296210,18.78534022,-1.79422217
10.05557268,18.57956975,-0.46720124
-7.42975094,16.73965479,-0.95894895
-7.49631521,16.75325350,-2.20583623
9.46958935,18.26418168,-1.88858658
9.43413324,18.05221152,-0.55489065
2.95066742,15.08301281,-2.60833513
3.66440404,15.04719729,-2.57038418
3.10282717,14.79900562,-1.28920613
3.81549898,14.77604822,-1.25022680
4.31856635,15.06233806,-2.53883768
4.46133497,14.80540672,-1.25766697
-1.45307533,15.07099447,-1.06184472
-2.07640885,15.09854827,-1.04136103
-1.60359842,15.39717109,-2.35061465
-2.22147823,15.40459614,-2.28855118
-0.77303393,15.05794662,-1.14055046
-0.92937084,15.39132150,-2.43585881
-6.53037500,16.39238675,-0.95911498
-6.60811248,16.43182996,-2.19093559
8.63107624,17.53946045,-2.01800196
8.63352148,17.32346474,-0.70387123
-0.12064518,15.02622969,-1.20722338
-0.27925090,15.35570390,-2.50809915
2.27558556,15.12727115,-2.62578657
2.42855996,14.83541854,-1.30902547
1.62472301,15.18233973,-2.62645162
1.78102838,14.87097468,-1.31155286
0.51603315,14.97220859,-1.26001726
0.35674904,15.30366813,-2.56738283
0.98872002,15.23189093,-2.61068540
1.14735641,14.90813989,-1.30045616
-2.73874607,15.10167140,-1.01107621
-2.87491772,15.38161503,-2.21854460
5.02370396,15.09358456,-2.48449462
5.15748374,14.85002530,-1.24038358
-5.71446306,16.00348926,-0.94801588
-5.80365002,16.08797848,-2.15732930
7.90312491,16.79785643,-2.13061988
7.94410993,16.57867918,-0.84741322
8.81179012,30.93399595,-1.14938677
-10.56674690,28.31630625,-2.11786566
5.72240900,15.34631507,-2.44476628
5.84362287,15.11116655,-1.19795211
-3.43450234,15.25301537,-0.98952028
-3.56216576,15.49417116,-2.19442805
7.15918206,16.20397124,-2.26388439
7.23284726,15.98038436,-0.99378812
-4.91680669,15.70923149,-0.95444126
-5.02028340,15.84754970,-2.16233765
6.48543034,15.61685298,-2.36852070
6.59143369,15.38770525,-1.11494154
-4.18354104,15.36498482,-0.96506489
-4.29868195,15.56262146,-2.16846253
9.31945011,30.22578356,-1.24041536
-10.78820711,27.55070013,-2.28817934
-11.07540232,26.80813249,-2.42660768
9.90513606,29.58350019,-1.31216183
10.31999522,28.90811872,-1.41843621
-11.19172747,26.05047637,-2.56217377
-11.36548891,25.30081218,-2.67778925
10.78846269,28.27812442,-1.51271127
-11.52974337,24.41845303,-2.73349719
11.30451279,27.51821348,-1.56773802
-11.74237018,23.52284386,-2.77610924
11.88493084,26.75745838,-1.61461686
12.46261344,25.92031207,-1.67255889
-11.92580303,22.58712040,-2.81963304
-12.14307755,21.58720582,-2.85667388
13.08616985,24.96056946,-1.74261195
-11.92196432,20.69551600,-2.93695913
13.17278916,23.94058124,-1.89423769
13.30652112,22.81253895,-2.03369324
-11.74423681,19.72481455,-2.99084718
-2.89670334,33.17008634,-1.46162439
-2.06695019,33.28556896,-1.44620164
1.24825441,33.63884945,-1.45016013
0.41290920,33.65232477,-1.41572557
-3.70376960,32.90904524,-1.53129964
-0.42160077,33.52488851,-1.42413631
-1.25130206,33.45104751,-1.43044619
2.09846410,33.67658881,-1.47999812
-4.54689123,32.68322932,-1.60451957
-11.02086293,18.89070065,-3.01885680
12.78582142,21.71514049,-2.17441868
-5.33355325,32.23481318,-1.72037748
2.92525147,33.49634283,-1.52654069
3.77577999,33.34504454,-1.56830450
-6.16965643,31.80015838,-1.84664202
4.62999769,33.11073683,-1.62376145
-7.01310695,31.28001201,-2.00873985
12.39005890,20.58709785,-2.26679078
-10.40837990,17.97296169,-2.99841207
-7.93704583,30.74065005,-2.18450903
5.55230354,32.86909601,-1.67004742
11.68622980,19.96677191,-2.35672903
-9.67169906,17.55690751,-3.00344903
-8.65404875,30.30807466,-2.33588092
6.27097577,32.64823209,-1.71251860
-9.01042368,17.12430944,-2.99463945
11.06661148,19.32338358,-2.43613565
-9.45257207,29.87664060,-2.48750040
7.07691493,32.42104676,-1.74433717
-8.30584500,16.87071195,-3.00159167
10.34051086,18.82504217,-2.53515268
9.68646828,18.30589525,-2.63392190
-7.66062775,16.61427792,-2.99948010
7.85142613,31.97062676,-1.80058347
-10.12732795,29.26999335,-2.66944884
-6.77946955,16.30559408,-2.99013775
8.79053694,17.59012339,-2.78063135
-5.98232432,15.98932509,-2.97022398
8.00165033,16.86244476,-2.91548321
2.83285454,15.13371691,-3.43862890
3.56252792,15.10564678,-3.40349590
-1.12592556,15.41999212,-3.26754995
-1.80469009,15.42285942,-3.18946753
-2.42649388,15.43037318,-3.12729990
4.23409761,15.13718034,-3.36696445
2.14294196,15.16634697,-3.45362306
-0.46714948,15.38225248,-3.33540625
4.95809953,15.18208914,-3.31000779
-3.07943584,15.40311135,-3.06040688
7.20174140,16.28157066,-3.04914882
-5.20539404,15.78309355,-2.97266076
0.17973755,15.33915194,-3.39334111
1.47554852,15.22392817,-3.45323160
5.68379305,15.43684289,-3.24855594
-3.76076739,15.49282833,-3.01897407
0.82453211,15.27215658,-3.43605304
6.47701036,15.70840887,-3.15739961
-4.48659328,15.53803305,-2.97960949
8.78075474,31.55542673,-1.83620685
-10.89596754,28.68226273,-2.83730909
-11.10731947,27.84980002,-3.00650407
9.31145965,30.79793839,-1.91825400
-11.39151418,27.04159561,-3.15494687
9.94063841,30.10893772,-1.98821443
10.38618186,29.37953918,-2.07562789
-11.48657687,26.20895530,-3.28779912
-11.64180366,25.38748712,-3.40715763
10.88891056,28.69921709,-2.15608881
-11.80288365,24.46525183,-3.48620619
11.44360825,27.93349935,-2.21073249
12.05910027,27.16767867,-2.26589370
-12.00583441,23.53175745,-3.55595595
12.66592481,26.32298428,-2.33526596
-12.17053225,22.56253942,-3.62083431
13.30665536,25.34687955,-2.42915754
-12.35349881,21.53783555,-3.68549978
-12.14307365,20.61133302,-3.75621300
13.44054301,24.29077858,-2.57189023
-11.96036791,19.61411179,-3.82156980
13.60124543,23.10935676,-2.72673970
-11.26132600,18.73139903,-3.83145800
13.12950830,21.93983128,-2.85699154
12.76557133,20.74842441,-2.98282758
-10.65663361,17.77571216,-3.82808183
12.07992309,20.10053224,-3.06861716
-9.94210149,17.31578894,-3.81789695
11.46553230,19.44362776,-3.16173005
-9.30124230,16.84796227,-3.80622355
10.72192745,18.95049768,-3.24878154
-8.61850086,16.57476823,-3.78992572
10.03956991,18.44532155,-3.34836012
-7.99293679,16.30972968,-3.77482470
9.06125126,17.75757139,-3.51431115
-7.11996019,16.00851791,-3.76223425
8.18603162,17.06104265,-3.68492731
-6.32858841,15.71497246,-3.75402623
-5.55892173,15.54090949,-3.76439476
7.30541500,16.50718511,-3.84318248
-1.45730344,15.30932767,-4.06518587
-2.14997214,15.29035084,-3.99290184
2.66877409,15.20732587,-4.27144684
3.43171466,15.22040935,-4.24723034
-2.78366223,15.29017508,-3.93131658
4.13744257,15.30224997,-4.21118208
-3.44155255,15.25237039,-3.87105324
4.89727183,15.39247833,-4.15774156
1.94745768,15.19518147,-4.27805362
-0.77830662,15.28947498,-4.13328807
5.66546180,15.67059440,-4.08220272
-4.12275563,15.31695881,-3.82476271
6.50553673,15.95863507,-3.98407718
-4.84057631,15.33883484,-3.78712125
-0.10652507,15.28297208,-4.19085816
1.24732988,15.22853223,-4.26507346
0.56662104,15.24937705,-4.23736639
1.24486335,34.12749930,-2.20931165
0.38288424,34.14031205,-2.18656056
-3.88826023,33.32831564,-2.25110831
-3.05156223,33.61365855,-2.20312683
-2.19028991,33.74111862,-2.19330830
-0.48211515,34.00249967,-2.18661103
-1.34227869,33.92418364,-2.18843496
-4.75936515,33.07991571,-2.31089262
2.12137122,34.17113859,-2.23049552
-5.58510807,32.61506483,-2.39499054
2.97399639,34.00896830,-2.24462509
3.84909410,33.87654459,-2.25936358
-6.45774769,32.16069373,-2.50201412
4.72035783,33.64333304,-2.28209199
-7.32674938,31.60147157,-2.64862545
-8.27344719,31.02162855,-2.82780044
5.65853524,33.39732420,-2.30581816
-8.98010097,30.56697297,-2.98555202
6.36298344,33.16446466,-2.33681151
-9.76506932,30.11872199,-3.15491864
7.14979626,32.91937757,-2.36815691
-10.41502297,29.48526951,-3.34151688
7.89205865,32.43490944,-2.41734885
-11.15174036,28.87421190,-3.52973048
8.78904679,31.97547271,-2.46533165
9.32317201,31.17194591,-2.52422565
-11.34819514,27.99192707,-3.68137129
-11.61717220,27.13497738,-3.83213420
9.97259401,30.43636153,-2.58507725
10.42602972,29.65975633,-2.65512687
-11.68054672,26.24681783,-3.96235861
10.94155046,28.93500570,-2.72721473
-11.80472377,25.37387413,-4.08893801
-11.95032904,24.43641580,-4.17884115
11.50987955,28.17177777,-2.78011277
12.13602079,27.40950435,-2.84375772
-12.13292441,23.48782268,-4.26241968
-12.27658640,22.50527449,-4.33656294
12.74885575,26.57388787,-2.92724503
-12.43088297,21.47011235,-4.41529562
13.38530914,25.60911632,-3.04417961
-12.24747155,20.52532918,-4.47513411
13.55536200,24.56347863,-3.17746450
-12.07984392,19.51532882,-4.54956092
13.73533879,23.38712165,-3.33815134
-11.44202040,18.59935567,-4.54176205
13.32204888,22.21523789,-3.44126374
12.99569932,21.01887014,-3.58082440
-10.87350797,17.61797673,-4.55207478
-10.19483443,17.12777094,-4.52210991
12.33625034,20.37749008,-3.64728516
11.73639800,19.73656708,-3.73802774
-9.58264715,16.63377525,-4.50139695
10.99661704,19.27460361,-3.80721619
-8.93223730,16.34116933,-4.46582443
-8.33427993,16.06337188,-4.43995868
10.30837820,18.80655613,-3.90048005
-7.47565795,15.76395151,-4.41386872
9.27501025,18.17747969,-4.06462226
-6.69293965,15.48664046,-4.40698727
8.33836163,17.53762243,-4.25651620
-5.92890320,15.34050917,-4.41141966
7.39717392,17.02227993,-4.42784575
6.53880916,16.50446297,-4.59447456
-5.20905589,15.17882269,-4.43652062
3.31837282,15.60176548,-4.88763834
4.05977067,15.75079079,-4.84977487
-2.50554276,15.22803276,-4.62357362
-3.15450382,15.20486536,-4.56720571
2.51883057,15.52514193,-4.90469585
-1.79671685,15.28922093,-4.68748120
4.85583572,15.89988623,-4.79863394
-3.82022308,15.14449898,-4.51785263
5.66149027,16.20261713,-4.70433465
-4.50061275,15.17957080,-4.46972068
1.76242203,15.44426730,-4.90850088
-1.09461206,15.31133422,-4.75326486
-0.39619196,15.36607064,-4.80739541
1.02407141,15.42614648,-4.88750993
0.30822625,15.39334919,-4.85628185
0.44874132,34.31097761,-3.02298294
-0.43863601,34.15271553,-3.02072638
-3.08221572,33.69868007,-3.04473254
-2.19581203,33.84793190,-3.02962713
-3.94297060,33.38171473,-3.07904313
1.32577476,34.30693070,-3.03124507
-1.32158798,34.05961502,-3.02765844
-4.83590156,33.10543006,-3.13495164
2.21615730,34.36180241,-3.04551562
-5.69512238,32.62555088,-3.18995196
3.07856704,34.21880877,-3.03148007
-6.59851485,32.15719622,-3.28056241
3.96451571,34.10274745,-3.02335329
4.84218465,33.86890869,-3.01997982
-7.49047254,31.57317288,-3.41487318
-8.45940056,30.97741959,-3.59751899
5.78989079,33.61681533,-3.02374438
-9.15421123,30.52167357,-3.76065988
6.47809731,33.37061856,-3.04281469
-9.92165833,30.07961194,-3.94565676
7.24674564,33.10825010,-3.06990212
7.95819070,32.59650780,-3.09654878
-10.53999523,29.44613837,-4.12480377
8.82067342,32.10175980,-3.14073890
-11.23394880,28.83733637,-4.32256422
-11.40916971,27.93742759,-4.45670000
9.34347075,31.26884817,-3.17001380
-11.65117516,27.06555844,-4.61417920
9.99151033,30.50233781,-3.22086161
10.42915065,29.69656488,-3.26831271
-11.67031688,26.15883466,-4.73820197
-11.74851403,25.27221410,-4.86769927
10.93409914,28.94721300,-3.33067091
11.48779209,28.20288283,-3.38435328
-11.85868706,24.35803159,-4.96136389
12.09938804,27.46181259,-3.46095106
-12.00451281,23.43212870,-5.04620153
12.69611718,26.65675128,-3.56315541
-12.12013738,22.47242841,-5.11299725
13.31104360,25.73223872,-3.70534963
-12.25033168,21.45898986,-5.18687538
13.51073592,24.73870051,-3.83629357
-12.10663103,20.52873830,-5.23092980
13.70914570,23.61807418,-4.00318940
-11.97413593,19.53633159,-5.30778019
13.35949937,22.50433907,-4.07021842
-11.43494325,18.62255147,-5.28084113
-10.94018009,17.64778733,-5.30152898
13.07762429,21.35672841,-4.20679524
-10.32055225,17.15590381,-5.25919604
12.45579488,20.75352399,-4.24535816
-9.75445202,16.65966094,-5.23584595
11.88412429,20.15492923,-4.32238834
11.16332886,19.74337850,-4.35453048
-9.14668432,16.36342556,-5.18029791
10.48603680,19.32955536,-4.42030879
-8.58369732,16.08287783,-5.14080830
9.42552316,18.78633262,-4.54588453
-7.74896155,15.79150240,-5.09238103
8.45373469,18.22788389,-4.72453166
-6.98138421,15.53340705,-5.07574403
-6.23189081,15.41538837,-5.07004127
7.47447329,17.78183502,-4.88830282
-5.51858264,15.29629118,-5.09215367
6.57550515,17.32271252,-5.06538093
-2.81514101,15.48610527,-5.22542938
-3.47645937,15.42550708,-5.18370079
3.23240495,16.35851311,-5.38940447
4.00701125,16.55446839,-5.34166712
-2.09478180,15.60934529,-5.26867755
2.39746147,16.23691435,-5.40892865
-4.82306411,15.32630611,-5.11318546
5.67157381,17.03661424,-5.17968647
4.83638108,16.73772644,-5.28831782
-4.14662542,15.33170728,-5.15410174
-1.37312548,15.69535787,-5.31967121
1.60724264,16.09876211,-5.42369288
-0.65038943,15.82614252,-5.34835552
0.83166037,16.02390935,-5.40217480
0.08351562,15.92633746,-5.37951709
-2.07061018,33.56587741,-3.94526220
-1.17846068,33.81634766,-3.94144648
-0.28246255,33.93505650,-3.92675371
-2.97388020,33.38625408,-3.97560512
0.61664696,34.12435096,-3.93351823
-3.85241884,33.03935487,-4.00538578
1.49344296,34.14371741,-3.93031852
2.38212589,34.22081754,-3.94418441
-4.76111104,32.74094549,-4.06876726
3.23907180,34.10633430,-3.91985005
-5.64718138,32.25525959,-4.11747806
-6.57656574,31.79031068,-4.21243226
4.12373462,34.01413119,-3.90757654
4.99845846,33.78670128,-3.89196884
-7.49006313,31.21257125,-4.34523803
5.95162776,33.53624738,-3.88804423
-8.48306030,30.64447085,-4.53599149
6.62309807,33.28451468,-3.89893737
-9.16642346,30.22215921,-4.69955733
7.37582929,33.01464227,-3.92509429
-9.91503886,29.81936049,-4.89177724
-10.50062973,29.21914947,-5.06338068
8.06080170,32.49283597,-3.93402652
-11.14873133,28.64215444,-5.26890849
8.89076842,31.98156697,-3.98170001
9.39311678,31.13970787,-3.98258612
-11.29893939,27.76040585,-5.39879059
-11.50517307,26.90877475,-5.57310771
10.02366909,30.36099309,-4.03269217
10.42794726,29.55071821,-4.05507465
-11.47289456,26.01951587,-5.69264719
-11.49645696,25.15179358,-5.82205446
10.90616710,28.80223483,-4.11054607
11.42564119,28.09106438,-4.18182437
-11.55238130,24.28599908,-5.92657039
12.00483972,27.38490535,-4.29279052
-11.64733449,23.40578804,-6.01567602
12.56994635,26.62593889,-4.42339641
-11.73133190,22.48892762,-6.06615121
-11.83961440,21.51499503,-6.12348833
13.14916885,25.76041816,-4.59886112
13.37067177,24.84410680,-4.74997706
-11.73605488,20.61866134,-6.15763966
-11.64583186,19.66363842,-6.23476256
13.58427259,23.81366109,-4.94277975
13.29971451,22.78996052,-4.97232025
-11.21869700,18.78862660,-6.17501438
13.06729636,21.72430180,-5.10050915
-10.81959509,17.86262077,-6.18513182
-10.27130973,17.41557334,-6.12906742
12.49059175,21.17214336,-5.11423621
11.95643974,20.62535069,-5.17810475
-9.76299560,16.96528615,-6.10144427
11.26713288,20.26289813,-5.14990259
-9.20615732,16.70708682,-6.01729289
10.61400196,19.90087433,-5.16345151
-8.68402270,16.45807689,-5.95607151
9.54824096,19.45201589,-5.21083589
-7.88038019,16.21704365,-5.87974453
-7.13450928,16.00469603,-5.84613402
8.56176401,18.98932317,-5.33691193
7.56084730,18.62282612,-5.44739704
-6.40276525,15.92334085,-5.81450212
6.63510826,18.23258096,-5.59359162
-5.69954304,15.84566930,-5.81664954
5.71707391,17.98565988,-5.69012864
-5.01914613,15.90409181,-5.82072241
4.86270845,17.71475609,-5.79370626
-4.35024924,15.94492630,-5.84736840
-2.28883421,16.31918857,-5.87888249
-3.01490712,16.15238061,-5.87152075
3.20427104,17.32194364,-5.88251783
4.00643696,17.53085443,-5.83468835
-3.68195195,16.06379131,-5.85128309
2.33954921,17.18452736,-5.89467912
-1.55338240,16.44790588,-5.90116519
1.52260124,17.01708561,-5.91778767
-0.81540931,16.62971260,-5.88753996
0.71409567,16.91315583,-5.89536178
-0.06027132,16.77546644,-5.88781780
-0.07458895,33.53279679,-4.85919684
-0.97002312,33.38862136,-4.88338084
-1.87230366,33.11395728,-4.87749226
0.82247713,33.74810479,-4.87062208
-2.78594912,32.91599836,-4.91493643
1.68908407,33.78697989,-4.87909066
-3.67547537,32.55382302,-4.95926883
2.56795217,33.87890670,-4.91450423
-4.59484031,32.24871488,-5.05005239
3.41214073,33.79326025,-4.88707709
-5.50363865,31.77943163,-5.10120325
-6.45673017,31.34353010,-5.20275670
4.29063134,33.72525835,-4.87669103
5.16003819,33.51632042,-4.85091890
-7.39349441,30.80853497,-5.32409018
-8.41159626,30.30007670,-5.50136206
6.11772716,33.28043106,-4.84050046
-9.08839677,29.92529481,-5.65401403
6.77883961,33.03521575,-4.85152260
-9.82306138,29.56928930,-5.83479755
7.52226560,32.77063662,-4.88428059
8.18730815,32.26233075,-4.87540898
-10.38509917,29.01204585,-5.97975147
-10.99923597,28.47242102,-6.16682596
8.98801839,31.75771411,-4.92526361
-11.13018183,27.62439604,-6.28608385
9.46382635,30.93338934,-4.89795016
10.06752532,30.16596410,-4.94786172
-11.30760368,26.80489942,-6.45928378
-11.23348070,25.94168251,-6.57518820
10.43521477,29.37122425,-4.94766210
10.88504608,28.64013391,-4.99871526
-11.21386012,25.09701490,-6.70256251
11.37394690,27.96356735,-5.07051437
-11.23337311,24.27038602,-6.79790477
11.92365879,27.29069253,-5.19260134
-11.29709586,23.42241165,-6.87511002
12.46172846,26.56952753,-5.33564450
-11.36080216,22.53165844,-6.91637238
-11.45721742,21.57918758,-6.96008658
13.01198554,25.75224194,-5.51827814
-11.38246669,20.69976075,-6.98593766
13.24634376,24.89753847,-5.67516456
13.47177282,23.94098476,-5.87035259
-11.32586399,19.76403274,-7.05058957
-10.15079039,17.61745288,-6.80442893
-10.65213901,18.02809731,-6.88551019
-10.97921547,18.91774019,-6.93031818
13.02611053,21.97700758,-5.94664038
13.22725055,22.98371993,-5.85282024
12.47541718,21.45594263,-5.95204641
11.96352506,20.93776882,-6.01073807
-9.68105493,17.20440813,-6.75760990
-8.66200569,16.76229258,-6.55245149
-9.15734636,16.98126511,-6.64094072
-7.87730603,16.57041840,-6.45373933
9.59956899,19.84073718,-5.89425910
10.65918838,20.24956258,-5.90605256
11.29464930,20.59329630,-5.93810141
-7.14398226,16.39799468,-6.40563037
8.61470238,19.42401022,-5.97087867
7.61219991,19.09605263,-6.02511690
-6.42272091,16.34297440,-6.35472341
6.68054984,18.74186326,-6.13028977
-5.72587637,16.28723473,-6.34171605
5.76402811,18.51068283,-6.20516375
-5.05199377,16.35354833,-6.33735813
-4.38620262,16.40117349,-6.35826489
4.90758274,18.25002901,-6.29555815
-3.71884353,16.51748404,-6.34669546
4.04380051,18.05942838,-6.31394210
-3.04929376,16.60299747,-6.35383484
3.23273418,17.83880032,-6.34588314
-2.32173479,16.78130863,-6.35674215
2.35865897,17.70051996,-6.35463275
1.53287110,17.52778958,-6.38225830
-1.58080537,16.92025031,-6.37890300
-0.07579558,17.27478204,-6.34105131
0.70987980,17.41977901,-6.34964236
-0.83849049,17.11653082,-6.34947456
-2.51215880,32.40309297,-6.44289600
-1.59009269,32.61084669,-6.39545423
1.95086441,33.31776851,-6.41360960
1.09682099,33.27104275,-6.39241508
0.20716601,33.04942678,-6.37696746
-3.41490916,32.04374636,-6.50929333
-0.68351275,32.89993530,-6.40645798
-8.28463734,30.00432307,-6.91852563
-7.23650852,30.44402724,-6.81697138
6.39761395,32.89182077,-6.35695241
5.41912315,33.10144411,-6.37717965
7.05774018,32.67172626,-6.35516875
-8.95790959,29.67980558,-7.00533901
2.82041221,33.41622770,-6.46416928
-4.35106067,31.75234376,-6.62551011
4.54103694,33.29219856,-6.41205253
-6.27050601,30.92210619,-6.74847999
3.65918697,33.34356244,-6.42931174
-5.28683033,31.31255983,-6.67052288
7.80135157,32.43761293,-6.37821604
-9.68197398,29.36941101,-7.11554975
-10.22052169,28.85068494,-7.20495405
8.45079258,31.96141791,-6.36448023
9.22559681,31.49039334,-6.42007451
-10.80356837,28.34505639,-7.34036772
-10.91324716,27.53305395,-7.42994082
9.66181098,30.69763765,-6.38356173
-11.06361954,26.74561734,-7.57678827
10.22779535,29.96096607,-6.43761736
10.54158671,29.18967104,-6.42434151
-10.94573338,25.90733649,-7.68218705
10.94730930,28.47991973,-6.46491808
-10.88281667,25.08128365,-7.80044030
-10.86192843,24.28504106,-7.89799266
11.38888336,27.83396234,-6.53632662
12.89487238,25.73095032,-6.92796519
12.38662050,26.50118381,-6.77957154
-10.96797371,20.76463062,-8.07028069
-11.00270828,21.64110663,-8.08653146
-10.92560187,22.58309632,-8.03559657
13.14168166,24.93954208,-6.99720720
-10.88965967,23.45891494,-7.98130671
11.89246537,27.18915048,-6.65339892
12.99147349,22.25275904,-7.19626908
13.16760552,23.17874479,-7.09324267
-10.39008371,18.17205092,-7.90251048
-10.66148912,19.01834319,-7.96236831
12.46023983,21.76678623,-7.17298861
-9.94352949,17.79375731,-7.76761316
-8.55915771,17.06536976,-7.44305933
-9.02831661,17.23785919,-7.53990976
9.63303407,20.28258992,-7.03149863
10.68873967,20.65993875,-7.10967930
-7.79755105,16.93009574,-7.30473846
11.31039522,20.96904618,-7.13878642
13.38405101,24.05350564,-7.09255385
-10.96003789,19.83688377,-8.07153197
-9.52102112,17.41387932,-7.66571364
11.96573062,21.27539147,-7.19504916
-7.07877439,16.79925339,-7.22666591
8.65286572,19.89413410,-7.02558693
5.82188368,19.04507757,-7.10827924
6.72807595,19.27540648,-7.07339226
-5.67444229,16.75108479,-7.15779331
-6.36621000,16.78055891,-7.17082265
-5.00602544,16.81411526,-7.15115555
7.65678314,19.59822086,-7.01972871
3.30275936,18.36067850,-7.22071845
4.11263769,18.58764253,-7.18634284
-2.27394329,17.22353202,-7.21787630
-3.00248599,17.05331236,-7.21186602
2.42765141,18.20153992,-7.22136552
-3.67508468,16.96941822,-7.18335856
4.97184469,18.77985768,-7.16680456
-4.34315471,16.85267983,-7.17161829
-1.53015892,17.35453114,-7.23971953
1.60008247,18.00506916,-7.24259681
-0.78441507,17.57171875,-7.23387610
0.77291941,17.89740707,-7.23363636
-0.01614282,17.75228561,-7.25042359
-0.71847369,31.15187936,1.11763136
0.00491620,31.20666079,1.10508835
-1.42760092,30.95839112,1.06858799
-2.14647713,30.79045531,1.02910995
0.73136634,31.28642074,1.10190490
1.47513474,31.39154044,1.10988613
-2.89263206,30.64475647,0.99768915
2.25212076,31.52241908,1.12927963
-3.68337379,30.51724445,0.97196524
-4.37721492,30.09473497,0.88384145
2.99067495,31.30699646,1.08803668
-5.11875062,29.68791058,0.80807050
3.76539404,31.10108873,1.06500336
4.59847440,30.89843377,1.06240099
-5.92610108,29.28711320,0.75017592
-6.82187840,28.88434199,0.71499118
5.51852796,30.69726832,1.08275792
6.25202469,30.44748034,1.03973347
-7.51848689,28.50621147,0.62337219
7.06937231,30.20907456,1.02413086
-8.28915041,28.13008839,0.54831312
-9.14999209,27.76028150,0.48289150
7.99269856,29.99777310,1.04191299
-10.11519388,27.40268839,0.41503141
9.04705099,29.83829929,1.09136299
9.35071140,29.15223054,0.99922860
-10.22181816,26.75684066,0.30658394
9.69628685,28.51774059,0.89637767
-10.36857454,26.13142031,0.20341360
-10.55823715,25.51408135,0.10021822
10.08853336,27.92498897,0.78571505
10.53395525,27.36374550,0.67136528
-10.79445460,24.89355494,-0.00925043
11.00179337,26.60224537,0.69249483
-10.98304505,24.08059721,0.04939754
-11.23534510,23.23093302,0.06813529
11.54730468,25.83108967,0.72447555
-11.55223780,22.31378602,0.03733310
12.17773324,25.00721811,0.76259514
12.89497427,24.07728689,0.78789481
-11.94295278,21.29249694,-0.01658348
12.55809945,23.16836686,0.64874295
-11.42873966,20.55000241,-0.13336146
12.31373416,22.20963955,0.55366328
-10.99037083,19.73720976,-0.22535083
12.17972592,21.17768295,0.52656061
-10.62804171,18.82843983,-0.24391288
-10.34170092,17.81916763,-0.18747246
12.18347749,20.05867354,0.56221070
-9.52625904,17.57518325,-0.18738958
11.38872242,19.55305008,0.52254131
-8.78132870,17.29180343,-0.18165037
10.69547011,19.00538487,0.47108000
10.08931469,18.42098862,0.41035063
-8.09527661,16.97314233,-0.16743993
-7.45901631,16.62403033,-0.14757137
9.55797305,17.80729494,0.33867686
8.70433123,17.15042065,0.17448069
-6.52022922,16.33412507,-0.16079746
7.96231300,16.48725248,0.00602982
-5.66805399,15.99268628,-0.17661700
7.30525673,15.82730702,-0.15744262
-4.88982505,15.60048121,-0.20115950
-1.41308066,14.74171223,-0.35258858
-2.03865769,14.88509547,-0.33228858
3.92806442,14.47692687,-0.49920737
4.54961945,14.62828693,-0.49300951
-0.72348601,14.72898167,-0.42058663
3.20311597,14.49703722,-0.53781780
-0.06321488,14.70442102,-0.47819730
2.51765326,14.53434770,-0.55906821
1.85887232,14.58320160,-0.56662202
0.57949231,14.67285731,-0.52545236
1.21539675,14.63845054,-0.56286666
5.21225013,14.79323577,-0.46535977
-2.69950330,15.00534536,-0.30610571
-4.17216589,15.15767062,-0.23907522
6.71190311,15.17236199,-0.31044664
5.92840474,14.97383220,-0.40735932
-3.40658563,15.09797002,-0.27446002
4.16994455,18.90198527,-8.00913839
4.98675198,19.16770476,-7.96453012
5.85341654,19.39289952,-7.93124113
-4.25632767,17.14066855,-7.99157357
-4.92070932,17.06316604,-7.96260829
-3.59127211,17.18817196,-8.03515965
-5.59218461,16.95873904,-7.95331112
6.77600888,19.57944609,-7.92366099
3.39621191,18.59823828,-8.06367432
-2.91761836,17.20269246,-8.08819002
-6.27093005,17.02909645,-7.93876814
7.66020702,19.93938739,-7.87497004
-2.19765811,17.45547599,-8.07320670
2.49142341,18.50647297,-8.03889227
8.61061483,20.26774574,-7.87813236
-6.96619499,17.08200969,-7.96635847
1.63926475,18.37215160,-8.03179800
-1.46713520,17.66965186,-8.06076339
9.63369585,20.57107056,-7.93753933
-7.69037888,17.12574593,-8.04359781
0.83048167,18.19851867,-8.04299341
-0.71848799,17.84689041,-8.05840173
10.73728564,20.85440386,-8.03859939
-8.45788370,17.16896518,-8.17791695
-8.86837364,17.42366996,-8.24684744
11.25643550,21.23574994,-8.01153583
0.05605085,17.98682234,-8.07318753
-9.29641699,17.67989771,-8.34057133
11.80931672,21.60928262,-8.00843470
-9.74727843,17.93925682,-8.46056189
12.39745937,21.97599907,-8.03191519
-10.22842894,18.20362658,-8.60791799
13.02323679,22.33713494,-8.08508326
12.95645589,23.28280952,-7.94926050
-10.32869326,19.11195947,-8.61514772
-10.44858543,19.98993718,-8.63789793
12.91758044,24.15474573,-7.88552878
-10.60205212,20.83249052,-8.68636862
12.89681388,24.95407661,-7.86736979
-10.79617069,21.64163993,-8.74601155
12.89197053,25.69211046,-7.87698846
-10.71731574,22.58390339,-8.66634185
12.39021928,26.45415987,-7.73036507
11.90578557,27.13792354,-7.59205264
-10.68111518,23.45742655,-8.58380695
11.46552012,27.78736605,-7.47843040
-10.69075050,24.27888726,-8.49487029
11.08519408,28.43746634,-7.39987848
-10.75082541,25.06868091,-8.39472239
-10.67405178,25.86448878,-8.23329899
10.51003309,29.09706800,-7.26413744
10.04135817,29.81172194,-7.19050393
-10.64712294,26.65617438,-8.09400318
6.58911635,32.78984285,-7.18638055
5.54650113,32.91735694,-7.20226503
7.16183958,32.45462891,-7.14520860
-8.80115744,29.50608004,-7.67248927
-8.24226544,29.93067176,-7.64525455
-7.13763399,30.28611720,-7.58445582
-9.39565637,29.09594458,-7.72608826
7.80919165,32.11429543,-7.12726659
8.55769734,31.77268015,-7.15287265
-10.03371797,28.69707924,-7.81182254
-10.66587076,27.46396466,-7.98989949
9.68311660,30.59171846,-7.18378850
9.43653423,31.43930537,-7.24182293
-10.72547193,28.30626444,-7.93648672
-6.12566961,30.68498622,-7.53975969
4.61684138,33.03565475,-7.23028208
3.75824013,33.16192303,-7.26751800
-5.17376402,31.13075357,-7.49950512
-4.26383757,31.63263845,-7.47685075
2.94070487,33.31673224,-7.31583767
2.03979066,33.08071353,-7.25373919
1.16764054,32.90292352,-7.21790720
-3.28778808,31.79310406,-7.34961058
-2.36031010,32.03048846,-7.26631336
-1.46187055,32.34869532,-7.23202326
0.30329528,32.79079655,-7.21409875
-0.57273524,32.75290312,-7.25141463
