1.17193042,12.79855762,2.14591010
-0.68836131,12.97053240,2.18105492
1.15216566,12.75132299,2.21188113
-0.70843105,12.92303795,2.24918454
-2.34967861,13.17555044,2.23608476
-2.36932815,13.13325758,2.30481551
-3.88845630,13.34135659,2.30205319
-3.90773426,13.30934244,2.37000652
-5.36854211,13.45590602,2.38066530
-5.38925061,13.43831471,2.44715052
-7.82162402,34.73409073,0.29111032
-6.18910004,35.12884326,0.02379759
-7.86289986,34.77698548,0.39810914
-6.22701668,35.17654041,0.13403103
-4.40749750,35.53545165,-0.20076273
-4.44526617,35.58945800,-0.09880563
-2.41969130,35.89437637,-0.36035626
-2.45658423,35.95103896,-0.26518638
-0.35783770,36.16094669,-0.63430098
-0.38762031,36.22168236,-0.54333584
-6.66118229,13.69812910,2.45566749
-6.68363896,13.68846327,2.51841229
-8.03100778,13.88462550,2.52462027
-8.05557062,13.88293853,2.58232504
-9.51343283,14.04813957,2.56817636
-9.53860754,14.05431709,2.62068638
-11.14142510,14.18929024,2.58542540
-11.16496655,14.19975134,2.63395218
-13.29466511,31.81137277,0.40174986
-12.06430981,32.51085582,0.57671322
-13.34154160,31.85471712,0.46835102
-12.10821887,32.55217360,0.64935448
-10.74211564,33.23246271,0.64804696
-10.78660449,33.27354669,0.73021007
-9.31506628,33.96877541,0.56231427
-9.35944308,34.00964914,0.65598037
-12.77665617,14.41499813,2.55675649
-12.79607816,14.43070589,2.60531064
-14.43087545,14.57668306,2.48742919
-14.44607646,14.59819408,2.53826014
-15.99674401,14.76203285,2.36643511
-16.00816729,14.78674034,2.41874972
-17.41001331,14.99108377,2.20132102
-17.41872837,15.01540951,2.25375902
-18.22750338,15.32060730,2.03924689
-18.23287901,15.34493778,2.09254216
-18.99613705,15.74035381,1.85429274
-18.99810096,15.76126921,1.91023957
-19.72432087,16.22845397,1.64548305
-19.72058382,16.24637226,1.70594634
-20.45599389,16.80657639,1.38916279
-20.44469385,16.82555941,1.45531183
-17.21432416,30.00801574,-0.43371775
-16.07662304,30.27109699,-0.20630390
-17.27777333,30.03997084,-0.37223724
-16.13124150,30.30277950,-0.14206517
-15.10575557,30.67808620,0.01148389
-15.15776178,30.71590419,0.07561613
-14.19171959,31.20193899,0.21647071
-14.24107541,31.24318589,0.28150636
-20.68516745,17.80556126,1.10912598
-20.68671769,17.83437248,1.17614821
-20.92780373,18.85384841,0.83196789
-20.94495323,18.88795391,0.89898869
-21.18396284,19.96797579,0.55531513
-21.21351702,20.00587707,0.62236108
-21.50578769,21.16739991,0.27617758
-21.54858992,21.20712491,0.34451709
-20.85469360,22.25906886,0.10548602
-20.91320994,22.29956073,0.17383815
-20.22806229,23.41416908,-0.07864525
-20.30380888,23.45648048,-0.01516723
-19.59736361,24.61420893,-0.24366797
-19.68805038,24.66056249,-0.18773526
-19.00454940,25.88017397,-0.38645237
-19.10047651,25.92622004,-0.33579074
-18.46549420,26.83487180,-0.40162832
-18.55681371,26.87923858,-0.35078148
-17.97920549,27.82542217,-0.40560539
-18.06707922,27.87020315,-0.35385165
-17.55724384,28.87615089,-0.41442104
-17.63312867,28.91450481,-0.35834637
1.19381301,12.82713621,2.08044532
-0.67064562,12.99466496,2.11285505
-2.33691361,13.19033069,2.16805737
-3.88079932,13.35081767,2.23515903
-5.36551011,13.45345674,2.31623341
-7.77961169,34.69184296,0.18712816
-6.15064765,35.08039123,-0.08335222
-4.36976656,35.48105546,-0.29904742
-2.38329790,35.83726687,-0.45233028
-0.32908391,36.10052032,-0.72253512
-6.64792782,13.68038939,2.39462438
-8.00841206,13.85989556,2.46918856
-9.48638733,14.01713849,2.51859449
-11.11358130,14.14664266,2.53873818
-13.24946284,31.77129404,0.33555913
-12.01907112,32.46636463,0.50709163
-10.69742135,33.19190051,0.56601704
-9.27064934,33.93150113,0.46934699
-12.75424422,14.36742029,2.51197888
-14.41250702,14.53729521,2.44130102
-15.98248088,14.71533412,2.32071412
-17.39555553,14.94997152,2.15516029
-18.21947646,15.28361705,1.99230310
-18.98955200,15.69706027,1.80681758
-19.72802477,16.19132248,1.59132383
-20.45309141,16.75801630,1.33791562
-17.12562693,29.94199009,-0.48380826
-16.01970680,30.23251493,-0.26573411
-15.04900523,30.63413803,-0.04914465
-14.14082685,31.15434475,0.15490553
-20.68257070,17.75128368,1.05360363
-20.90600372,18.80561574,0.76895743
-21.14470061,19.92579893,0.48851990
-21.43570492,21.11517643,0.21417621
-20.79369782,22.21042850,0.04600447
-20.13265970,23.35950575,-0.13163213
-19.49042606,24.56499127,-0.29416148
-18.90159494,25.83000358,-0.43192490
-18.35748827,26.77908779,-0.44346792
-17.87839679,27.77293712,-0.45192860
-17.46796066,28.82294756,-0.46326957
3.19098570,12.75180018,2.18840234
3.20914139,12.79736465,2.12460650
5.25486609,12.93690843,2.11952618
5.27121073,12.97633740,2.05580094
7.26168984,13.07843386,2.09813323
7.27361396,13.10518885,2.03100399
9.18208557,13.06438877,2.17045442
9.18833987,13.07405953,2.09654766
5.63382323,36.22067713,-1.42864735
4.19046759,36.18074253,-1.28150387
5.64476369,36.15909473,-1.50356188
4.20093254,36.11670518,-1.35763023
2.84797644,36.20165643,-1.09509597
2.85781705,36.13513195,-1.17453936
1.41857047,36.22976267,-0.84496471
1.43456305,36.16501029,-0.93022344
10.72930473,13.16524131,2.23570340
10.73331253,13.16291316,2.15630479
12.18283323,13.20511902,2.22662614
12.18599909,13.18925296,2.14144407
13.52198329,13.17861951,2.09680941
13.52451342,13.14737955,2.00473290
14.78118214,13.11144459,1.85116993
14.78309989,13.06703922,1.75214938
12.20031655,35.37694161,-1.94074504
10.52770406,35.59611745,-1.80833689
12.18662052,35.31538735,-2.00952232
10.52169751,35.53638594,-1.87897456
8.81969277,35.74050400,-1.64592946
8.82162672,35.68019373,-1.71917426
7.15615057,35.91758512,-1.50684473
7.16400640,35.85625519,-1.58124672
15.91449788,13.21553480,1.51562041
15.91982182,13.15801206,1.41088071
17.12037500,13.31143705,1.14520922
17.13477798,13.24595913,1.03844506
18.43627988,13.55218748,0.76727147
18.46138936,13.49527877,0.66218045
19.80754094,14.08460205,0.39090439
19.83528528,14.04839802,0.29886494
20.61956854,14.73709789,0.15443267
20.64589592,14.71356760,0.07482297
21.36199735,15.52571040,-0.03640779
21.38636282,15.51514017,-0.10460313
22.05098105,16.40272797,-0.17583061
22.07808897,16.40387610,-0.23479724
22.76977971,17.39099441,-0.27015150
22.80748041,17.39913537,-0.32091489
17.29258263,32.98982465,-2.10941855
15.96507977,33.69625835,-2.08641910
17.26665607,32.94457559,-2.17435637
15.94303612,33.64753760,-2.15365625
14.71105546,34.38162027,-2.05828087
14.68969000,34.32571912,-2.12584358
13.46159940,34.95148552,-2.01747247
13.44307430,34.89201045,-2.08556367
22.73510233,18.63775461,-0.42012978
22.75564239,18.63609204,-0.47354781
22.71002639,19.98027167,-0.56898868
22.71140421,19.97200154,-0.62523280
22.70907563,21.40524082,-0.73591936
22.69913380,21.39011851,-0.79198879
22.83661644,22.90362788,-0.91681690
22.81584662,22.88378759,-0.97075904
21.90500048,24.16543374,-1.09350090
21.88425981,24.14211082,-1.14886334
21.22727842,25.50201817,-1.24197127
21.20078913,25.47007337,-1.29781262
20.61474066,26.84422268,-1.42855097
20.57854562,26.80066234,-1.48364988
19.98164985,28.20577753,-1.66868414
19.93904996,28.15780495,-1.72350032
19.30325246,29.23557355,-1.80153067
19.26180297,29.18727460,-1.85746955
18.61045735,30.35419646,-1.92102217
18.56872114,30.30488029,-1.97884781
17.92705323,31.60577347,-2.02818327
17.89246292,31.55966578,-2.08981514
3.23544377,12.81961963,2.06096930
5.30157305,12.99018861,1.99162374
7.30324673,13.11059205,1.96600265
9.21813866,13.06414496,2.02601994
5.65458604,36.09806450,-1.57445930
4.21133727,36.05232415,-1.43059209
2.86775409,36.06775234,-1.25086811
1.44994162,36.10027734,-1.01263618
10.75264549,13.13404971,2.07952623
12.19595973,13.14695176,2.05995796
13.52834380,13.09049632,1.91902728
14.78552656,12.98640917,1.65761026
12.17428725,35.25529494,-2.07520177
10.51499885,35.47182845,-1.94419940
8.82436911,35.61878282,-1.78971146
7.17206566,35.79876055,-1.65286841
15.92856364,13.06298620,1.30993173
17.15038787,13.16370419,0.93725363
18.48610676,13.41890111,0.56737031
19.85798961,13.99580391,0.21595859
20.67085249,14.67906936,0.00326592
21.41086459,15.48132001,-0.16392649
22.11033537,16.38482705,-0.28737559
22.83456540,17.36769743,-0.36279294
17.22123445,32.87024155,-2.23260957
15.91841237,33.58944839,-2.21558687
14.66469050,34.26271218,-2.18941684
13.42424490,34.82215231,-2.14843615
22.78355734,18.60486948,-0.51709924
22.71262728,19.94649098,-0.67730182
22.68134547,21.37012637,-0.84645024
22.76537387,22.84338759,-1.02074079
21.86015206,24.10947767,-1.19838690
21.15577598,25.42302854,-1.34617848
20.52736620,26.75449527,-1.53566698
19.89017266,28.10634322,-1.77522256
19.20377929,29.12884938,-1.90738928
18.51320645,30.24837130,-2.03322716
17.84693920,31.50158220,-2.14678071
3.26479570,14.34333840,-3.28225381
1.71100120,14.20765721,-3.31717377
3.25505300,14.29701230,-3.21381239
1.70400291,14.15969503,-3.24635306
0.22072747,14.13449849,-3.25896211
0.21526795,14.08938595,-3.18611523
-1.28274620,14.14690847,-3.14950474
-1.28826418,14.10500204,-3.07500346
-2.89018843,14.23146396,-3.02804486
-2.89623532,14.18851084,-2.95299843
4.90538789,14.55301864,-3.04613481
4.91784499,14.59145807,-3.11229382
6.48196165,14.82042240,-2.79383815
6.49552100,14.85504195,-2.85820371
7.80098678,15.02612934,-2.51627075
7.81391117,15.06294217,-2.57813625
8.97179018,15.16797566,-2.35690224
8.98347685,15.21237341,-2.41574299
1.85812519,41.19990372,-7.43611121
0.09850919,40.73296755,-7.38774000
1.83504290,41.16896122,-7.36125860
0.08009388,40.70162064,-7.31123735
-1.89520094,40.36271918,-7.28009213
-1.91002093,40.32904147,-7.20116964
-4.12955526,39.90234521,-7.11328164
-4.14069847,39.86885868,-7.03182555
-6.46206578,39.55582925,-6.93239989
-6.46458547,39.52318553,-6.84548191
3.56793556,41.00579121,-7.35220434
3.59472824,41.04719168,-7.42367247
5.28604736,40.94481981,-7.28898166
5.31663110,40.99419920,-7.35668751
6.94207089,40.84188881,-7.16826106
6.97629020,40.89508760,-7.23343928
8.58058309,40.85912540,-7.03729209
8.61980676,40.91488378,-7.10217834
-4.41473434,14.59780936,-2.88437780
-4.41855193,14.55235336,-2.81015523
-5.87583111,14.93638085,-2.77858813
-5.87448471,14.88598109,-2.70726078
-7.22259679,15.22482844,-2.71455481
-7.21605562,15.16850990,-2.64762548
-8.53102530,15.48257295,-2.68704318
-8.52036329,15.41930156,-2.62384301
10.00677942,15.52079901,-2.39968818
10.01885335,15.57264260,-2.45677008
11.13654841,15.86201908,-2.64950199
11.15257133,15.92111398,-2.70395516
12.49037539,16.20135982,-2.98499509
12.51381139,16.26644497,-3.03380977
14.21339108,16.56178165,-3.22064090
14.24246328,16.63178911,-3.26432176
-8.61707002,38.83576229,-6.72684723
-8.60570625,38.79238229,-6.63550752
-10.44465886,38.37600865,-6.48443847
-10.42686430,38.32835669,-6.39008247
-11.92574525,37.95759831,-6.29708652
-11.90575329,37.90949262,-6.20499381
-13.42924924,37.64507921,-6.17400988
-13.40098006,37.59065613,-6.08902734
10.27654327,40.34853791,-6.89497324
10.32405867,40.41422703,-6.95944120
11.99962497,39.99702631,-6.86385369
12.05470782,40.06156041,-6.92893280
13.64230280,39.55627027,-6.87614738
13.70092610,39.61468557,-6.93847607
15.48212558,39.11596869,-6.83990206
15.54734557,39.17782540,-6.90039739
-9.86265862,15.90251937,-2.69750771
-9.85050497,15.83132686,-2.63408197
-11.23978983,16.37147116,-2.75238242
-11.22863456,16.29218572,-2.68396615
-12.65746744,16.97169806,-2.85757690
-12.64801159,16.88522516,-2.77970799
-14.13479628,17.70726279,-3.12088855
-14.12606592,17.61844456,-3.02992783
16.01182273,17.09746117,-3.35166986
16.03374022,17.17199734,-3.40319911
17.50956053,17.67498282,-3.59898395
17.51842757,17.75976933,-3.66992726
18.71312847,18.47792584,-3.97771625
18.71920731,18.57972005,-4.06728358
19.83452929,19.57200771,-4.40628090
19.84929127,19.68705382,-4.50166631
-16.31488898,35.66278326,-6.16062016
-15.50134189,36.15089024,-6.17153057
-16.30423839,35.61568602,-6.09411301
-15.48256515,36.10521537,-6.10242555
-14.77216834,36.68074500,-6.16203177
-14.74758091,36.63309916,-6.08822916
-14.08830099,37.19232329,-6.15740012
-14.06048663,37.14045105,-6.07832736
19.25373678,36.57396803,-6.70149643
18.22997214,37.14897449,-6.77775910
19.28568319,36.63207430,-6.75614796
18.27432406,37.20273938,-6.83459028
17.27094103,37.84389585,-6.79625352
17.32518226,37.89678196,-6.85574516
16.35667798,38.52669379,-6.80903408
16.41850039,38.58403431,-6.86936961
-14.84269987,18.39867176,-3.37357104
-14.83840154,18.30952533,-3.28096430
-15.55903077,19.11801422,-3.62823272
-15.56139769,19.02559227,-3.54130310
-16.33090396,19.87179448,-3.84411086
-16.33801537,19.77280838,-3.76438537
-17.26177605,20.65678509,-4.01540014
-17.27081441,20.54851877,-3.94027975
20.35860244,20.46738554,-4.67598981
20.37610722,20.58213980,-4.77045765
20.92082375,21.38786548,-4.92214340
20.93876232,21.49735793,-5.01331500
21.54538254,22.32463715,-5.13153020
21.56126359,22.42818875,-5.21911635
22.28153521,23.28916073,-5.29113287
22.29539544,23.38996420,-5.37448930
-17.27526934,21.85394426,-4.17018100
-17.26022266,21.74130347,-4.08889568
-17.43554698,23.11541579,-4.38570857
-17.40000703,22.99561630,-4.29788094
-17.68455062,24.39757038,-4.64594334
-17.63668425,24.27328738,-4.55533954
-17.97884302,25.65909758,-4.90604517
-17.92177127,25.53237845,-4.81759265
22.25628751,24.37052201,-5.52807915
22.28303060,24.46969022,-5.60749574
22.29962941,25.49029324,-5.74192262
22.33775970,25.58868885,-5.81511305
22.37883386,26.59362101,-5.91602125
22.42559102,26.68864088,-5.98186199
22.48503410,27.64783969,-6.04083967
22.54181124,27.74127187,-6.09959556
-17.78447058,27.10995249,-5.26044415
-17.72673183,26.98459465,-5.17509705
-17.66452682,28.47698566,-5.56414155
-17.60790898,28.35281920,-5.48603156
-17.54466538,29.81003386,-5.80707030
-17.49227916,29.68582920,-5.73632183
-17.40511995,31.22383159,-5.98336102
-17.35651250,31.09896801,-5.92103220
22.13952475,28.74464421,-6.19638490
22.20033378,28.83905998,-6.25009360
21.84695434,29.80821647,-6.29190907
21.90922489,29.90903951,-6.34237911
21.54512436,30.89218893,-6.34923423
21.60499211,31.00335666,-6.39804790
21.19483952,32.11590766,-6.38535626
21.25088537,32.23847478,-6.43297136
-17.12789343,32.29430363,-6.08755939
-17.08696159,32.17559821,-6.02931130
-16.87092718,33.45079220,-6.13903764
-16.83890918,33.34995481,-6.08190958
-16.60496866,34.59595624,-6.15649356
-16.58452579,34.52318216,-6.09567777
20.74157406,33.07589496,-6.42860948
20.79137929,33.19925743,-6.47704350
20.27387305,34.19682858,-6.49266274
20.31713887,34.30704067,-6.54334453
19.77833741,35.38898875,-6.59012832
19.81492439,35.47334877,-6.64322539
8.59393821,40.75607180,-6.98330818
10.23054332,40.28309885,-6.84077605
11.91919002,39.87705564,-6.80345123
13.64402177,39.48520321,-6.82294673
15.38338577,39.07402024,-6.79214716
8.94242691,15.18699298,-2.31623584
9.96884122,15.50718412,-2.35282764
11.07936813,15.82608030,-2.59582699
12.38889753,16.15675244,-2.92956334
14.03727822,16.51627032,-3.17687454
19.28999565,36.49991482,-6.65857127
18.26140346,37.10785718,-6.73270527
17.28078927,37.77567208,-6.74655959
16.32648534,38.44382143,-6.75629111
19.73047091,19.42286521,-4.31139671
20.28078992,20.31275893,-4.58035072
20.84930111,21.23356053,-4.82913945
21.43835867,22.15647081,-5.04372702
22.04865390,23.05982608,-5.21635554
22.11352484,24.24487971,-5.46746642
22.17920372,25.38173634,-5.68646101
22.24867763,26.48322665,-5.86767263
22.32394472,27.56055049,-6.00732111
-16.99148745,20.38214425,-3.85326322
-17.09579232,21.64126357,-4.01431582
-17.26246876,22.89340249,-4.22235511
-17.48944967,24.15766576,-4.47933445
-17.74764035,25.44787318,-4.75981318
22.02241359,28.61120846,-6.15276138
21.72428030,29.66401727,-6.25346650
21.43386208,30.73111190,-6.31432813
21.15703931,31.82258101,-6.34773236
-17.60185091,26.83088111,-5.09992307
-17.48093715,28.19451636,-5.42211731
-17.37788394,29.51372164,-5.68206772
-17.29323876,30.78281320,-5.85795118
20.65981046,32.90721361,-6.39396226
20.18277572,34.04461474,-6.45724561
19.72517803,35.24223011,-6.54826488
-17.00500319,32.01347947,-5.98924154
-16.75212485,33.21524784,-6.04515947
-16.53230974,34.39296696,-6.05315313
-16.34058628,35.54781625,-6.05004607
1.81999763,41.07054051,-7.30128871
3.55930577,40.96603723,-7.29241446
5.25822742,40.86416883,-7.23266767
6.92248029,40.74787216,-7.11463050
3.25033937,14.31825525,-3.15223887
4.88598588,14.57213486,-2.98880024
6.46251481,14.83726642,-2.74057608
7.78383592,15.04348686,-2.46830732
1.71078659,14.17403228,-3.18380750
0.22081513,14.10093094,-3.12420554
-1.28494339,14.12078033,-3.01387629
-2.87425117,14.21079098,-2.89797658
0.04926825,40.66920997,-7.24654995
-1.91459481,40.26307946,-7.13738535
-4.15806501,39.79251514,-6.96790469
-6.51959222,39.43629312,-6.77878149
-8.58554539,38.74597082,-6.56225082
-10.37601383,38.23016720,-6.31707293
-11.93415824,37.85027357,-6.12468661
-13.34181553,37.54899311,-6.02359591
-4.38491343,14.54541701,-2.75567195
-5.82556431,14.85944622,-2.65466921
-7.14415250,15.13497860,-2.59778970
-8.41303023,15.38944043,-2.57882939
15.81741699,17.05999754,-3.30396574
17.35413308,17.62954359,-3.52834846
18.60081824,18.38564671,-3.89151960
-9.71791277,15.81101268,-2.58886291
-11.08286654,16.26856317,-2.63714941
-12.51588860,16.82795766,-2.72041178
-13.99918268,17.52046000,-2.93989722
-14.75530780,18.19992562,-3.18231809
-15.49394854,18.90867685,-3.44737367
-16.22809061,19.64221919,-3.67574657
-15.52397107,36.06850946,-6.04785918
-14.77086392,36.57466274,-6.02778325
-14.05166058,37.06674153,-6.01305725
9.18625941,13.25006206,1.56083235
7.35726395,13.20978414,1.55161504
9.17376860,13.43634647,1.07176634
7.43271266,13.37590397,1.11186673
-4.98934168,13.68861844,1.39200291
-3.52080700,13.48647831,1.32845900
-5.17785672,13.61666646,1.87672492
-3.70752840,13.42074423,1.79960290
10.67975474,13.26981644,1.55979861
10.59837199,13.46308996,1.00593527
-6.23439035,13.88762558,1.47268762
-6.44001599,13.80775235,1.96249798
-7.51373929,14.01879035,1.56470518
-7.76062545,13.94196414,2.05390319
12.09029023,13.21367172,1.48393512
11.95282671,13.40044268,0.84980773
5.42238899,12.99558644,1.59443344
5.56553626,13.13911924,1.16791048
-1.96993254,13.21635307,1.27950161
-2.16652642,13.15987529,1.74016736
13.37182287,13.17253307,1.27847096
13.20965645,13.34803557,0.55505381
-8.88193035,14.18037377,1.63580091
-9.18415643,14.12644112,2.11954659
-0.29017223,13.03451421,1.24036317
-0.49840860,12.97637074,1.69367991
3.38731005,12.82695122,1.66327738
3.57071512,12.94384102,1.22718864
14.60790937,13.06091636,0.94561448
14.47873263,13.23329974,0.12537122
-10.40638086,14.27609080,1.66101067
-10.76280445,14.26526698,2.14361287
15.81479098,13.05168130,0.54162865
15.78685075,13.24868492,-0.36038238
-12.02503637,14.39171985,1.61968347
-12.40731737,14.42301521,2.11489413
1.57371217,12.91725298,1.22797630
1.36429045,12.83918491,1.67332663
17.13009492,13.10843790,0.14032499
17.19693920,13.34903302,-0.78235114
-13.71927204,14.48016935,1.52125286
-14.09979912,14.53427336,2.03656952
-15.35147276,14.65631321,1.38352007
-15.69381221,14.71190759,1.91116162
18.48982217,13.43245594,-0.19107839
18.56445400,13.73479099,-1.02095933
19.82790172,14.09127157,-0.40921608
19.83363755,14.44611877,-1.07402527
-16.86583221,14.92243373,1.21652080
-17.14598746,14.96425151,1.74998846
20.67783543,14.78214873,-0.51361866
20.62216059,15.16915439,-1.06890866
-17.81268137,15.22285467,1.05094353
-18.05658206,15.24946110,1.59236708
21.47282066,15.59749481,-0.59116998
21.37621730,16.01602792,-1.06700095
-18.70988473,15.60483658,0.84016097
-18.91411372,15.61799862,1.39885819
-19.44794552,16.17006479,0.56251757
-19.62828947,16.16218047,1.15526778
22.09189707,16.57342413,-0.66955348
21.97275397,17.03990653,-1.10799709
-20.17104045,16.81656800,0.24770192
-20.32926211,16.77752896,0.87592999
22.74355274,17.61518695,-0.72360609
22.61823604,18.11811097,-1.14313212
23.02807469,19.04637861,-0.86413568
22.90420667,19.62081211,-1.29565081
-20.64322237,17.93211259,-0.16641270
-20.81648400,17.81837856,0.50821908
23.37792415,20.54349005,-1.00699562
23.28288768,21.16744198,-1.45246023
-21.14752059,19.16685871,-0.55984450
-21.32700951,18.96052708,0.13975404
23.01275592,21.87524367,-1.21495642
23.01724574,22.53544849,-1.67311375
-21.08817583,20.37891151,-0.80167602
-21.29107182,20.08844592,-0.10600990
22.77530837,23.26307721,-1.40597462
22.88865086,23.91974934,-1.88089780
-21.06427253,21.64243488,-1.02185763
-21.27884643,21.27955528,-0.34154639
-20.51297170,22.93065306,-1.17426775
-20.71516958,22.49251386,-0.53323648
22.07153761,24.60950737,-1.62521211
22.30354066,25.24288282,-2.14058965
-19.99607821,24.25027679,-1.30985427
-20.16307437,23.75863134,-0.71380449
21.51515171,25.97031787,-1.83091983
21.78959976,26.56645075,-2.38911288
12.44554861,35.77839701,-2.57965137
13.69716349,35.40449577,-2.63810913
12.84222990,36.20588495,-3.19373543
14.06553813,35.84074290,-3.23106411
10.79412080,35.97711185,-2.48536507
11.19819589,36.42643095,-3.14506585
-12.08771878,33.83393565,-1.56897381
-13.41349414,33.32360645,-1.58649889
-12.08792324,33.07361111,-0.27794913
-13.36721213,32.47653311,-0.42463854
-14.35539926,32.89131560,-1.64244440
-14.30194940,31.98862528,-0.59075977
9.12254751,36.10993054,-2.37264194
9.55238786,36.58886368,-3.09406910
-10.67464815,34.41652624,-1.66548749
-10.71722322,33.73779256,-0.27854552
14.95596972,34.92091553,-2.67701673
15.30991553,35.38562401,-3.26358202
-15.32505947,32.51638047,-1.71119579
-15.26105914,31.59117401,-0.77429117
-0.04054087,36.92919377,-2.53236523
-2.03845018,36.71243689,-2.38085971
-0.21458521,36.37878936,-1.47602393
-2.25306216,36.17632245,-1.27556175
1.54380215,36.44779336,-1.73264442
1.71916003,36.98416430,-2.70223095
7.45089120,36.15136589,-2.25460579
7.89431858,36.65190826,-3.04779175
-9.12395190,34.93664988,-1.86445100
-9.20493459,34.32150200,-0.43765541
16.15578519,34.10059933,-2.70215543
16.49120034,34.59380383,-3.29262803
-16.22275958,31.92897617,-1.74350063
-16.15931063,31.02485789,-0.91463356
-4.04822552,36.45458786,-2.37084558
-4.25266802,35.90200331,-1.21830241
2.99998900,36.51105091,-1.94082711
3.26021464,37.05534990,-2.84308459
4.39871518,36.38821311,-2.06865094
4.75632702,36.91961579,-2.94207780
-5.87306605,35.97628642,-2.30406196
-6.03041829,35.41256271,-1.04195750
5.88574332,36.32474806,-2.17179281
6.30771943,36.85019631,-3.01388260
-7.55385824,35.54429061,-2.13181428
-7.65946667,34.94816409,-0.75784880
17.41430855,33.23277699,-2.70550564
17.74236730,33.77905098,-3.29107961
-17.24531348,31.38575245,-1.76322719
-17.18134380,30.52139860,-1.04637347
-19.44332219,25.56658974,-1.41765961
-19.56476083,25.02396206,-0.84094746
20.90679188,27.28043142,-2.04326756
21.18912422,27.85698137,-2.63686987
18.18055047,31.96274022,-2.64328259
18.49892799,32.53382196,-3.22287030
-17.69748261,30.26041744,-1.69796981
-17.64790038,29.46383095,-1.03831190
-18.96127795,26.92108397,-1.52178499
-19.02981932,26.33768756,-0.95078480
20.26779473,28.61438331,-2.27285860
20.55040967,29.17288727,-2.86584078
19.00923379,30.82380158,-2.55518001
19.31762339,31.40122845,-3.12113681
-18.22878681,29.18258470,-1.64341091
-18.19860339,28.46968312,-1.04423904
19.64050368,29.67987776,-2.42221056
19.93081211,30.25453110,-3.00517638
-18.56305955,28.03114607,-1.57937081
-18.58237820,27.38111966,-0.99618147
9.17015570,13.59318754,0.63449437
7.51397433,13.50873701,0.69889731
10.53193405,13.64092114,0.51006812
-6.06431929,13.87864679,1.01669192
-4.82612396,13.67402694,0.95326928
-3.34550275,13.47478689,0.89641104
5.71866080,13.24705604,0.74587737
-1.77473899,13.20840823,0.84543342
-0.07980815,13.04472459,0.80809320
3.76195821,13.02567635,0.79330727
-7.31067639,14.01112158,1.09197262
11.83830068,13.59740443,0.27323708
-8.62812217,14.16360840,1.15447136
13.08744451,13.57440926,-0.10297782
1.78554101,12.95840175,0.79516010
14.41780028,13.50263227,-0.60977851
-10.09828052,14.23359962,1.17079322
15.85274153,13.57521083,-1.13367860
-11.68941224,14.32351187,1.11502662
17.34012561,13.75028896,-1.50793315
-13.38064223,14.40840084,0.99661606
-15.04108838,14.60276557,0.84176586
18.67402453,14.20124501,-1.63737384
-16.60323089,14.89341232,0.66133629
19.86662208,14.95634640,-1.57843301
-17.56802236,15.21794892,0.47358392
20.59443243,15.71292182,-1.51566372
21.30123769,16.59201505,-1.47519346
-18.48687551,15.62822155,0.23135392
21.87088544,17.64944378,-1.49924040
-19.23527998,16.24520365,-0.07697099
22.49802741,18.75019963,-1.53389091
-19.97062056,16.95726430,-0.41427488
22.80699214,20.28701902,-1.70470056
-20.42480914,18.17657001,-0.81898207
23.22587638,21.84017714,-1.88298872
-20.91677596,19.49433921,-1.17622767
23.06584789,23.20028297,-2.13669252
-20.83285490,20.77797887,-1.38717099
23.00448796,24.55117217,-2.38601553
-20.79255613,22.09198224,-1.57693193
22.48877888,25.84286572,-2.67698905
-20.26848228,23.42553121,-1.69366453
-19.79406422,24.77584470,-1.80251560
21.99270249,27.14203290,-2.93432889
-19.29395950,26.11564657,-1.89813038
21.39844684,28.41047862,-3.16928653
-18.86638947,27.48640751,-2.00135523
20.77641653,29.69427585,-3.37018486
-18.51430931,28.67303573,-2.09012328
20.19084112,30.80218120,-3.50676448
-18.22273925,29.89604198,-2.18422840
19.61878505,31.96347313,-3.61473549
-17.70499667,31.02567221,-2.27879903
18.82224034,33.08319378,-3.71509706
-14.37478995,33.69081683,-2.48078220
-15.35244244,33.33740122,-2.46497688
-16.24665544,32.74430153,-2.42758575
15.69790441,35.86876588,-3.75291991
16.85437501,35.08558142,-3.78334324
14.46788161,36.31555807,-3.72937018
-17.26031871,32.18439085,-2.37258438
18.08302623,34.30609328,-3.77913754
-13.43518458,34.09056106,-2.49720713
13.26561297,36.68655482,-3.71016788
-12.09248826,34.57508393,-2.57029839
11.61798743,36.95205070,-3.69997247
-10.67734474,35.14344266,-2.71616656
9.98299908,37.16582502,-3.69979956
-9.11144804,35.65201017,-2.92155427
8.32528585,37.26451213,-3.71297970
-7.49316220,36.26228638,-3.14533705
6.71849189,37.49713436,-3.72919885
-3.83428153,37.16724189,-3.29442256
-5.72663187,36.68043842,-3.26838036
-1.80561384,37.42361225,-3.29302688
1.94868772,37.68667683,-3.52451851
3.56169327,37.75768696,-3.62938782
5.12504730,37.58986178,-3.69773956
0.17186207,37.65058513,-3.40357173
10.45029022,13.88362464,-0.08101177
9.16509831,13.79438567,0.08759778
-5.86313800,13.80583908,0.43788625
-4.61226487,13.59563246,0.38973978
7.61891721,13.66519963,0.16332043
-3.10436923,13.40896408,0.34020964
-1.50619876,13.15938804,0.27612895
5.92261789,13.36189062,0.17904735
0.21019745,13.03362110,0.21852438
4.02167601,13.10889045,0.18857383
-7.08657518,13.94663656,0.49014370
11.70296341,13.88711631,-0.38684443
2.07432876,12.99380798,0.18617597
-8.35161198,14.10782394,0.53319172
12.95114474,13.92226491,-0.82732229
-9.75594739,14.17745103,0.53058905
14.37345013,13.92521965,-1.37480858
-11.30558807,14.26341553,0.45144995
15.95316607,14.10471276,-1.84466557
17.47808456,14.37045242,-2.10242427
-12.98012746,14.36045059,0.30925786
18.77332476,14.87587060,-2.14543332
-14.65659679,14.59763508,0.13828952
-16.25829116,14.94228394,-0.06119027
19.91098251,15.67943771,-2.03491855
20.58366447,16.46031629,-1.95268676
-17.23434198,15.32030921,-0.26426581
21.24404028,17.35529336,-1.90599160
-18.16997493,15.79611885,-0.52283507
21.78937107,18.42192094,-1.93714324
-18.92882928,16.50089146,-0.82350582
22.39914584,19.51763756,-1.98837677
-19.67808555,17.28675414,-1.12905261
22.74880712,21.03769848,-2.19970955
-20.11162896,18.59376546,-1.46170659
23.20336201,22.54471906,-2.42635293
-20.58555428,19.95678584,-1.74671047
23.11512993,23.84084149,-2.70282502
-20.49421145,21.26510264,-1.89802002
23.07002335,25.13306048,-2.94804682
-20.45601003,22.58272079,-2.04064844
-19.97140343,23.94267463,-2.13926094
22.59519148,26.41316631,-3.22402564
-19.54585040,25.31288458,-2.24283675
22.11585480,27.69721073,-3.45975172
21.54620340,28.94434560,-3.66922143
-19.10170713,26.67131906,-2.34863200
20.96150622,30.19156174,-3.84115612
-18.72804136,28.05454107,-2.46948982
20.40927082,31.29720140,-3.95046358
-18.42154459,29.28424697,-2.57499517
-18.17140891,30.54035123,-2.67985665
19.87417155,32.45347006,-4.03071002
-17.66824842,31.67137548,-2.78047995
19.09189683,33.54408775,-4.11018213
-17.23535501,32.82159146,-2.86642827
18.36166707,34.73722004,-4.15735294
17.16039082,35.49509012,-4.16376238
-16.24463947,33.39334734,-2.94964742
-15.36648231,33.99172999,-3.00847554
16.02890123,36.27697826,-4.13290088
-14.39258499,34.32476793,-3.05132193
14.80789596,36.71821144,-4.11154341
-13.46146376,34.69643065,-3.08806254
13.61557225,37.09243398,-4.10050569
-12.11010178,35.16217674,-3.19034280
11.95330447,37.39223269,-4.10703708
-10.69045348,35.71774054,-3.34443355
10.31137070,37.64454712,-4.12542284
-9.10290989,36.20378885,-3.53675710
8.64042073,37.76276537,-4.16137645
-7.43724806,36.80210041,-3.72322817
7.01121482,38.01117625,-4.20034027
-3.65663484,37.72311971,-3.84956495
-5.60303409,37.21958494,-3.82787103
-1.60848281,37.98383840,-3.85819782
2.14400224,38.24525151,-4.05799070
3.79546817,38.31813095,-4.14807177
5.39351110,38.12340907,-4.19609400
0.35783466,38.21588658,-3.95300154
-5.65821749,13.75334707,-0.12777255
-4.37397145,13.53893026,-0.17028844
-2.82856323,13.36740240,-0.23449573
9.14763637,14.01503864,-0.40624482
7.70617956,13.83946329,-0.35061226
10.36312221,14.15404899,-0.58703801
-1.20590041,13.14200779,-0.34069187
6.11166969,13.50139396,-0.39534786
4.27467404,13.22505979,-0.45474748
0.51981458,13.05966607,-0.43898958
11.56780984,14.21311428,-0.92542149
-6.88164616,13.90598566,-0.10073113
2.36509335,13.06835301,-0.48877841
-8.11185599,14.08745527,-0.08823508
12.81541395,14.31439282,-1.39159425
14.31849422,14.42245580,-1.90936714
-9.45542813,14.18069852,-0.12363410
15.99740197,14.70990276,-2.26603748
-10.95180849,14.29007679,-0.23541203
17.54541146,15.03580275,-2.43996965
-12.58515624,14.41417064,-0.40266041
18.82826186,15.58591607,-2.46925036
-14.24569498,14.71468223,-0.57909434
-15.86389123,15.15507656,-0.78142190
19.94009267,16.43852363,-2.39526659
-16.84035726,15.61476640,-0.98496049
20.57791038,17.23949556,-2.35081986
-17.78537052,16.17283687,-1.23852106
21.21046473,18.14011587,-2.34703647
21.74649059,19.19377571,-2.42234065
-18.54984877,16.95239376,-1.50338409
-19.30589208,17.77670785,-1.75888369
22.35043750,20.26290834,-2.52429919
22.73256317,21.73105207,-2.79497563
-19.72006449,19.11485345,-2.00889222
23.19062217,23.18144388,-3.05435038
-20.17817822,20.47848352,-2.22657413
23.12564740,24.44088350,-3.30776483
-20.08805224,21.78710750,-2.33777003
23.07049595,25.69773230,-3.51579215
-20.05797954,23.09288620,-2.45320708
22.62728593,26.97169234,-3.75340502
-19.62319490,24.46568002,-2.55194831
-19.25198069,25.84528331,-2.66916372
22.17275486,28.22968412,-3.96110056
-18.86790384,27.20891721,-2.79794104
21.63725118,29.43217280,-4.14075232
-18.54944463,28.59119200,-2.94462706
21.09588796,30.62831148,-4.27852285
-18.28648227,29.85693604,-3.07220882
20.58027858,31.73180283,-4.35870386
-18.07500522,31.13733480,-3.18564366
20.08475839,32.88795180,-4.41330870
-17.59008928,32.27328663,-3.28943376
19.32562009,33.96452834,-4.48044102
-17.17238016,33.41961121,-3.36318013
18.61386128,35.14119076,-4.52325012
-16.21739493,34.00509147,-3.44705787
17.44687123,35.88502043,-4.53444113
-15.36723523,34.61043631,-3.49887217
16.34548879,36.66812663,-4.50415945
-14.40930651,34.93830138,-3.54706638
15.14246123,37.11399894,-4.48846421
-13.49365816,35.29467135,-3.58873643
13.96632305,37.49847163,-4.48948656
12.28300121,37.82667784,-4.50151477
-12.13526729,35.73379145,-3.68902216
-10.70521034,36.26553688,-3.83060714
10.62505292,38.11218606,-4.51971771
-9.08873705,36.73746634,-4.01759107
8.94316517,38.25764179,-4.57085747
-7.36856974,37.33341031,-4.19152767
7.29799238,38.52820683,-4.63156058
-5.46340896,37.75571217,-4.29697236
5.65975017,38.65824565,-4.65006909
-3.46218985,38.27938365,-4.33317323
4.03413445,38.87968527,-4.62146598
-1.39605260,38.54456396,-4.36235789
2.35108653,38.80540848,-4.54391548
0.55689731,38.77862935,-4.44792624
-4.10476264,13.57333633,-0.72005551
-2.52005888,13.41017048,-0.82776873
9.11501975,14.25009906,-0.82397484
7.76396839,14.04430857,-0.81238910
10.27251180,14.43396586,-0.99304479
-5.43670452,13.79322746,-0.66544548
-0.88359118,13.20648664,-0.99768585
6.26189072,13.69851464,-0.93816047
4.48915310,13.41498025,-1.08222871
0.82642645,13.16316343,-1.12881146
-6.68226870,13.96030695,-0.65526643
11.44062412,14.54906385,-1.33704055
2.62683419,13.22081160,-1.16913845
-7.89743610,14.16669235,-0.67729254
12.69160913,14.72670296,-1.80082815
14.25182966,14.94215175,-2.25665644
-9.19248291,14.29805794,-0.75131680
15.99937323,15.31449001,-2.51650957
-10.62951895,14.45552057,-0.88862464
-12.20104834,14.63320855,-1.05765810
17.57271226,15.69083639,-2.65517903
-13.82275410,15.01463966,-1.20731676
18.84982463,16.29002042,-2.71494303
19.94777081,17.18821453,-2.72608935
-15.43747840,15.56480386,-1.38948773
20.56660549,18.00073537,-2.75795597
-16.39990514,16.10905429,-1.58600264
-17.33916833,16.73310408,-1.84003764
21.19111201,18.89518249,-2.83793501
-18.09427875,17.54960730,-2.08542675
21.73087700,19.93079450,-2.99014084
-18.84554391,18.38031039,-2.30590007
22.33570254,20.97508466,-3.16316745
22.72221785,22.41506099,-3.46409517
-19.23536012,19.71806638,-2.49671383
23.14751349,23.83776251,-3.71131197
-19.67385519,21.06404967,-2.67066418
23.07682021,25.08540557,-3.91941418
-19.58749399,22.36207926,-2.76689228
23.00303872,26.31066744,-4.09663734
-19.56440316,23.65280479,-2.88091674
-19.19209481,25.02972791,-3.00492940
22.59136016,27.54723113,-4.30966911
22.16805561,28.74761206,-4.49622334
-18.88374605,26.41356423,-3.16070904
-18.56285157,27.78723011,-3.33997364
21.67733711,29.89604720,-4.64939734
-18.29914210,29.17452389,-3.53182045
21.18896075,31.04569083,-4.75455932
-18.07927945,30.48598373,-3.69024988
20.71943844,32.15928268,-4.80964070
-17.90496061,31.79423034,-3.81021114
20.27217719,33.32690174,-4.84665142
-17.44271502,32.94241342,-3.91124669
19.54759190,34.40251129,-4.91330791
-17.04416310,34.08796423,-3.96561222
18.86584080,35.57422936,-4.96757961
-16.14309184,34.69688107,-4.02968153
17.75175880,36.31571202,-4.99538109
-15.33574912,35.31501968,-4.05463298
16.69755365,37.10860054,-4.97396146
-14.40861820,35.63876267,-4.08163921
15.52398729,37.56337465,-4.96119812
-13.51872840,35.97915095,-4.10745154
14.37260826,37.96156042,-4.97233669
-12.15598983,36.40560520,-4.19702860
12.67654013,38.33779022,-4.99547688
-10.70980070,36.92358927,-4.33072644
11.00872216,38.67960820,-5.00853177
-9.05091144,37.38266161,-4.51755018
9.31334923,38.86312866,-5.06095939
-7.25414758,37.98153757,-4.70018582
7.65274296,39.16298796,-5.14171560
-5.25179622,38.42568547,-4.83623150
5.99850901,39.32242044,-5.19446758
-3.17880109,38.98694355,-4.91717607
4.35067082,39.58757182,-5.20245732
-1.09348423,39.26390370,-4.98502084
2.63737633,39.52274857,-5.14920252
0.83823217,39.50446043,-5.06876123
9.06692050,14.52408029,-1.24158982
7.79847742,14.30141470,-1.28850948
-5.16202088,13.94103119,-1.25378325
-3.76506591,13.70458499,-1.33965256
-2.14437026,13.53528950,-1.49613473
10.17434847,14.74804800,-1.38243369
6.37943092,13.96755850,-1.49833052
-0.51388461,13.34772877,-1.70488257
11.31732011,14.92061254,-1.71428108
-6.45348928,14.13210554,-1.23953001
1.14893920,13.34582449,-1.83445336
4.67183579,13.68973181,-1.71617756
2.87389644,13.46040568,-1.84843097
12.58014234,15.17140968,-2.14991066
-7.67634032,14.37047400,-1.26956771
-8.94052631,14.55358779,-1.35032941
14.18311579,15.47521923,-2.52749699
-10.32177787,14.78328055,-1.47756155
15.97974225,15.91185768,-2.71643923
17.57058106,16.34016402,-2.84988820
-11.82282696,15.04122378,-1.61038306
-13.38748982,15.51127944,-1.71359789
18.83869096,16.99732270,-2.96900264
19.93148642,17.94054488,-3.10066404
-14.97344508,16.16079348,-1.87576711
-15.90872906,16.75614901,-2.07928381
20.54385715,18.75198795,-3.22822364
21.17347131,19.63193830,-3.40178657
-16.82991657,17.40111567,-2.34898818
-17.56667669,18.22160940,-2.58708827
21.71894273,20.65643638,-3.61857047
-18.30579692,19.04070900,-2.78140576
22.31693146,21.69239480,-3.82328904
-18.67335915,20.35873607,-2.93894780
22.67430661,23.12450378,-4.09703764
23.04628330,24.50938353,-4.31441423
-19.09615597,21.67388331,-3.09580525
22.95825418,25.70941139,-4.50446191
-19.02398441,22.94891895,-3.20370374
22.86521398,26.86902788,-4.67439759
-19.01328371,24.22038903,-3.34088296
22.48491334,28.03894934,-4.87584886
-18.71013497,25.60064236,-3.52110690
-18.46734952,26.99353973,-3.74035399
22.09725391,29.17436742,-5.04052760
-18.21043168,28.38049483,-3.98132085
21.65478186,30.27250492,-5.16165905
-17.99825874,29.77224651,-4.21357338
21.22267635,31.38601005,-5.23522992
-17.81491157,31.11819987,-4.38474930
20.79909645,32.51578650,-5.27103167
-17.67333865,32.43385102,-4.48746028
20.39881419,33.69861828,-5.29917596
-17.23723525,33.57790786,-4.56388933
19.70967793,34.77799143,-5.37248037
-16.86017367,34.70862685,-4.58519002
19.05881181,35.94805044,-5.44567760
18.00158729,36.69380253,-5.49393696
-16.02058826,35.33257137,-4.61022825
-15.26125760,35.95678256,-4.59644343
16.99900288,37.49818064,-5.48509607
-14.37223542,36.27839039,-4.58896242
15.86427639,37.96625564,-5.47215324
-13.51309230,36.60544460,-4.58962469
14.74494560,38.38033352,-5.48854135
-12.14884286,37.01040324,-4.65306145
13.03811568,38.79736211,-5.51108394
-10.68357893,37.50683817,-4.77751782
11.35844778,39.18960904,-5.50332697
-8.97824295,37.95710297,-4.98184519
9.65204406,39.41446414,-5.54593767
-7.09795845,38.56304618,-5.19551624
7.98272689,39.74467601,-5.64464945
-4.99566350,39.03290526,-5.37249546
6.31926610,39.92679440,-5.72977815
-2.85705331,39.63204691,-5.50348201
4.65922844,40.22851344,-5.77631781
-0.76558757,39.92363162,-5.60942309
2.92945094,40.18096825,-5.75409950
1.13478057,40.17181892,-5.69352989
-3.47152329,13.85333417,-1.82840507
-1.83342250,13.66872624,-2.00498756
-4.92277629,14.11493826,-1.71998360
10.10396517,14.98981884,-1.67592788
9.02664468,14.73976214,-1.56087971
7.80942569,14.51524828,-1.65642572
-0.22863928,13.49551432,-2.20997766
6.43869546,14.20221204,-1.91992852
4.77426911,13.93158859,-2.16047093
3.03042482,13.68116420,-2.30162365
1.37536778,13.52882839,-2.31158639
-6.26243569,14.33285747,-1.68797449
11.23579981,15.20531306,-1.99188839
-7.50362888,14.59998876,-1.70442965
12.51071753,15.51046501,-2.39744413
14.13359761,15.86571153,-2.72110112
-8.75524955,14.82864253,-1.76632992
-10.10369661,15.11829640,-1.85709220
15.95269642,16.33615514,-2.87236563
-11.55605008,15.43837881,-1.94966754
17.54625829,16.80118231,-3.01754867
18.80361190,17.50342684,-3.19870679
-13.07244641,15.96383833,-2.02857701
-14.62349032,16.66083083,-2.19617431
19.89704872,18.48197362,-3.43714956
20.50955754,19.30087177,-3.63849407
-15.52765681,17.27210592,-2.41890462
21.14512303,20.18618550,-3.86531482
-16.42260296,17.91740778,-2.70402647
-17.13712186,18.73291021,-2.93691631
21.68855511,21.21456756,-4.09665125
22.27089611,22.24196363,-4.29486406
-17.86118225,19.54252590,-3.11844378
-18.21200733,20.84414940,-3.27457612
22.59156230,23.63921532,-4.55476138
22.92043494,24.96828482,-4.76811956
-18.62473327,22.13861448,-3.44012061
22.81807466,26.11162488,-4.95987150
-18.56796330,23.39830941,-3.57833241
22.71167738,27.21144379,-5.12969191
-18.56829025,24.66160807,-3.75368276
-18.32363428,26.05130581,-3.99592198
22.35722584,28.32770295,-5.31857037
22.00063420,29.42471450,-5.46225919
-18.13052449,27.46054259,-4.27513628
21.59982566,30.49948485,-5.56135542
-17.91874760,28.85648310,-4.55932270
-17.74211817,30.23001626,-4.79970691
21.21299011,31.59624323,-5.61763022
20.82498694,32.74406638,-5.64679340
-17.58435233,31.57562989,-4.95640105
-17.46487187,32.87788501,-5.03293225
20.45928265,33.94144248,-5.67702506
-17.04939060,34.00906585,-5.08391069
19.79671150,35.02641843,-5.76101869
10.03755752,15.24748722,-2.00424078
8.98332553,14.97820777,-1.92441703
7.80761665,14.75277192,-2.05929343
-4.65225847,14.33052240,-2.23481497
-3.14864181,14.03982629,-2.36404769
-1.52766212,13.84313326,-2.52519756
-16.68673674,35.12463614,-5.08401283
1.56671130,13.77464270,-2.77270111
3.16026337,13.95443420,-2.74818262
4.84934727,14.20201702,-2.59800958
19.16862770,36.19730862,-5.85316120
0.02131529,13.69830034,-2.69513886
6.47212886,14.45629539,-2.34800918
-6.05255086,14.57980244,-2.16797917
11.16571530,15.50150170,-2.29185924
-15.89430802,35.75872686,-5.08058594
18.15527404,36.94957144,-5.91691654
-7.32403733,14.87539494,-2.14922799
12.45355837,15.84931693,-2.65950662
14.08543154,16.23673206,-2.93563037
-8.57494515,15.14503093,-2.17268403
15.91165892,16.72912719,-3.06380970
-9.90268500,15.48421109,-2.21930962
-15.17165914,36.38841021,-5.04341367
17.19310106,37.76291464,-5.92047092
17.49570683,17.22686174,-3.23725279
-11.31493797,15.85484153,-2.27961236
18.73438977,17.98227535,-3.50579693
-12.77734894,16.43197258,-2.35399628
-14.31299817,36.71349450,-5.01431494
16.09332054,38.24358045,-5.90910854
-13.47855634,37.03535650,-5.00069063
15.00423676,38.67239813,-5.92841954
19.82923890,19.01496228,-3.86174863
-14.28021766,17.16432495,-2.54548478
13.29652875,39.12518088,-5.95426564
-12.11352558,37.42993526,-5.05271187
-15.15516087,17.76574182,-2.78573495
20.44571268,19.84116933,-4.10711358
-10.63146052,37.91391278,-5.18356209
11.61273786,39.55933482,-5.93535341
21.08669275,20.72145610,-4.34468895
-16.02309286,18.39532672,-3.07250362
-8.88767788,38.35577187,-5.40971422
9.89754529,39.81496307,-5.96463413
-16.70060773,19.21529310,-3.30413124
21.61902662,21.74403714,-4.57990842
22.17861773,22.74995987,-4.77527549
-17.39604123,20.03152346,-3.48386179
22.46338031,24.07011348,-5.02110841
-17.74629273,21.30827971,-3.64365167
-6.93373405,38.96508362,-5.64862403
8.22383475,40.16502897,-6.07456416
-4.74420339,39.46294701,-5.85756370
6.56088436,40.36298695,-6.18780179
-2.55579470,40.09653866,-6.02762266
4.90114319,40.68837740,-6.26886813
22.75579500,25.32014305,-5.22600035
-18.16328244,22.57896197,-3.82273292
1.38354040,40.64365003,-6.22723121
3.16745909,40.65149274,-6.27155682
-0.47849706,40.39363533,-6.15128315
22.63754980,26.40755289,-5.42964732
-18.11685207,23.84093768,-4.01795928
22.51816767,27.46175330,-5.60298923
-18.12182019,25.11880719,-4.26013071
22.19668912,28.54071656,-5.77088837
-17.93938065,26.52148044,-4.56955438
21.87750921,29.61428541,-5.89133559
-17.79469209,27.92885950,-4.89081516
21.52156880,30.67460284,-5.96884424
-17.62732231,29.29372175,-5.17916478
21.18035284,31.75982533,-6.01155148
-17.48615128,30.61158718,-5.39221463
-17.35105366,31.93482288,-5.51937031
20.82563109,32.92785528,-6.04076585
-17.24963980,33.21538304,-5.57107798
20.49151417,34.14074215,-6.07960833
-16.84975349,34.33349166,-5.60738631
19.85231317,35.23352406,-6.17872928
-16.49600201,35.43661024,-5.60436933
19.24344838,36.40689043,-6.29125404
18.26930792,37.16612080,-6.36722557
-15.74436740,36.08338065,-5.58936980
-15.05308090,36.72280735,-5.54897446
17.34456779,37.98703044,-6.38479748
-14.22163970,37.05745223,-5.51570939
16.27976875,38.47949666,-6.37754686
-13.40983763,37.37936452,-5.50470328
15.22248354,38.92318235,-6.39956255
-12.04379865,37.76905300,-5.56528248
13.51756490,39.41073602,-6.42947028
-10.54560336,38.24221893,-5.72000985
11.83119343,39.88209592,-6.40901348
-8.76062841,38.67912794,-5.97394086
10.11166524,40.17023878,-6.43543471
-6.72003688,39.29255021,-6.22293926
8.44066783,40.53947164,-6.56105453
6.78218176,40.73890585,-6.69158333
-4.44632168,39.81287351,-6.43537189
-2.23173118,40.46355104,-6.62133180
5.12738219,41.06534567,-6.79817444
1.63198828,41.01633816,-6.80912951
-0.18978558,40.75828779,-6.74636525
3.39965974,41.03149246,-6.82937794
7.32495876,13.19086593,1.75255065
9.19975331,13.16126699,1.78535782
10.70479174,13.23114042,1.81077195
-3.79230412,13.42576433,2.01226714
-5.26822230,13.54966056,2.09245503
-6.53578077,13.78334845,2.17596361
12.12394993,13.23636541,1.76212740
-7.87366683,13.96296110,2.25897294
-9.32664244,14.11031168,2.31734480
13.43913759,13.16063091,1.59171191
-2.25015200,13.24144522,1.94804208
5.35325661,13.05084422,1.78912426
14.69073715,13.02026837,1.29798318
-10.93188058,14.22361481,2.34146219
15.85135429,13.06121126,0.92403525
-12.56773746,14.42490468,2.31135485
-0.58497181,13.02183891,1.89741228
3.30636295,12.85524682,1.85741972
-14.23456514,14.57495228,2.23373527
17.10770032,13.14599083,0.53690754
1.27727222,12.83878101,1.87189686
18.46877627,13.41474858,0.18047126
-15.82562628,14.73776805,2.11249206
-17.26811817,14.96666739,1.95202843
19.84056844,14.02090512,-0.10715659
-18.10685110,15.29948767,1.78932370
20.63744650,14.73022249,-0.26889289
21.36511004,15.55625293,-0.39551135
-18.89290133,15.71353150,1.59793771
-19.64836906,16.20614516,1.37180692
22.06056107,16.47939598,-0.49118495
22.79255752,17.47615637,-0.54807286
-20.39064699,16.77064916,1.10742968
-20.61535270,17.76432812,0.80885462
22.72540890,18.74597013,-0.71149687
22.65439224,20.11636467,-0.87978863
-20.83130562,18.82979832,0.50951633
-21.06495359,19.97108958,0.21538160
22.64308163,21.56122728,-1.05122751
22.76202695,23.04473680,-1.22199656
-21.35785760,21.18685325,-0.06941977
-20.71252078,22.31353021,-0.24099629
21.91689905,24.32129588,-1.41520534
-0.26628371,36.22240033,-1.11359206
-2.30458937,35.94538963,-0.86661872
1.49795729,36.20555281,-1.37576487
2.92686373,36.16781723,-1.58912210
-4.29314358,35.58432448,-0.74462702
-13.26030866,31.96782640,-0.00242419
-14.15272583,31.38815129,-0.17737834
-12.00962652,32.62826675,0.16144194
10.62636575,35.59164166,-2.22114698
12.28078413,35.38405218,-2.33702715
13.51562924,34.95711197,-2.40313441
-10.66458121,33.33510038,0.19151751
8.94456013,35.72976215,-2.08358263
4.29661869,36.15101877,-1.75042070
-6.08014971,35.18696279,-0.55653298
-9.21404607,34.06010074,0.04708159
7.29307061,35.90093345,-1.95786762
-7.71337842,34.80801036,-0.28120591
5.76391034,36.19744509,-1.88164132
21.24941287,25.62944435,-1.58398385
-20.06002380,23.49436224,-0.40995839
-15.06307280,30.90193500,-0.37359479
14.74847733,34.41057934,-2.44281843
16.00180859,33.75296468,-2.46852647
-16.03776402,30.51875817,-0.57738617
-17.15121467,30.22648637,-0.77336719
17.31289450,33.05165506,-2.47968505
20.63749460,26.95057302,-1.78694250
-19.43621810,24.72794900,-0.55852423
-17.47757925,29.08367990,-0.73906688
17.93825163,31.69192159,-2.39767187
-17.87285890,28.00872076,-0.71641296
18.60849205,30.44244087,-2.28502082
-18.87216470,26.01548399,-0.68523621
20.00364333,28.29322983,-2.02510350
19.30716755,29.32042771,-2.15916308
-18.33876457,26.99009537,-0.70039866
-1.39422426,14.00348332,-2.75654808
0.13629184,13.94795184,-2.88661258
7.79235530,14.92611877,-2.25160677
6.45999666,14.70273014,-2.52415733
4.86638360,14.41174821,-2.78077816
1.64835388,13.99258086,-2.96443036
3.20902210,14.12922515,-2.94695214
8.96272733,15.08013731,-2.11273736
-3.00457457,14.12005693,-2.62599064
9.99494497,15.39506420,-2.16752898
-4.50990996,14.45859921,-2.48477096
11.10472162,15.70331120,-2.42903380
-5.92808201,14.76495832,-2.39780760
-7.22890730,15.03086929,-2.36410648
12.40963329,16.02513617,-2.78483225
14.06171550,16.38023688,-3.04903543
-8.49195763,15.27141995,-2.36861488
-9.80001711,15.67653344,-2.39507782
15.85081685,16.92055198,-3.17090336
17.40327884,17.47769900,-3.36466825
-11.17741087,16.11737481,-2.44756408
18.66165219,18.21047580,-3.68431844
-12.63068628,16.66339273,-2.52407304
-14.13440167,17.35241057,-2.72764218
19.78459652,19.22425361,-4.07817205
20.33338905,20.11698593,-4.34334953
-14.90725830,18.03779953,-2.96625693
20.90238206,21.05068882,-4.59553453
-15.66274171,18.74918209,-3.23881434
-16.41276892,19.47950576,-3.47749475
21.49728045,21.99349677,-4.81495448
-17.19093393,20.21204541,-3.66036397
22.11889171,22.91854079,-4.99094737
-17.28878141,21.47807610,-3.80939229
22.19289053,24.14036390,-5.24370864
22.26588923,25.30486610,-5.46847807
-17.44573428,22.73369672,-3.99932247
22.34159161,26.42627007,-5.65705869
-17.66794669,23.99625427,-4.23677902
22.42276444,27.51844911,-5.80429494
-17.93084355,25.28631893,-4.50151806
-17.75438639,26.67755834,-4.83003065
22.09969507,28.57614661,-5.96175682
21.77978647,29.63245401,-6.07286319
-17.61062965,28.06239868,-5.15746215
-17.48891904,29.41188222,-5.43396639
21.46762675,30.70148645,-6.14102945
-17.38833470,30.70930144,-5.62666553
21.16993965,31.79533918,-6.17779854
-17.09118226,31.94980129,-5.76732623
20.66213887,32.87304273,-6.22277041
-16.83288190,33.15781979,-5.82772050
20.17593930,34.00488654,-6.28249560
-16.61047954,34.34115492,-5.83414889
19.71045461,35.19934030,-6.36837015
-16.41805666,35.50330873,-5.82253147
19.26874478,36.45631094,-6.47236075
-15.58749682,36.01482734,-5.81459132
18.22682314,37.05933360,-6.54433332
-14.82452409,36.51265239,-5.78383980
17.23299661,37.72192383,-6.55337772
-14.09698389,36.99814752,-5.75453771
16.26421691,38.38208420,-6.55954158
-13.37945892,37.47616540,-5.74751328
15.30639266,39.00247541,-6.59282178
-11.97587193,37.77549986,-5.82744920
13.56648918,39.40204071,-6.62046856
-10.42758673,38.15820812,-6.00540771
11.84388667,39.78329076,-6.59594373
-8.65750699,38.68013828,-6.25469774
10.15735207,40.18094560,-6.63009646
-6.62516743,39.37545484,-6.48680936
8.51978703,40.65295373,-6.76602909
6.84526306,40.66303824,-6.89485168
-4.28185736,39.73906919,-6.69207168
-2.03114735,40.22399592,-6.86994996
5.17746953,40.80134680,-7.00504780
-0.05026802,40.64775559,-6.98821922
3.47328355,40.92427177,-7.05294012
1.72822188,41.05463018,-7.05017905
