0.01814777,12.35394810,0.05945496
-1.95705650,12.15047623,0.16128120
0.03140871,12.29093677,0.16885230
-1.94471041,12.08371895,0.27002976
-3.87887078,11.94847696,0.26484844
-3.86837242,11.88659331,0.37257052
-5.74152764,11.71664152,0.36655398
-5.73493928,11.66712171,0.47226276
-7.53170548,11.50771745,0.48649718
-7.52839752,11.47718104,0.59202608
-5.97316499,35.96319759,0.43491503
-4.32664583,36.18614102,0.50748902
-5.97640216,36.03205128,0.59350694
-4.32569082,36.25650264,0.67075664
-2.80364796,36.47550822,0.67535942
-2.80045504,36.55309632,0.84357847
-1.36289151,36.70384610,0.74089813
-1.35700484,36.78369010,0.91190357
0.06698695,36.81386841,0.59888926
0.07460054,36.89468129,0.76782944
-8.95905062,11.62718294,0.63054756
-8.95604478,11.60975420,0.73685599
-10.30307873,11.82922128,0.80069195
-10.29907117,11.82514993,0.90816952
-11.56539117,12.11589832,0.98474228
-11.56035771,12.12347277,1.09337092
-12.76283218,12.45752892,1.16284876
-12.75847289,12.47115490,1.27146823
-11.86073751,33.92215747,0.46271390
-10.52998147,34.38331367,0.52117962
-11.87989764,34.00766571,0.61825633
-10.54473298,34.46473015,0.67318881
-9.11104948,34.84604129,0.54767359
-9.12276606,34.92350042,0.69980622
-7.57678505,35.35746607,0.50273267
-7.58510316,35.42937810,0.65641688
-13.78373733,12.99862056,1.30276474
-13.77943519,13.01831786,1.41357516
-14.77075911,13.54711669,1.39916072
-14.76602383,13.57284700,1.51324958
-15.71578801,14.15535427,1.46046425
-15.71004395,14.18417588,1.57793938
-16.64034720,14.78811228,1.48887815
-16.63333962,14.81811738,1.61049531
-17.20466529,15.36612428,1.48420614
-17.19542307,15.39947122,1.60960202
-17.77280659,15.95455777,1.47222549
-17.76255045,15.98871096,1.60232916
-18.33803888,16.51595871,1.45557479
-18.32648879,16.55125541,1.59011693
-18.91869079,17.07959595,1.42956383
-18.90657477,17.12001555,1.56978523
-15.94587408,31.74148246,0.30130884
-14.86735364,32.31587348,0.27099464
-15.97944504,31.81743880,0.47345647
-14.89442046,32.39466743,0.44131959
-13.84798970,32.87666577,0.29838906
-13.87209266,32.96010545,0.46310109
-12.85096505,33.41202416,0.36818505
-12.87239236,33.49724196,0.52842043
-19.05368487,18.12689918,1.34010382
-19.05029348,18.18611984,1.48243183
-19.21958965,19.16078126,1.24890410
-19.22696462,19.23255529,1.39261128
-19.39693381,20.20844057,1.14241745
-19.41191771,20.29008149,1.28634298
-19.59320240,21.29949152,1.02489719
-19.61734672,21.38633925,1.17162665
-19.13585903,22.53623356,0.82404739
-19.15845834,22.62431674,0.96896392
-18.70916425,23.89620851,0.65971054
-18.73696669,23.98014044,0.80407721
-18.26817941,25.36248724,0.51371566
-18.30352066,25.44202904,0.66020682
-17.81586552,26.90997578,0.35682978
-17.85504352,26.98429643,0.50954664
-17.35952601,28.14291888,0.34184765
-17.39995992,28.21642133,0.50176709
-16.88950871,29.36544355,0.32848163
-16.93231018,29.44097144,0.49469511
-16.41333383,30.56591226,0.30696319
-16.45205820,30.64096454,0.47758252
0.00636166,12.38885101,-0.05248036
-1.97337152,12.18378433,0.04849410
-3.89878702,11.97152563,0.15430531
-5.76353270,11.73307652,0.25967680
-7.55741578,11.50906582,0.38256151
-5.96923657,35.89590549,0.28304546
-4.32821345,36.11564413,0.34845233
-2.80783082,36.39812268,0.51032825
-1.36921648,36.62427261,0.57168786
0.05972730,36.73416026,0.43156085
-8.97697469,11.60951413,0.52461150
-10.31564862,11.80026453,0.69463678
-11.57719899,12.07663767,0.87804833
-12.77796630,12.40093696,1.05062487
-11.84484249,33.83928670,0.31184030
-10.51491057,34.29913125,0.37585663
-9.10036891,34.76937956,0.39801972
-7.56907410,35.29049633,0.35378754
-13.79998600,12.93400160,1.19106634
-14.78143873,13.49357822,1.28979361
-15.72831236,14.09148571,1.34832738
-16.64974404,14.72990683,1.37261459
-17.21719283,15.31112873,1.36654664
-17.78596815,15.88751811,1.35022301
-18.35621710,16.45264435,1.32736567
-18.92657851,17.00368708,1.30271067
-15.90066857,31.64400251,0.13643944
-14.84260686,32.23196860,0.10910570
-13.82299876,32.78747666,0.13920500
-12.83085187,33.32048567,0.21485390
-19.06354494,18.03624441,1.21113102
-19.21697264,19.06844161,1.10686929
-19.38339147,20.11740456,0.99471796
-19.55895141,21.20369196,0.87939088
-19.11627443,22.44260290,0.69022883
-18.67276002,23.80697591,0.52354307
-18.22599811,25.28499930,0.36835637
-17.77476528,26.83352570,0.20811061
-17.31022028,28.06445003,0.18985807
-16.84084601,29.28533908,0.16483579
-16.36919535,30.48099852,0.14236691
2.05846094,12.53511497,0.08443221
2.04406964,12.59053677,-0.02629978
4.12254530,12.71716900,-0.04383766
4.10701722,12.75742559,-0.15657056
6.20136205,12.78306251,-0.19030981
6.18432588,12.80044656,-0.30470513
8.28075065,12.73080496,-0.23036064
8.26400944,12.72177118,-0.34945720
6.67600986,35.90736711,-0.09890209
4.96806273,36.15929263,0.06905386
6.66130946,35.82870401,-0.23564296
4.95818521,36.08331314,-0.06981326
3.25528037,36.45017478,0.26438634
3.24804308,36.37243543,0.11790791
1.59602837,36.70326576,0.51462756
1.58884530,36.62415032,0.35527087
10.01184100,12.89907056,-0.04938666
10.00058092,12.87457127,-0.17297451
11.68053821,13.13044292,0.20288405
11.67912556,13.09057209,0.07950548
13.23385940,13.47038980,0.39018045
13.24189656,13.41837090,0.27016116
14.68829105,13.93841492,0.47003235
14.70033641,13.88400333,0.35289496
12.94739313,33.96469272,-0.74027558
11.44736896,34.39249024,-0.60713621
12.91470681,33.86561355,-0.87472872
11.41879990,34.30005030,-0.74074356
9.89922388,34.82300181,-0.43915277
9.87453280,34.73514297,-0.57316789
8.29962734,35.30034427,-0.25728666
8.27962104,35.21733980,-0.39151128
15.90700247,14.64457556,0.46243935
15.91863277,14.59048161,0.34202827
17.03981270,15.36075563,0.37088168
17.04871138,15.30610638,0.24383778
18.05499747,16.10296041,0.21345189
18.06274767,16.04851320,0.07931200
18.98918340,16.83920998,0.00545082
19.00016477,16.78247709,-0.13373538
19.52068171,17.45383031,-0.15411831
19.53836744,17.39234537,-0.29646828
20.05130429,18.07941470,-0.32375396
20.07445758,18.01681362,-0.47007049
20.58105146,18.69061364,-0.49358506
20.60886113,18.62953210,-0.64400685
21.12918674,19.32034167,-0.67147736
21.16144682,19.25760903,-0.82640276
17.33666270,31.99656018,-1.01790799
16.25444805,32.46580716,-1.00966969
17.28980722,31.89503279,-1.16288918
16.21345221,32.36485919,-1.15297709
15.17610034,32.96858276,-0.96014569
15.13755459,32.86658932,-1.09928487
14.07124321,33.47623408,-0.86708123
14.03559023,33.37529948,-1.00351344
21.15746888,20.34375745,-0.76226908
21.17829128,20.27049179,-0.91581962
21.22517969,21.37274609,-0.83819928
21.23040276,21.29461218,-0.98889870
21.30863006,22.41675363,-0.91518262
21.30079421,22.33321204,-1.06197874
21.42798325,23.48942163,-0.98512162
21.40573494,23.40086680,-1.12953042
20.84102870,24.52578245,-0.98503866
20.81174038,24.43446330,-1.13056232
20.31708952,25.62621141,-0.98724729
20.27749093,25.53173527,-1.13311492
19.80859193,26.77443694,-1.00557287
19.75880240,26.67492881,-1.15132240
19.30071304,27.97191676,-1.06614085
19.24521637,27.87063163,-1.21210870
18.82262739,28.94860391,-1.02385328
18.76657047,28.84663799,-1.17158324
18.33642648,29.94721913,-1.00628681
18.27916375,29.84327331,-1.15428819
17.83477257,30.95963786,-1.01204386
17.78163476,30.85680339,-1.15933188
2.03746716,12.61169926,-0.13967071
4.10577729,12.75862435,-0.27238125
6.18759799,12.78383862,-0.41851382
8.27540351,12.68108238,-0.46431183
6.64526600,35.75176892,-0.36774761
4.94780944,36.00726042,-0.20575691
3.24110422,36.29414295,-0.02578689
1.58253859,36.54545806,0.19811644
10.00913236,12.81179940,-0.29327781
11.68890933,13.01588458,-0.04065056
13.25586749,13.33420444,0.15469788
14.72074552,13.78655880,0.23469972
12.88424486,33.77008391,-1.00542664
11.39016464,34.20585970,-0.86775330
9.85032206,34.64749184,-0.70487334
8.25972104,35.13975161,-0.52234328
15.94358603,14.49220610,0.21922928
17.06619187,15.22509365,0.12018094
18.08205377,15.96147314,-0.04689496
19.01928265,16.69612281,-0.26529530
19.56429129,17.30983024,-0.43060092
20.10528492,17.92394962,-0.60771694
20.64598090,18.54079014,-0.79032521
21.18984225,19.16012695,-0.96808513
17.23196348,31.77436091,-1.29989588
16.17294631,32.25975129,-1.28823923
15.09749641,32.76090717,-1.23319368
14.00077999,33.26838069,-1.13337685
21.20541969,20.17079499,-1.05673199
21.23792135,21.19764096,-1.13815442
21.29103976,22.24083712,-1.20983741
21.36917209,23.29832928,-1.26917207
20.78293247,24.33773056,-1.26842267
20.22839802,25.42984496,-1.27051832
19.70060519,26.57508279,-1.29429764
19.18794890,27.76767742,-1.35444495
18.70248236,28.74019601,-1.31174517
18.21462254,29.73459042,-1.29897783
17.72361815,30.74636613,-1.30067232
0.03571984,13.07276632,-11.09673380
-1.60187123,12.93168479,-11.02515570
0.03136389,13.07959507,-10.93715995
-1.60427431,12.94328499,-10.86666423
-3.09607507,12.74915380,-10.88736652
-3.09660494,12.76101532,-10.73252894
-4.50194747,12.59913282,-10.70654965
-4.50188905,12.60609185,-10.55753485
-5.84720840,12.49748839,-10.52510512
-5.84873943,12.49528223,-10.38322920
1.80437352,13.18797703,-10.94380069
1.80899824,13.18539708,-11.10113566
3.59892593,13.19240112,-10.92465151
3.60302130,13.19293745,-11.07401359
5.30890227,13.11728811,-10.85675744
5.31238930,13.12276428,-10.99742637
6.86854128,12.98578932,-10.71342869
6.87041076,13.00016450,-10.85113701
0.12025873,37.74468668,-14.32873785
-1.69916086,37.28039060,-14.15774659
0.11926453,37.75654167,-14.11548755
-1.69914207,37.29026419,-13.94713680
-3.53785156,36.87474267,-14.06505741
-3.53530469,36.88544078,-13.85937195
-5.33673656,36.44588604,-14.01626812
-5.32994780,36.46204129,-13.81627995
-7.16523328,36.14478721,-13.94510199
-7.14970405,36.16688433,-13.74602285
1.92440824,37.52184450,-14.16364488
1.92584647,37.51809412,-14.37799242
3.73556172,37.33038707,-14.20313503
3.74023474,37.33277595,-14.41901912
5.50375607,37.07511172,-14.17877623
5.51418956,37.08050625,-14.39857292
7.28260904,36.89007094,-14.16853286
7.30178067,36.89681823,-14.39590941
-6.99067880,12.67957585,-10.42321394
-6.99394769,12.67305298,-10.28381639
-8.11440551,12.84300083,-10.38701819
-8.11948596,12.83209178,-10.24877375
-9.25450548,12.98879603,-10.43581570
-9.26087627,12.97376180,-10.29523915
-10.44416688,13.14387773,-10.59107282
-10.45039364,13.12454647,-10.44291032
8.11555920,13.10460685,-10.60954287
8.11530231,13.12414181,-10.75051106
9.28358895,13.17543256,-10.59019424
9.28165339,13.19981760,-10.73595046
10.42916155,13.19511118,-10.69871971
10.42627037,13.22472626,-10.85146005
11.58706991,13.18433452,-10.96904263
11.58422750,13.22072746,-11.13142893
-9.05875727,35.49535118,-13.76378637
-9.03020216,35.51080163,-13.56576331
-10.90634623,35.03947025,-13.66835241
-10.87155338,35.05251879,-13.46979572
-12.58682780,34.58616227,-13.61649512
-12.55406246,34.59955281,-13.41978947
-14.38928885,34.17047250,-13.59888225
-14.35967290,34.17818917,-13.40346958
9.13707343,36.22957983,-14.06332441
9.16680311,36.24327775,-14.29164674
10.95053716,35.69049992,-14.07592464
10.98413454,35.70211433,-14.30537378
12.62052161,35.05425228,-14.11455926
12.65209229,35.06123918,-14.33929566
14.45864484,34.38599225,-14.16280132
14.49065369,34.39747644,-14.38329482
-11.71321285,13.48965175,-10.90621951
-11.71725670,13.46671796,-10.74332196
-13.09677206,13.97261182,-11.29963071
-13.09465272,13.94081956,-11.12905061
-14.59017518,14.67639971,-11.73876763
-14.57385029,14.63170268,-11.55819637
-16.15630684,15.52470827,-12.22990317
-16.12480917,15.46860412,-12.03842357
12.76718313,13.35803636,-11.43443958
12.76286426,13.40709903,-11.60679431
14.01205128,13.73245566,-12.00424377
14.00634652,13.80060313,-12.17208479
15.34435016,14.46975584,-12.59175403
15.34429481,14.54813305,-12.74901782
16.79542901,15.55094788,-13.14280357
16.80319510,15.63292791,-13.28501433
-17.72354840,31.92027138,-13.35182872
-16.87330755,32.48746981,-13.39050006
-17.74506909,31.91616709,-13.17583040
-16.87858929,32.49055799,-13.21034150
-16.03598675,33.09056234,-13.46054474
-16.02665838,33.09743360,-13.27552040
-15.20727011,33.66601052,-13.53656511
-15.18594080,33.67314526,-13.34671472
18.22975866,31.83845782,-13.93733314
17.22203880,32.42270054,-13.98060677
18.22317298,31.85978495,-14.15923648
17.23008720,32.43883983,-14.19924974
16.26285112,33.08929018,-14.05299114
16.28241725,33.10210311,-14.26866963
15.33954975,33.76124010,-14.11744769
15.36770277,33.77339775,-14.33369450
-16.93068599,16.18806443,-12.50258879
-16.89814415,16.12472174,-12.31522730
-17.68803732,16.85698919,-12.71818587
-17.65894325,16.78425534,-12.54248744
-18.45516092,17.53951942,-12.86971954
-18.43044317,17.45553956,-12.70769549
-19.28105809,18.24436279,-12.96605766
-19.26178936,18.14789643,-12.81509119
17.53503615,16.36865021,-13.37890146
17.54290898,16.45097701,-13.51516027
18.28946739,17.17527959,-13.56649795
18.29529021,17.25696169,-13.69845874
19.07673913,17.95857642,-13.70621912
19.07987684,18.04183851,-13.83473604
19.93511411,18.73673909,-13.80151375
19.93611699,18.82496607,-13.92780733
-19.43536539,19.26321172,-13.01083479
-19.40553449,19.16341025,-12.86077728
-19.64019549,20.34133233,-13.04678688
-19.60507212,20.23846476,-12.89806527
-19.85267745,21.42351477,-13.07494044
-19.81645328,21.32288055,-12.92716318
-20.06405236,22.46911606,-13.09456750
-20.02624315,22.37178558,-12.94740991
20.02954016,19.70046347,-13.75539131
20.04661033,19.79397433,-13.88543745
20.19972304,20.73541730,-13.70155955
20.22927640,20.83235474,-13.83498560
20.40414822,21.78581819,-13.64612951
20.44198223,21.88128261,-13.78316129
20.62972107,22.80867130,-13.59719440
20.67641427,22.90135268,-13.73862712
-19.88309412,23.69525640,-13.10118236
-19.84902407,23.60130013,-12.95512612
-19.72456076,24.88737381,-13.09048884
-19.69569054,24.79259532,-12.94499148
-19.53661006,26.10188923,-13.07726732
-19.51706835,26.00477676,-12.92993385
-19.29178409,27.44597387,-13.07548845
-19.28275228,27.34823820,-12.92545424
20.45432014,23.96282136,-13.50917488
20.50426325,24.05294680,-13.65513331
20.32126649,25.08254684,-13.44284423
20.37107807,25.17411209,-13.59532313
20.16983729,26.21727933,-13.40603748
20.21441752,26.31305376,-13.56769195
19.95990374,27.47827933,-13.41196235
19.99583155,27.57720546,-13.58627351
-18.93837294,28.50939704,-13.07878898
-18.93882006,28.41972640,-12.92543378
-18.56533938,29.67203809,-13.11962633
-18.57478959,29.60429920,-12.96024375
-18.15927646,30.83247405,-13.21399148
-18.17673339,30.79769193,-13.04650912
19.59646380,28.47920356,-13.43194600
19.62060968,28.57311464,-13.61729940
19.19569918,29.60034118,-13.52179391
19.20686203,29.67640968,-13.72191473
18.73786316,30.74411749,-13.70019087
18.73774194,30.79244924,-13.91576904
7.31639971,36.82818120,-13.99258175
9.10687426,36.21306260,-13.87446502
10.88881754,35.63034440,-13.86692661
12.64655907,35.02280180,-13.92658439
14.38734515,34.39143225,-13.98331534
6.84012677,13.02768238,-10.63608391
8.08383248,13.11666129,-10.51717609
9.24344286,13.17103829,-10.48493797
10.37003532,13.19038932,-10.58110610
11.49686288,13.18782362,-10.83546581
18.29031958,31.78771569,-13.79068496
17.28184737,32.40606384,-13.81606089
16.30257566,33.05441437,-13.87158273
15.33933212,33.71983022,-13.92835901
16.67409604,15.42044737,-13.00074485
17.45050283,16.24234343,-13.24583667
18.21823774,17.05188817,-13.43911349
18.96961196,17.82263981,-13.58180315
19.69930597,18.55549707,-13.68005366
19.89678804,19.59504532,-13.63503734
20.09140592,20.63947179,-13.58002574
20.28735456,21.68802246,-13.52102285
20.48810127,22.73940787,-13.46771720
-19.02365867,17.99230069,-12.67938295
-19.26895201,19.06933586,-12.72821625
-19.49684422,20.14831621,-12.76575024
-19.70765446,21.22940602,-12.79564576
-19.90129291,22.31234257,-12.82136936
20.34756925,23.84348218,-13.37581052
20.20892992,24.95868709,-13.30636137
20.06799626,26.08117196,-13.26777715
19.91987590,27.20770679,-13.26862334
-19.76211349,23.48655726,-12.82246396
-19.60878392,24.67315693,-12.81503715
-19.44472624,25.86843602,-12.80471748
-19.27279258,27.06644772,-12.80328498
19.53205357,28.34539846,-13.27606732
19.12938922,29.49032056,-13.35004296
18.71359127,30.63870300,-13.51631369
-18.90249289,28.28867618,-12.79680962
-18.53461801,29.50431079,-12.82467623
-18.16916877,30.70288772,-12.90596545
-17.80521258,31.87376615,-13.05997481
0.11959197,37.69652115,-13.93777677
1.93805615,37.52231335,-13.98459692
3.72923077,37.29565031,-14.01963457
5.50465738,37.02732344,-13.99817716
0.03060566,13.13803650,-10.83754715
1.79008754,13.23665557,-10.84249979
3.58465981,13.23387125,-10.82610939
5.29577499,13.15690942,-10.76584574
-1.59343946,12.99858778,-10.76478383
-3.08637804,12.81024702,-10.63125248
-4.49288128,12.65194806,-10.46216527
-5.82568796,12.54142607,-10.30376074
-1.71329775,37.29550893,-13.77027005
-3.52815792,36.86163945,-13.68752673
-5.33441912,36.43326193,-13.65338784
-7.18598715,36.13079677,-13.59083667
-8.99876419,35.51935108,-13.40056901
-10.80938736,35.01786604,-13.29130556
-12.58283129,34.59492148,-13.25374380
-14.29337672,34.19405379,-13.24722130
-6.96676531,12.69152901,-10.19381911
-8.08339308,12.83328365,-10.15227240
-9.20558840,12.96936229,-10.19240085
-10.36091409,13.12068672,-10.33226751
12.65649028,13.35976320,-11.27725717
13.89060734,13.70127684,-11.84182705
15.22927064,14.38357134,-12.43684177
-11.59994069,13.46504154,-10.61476692
-12.95677511,13.92412390,-10.99140894
-14.43794381,14.57903823,-11.40648915
-15.98349958,15.38204654,-11.86538247
-16.79437930,16.03313302,-12.13765323
-17.56858781,16.68401506,-12.37270077
-18.30918716,17.33820823,-12.55300635
-16.94029988,32.48881077,-13.07256345
-16.07016034,33.08330186,-13.12084274
-15.18969249,33.65283347,-13.18304816
8.11677344,12.52846564,-1.14061098
6.07747399,12.57609131,-1.10760602
7.99824132,12.06672237,-1.87178568
5.99885577,12.14676348,-1.87144492
-7.42024765,11.44175972,-1.18779473
-5.71506395,11.50605287,-1.30811993
-7.48472907,11.65408746,-0.32250545
-5.74374156,11.75311292,-0.45175155
9.85439371,12.56538937,-1.00168571
9.71431982,12.03893525,-1.73493379
-8.81367044,11.50275456,-1.07037284
-8.89108023,11.70546634,-0.19193820
-10.14757717,11.60373585,-0.94266519
-10.22276009,11.82750279,-0.03891824
11.56411921,12.67537050,-0.78000473
11.43496165,12.04983901,-1.53649953
4.03430445,12.48930155,-0.98755575
3.98269521,12.06867097,-1.78835413
-3.92212541,11.56240921,-1.41600220
-3.91890648,11.85410976,-0.56634282
13.13270070,13.00806085,-0.59457667
13.06581172,12.28150967,-1.39392466
-11.39040534,11.85358304,-0.81626524
-11.44447572,12.12917347,0.12807030
-2.03489389,11.71567346,-1.52731156
-2.01217405,12.05205261,-0.67655652
1.98056838,12.40582620,-0.86328018
1.94225017,11.99763044,-1.69533642
14.59592715,13.46606770,-0.51853485
14.61988794,12.65069398,-1.36673759
-12.60012366,12.12273337,-0.70106873
-12.61378982,12.46826701,0.28216614
15.87446157,14.11211168,-0.56477220
16.00041485,13.22582892,-1.48545156
-13.73088919,12.48346166,-0.61909939
-13.67351864,12.91950487,0.40327732
-0.07489413,11.86723405,-1.62656858
-0.04274544,12.24753591,-0.77809199
17.06739751,14.78798243,-0.70798596
17.27891563,13.85931214,-1.72284094
-14.87014127,12.84572194,-0.57577566
-14.71406886,13.38821615,0.48358146
-15.98300843,13.29784047,-0.58836198
-15.70232241,13.95022498,0.51688594
18.12532111,15.50823215,-0.91522220
18.38483489,14.57809293,-2.04876726
19.11174869,16.23914409,-1.17779501
19.40317022,15.33382063,-2.43346601
-17.10648249,13.79870913,-0.65799192
-16.68467076,14.55061421,0.51010356
19.74767224,16.79715482,-1.39084722
20.04909210,15.91118949,-2.69715164
-17.84370637,14.21764826,-0.73070089
-17.35200260,15.01755033,0.48263817
20.36471854,17.36696979,-1.61937899
20.67656454,16.49587724,-2.94996162
-18.55411413,14.65656399,-0.82449437
-18.01232908,15.48336760,0.44328345
-19.12082354,15.23644695,-0.95493822
-18.56102553,16.06248532,0.38948043
20.84598058,18.04143781,-1.82117445
21.14623607,17.19109090,-3.17581121
-19.66047295,15.83927485,-1.10367439
-19.09818004,16.63855023,0.32781973
21.32258890,18.71926639,-2.00421868
21.59542184,17.90151219,-3.37989924
21.53553083,19.76660376,-2.14656082
21.74648912,19.01054320,-3.56530525
-19.97525491,16.89467683,-1.32273667
-19.45078530,17.61001287,0.21240139
21.75510224,20.82427291,-2.26180847
21.90937893,20.13578718,-3.72631541
-20.28473256,18.00879326,-1.55246067
-19.79798344,18.61332789,0.07645558
21.54265152,21.86701739,-2.29929545
21.65069219,21.25505135,-3.77639653
-20.17356843,19.23449305,-1.70346190
-19.74154875,19.71404100,-0.06666963
21.35129875,22.93177616,-2.32717260
21.42757064,22.38534825,-3.81009588
-20.07222981,20.52413277,-1.84578687
-19.68245260,20.89479661,-0.21296469
-19.64846399,21.98496257,-1.98436820
-19.29643708,22.25994792,-0.41233153
20.80881022,24.03972041,-2.35865594
20.87895909,23.56664154,-3.80879945
-19.24131574,23.51665259,-2.11466233
-18.91017124,23.73925375,-0.59699305
20.30007506,25.19031490,-2.38367094
20.38035394,24.77126183,-3.79526147
13.02490926,33.95785373,-1.93800807
14.15277890,33.45820376,-2.05069035
13.26160432,33.97639291,-3.30392117
14.39088467,33.44016860,-3.38995930
11.51207943,34.43772168,-1.82157424
11.69897399,34.52688407,-3.22803784
-11.12883541,34.79376483,-2.27666894
-12.55687742,34.24558064,-2.27803413
-10.76504416,34.60755422,-0.67039063
-12.11648465,34.11335478,-0.72472988
-13.59646854,33.71789493,-2.31249659
-13.12448934,33.61000314,-0.81128990
9.95528124,34.91995439,-1.68896756
10.09677109,35.07610413,-3.15649411
-9.64953555,35.35914709,-2.30902224
-9.33735109,35.11595261,-0.67008786
15.25588333,32.95188333,-2.14228215
15.49428711,32.89913325,-3.46947895
-14.64083328,33.17402274,-2.33854221
-14.14012019,33.09148261,-0.87920578
-0.02813698,37.25064814,-2.68896388
-1.61626910,37.20970407,-2.55853976
0.00706737,36.94893129,-0.85238014
-1.47394005,36.91475370,-0.73416779
1.57759668,36.83665162,-1.02676335
1.61342948,37.12132123,-2.77853822
8.32478804,35.32759437,-1.53385615
8.42695690,35.54153357,-3.08368862
-8.07407914,35.85045938,-2.39607519
-7.77495105,35.55589191,-0.74229154
16.26061009,32.26146799,-2.22028268
16.48776755,32.16138643,-3.55162575
-15.60563017,32.39824979,-2.37363782
-15.10381972,32.36066007,-0.93709733
-3.19852269,37.11280636,-2.49838656
-2.95922039,36.79493770,-0.75827275
3.26228225,36.67276708,-1.17325735
3.31693215,36.95338605,-2.84479481
4.97077969,36.25282643,-1.28162140
5.02860660,36.52218970,-2.92590020
-4.80148733,36.75211297,-2.50519590
-4.50190504,36.41683369,-0.83180052
6.67129982,35.84882142,-1.40252548
6.74612907,36.10743881,-3.01902835
-6.46065204,36.40689506,-2.48851992
-6.14653938,36.07023557,-0.83694556
17.25035463,31.58988474,-2.26475159
17.47049251,31.44686144,-3.61648267
-16.58468501,31.60062257,-2.38735217
-16.09600910,31.60208371,-0.94851174
-18.80326682,25.07579849,-2.23394609
-18.47147395,25.28111237,-0.73720343
19.77380399,26.36973424,-2.37598532
19.87581051,25.98238606,-3.77653667
17.82348114,30.58125193,-2.30956483
18.02306698,30.38356813,-3.64582689
-17.10316541,30.40966392,-2.38900445
-16.65948295,30.47213896,-0.97396517
-18.38711649,26.64226793,-2.34625729
-18.03626020,26.84397149,-0.87758070
19.27324851,27.58150554,-2.38919485
19.40725224,27.22078647,-3.77147583
18.40009088,29.59497715,-2.35349652
18.58228486,29.34981684,-3.67216019
-17.62977161,29.20576162,-2.37205335
-17.22540601,29.31460753,-0.97761217
18.83489583,28.57905472,-2.36254238
18.98931835,28.27469179,-3.71523130
-18.00167551,27.93235991,-2.36383360
-17.63033938,28.08960816,-0.93102993
7.91019845,11.50440973,-2.61881431
5.95054366,11.58914334,-2.68110730
9.59515765,11.42019185,-2.48556523
-8.74046325,11.10870088,-2.00632527
-7.35299128,11.04633494,-2.10424422
-5.67531041,11.07725709,-2.23432747
3.95747283,11.49215640,-2.66590705
-3.90854681,11.08625931,-2.35380325
-2.03857764,11.20499507,-2.45732194
1.92639758,11.42612798,-2.60516062
-10.08646327,11.18023274,-1.91222259
11.30568560,11.31852162,-2.32034280
-11.36613497,11.37392647,-1.82933744
12.98651229,11.41852639,-2.23934164
-0.08701844,11.32388406,-2.54533026
14.63237524,11.67873793,-2.31002301
-12.63367661,11.57118832,-1.76195727
16.09249993,12.20769335,-2.55940245
-13.84331639,11.85650968,-1.72751422
17.40818175,12.83817739,-2.93012623
-15.07263476,12.14742359,-1.73725989
-16.28076140,12.54964354,-1.82470400
18.55253199,13.55836154,-3.34181903
-17.49457556,13.02612753,-1.99300452
19.62169739,14.32594687,-3.76021846
-18.26953401,13.43473597,-2.15535699
20.27141455,14.92273210,-4.05442925
20.89097970,15.54744836,-4.34498535
-19.01009262,13.87487397,-2.34098222
21.34450472,16.30706598,-4.59644736
-19.57932808,14.49041770,-2.54212989
21.79376071,17.08098790,-4.82882080
-20.12495922,15.14023141,-2.75862772
21.93560796,18.27401174,-5.03230104
-20.40914099,16.28755408,-3.02065298
22.10540494,19.48867084,-5.20758692
-20.70883134,17.50523432,-3.27441363
21.83919500,20.68395196,-5.25046330
-20.57809973,18.82235014,-3.41137214
21.61667750,21.88278223,-5.27690976
-20.47289832,20.19706196,-3.53079455
21.07001888,23.13602538,-5.22651071
-20.03248563,21.73718850,-3.58494687
-19.62132653,23.32517467,-3.63679029
20.58211493,24.39880678,-5.17209505
-19.18503769,24.92070665,-3.68028012
20.09152145,25.65701942,-5.11188470
-18.78224710,26.51177779,-3.72456499
19.64195395,26.93495871,-5.06473614
-18.42937426,27.85608565,-3.74690221
19.24691301,28.04547471,-5.02270401
-18.09974899,29.18724117,-3.76297260
18.86650727,29.17971794,-4.98988306
-17.60066740,30.44882490,-3.78743482
18.31210927,30.27002258,-4.96520038
-14.11983975,33.92058822,-3.77523583
-15.19012552,33.35966952,-3.77078482
-16.14995953,32.54262368,-3.78831478
15.78652172,32.93462976,-4.77105864
16.77744545,32.14978565,-4.85775844
14.67722627,33.50882355,-4.69770220
-17.11775398,31.70823836,-3.80254752
17.76743310,31.39451459,-4.94075318
-13.05116949,34.46455374,-3.77639180
13.54731141,34.08136043,-4.62754499
-11.54629582,35.05283476,-3.82423716
11.94044072,34.70385499,-4.59049601
-10.00516317,35.65581431,-3.88047524
10.29747833,35.31826920,-4.57317512
-8.38420004,36.17269155,-3.95933114
8.58681205,35.83262875,-4.55828381
-6.74675630,36.75350095,-4.03467349
6.87352124,36.43791870,-4.53539034
-3.39195009,37.48028102,-4.08480362
-5.05561136,37.10695885,-4.05797675
-1.71900410,37.58255323,-4.16650345
1.66744739,37.50389068,-4.33833441
3.40152896,37.32518840,-4.38633365
5.13055311,36.86901871,-4.45930001
-0.03827213,37.64691584,-4.27984695
9.40797827,10.68552142,-3.63881415
7.78078656,10.79890445,-3.79223336
-8.58712637,10.55696036,-3.38753483
-7.21388593,10.47958168,-3.48448313
5.88719888,10.87664515,-3.93740576
-5.57904116,10.47886287,-3.62260567
-3.85359829,10.43823265,-3.76318863
3.93476670,10.74803268,-4.00989415
-2.01491307,10.51642918,-3.88262611
1.92193967,10.67216937,-4.00896047
-9.93386226,10.61517825,-3.30992817
11.06443302,10.50021122,-3.52023886
-0.08185988,10.59614005,-3.97297807
-11.23880172,10.77309285,-3.25348931
12.73334064,10.47506435,-3.53648786
-12.55274947,10.92702127,-3.22406662
14.41431803,10.60593210,-3.74184541
-13.83457505,11.17894616,-3.24020201
15.93811318,11.05192079,-4.10749525
17.31746079,11.64387836,-4.53441181
-15.14346346,11.45275615,-3.30717035
18.52268977,12.39352287,-4.96311833
-16.43684553,11.85157201,-3.45718811
-17.72950066,12.32358962,-3.70271788
19.64973736,13.26561135,-5.40507747
20.32890533,13.94759573,-5.71013459
-18.52189691,12.73938850,-3.92021974
20.98845932,14.65399582,-6.01656376
-19.27442716,13.20425053,-4.16892024
21.47661838,15.48775706,-6.26583147
-19.84859895,13.88100142,-4.41108021
21.96333602,16.33533230,-6.48672065
-20.41732302,14.60881395,-4.64980493
22.12223547,17.61076424,-6.64352941
-20.71950868,15.87564151,-4.88737546
22.30683240,18.91967747,-6.76143003
-21.05885160,17.20510975,-5.08749190
22.03533335,20.19975216,-6.70098164
-20.93051301,18.61469754,-5.10238003
21.80846413,21.47815451,-6.63769623
-20.82897650,20.06154209,-5.10622341
-20.40005830,21.65993429,-5.07889854
21.27354261,22.79360050,-6.53941219
-20.00250176,23.28437170,-5.06312806
20.80163871,24.10963871,-6.45316405
20.33040807,25.40991017,-6.37449464
-19.57964125,24.89837035,-5.05606897
19.90292968,26.72433474,-6.31424538
-19.19410607,26.49911323,-5.06372778
19.52029236,27.90245155,-6.25080695
-18.85303255,27.89414649,-5.05365961
-18.54298716,29.27596490,-5.04693484
19.15573739,29.10189092,-6.19830983
-18.03829491,30.57886828,-5.03671146
18.58901429,30.24512180,-6.13633188
-17.55805397,31.88364602,-5.02569123
18.03596933,31.42225791,-6.07879965
17.03615400,32.20970599,-5.98863966
-16.59647180,32.74307688,-5.01329178
-15.64250280,33.58555364,-5.00531541
16.04370974,33.03031818,-5.90019585
-14.55000732,34.14608472,-5.00714693
14.92371663,33.62535576,-5.81381011
-13.45725738,34.68739346,-5.00445568
13.79041737,34.22014038,-5.73312216
-11.88930234,35.28803109,-5.05467333
12.15027992,34.89374468,-5.69702052
-10.29231068,35.90149019,-5.09372008
10.47783626,35.55188023,-5.68446907
-8.61679612,36.41869754,-5.12957195
8.73474949,36.09041933,-5.66805827
-6.93517971,37.00423869,-5.16227350
6.99262621,36.71603390,-5.63569014
-3.49746655,37.76009437,-5.19602386
-5.20643844,37.36555160,-5.17436363
-1.76816461,37.88190567,-5.26438427
1.71500505,37.82803217,-5.41572473
3.47812063,37.64146050,-5.47523385
5.22727367,37.16207620,-5.55780917
-0.03324143,37.97245540,-5.35717720
-8.32941416,10.26068374,-4.90621016
-6.98838914,10.16902456,-5.00050351
-5.41117026,10.15035508,-5.14782380
7.60095616,10.45139260,-5.18637398
5.79382833,10.48650075,-5.38283172
9.14542721,10.36779326,-5.02159596
-3.74131032,10.08320115,-5.31732417
3.89882156,10.32470023,-5.52082933
1.92030740,10.24767532,-5.56897522
-1.95152891,10.14322222,-5.46012496
10.70475701,10.17903986,-4.93668447
-9.64684344,10.32148785,-4.84540292
-0.05614240,10.19843951,-5.55615953
-10.93018836,10.47676894,-4.80659382
12.28727491,10.08684077,-5.00417055
13.91949357,10.08183511,-5.27352506
-12.23489000,10.62720090,-4.80833751
15.46105498,10.39700412,-5.69182107
-13.54975424,10.87962403,-4.87982898
16.89130520,10.91791818,-6.15850651
-14.91587250,11.15662142,-5.02199153
18.17989622,11.68314138,-6.64901983
-16.28467035,11.56224562,-5.24917761
-17.67664895,12.04277067,-5.54847367
19.43427608,12.64207972,-7.15273981
-18.53071461,12.48593740,-5.77630519
20.19227908,13.39355681,-7.46809151
-19.35854867,12.99393943,-6.01651656
20.92661032,14.17801783,-7.75713685
21.46605576,15.08565458,-7.94563590
-19.99877631,13.73638581,-6.21072664
-20.62803529,14.52028931,-6.39822341
21.99061655,16.00166212,-8.09841435
22.16811115,17.34354853,-8.15396441
-20.94939847,15.87970049,-6.54740697
22.37015991,18.70849326,-8.17817397
-21.29655070,17.27425123,-6.67292998
22.12235033,20.01155241,-8.03374710
-21.16952092,18.72279790,-6.60299523
21.91594331,21.31415558,-7.90147670
-21.07150655,20.18768089,-6.53336011
21.41896105,22.65899733,-7.76645818
-20.66805740,21.80394870,-6.45301009
-20.29891220,23.42364707,-6.39812053
20.98222584,24.00061351,-7.66009750
-19.90364028,25.01967634,-6.35409754
20.54263307,25.32191873,-7.56515309
-19.54646309,26.59847012,-6.33703667
20.14543553,26.65262148,-7.49633957
-19.22719121,28.02262127,-6.31304515
19.78182536,27.88127864,-7.42636739
-18.94177495,29.43677631,-6.30096471
19.43703047,29.12869744,-7.36943707
-18.43822518,30.76534231,-6.28482577
18.86215999,30.30650921,-7.29786651
-17.96363013,32.09964564,-6.27285627
18.30299665,31.51709216,-7.23291508
-17.00873388,32.97631936,-6.26113305
17.29257775,32.32654360,-7.14124206
-16.06336264,33.83569886,-6.25671441
16.29716385,33.17161413,-7.05318647
-14.96160024,34.39270005,-6.26418555
15.16865991,33.78045195,-6.96895273
-13.85622683,34.92587154,-6.26511767
14.03517053,34.39036647,-6.88988354
12.36040569,35.10201955,-6.83145497
-12.22281440,35.52047955,-6.28902390
-10.56520094,36.12712110,-6.28762584
10.65912718,35.79193708,-6.79729139
-8.83393365,36.63618931,-6.29706366
8.88866067,36.34992911,-6.78431927
-7.10310767,37.22047678,-6.30661831
7.12073728,36.99220791,-6.75331044
-5.33128727,37.58658263,-6.30254172
5.33248577,37.44871979,-6.66859429
-3.57800765,38.00279237,-6.31075178
3.56079084,37.94569818,-6.57422972
-1.79944132,38.14829039,-6.35940430
1.76772860,38.13295759,-6.49827679
-0.01873806,38.26936275,-6.43154280
-6.71945940,10.38162663,-6.44342932
-5.20669141,10.37093314,-6.58971275
7.41689541,10.66599337,-6.57707395
5.69478226,10.69153114,-6.79242258
8.87161226,10.62907422,-6.42652149
-8.01227312,10.47628263,-6.37184356
-3.59880414,10.31756277,-6.77368082
3.85507040,10.54715982,-6.95337661
1.91390541,10.48611986,-7.00261669
-1.86933943,10.39098080,-6.91218305
-9.27751635,10.54238591,-6.35418804
10.31573419,10.50869856,-6.38710849
-0.02484065,10.44909814,-6.99531412
-10.50101756,10.71465785,-6.37835712
11.75702336,10.46028070,-6.50753996
13.23301604,10.41321864,-6.82922716
-11.73791505,10.90391133,-6.46020680
14.67824594,10.61037899,-7.31163754
-13.02703179,11.21103251,-6.63116320
-14.43134541,11.55743183,-6.88180564
16.08372366,11.04028894,-7.85462280
-15.90299445,12.03765869,-7.15687218
17.44075386,11.80201864,-8.39707570
18.85609330,12.80255086,-8.92220717
-17.41984715,12.56880329,-7.41306217
19.71805318,13.58542950,-9.22713960
-18.32737812,13.03657854,-7.58798998
-19.19965680,13.54984491,-7.77870474
20.54360394,14.39228843,-9.48716191
-19.87540833,14.27763103,-7.92545353
21.15384672,15.29961949,-9.61378991
-20.53675458,15.03268054,-8.09090853
21.73370589,16.20194332,-9.69678491
21.95042584,17.52722829,-9.65864363
-20.87553573,16.38099613,-8.19166139
22.19042002,18.86739532,-9.59774869
-21.24524553,17.74857696,-8.27456916
21.99869193,20.13794771,-9.39955175
-21.15947919,19.15976878,-8.15302501
21.84386531,21.41036762,-9.22763241
-21.09924095,20.57667099,-8.04177636
-20.75810408,22.14328779,-7.92368305
21.42119497,22.74618686,-9.06829695
21.05009057,24.07882832,-8.95123899
-20.44769822,23.70243219,-7.84514984
-20.11125620,25.23858722,-7.79937399
20.67030207,25.39141154,-8.86638170
-19.80748421,26.76268008,-7.78960181
20.32497787,26.71083311,-8.81433343
-19.53135614,28.19917530,-7.78018776
19.99975922,27.97266498,-8.76324742
-19.28694168,29.63285308,-7.78998249
19.68985856,29.25011744,-8.72813315
-18.79841378,30.97684264,-7.79250616
19.11790317,30.44632015,-8.67509293
-18.33890087,32.32933267,-7.80186997
18.55993855,31.67291483,-8.63210355
-17.40519416,33.21685260,-7.79733519
17.55019389,32.49511248,-8.56048180
-16.48182838,34.08743815,-7.80290525
16.56019003,33.35505417,-8.49423838
-15.38165844,34.63469714,-7.80510050
15.42719595,33.96818481,-8.41510807
-14.27316871,35.15203682,-7.80134823
14.29681920,34.58421918,-8.33821015
-12.57963679,35.73224781,-7.82643488
12.59047345,35.33315817,-8.28778300
-10.86101013,36.31926371,-7.82321739
10.86651946,36.05593982,-8.26190242
-9.06225305,36.80501027,-7.81782622
9.06856297,36.62695924,-8.25020114
-7.27083600,37.37826699,-7.82021939
7.27421857,37.27720699,-8.22743243
-5.44958832,37.74906605,-7.82453327
5.46456651,37.73906774,-8.16210044
-3.64869400,38.19228759,-7.84061585
3.66960242,38.24658374,-8.08585592
-1.81724255,38.37224827,-7.87981926
1.84189476,38.42294357,-8.00842480
0.01260579,38.54012790,-7.94280540
7.24225491,11.44406106,-7.99172525
5.59500344,11.47669986,-8.18034043
-7.67210505,11.22657335,-7.79272484
-6.43556128,11.12560629,-7.83761783
-4.99025626,11.12426735,-7.95810955
8.61330754,11.43408625,-7.86278757
3.80157066,11.36497478,-8.30332775
-3.44854842,11.09944829,-8.12215727
9.94073725,11.36284828,-7.85240820
-8.87660318,11.29828836,-7.81923858
-1.78591180,11.20358551,-8.24112497
1.89480663,11.32332912,-8.32034754
-0.00061040,11.28423795,-8.31023319
11.23217062,11.36325263,-7.98305394
-10.04409622,11.46418884,-7.89706383
-11.22238772,11.64915255,-8.04889807
12.52031908,11.34732380,-8.29500122
-12.47408982,11.96345344,-8.30111388
13.80527627,11.50516785,-8.79354131
15.14584981,11.84666127,-9.40713001
-13.87726472,12.34225706,-8.59706021
-15.37439517,12.91003162,-8.85071039
16.55199316,12.54303051,-10.03456141
18.02281666,13.54860817,-10.64113432
-16.88786912,13.55879942,-9.07993777
-17.76787088,14.07371932,-9.24008818
18.90424531,14.35260991,-10.93735093
19.76886414,15.16353034,-11.14704271
-18.62414789,14.60087917,-9.42383830
-19.32559190,15.29930122,-9.55256883
20.44945178,16.03534572,-11.20133813
-20.02535664,16.00895670,-9.69033181
21.10361688,16.88079410,-11.20585391
-20.43327767,17.27262843,-9.74364675
21.40528860,18.12307560,-11.08692783
21.71922482,19.37379476,-10.96009050
-20.85691292,18.54876184,-9.78218533
21.61899394,20.56018763,-10.73447705
-20.85175973,19.84305586,-9.65012429
21.54301970,21.75510793,-10.54444673
-20.85653807,21.14560639,-9.53201120
21.22707372,23.03887567,-10.38672593
-20.61104676,22.59499701,-9.42735677
-20.38132258,24.04479601,-9.36271454
20.94680490,24.32515256,-10.27605916
-20.11769712,25.48289996,-9.32780627
20.64574629,25.59675367,-10.20007006
-19.87507349,26.92230449,-9.32638392
20.36657197,26.87588425,-10.15892151
-19.64493210,28.34516028,-9.33013606
20.08909253,28.14565849,-10.12425485
-19.43966611,29.77278276,-9.35654348
19.81976957,29.42863793,-10.11022211
-18.96973310,31.10803298,-9.36055724
19.25752474,30.62118526,-10.07449629
-18.52385802,32.45013453,-9.37596258
18.70438748,31.83961874,-10.06001674
17.70677464,32.65597614,-10.01388789
-17.61977833,33.32479961,-9.35474341
-16.72131709,34.18011627,-9.35871384
16.73149769,33.50918397,-9.98198802
-15.63447082,34.70322798,-9.35316664
15.60534125,34.10966367,-9.91991752
-14.53506543,35.19183605,-9.34687725
14.48519090,34.71398951,-9.85179405
-12.79256711,35.73410202,-9.35519992
12.74989503,35.47149368,-9.78740742
-11.02641316,36.28571930,-9.34717019
11.00632504,36.20141334,-9.74684240
-9.18163212,36.74282410,-9.35749280
9.18900769,36.76255621,-9.73717747
-7.35119538,37.30091158,-9.39568559
7.38006834,37.39342194,-9.74393341
-5.50219295,37.67765774,-9.42493124
5.56488618,37.83616025,-9.71501493
-3.67541451,38.14691149,-9.45030648
3.76304900,38.32860520,-9.67613561
-1.81044153,38.35912999,-9.48455551
1.91448237,38.47747409,-9.61038918
0.05458216,38.56802602,-9.55199090
-6.22036053,11.79988298,-8.67750656
-4.81984675,11.80280346,-8.80214296
-7.42061299,11.91448165,-8.63262997
8.43346063,12.16774425,-8.80696262
7.11551228,12.15439278,-8.91523985
5.51513338,12.18968457,-9.08521036
-3.32878193,11.80365943,-8.96978079
3.75022592,12.10375665,-9.18337488
1.86910006,12.07579761,-9.17305516
0.01029826,12.03003183,-9.14922431
-1.72357119,11.93202696,-9.08407362
-8.58916366,12.00090593,-8.65890926
9.68643582,12.13025999,-8.80617104
-9.72961477,12.16783595,-8.74052945
10.88709666,12.16113674,-8.92676130
12.07723364,12.17441128,-9.20677167
-10.89056886,12.34600064,-8.90178200
-12.13956882,12.64843009,-9.15502637
13.29545282,12.30079145,-9.67567828
-13.52843451,13.04365137,-9.45347117
14.60857578,12.57280503,-10.29179311
15.99572760,13.24861801,-10.94578004
-14.99591398,13.67013932,-9.73870350
-16.47566220,14.39518051,-10.03757886
17.43298108,14.31556011,-11.57281882
18.29661358,15.14737655,-11.87258067
-17.33391167,14.94096529,-10.24080754
19.16461935,15.94967314,-12.08899350
-18.17943579,15.48657960,-10.45395754
-18.88971372,16.17208490,-10.59663735
19.87092975,16.78089525,-12.15427870
20.55157588,17.57607379,-12.16584357
-19.59415322,16.86060607,-10.72831262
-20.02953664,18.04489711,-10.79344353
20.90492780,18.73992253,-12.06202127
21.26196298,19.90754162,-11.94989611
-20.46449702,19.23633134,-10.84191564
21.22762166,21.01351569,-11.75091167
-20.50260310,20.42339624,-10.75354739
21.20756429,22.13368651,-11.58042427
-20.54156909,21.62139710,-10.67499461
-20.36513182,22.95759860,-10.61745444
20.97616484,23.35504758,-11.43835625
20.76502916,24.58572954,-11.33722709
-20.19081922,24.30506544,-10.58568951
20.52302220,25.80817040,-11.26965852
-19.97593265,25.65222729,-10.57433674
-19.76965748,27.00864068,-10.58549513
20.29127647,27.03906082,-11.23446125
20.04667499,28.29740676,-11.21033737
-19.56033039,28.39544815,-10.60105678
-19.36426855,29.78627196,-10.64069688
19.80199963,29.56536087,-11.21641075
-18.89564855,31.07882255,-10.64032063
19.24339829,30.73463398,-11.19819752
8.25663739,12.80328186,-9.65634263
6.97834159,12.76689455,-9.77674953
5.41861562,12.78898307,-9.92380127
-7.17779221,12.46489696,-9.38420153
-6.00286761,12.35083821,-9.46124627
-4.64813431,12.35242496,-9.59751721
-18.44164790,32.36774774,-10.66259532
-1.66295971,12.56498072,-9.89374202
0.01745199,12.70955103,-9.96812455
1.83418634,12.75057071,-9.98484931
18.68863354,31.92379433,-11.22364023
-3.21159177,12.37934393,-9.76461487
3.68424790,12.73267322,-9.99078342
-8.32523423,12.55664203,-9.37755582
9.45648522,12.79234930,-9.63363183
-17.56593359,33.20328331,-10.62972543
17.70657419,32.71629750,-11.20645896
-9.45120442,12.72585846,-9.44261696
10.59784471,12.84041278,-9.73778288
11.73606178,12.86411291,-9.99670836
-10.60770649,12.90688789,-9.59481272
12.92774018,12.97273076,-10.44449899
-11.86140057,13.21060507,-9.84858477
-16.69036688,34.01668593,-10.63899213
16.74832198,33.54357284,-11.21883463
14.21321592,13.23236932,-11.04218948
-13.23727953,13.62564578,-10.17532462
15.55715675,13.93715844,-11.69102097
-14.68460816,14.29622183,-10.54001854
-15.63040936,34.50738382,-10.63494527
15.63761144,34.11772390,-11.18608499
-14.55456467,34.96349706,-10.63274296
14.53358293,34.69711615,-11.13928859
16.97863161,15.04580554,-12.30016865
-16.16780491,15.09018590,-10.92609782
12.78519975,35.44070280,-11.08093312
-12.80267367,35.47305306,-10.63769882
-17.03221595,15.65023350,-11.16507957
17.83859217,15.84719871,-12.58665327
-11.02612184,35.99940052,-10.64354255
11.03455469,36.15929961,-11.04311929
18.69716254,16.61155926,-12.80346347
-17.87606183,16.19853409,-11.40559510
-9.17045607,36.44469835,-10.67131237
9.21096765,36.69720050,-11.02821673
-18.57032543,16.89152893,-11.59529372
19.38847154,17.42798118,-12.90963581
20.05571937,18.21027958,-12.96767170
-19.24623189,17.58762872,-11.74652327
20.43862069,19.30717376,-12.90448199
-19.68324968,18.69779074,-11.81297119
-7.33122417,36.99638232,-10.75496361
7.39897860,37.29362261,-11.06436054
-5.48354494,37.38632688,-10.82589953
5.59332908,37.70512634,-11.08543551
-3.66047024,37.88372716,-10.87190350
3.80367569,38.17257833,-11.10046957
20.81900052,20.40502798,-12.82745849
-20.10929557,19.81442604,-11.85533141
0.08777344,38.36521181,-10.96584493
1.95653743,38.29538018,-11.03272522
-1.79010982,38.12723502,-10.89313837
20.81266169,21.45815637,-12.70688264
-20.15298833,20.93152582,-11.84493219
20.81629136,22.52337873,-12.60380052
-20.19079638,22.05501443,-11.84123812
20.65156012,23.67843002,-12.49385616
-20.05608523,23.29200591,-11.83335810
20.49539769,24.84613311,-12.41284133
-19.91238716,24.54458183,-11.83161732
20.30121692,26.00770535,-12.35497291
-19.72324246,25.79926185,-11.82977384
20.10680917,27.17768362,-12.32892801
-19.53099745,27.06431219,-11.83735721
-19.31511615,28.39308968,-11.85491561
19.88177196,28.40797023,-12.33091108
-19.09911755,29.71652164,-11.89926065
19.64701087,29.64192897,-12.38194965
-18.61161008,30.93203294,-11.91248545
19.08141829,30.76831827,-12.41773702
-18.13045577,32.13095547,-11.97325344
18.51334510,31.90686159,-12.52961555
17.55329287,32.66562206,-12.56353823
-17.29362933,32.91034162,-11.97365864
-16.45468753,33.66799362,-12.02092075
16.61878286,33.45788943,-12.63759869
-15.44723997,34.12490953,-12.03483166
15.53868766,34.00328287,-12.63833584
-14.41846820,34.54732536,-12.04657304
14.46643378,34.55367359,-12.62623003
-12.69691581,35.03599736,-12.05323465
12.73224432,35.28026613,-12.58660000
-10.93802863,35.54585129,-12.07799963
10.99265062,35.98303293,-12.55138337
-9.08930213,35.97966843,-12.14595151
9.17116031,36.49231457,-12.54130308
-7.25114470,36.52148038,-12.29747675
7.35512141,37.04390974,-12.62182787
5.56259860,37.42919082,-12.66985788
-5.41953493,36.94734086,-12.38964236
-3.62104072,37.50119232,-12.44540662
3.79553899,37.88453347,-12.72066579
0.10824675,38.05537318,-12.57616630
-1.76658367,37.79197077,-12.47492560
1.96802535,37.99704474,-12.65321396
6.12150564,12.74976266,-0.77220361
8.18770893,12.64321453,-0.81792892
9.91110890,12.76032061,-0.66562362
-5.75194413,11.81942511,-0.09657132
-7.51906083,11.62609646,0.03030603
-8.92011279,11.72849249,0.16862557
11.59267176,12.94727433,-0.42886897
-10.24144145,11.90956416,0.33125466
-11.48800295,12.16926379,0.50524754
13.16866793,13.24265590,-0.23404902
-3.90806098,12.01989278,-0.20808556
4.05726691,12.72710447,-0.63534022
14.63875042,13.67243119,-0.15257915
-12.67881859,12.47454853,0.66787955
15.86802427,14.36457637,-0.18241081
-13.70527918,12.98426699,0.79701701
-1.99477621,12.19227244,-0.31796650
2.00139121,12.58188280,-0.50748927
-14.70187345,13.51656909,0.88461661
17.00481807,15.08485456,-0.30293927
-0.02173111,12.35999576,-0.42086015
18.05145536,15.80040762,-0.48980075
-15.67424358,14.08511103,0.93121141
-16.62911718,14.69491074,0.94100879
19.03092891,16.51377681,-0.72622875
-17.21565315,15.25160699,0.92289127
19.59582210,17.11699678,-0.90446973
20.14927543,17.72878095,-1.09745399
-17.80164675,15.80378348,0.89358448
-18.38476850,16.34599091,0.85624361
20.69510788,18.34817078,-1.29615781
21.23735898,18.97070028,-1.48545696
-18.96102717,16.87775563,0.81530804
-19.11090119,17.87201013,0.71444030
21.24298259,19.98348918,-1.58104826
21.26049796,21.01521559,-1.66727113
-19.26969298,18.88479203,0.59890550
-19.43188818,19.93576459,0.47253832
21.29463344,22.06371085,-1.74063509
21.35076611,23.12540904,-1.79936432
-19.59440629,21.04343851,0.34032207
-19.16312792,22.32733985,0.15509689
20.76450068,24.18289109,-1.80678208
0.03034917,36.83432387,-0.22367446
-1.41657728,36.71030382,-0.08937344
1.57417718,36.63440827,-0.41468482
3.24633606,36.37556567,-0.58785586
-2.87010146,36.48387700,-0.12781947
-11.94573304,33.85274559,-0.22694631
-12.92710393,33.32539768,-0.32970841
-10.60792537,34.32784076,-0.15934941
11.42105892,34.19387083,-1.35409478
12.92337460,33.73753935,-1.48646584
14.03100065,33.21950334,-1.61269177
-9.18741442,34.81596287,-0.14305874
9.87363673,34.65498215,-1.20073309
4.95772203,36.07288915,-0.73503711
-4.40413522,36.20636254,-0.25101408
-7.65359028,35.35669773,-0.19961833
8.27717169,35.16536534,-1.02739016
-6.05269488,35.97695766,-0.28639327
6.65784591,35.79293354,-0.88235571
20.20895470,25.29017809,-1.81396256
-18.72623994,23.74153005,-0.01476805
-13.91526076,32.78381072,-0.41245584
15.11706694,32.69551119,-1.71481218
16.17981357,32.17749389,-1.77654127
-14.92922443,32.22006692,-0.45079787
-15.97651550,31.62511746,-0.43288696
17.22443671,31.67507231,-1.79746652
19.68125152,26.44385059,-1.83750330
-18.28656010,25.25331736,-0.17921664
-16.44215502,30.46520668,-0.43544154
17.70919834,30.63807238,-1.81284147
-16.91141434,29.27265718,-0.41366766
18.19679554,29.61937816,-1.82321036
-17.84463202,26.81030621,-0.34951223
19.17271719,27.63627580,-1.88849625
18.68450701,28.61828839,-1.84352717
-17.37973479,28.05076985,-0.38087119
-4.56203523,12.57939351,-9.99831686
-3.13739144,12.70919898,-10.16091333
5.35453214,13.04707920,-10.32178453
3.62640989,13.09567526,-10.37515266
1.80796366,13.07630948,-10.38031232
-1.62449966,12.86554615,-10.29530481
0.02216065,12.97490344,-10.37281358
6.91059028,12.93606519,-10.18801626
-5.90996304,12.48815865,-9.85566627
8.16264742,13.02399315,-10.06497692
-7.06114750,12.64267940,-9.76038950
9.33405354,13.07028566,-10.03358248
-8.18889955,12.78132347,-9.73532266
-9.32093711,12.91104754,-9.78865863
10.47231650,13.08014400,-10.13140555
11.60876300,13.06590940,-10.38613349
-10.48353217,13.05515080,-9.93343027
-11.72444012,13.40073382,-10.19631901
12.77672346,13.22356486,-10.82516272
14.02801415,13.53702981,-11.40405251
-13.08163224,13.85797331,-10.54750012
15.37408186,14.21073911,-12.03691476
-14.54722923,14.49886832,-10.94387140
-16.06636659,15.27733787,-11.36584467
16.81661460,15.26865546,-12.63365596
17.59873862,16.09924218,-12.88927642
-16.87178374,15.91487266,-11.61974884
18.37356798,16.90916893,-13.08568124
-17.64885227,16.54616416,-11.86001132
-18.39753916,17.17865599,-12.06048017
19.13127566,17.67683600,-13.22484922
-19.12319621,17.81356746,-12.21010423
19.86564781,18.40568230,-13.31545705
-19.37129144,18.90225033,-12.25536072
20.05734632,19.45522388,-13.24914791
20.24861320,20.51178903,-13.17468420
-19.60766597,19.99436800,-12.28904968
20.44349631,21.57469515,-13.09941443
-19.83206589,21.09032270,-12.31433745
20.64544014,22.64284031,-13.03369734
-20.04339004,22.19078078,-12.33564330
-19.90001075,23.38929205,-12.33446440
20.48461799,23.76597791,-12.93127363
20.32872011,24.90200634,-12.85326893
-19.74432447,24.60345231,-12.33052498
-19.57909165,25.83039706,-12.32580831
20.17376414,26.04718351,-12.80505565
-19.40735905,27.06415208,-12.32875411
20.01528766,27.19869969,-12.79136566
-19.04391635,28.31367024,-12.31798174
19.63030592,28.35194129,-12.77380956
-18.68366996,29.55974763,-12.33228510
19.23365932,29.51386330,-12.80897200
-18.32602386,30.79206004,-12.38868506
18.82493823,30.68101905,-12.92032266
-17.96879181,31.99849929,-12.50689149
18.40603256,31.84852330,-13.12570994
-17.07928472,32.62679089,-12.49974706
17.37932886,32.46802969,-13.14012029
-16.18342142,33.23292211,-12.53463045
16.38088298,33.11922640,-13.19151504
-15.27664115,33.81301239,-12.58525038
15.39859101,33.79058578,-13.24323073
-14.35389925,34.36382313,-12.63420924
14.42750224,34.47024303,-13.28591517
-12.61789364,34.76555320,-12.63294010
12.67132556,35.10497634,-13.22843067
-10.83172146,35.19233667,-12.65819377
10.90281303,35.71507828,-13.17045856
-9.02146391,35.70129769,-12.75336401
9.11863427,36.30215776,-13.17582916
-7.21682398,36.31501988,-12.92977702
7.33362447,36.92468742,-13.28023546
5.52391535,37.14166216,-13.29525418
-5.36569943,36.60928975,-12.99523727
-3.55231928,37.02844519,-13.02122396
3.74543200,37.42840050,-13.31711373
-1.72860083,37.46098148,-13.08819006
1.94556876,37.67338294,-13.28329972
0.11436351,37.86680403,-13.23908058
