2.16787934,14.09768396,1.84570488
0.71754702,14.16620557,1.78291679
2.17218148,14.11901644,1.92510606
0.71939012,14.18295750,1.86001326
-0.70021858,14.16761332,1.70980893
-0.70142347,14.18071689,1.78404022
-2.05707709,14.09691648,1.61913103
-2.06221369,14.10831915,1.68968693
-3.35731947,13.99974143,1.51163267
-3.36601934,14.01495121,1.58032871
-4.01799387,33.33702598,1.67245322
-2.98536100,33.58381602,1.67688130
-4.03577026,33.36490473,1.77173171
-3.00405303,33.61107622,1.77700954
-1.95756777,33.88205944,1.68477627
-1.97836064,33.91334111,1.78498769
-0.89537683,34.20524302,1.70432828
-0.91915236,34.24076527,1.80371669
0.24696918,34.53367401,1.73241013
0.21931141,34.57657604,1.83103259
-4.46865665,14.11807312,1.40637974
-4.47687108,14.13544044,1.47590606
-5.57481296,14.27083222,1.29261962
-5.57987788,14.29255230,1.36495200
-6.68697976,14.46535228,1.17525455
-6.68560608,14.49289336,1.25103807
-7.81851301,14.70209545,1.07288817
-7.80976317,14.73256701,1.15007686
-8.34234451,31.65633627,1.49793103
-7.24161452,32.04183313,1.58588863
-8.36648129,31.70337110,1.59033891
-7.26390293,32.08501740,1.68092268
-6.14423146,32.42004363,1.64452817
-6.16455180,32.45809579,1.74111775
-5.06716654,32.84141035,1.66831432
-5.08569348,32.87330328,1.76509682
-8.90405319,15.14336046,1.00329300
-8.88691163,15.17770496,1.08115718
-10.03507301,15.58873245,0.96391267
-10.01214606,15.62504309,1.04249712
-11.16717715,16.09658672,0.94641385
-11.14148040,16.12970639,1.02657675
-12.22403174,16.66499678,0.93391224
-12.20008419,16.69106716,1.01655527
-12.84001991,17.23960313,0.92764843
-12.81843997,17.26088219,1.01358644
-13.41893551,17.84612396,0.91875466
-13.40114217,17.85955052,1.00899265
-13.97287961,18.43124780,0.90043312
-13.95806879,18.43793083,0.99484766
-14.53879436,19.01003197,0.86450214
-14.52656697,19.01516880,0.96328935
-11.81833255,29.92732416,1.01132528
-10.89684522,30.35223770,1.12720800
-11.85091258,29.97261504,1.09536152
-10.92374809,30.39726589,1.21243968
-10.03106133,30.79915902,1.25387027
-10.05648735,30.84611879,1.34043944
-9.18217482,31.23968800,1.38005596
-9.20675541,31.28698474,1.46956495
-14.76008360,19.99002127,0.86272919
-14.76247279,20.00270976,0.96245878
-14.98400174,20.92285154,0.87691883
-15.00071569,20.94036234,0.97263651
-15.19124535,21.83160462,0.89199104
-15.21793716,21.85567157,0.98137262
-15.39356415,22.72941616,0.89493137
-15.43036561,22.75904653,0.97962011
-14.92811802,23.70781150,0.89773685
-14.96835668,23.74232501,0.97922549
-14.46542303,24.69231632,0.88249775
-14.51111230,24.73067575,0.96139152
-13.98235704,25.68481808,0.85326537
-14.03230851,25.72708483,0.93029153
-13.50101437,26.69692469,0.81006324
-13.55006759,26.74048442,0.88727850
-13.06036372,27.49508920,0.84425780
-13.10644458,27.53946834,0.92297761
-12.62955416,28.29865075,0.89118638
-12.67436202,28.34495405,0.97133955
-12.21358655,29.10919837,0.94563301
-12.25242942,29.15479961,1.02766391
2.16744896,14.05996915,1.76737080
0.71709715,14.12933393,1.70563089
-0.70053330,14.13085258,1.63593762
-2.05855304,14.06467721,1.54859409
-3.36103173,13.96489627,1.44291183
-3.99940560,33.30978132,1.57783335
-2.96592297,33.55585643,1.57963342
-1.93592990,33.85003839,1.58744489
-0.87014681,34.16879806,1.60732146
0.27618328,34.48998363,1.63607749
-4.46606483,14.07333987,1.33722977
-5.57139757,14.22086769,1.22209287
-6.68931959,14.40831833,1.10212190
-7.83076800,14.62850887,0.99474055
-8.32047268,31.61041108,1.40894749
-7.21972752,31.99605115,1.49611196
-6.12466833,32.38238364,1.55095112
-5.04871546,32.81251522,1.57560361
-8.92553294,15.06399879,0.92625165
-10.05890375,15.52552498,0.88992658
-11.19228026,16.03006274,0.87081790
-12.24477921,16.61253213,0.85587448
-12.85992489,17.19826529,0.84764026
-13.43344945,17.80175450,0.83387352
-13.98777898,18.39940366,0.81002866
-14.54031613,18.97101960,0.77525660
-11.77365346,29.86703696,0.93229622
-10.87052243,30.30377983,1.04598201
-10.00389649,30.74842285,1.17043016
-9.15837434,31.18755375,1.29467101
-14.75727133,19.94811105,0.77160215
-14.96553197,20.88930900,0.78314895
-15.16004675,21.80215459,0.80219798
-15.34231901,22.69332154,0.81316288
-14.88911081,23.66670888,0.82307118
-14.41095263,24.64861411,0.80968517
-13.92514334,25.64304021,0.77830797
-13.45011691,26.65200046,0.73581248
-13.00618545,27.44741194,0.77091836
-12.57869462,28.24990462,0.81361729
-12.16872149,29.05737125,0.86757826
3.61455983,14.03816272,2.00609040
3.60873092,14.01214378,1.92269347
5.02983308,13.92219413,2.08611062
5.02351241,13.88979078,1.99684023
6.43104750,13.83592031,2.14888034
6.42404560,13.79526330,2.05312821
7.83390751,13.85565421,2.19643306
7.82663108,13.80476303,2.09379641
6.06539041,34.64257125,1.70554503
4.41386878,34.77220342,1.77344427
6.09346085,34.57734259,1.61089929
4.44648013,34.70370504,1.67659981
2.86347285,34.83838627,1.82341759
2.89770441,34.77433783,1.72564908
1.46169264,34.75544548,1.83828806
1.49363200,34.70266876,1.74040075
9.01221509,14.09855107,2.19821086
9.00731436,14.04418062,2.09151950
10.20799577,14.33588631,2.21193309
10.20742294,14.27769722,2.10370966
11.41797111,14.53520598,2.22501627
11.42376785,14.47112818,2.11829002
12.62888795,14.72414669,2.23563763
12.64117569,14.65865104,2.13466609
12.78215056,33.65126648,1.40749278
11.16189989,33.82331237,1.48365262
12.79228915,33.60740334,1.32020337
11.17727337,33.77649400,1.39449569
9.43961102,34.00709831,1.56643445
9.45921372,33.95400313,1.47560703
7.72043813,34.27675158,1.63501225
7.74385877,34.21724870,1.54310028
13.71423159,15.14520660,2.21328486
13.73380706,15.08058360,2.11831060
14.81335079,15.60232052,2.20912444
14.84150146,15.53663361,2.12076563
15.91515490,16.15197359,2.19783389
15.95265057,16.08982631,2.11255435
17.01651944,16.78213556,2.14352505
17.06097810,16.72817194,2.05522649
17.70744981,17.43768005,2.01418979
17.75576109,17.39276146,1.91815271
18.37878100,18.15795121,1.83909209
18.43071272,18.12178380,1.73699868
19.01449217,18.87245559,1.65928920
19.07273401,18.84021767,1.55683303
19.64359986,19.58677505,1.49537780
19.71063660,19.55213071,1.39846498
17.05606195,32.19145565,1.19145080
16.04167897,32.67112687,1.18895367
17.05950320,32.15384869,1.10938992
16.04552150,32.63095465,1.10675795
15.01450173,33.07214796,1.23643822
15.01806249,33.03000891,1.15322634
13.93670449,33.39493326,1.31387369
13.94229953,33.35213314,1.22886074
19.82195008,20.70691754,1.27309638
19.87932812,20.66951044,1.18436077
19.99395074,21.74804175,1.13004909
20.03879617,21.71354799,1.04824861
20.15024076,22.76231070,1.03399478
20.18562852,22.73025717,0.96046398
20.31333390,23.78267287,0.99059824
20.34103196,23.75355782,0.92179227
19.84954114,24.84740785,0.83655096
19.86860431,24.82239107,0.76961124
19.46610398,25.98289852,0.74015408
19.47387955,25.95631789,0.67241162
19.11631533,27.15904649,0.71627611
19.11172061,27.12375347,0.64661204
18.77175212,28.36986217,0.74991866
18.75938929,28.32736113,0.67830385
18.39409706,29.32420260,0.83880598
18.38169065,29.27946711,0.76416123
17.98807686,30.29616992,0.94185562
17.97642811,30.25020055,0.86415160
17.53808033,31.26362211,1.05363367
17.53267652,31.22058578,0.97370721
3.61073935,13.96504213,1.84208137
5.02889999,13.83231994,1.91180985
6.43200853,13.73491215,1.96408018
7.83931857,13.73777509,1.99805873
6.11974544,34.51298559,1.52077571
4.47862708,34.63466988,1.58312254
2.93257769,34.70862942,1.63090594
1.52702421,34.64849456,1.64496781
9.01805408,13.96554497,1.99269363
10.21715248,14.19343190,2.00525306
11.43552282,14.37954539,2.02357163
12.65925436,14.55064578,2.04356458
12.80073406,33.56113808,1.23775689
11.18953374,33.72491180,1.31112536
9.47855667,33.89872372,1.38785886
7.76670606,34.15976195,1.45509591
13.76078094,14.96957278,2.03272107
14.87177041,15.44641683,2.04130227
15.98938505,15.99591745,2.04012131
17.10063019,16.64860602,1.97703431
17.80175913,17.33042110,1.83282406
18.47933574,18.05451630,1.65024429
19.13222106,18.78143685,1.46705059
19.76382651,19.48287505,1.31869922
17.04653367,32.09541031,1.02716163
16.04427859,32.58119229,1.02874096
15.01575250,32.97959355,1.07344982
13.94490873,33.29975374,1.14806712
19.93380030,20.60631151,1.11096617
20.08141208,21.66537657,0.97285837
20.21666359,22.69485003,0.88956900
20.35168883,23.71452265,0.85471518
19.88305664,24.79055398,0.70821520
19.46779961,25.92057441,0.60720199
19.09580607,27.08660066,0.57783110
18.74088624,28.28014186,0.60861396
18.35643157,29.22707602,0.69195177
17.95315489,30.19686182,0.78741959
17.51682912,31.16632032,0.89566277
4.49349306,14.02457631,-2.78889415
3.29583165,13.97511213,-2.91412687
4.47686316,14.02006489,-2.74027694
3.28099927,13.97109344,-2.86534788
2.03291646,14.04078270,-3.03921626
2.02039051,14.03458276,-2.99081399
0.69800840,14.16809089,-3.15313779
0.68849997,14.15654204,-3.10577652
-0.72497097,14.29110799,-3.25374913
-0.73053223,14.27189666,-3.20904324
5.61328591,14.21411636,-2.60958231
5.63190615,14.21819963,-2.65768453
6.70969838,14.38725470,-2.46879074
6.73069352,14.39116477,-2.51555510
7.79435744,14.48346252,-2.31166020
7.81801933,14.48807567,-2.35663178
8.91121284,14.50345969,-2.15614589
8.93715520,14.51181588,-2.19996459
3.48290092,37.05371022,-5.57809676
1.95574719,36.78915640,-5.71283667
3.44513398,37.06510076,-5.46418649
1.91729304,36.78565465,-5.59476004
0.38705769,36.52544388,-5.85132622
0.35258093,36.50568421,-5.73247409
-1.18388220,36.19574460,-5.99953609
-1.20933118,36.16719792,-5.88230229
-2.73839597,35.88125307,-6.15379977
-2.75056949,35.85128385,-6.03518904
4.88330404,36.81355629,-5.16667526
4.92661623,36.79562196,-5.26731810
6.48052102,36.58801183,-4.87991443
6.52095561,36.56118962,-4.97149123
8.26738349,36.23492328,-4.64460882
8.29941807,36.20198145,-4.73117605
10.13384550,35.80332913,-4.48958053
10.15845836,35.77071096,-4.57506709
-2.14101734,14.64658018,-3.31276802
-2.14144341,14.62027150,-3.27006145
-3.62783839,15.05044309,-3.36193267
-3.62296827,15.01512328,-3.31922502
-5.13994824,15.51752178,-3.42068953
-5.13126314,15.47235408,-3.37374810
-6.59444052,15.99842549,-3.55831979
-6.58434408,15.94570769,-3.50165344
9.98994363,14.71477570,-2.06275520
10.01746722,14.72746876,-2.11071047
11.15107053,14.92160366,-2.07893392
11.18090574,14.94041376,-2.13782586
12.41646308,15.17428738,-2.24354456
12.44981991,15.20683530,-2.31893518
13.80658416,15.55746916,-2.52053980
13.84949729,15.60817282,-2.60355511
-4.31781785,35.11997858,-6.14673278
-4.31115272,35.08974207,-6.02998283
-5.76688195,34.54871952,-6.09938072
-5.74345203,34.52712089,-5.98563819
-7.05301151,33.99319744,-6.00978708
-7.02153020,33.97788127,-5.90375536
-8.52953723,33.46342311,-5.97928698
-8.49298262,33.44104965,-5.87725697
11.99596097,35.02170414,-4.39444627
12.01906830,34.99827243,-4.48466022
13.62096926,34.34414095,-4.37718376
13.64799401,34.32074265,-4.47353492
14.97773770,33.67919943,-4.41261586
15.01139831,33.65404470,-4.51083844
16.34652246,33.07288086,-4.46820061
16.39335454,33.05399192,-4.56462319
-7.96468873,16.63035575,-3.81948542
-7.95337935,16.57439249,-3.75306018
-9.25070577,17.20340954,-4.12519146
-9.24383270,17.14905174,-4.05164832
-10.39188703,17.67892011,-4.46571272
-10.39806854,17.63871417,-4.37840847
-11.38906936,18.04974306,-4.85488303
-11.40414371,18.03128065,-4.75702412
15.34840370,16.25188012,-2.76633977
15.41280379,16.31266258,-2.83766754
17.05848049,17.07182732,-2.84178655
17.14283133,17.14326616,-2.91003878
18.80626168,17.98761259,-2.89867043
18.90382553,18.06237253,-2.97790614
20.50593569,18.83269275,-3.01018348
20.59945492,18.89051418,-3.09284018
-11.91635501,31.41878645,-6.17780133
-10.97231694,31.89852560,-6.07867966
-11.93039831,31.38822009,-6.07659018
-10.96632971,31.87004636,-5.97877313
-10.08531724,32.42919015,-6.01337609
-10.06382243,32.40273098,-5.91366399
-9.26990275,32.96371730,-5.98097618
-9.23821164,32.93886027,-5.88098087
19.21559435,31.32022037,-4.39339470
18.37748507,31.73528289,-4.45772854
19.25461614,31.32344826,-4.47821954
18.42495895,31.73076467,-4.54542710
17.64433319,32.18586531,-4.49154455
17.69507460,32.17504298,-4.58293787
16.97697075,32.63736742,-4.49260118
17.02746390,32.62239497,-4.58683322
-11.81108458,18.41638180,-5.04780954
-11.82862507,18.39981231,-4.95159739
-12.22619428,18.79917580,-5.21416628
-12.24433480,18.77379781,-5.12346142
-12.66775366,19.23085861,-5.35577064
-12.68267661,19.18912633,-5.27172386
-13.18668689,19.74582610,-5.49191703
-13.19581716,19.68366114,-5.41320320
21.29334298,19.47352044,-3.10624292
21.37146887,19.51506871,-3.18458925
22.02237773,20.04450395,-3.15891147
22.08311212,20.07408642,-3.23294357
22.71614030,20.56753592,-3.17263960
22.76164387,20.59222849,-3.24533115
23.41427922,21.06724098,-3.15943561
23.44771175,21.09161801,-3.23377403
-13.20133554,20.63390400,-5.45439121
-13.19562780,20.56135829,-5.37256446
-13.31028694,21.61001204,-5.45193388
-13.29044861,21.52536102,-5.36660562
-13.49894940,22.63660627,-5.49547610
-13.46668060,22.54546417,-5.40676355
-13.75557542,23.65336207,-5.57351153
-13.71093565,23.56262954,-5.48303900
23.41219208,21.93225126,-3.27811557
23.44833186,21.94564945,-3.35311439
23.40044874,22.75559769,-3.39508837
23.44010562,22.76424572,-3.47108442
23.37756950,23.53525623,-3.50097326
23.42055907,23.54219961,-3.57870444
23.36034316,24.27060270,-3.58978129
23.40956801,24.27714893,-3.66931903
-13.68352086,24.76883252,-5.60264220
-13.63496368,24.68515364,-5.51290433
-13.64330656,25.80933856,-5.65827951
-13.59255444,25.73084392,-5.56811071
-13.57704780,26.81624901,-5.73271569
-13.52946013,26.74016654,-5.63906834
-13.45367038,27.88376638,-5.83746031
-13.41341242,27.80690268,-5.73708308
22.90824041,25.14114324,-3.72754591
22.96673707,25.15100625,-3.80542057
22.49061344,25.97543736,-3.84893757
22.55479515,25.99355681,-3.92574348
22.02981795,26.83692232,-3.97164170
22.09230446,26.86825773,-4.04834888
21.46813279,27.83072994,-4.09743568
21.52441695,27.87935754,-4.17359906
-13.15308576,28.70547295,-5.90570002
-13.12540040,28.62989174,-5.80148416
-12.80887647,29.61349416,-6.00387469
-12.79776688,29.54440176,-5.89580963
-12.39246552,30.53871279,-6.10623101
-12.39772207,30.48681812,-5.99962510
20.84612181,28.65971179,-4.19546728
20.89609001,28.71549282,-4.27065244
20.25337694,29.58422306,-4.27301125
20.29805199,29.63242307,-4.34881748
19.71259254,30.49713290,-4.33778645
19.75341970,30.52378585,-4.41696739
10.16934792,35.77738659,-4.42172619
11.97010473,35.03591895,-4.31771784
13.57451200,34.33487065,-4.29073256
14.98916601,33.67555664,-4.32995739
16.27671821,33.09929469,-4.38902728
8.87834211,14.54038711,-2.13067963
9.94305454,14.72815802,-2.03185168
11.08522321,14.91833301,-2.03509304
12.31993054,15.15709350,-2.18012453
13.65886244,15.52292366,-2.44813985
19.23987093,31.28944465,-4.33493998
18.39423606,31.73385040,-4.38666825
17.64475990,32.17646841,-4.41432469
16.95175249,32.62813941,-4.41325596
20.30696123,18.76057661,-2.94705730
21.14351876,19.41015924,-3.03978994
21.90121881,19.99193314,-3.09532001
22.58063933,20.52022564,-3.11734444
23.19299378,21.01095075,-3.12179902
23.27219144,21.92912512,-3.23217215
23.28334655,22.75647545,-3.34347577
23.25541074,23.53326906,-3.44651377
23.21066350,24.28694616,-3.53923448
-13.04943858,19.58896992,-5.30818950
-13.10690218,20.50028446,-5.28010467
-13.21089737,21.45306482,-5.27594464
-13.37159559,22.45636903,-5.31283302
-13.58725622,23.49582393,-5.38802896
22.79782631,25.11190109,-3.66556137
22.36977593,25.93451856,-3.79140433
21.92069320,26.77514270,-3.91524638
21.45978935,27.64532111,-4.02675329
-13.53346724,24.57399273,-5.42017844
-13.48102589,25.62227675,-5.47685377
-13.42361860,26.62513710,-5.54877952
-13.35701442,27.58376708,-5.63751075
20.77157325,28.57336478,-4.13817312
20.16994059,29.51030863,-4.21609840
19.66468261,30.42410493,-4.27664160
-13.05375658,28.52208332,-5.70623472
-12.72691802,29.45280772,-5.79496664
-12.37133148,30.39075450,-5.90168135
-11.98930942,31.33388478,-6.01491715
3.40253021,37.02352966,-5.36563120
4.85625897,36.82501954,-5.08010508
6.44123326,36.58716377,-4.80207471
8.25241254,36.22820577,-4.57284257
4.46368140,14.06747699,-2.70323502
5.59341355,14.25325586,-2.57332767
6.68994961,14.42136299,-2.43391509
7.77457133,14.51795353,-2.28006968
3.27429689,14.01564543,-2.82723950
2.01268595,14.07282839,-2.95277547
0.68011836,14.19125457,-3.06904902
-0.72105756,14.30567332,-3.17513192
1.86954042,36.77881270,-5.49798006
0.32041817,36.46042209,-5.63081958
-1.24433283,36.10462301,-5.78436912
-2.80288952,35.77357792,-5.94213256
-4.29861905,35.05929814,-5.93256302
-5.69734119,34.46536179,-5.88230807
-7.03706129,33.94270367,-5.81384562
-8.42524140,33.43145641,-5.79495922
-2.11359083,14.62468373,-3.23562794
-3.57173008,14.99549355,-3.28447935
-5.05181708,15.43715571,-3.33432123
-6.47284542,15.90628794,-3.44902843
15.14653266,16.21214873,-2.71829896
16.82844839,17.02398420,-2.81206252
18.59190953,17.92363626,-2.85241434
-7.82697316,16.54621994,-3.68460083
-9.11863676,17.13165773,-3.97710388
-10.30619454,17.61657301,-4.29264160
-11.33714150,18.00764406,-4.65718993
-11.79548957,18.37337570,-4.85396626
-12.22091306,18.73881268,-5.03069536
-12.63194218,19.13688114,-5.17989707
-11.02355506,31.84027892,-5.91039428
-10.09713884,32.35841328,-5.83551948
-9.22975681,32.88955615,-5.79580643
7.80899222,13.50387156,1.35110019
6.42464582,13.39600360,1.37944320
7.94483073,13.35869924,0.73106768
6.55616357,13.19967916,0.76430066
-3.08459501,13.71987077,0.41661774
-1.77201045,13.64469403,0.53300958
-3.24647580,13.89462723,0.98160074
-1.94396476,13.86291090,1.08719224
9.00163438,13.73413560,1.32981045
9.14274690,13.63630433,0.72302596
-4.23118013,13.85993743,0.29837735
-4.35976111,14.00020174,0.86798904
-5.40852295,14.00081900,0.17238393
-5.48877064,14.11918039,0.74009699
10.21233920,13.95853281,1.33678749
10.35191356,13.90819028,0.73331258
5.04410625,13.39831345,1.38422718
5.16591563,13.14360670,0.79410589
-0.42335490,13.53459065,0.62400709
-0.59112584,13.79724219,1.16981970
11.41784035,14.24751094,1.34044073
11.55924725,14.25754643,0.72643037
-6.61601700,14.24895121,0.05177321
-6.63950964,14.35726471,0.61159382
0.95807996,13.47767646,0.68632783
0.80216133,13.76348051,1.23014515
3.64401630,13.54959227,1.34302030
3.76899677,13.26374330,0.77987894
12.63841462,14.51911906,1.35042836
12.78575867,14.58842082,0.70987143
-7.84362399,14.50858776,-0.04173549
-7.81435633,14.62166025,0.50503083
13.80219466,14.93443561,1.35830065
13.97652635,15.04675086,0.68829127
-9.04721875,14.88631891,-0.09557129
-8.96688735,15.01446884,0.44348882
2.36388744,13.39035719,0.73370045
2.22378797,13.68312552,1.28211264
14.98573867,15.39127237,1.38518366
15.19820789,15.53494654,0.68288176
-10.27365660,15.28854121,-0.13616071
-10.15336118,15.43679466,0.41098796
-11.44115354,15.81484072,-0.20119155
-11.30003474,15.97472124,0.38205987
16.14961818,16.00223688,1.36696120
16.41228157,16.17216040,0.64513669
17.30695060,16.72272945,1.27005201
17.62723097,16.90201930,0.55866042
-12.48941488,16.43828808,-0.30112841
-12.34461815,16.60259389,0.34134014
18.08545115,17.33978699,1.14205027
18.42739936,17.50033358,0.46358807
-13.10743414,16.97528592,-0.38044175
-12.97778509,17.14111454,0.30119053
18.84335493,17.97943713,1.00379193
19.20719116,18.10280770,0.36194759
-13.68003441,17.53264501,-0.45986261
-13.56166473,17.69947842,0.25226333
-14.15423779,18.20469756,-0.52963628
-14.04939249,18.36439940,0.20437468
19.47016174,18.75926246,0.84698114
19.84992879,18.84219861,0.24987467
-14.63623327,18.84630137,-0.58502170
-14.54132566,18.99421012,0.16106716
20.07581369,19.50229513,0.73390320
20.47346354,19.55746529,0.18968818
20.46098651,20.64006343,0.61280601
20.85964091,20.71856466,0.14263106
-14.98029613,19.83825365,-0.59958799
-14.91272503,19.95296146,0.15255052
20.82361731,21.72074383,0.57626016
21.23399201,21.83238841,0.15863617
-15.33388140,20.78584610,-0.60898613
-15.29005715,20.86205388,0.16530417
20.72326219,22.78764004,0.51840925
21.12979529,22.94500542,0.13049840
-15.30234960,21.74915567,-0.57311156
-15.27809561,21.78496958,0.21418921
20.63101497,23.84218453,0.47565359
21.02620775,24.01664076,0.09548807
-15.26458127,22.69902676,-0.56571250
-15.24567639,22.69963694,0.24407326
-14.90207016,23.73041707,-0.56052188
-14.85719139,23.69764271,0.24469885
20.20318141,24.97173421,0.34692747
20.56347855,25.13009574,-0.03950482
-14.54161426,24.76260040,-0.57866649
-14.45938492,24.70596059,0.21301794
19.80960386,26.10420614,0.25247373
20.13432646,26.20862304,-0.14764970
13.09146578,33.71942517,0.83306622
14.22356740,33.48499632,0.77940344
13.46791564,33.64672328,0.25880719
14.55977642,33.39341523,0.24319681
11.50140980,33.86783085,0.86180791
11.91328797,33.82689052,0.22417372
-7.47349747,32.67846466,-0.16122528
-8.66947898,32.17781109,-0.19278238
-7.30511660,32.30515730,0.86173661
-8.44431263,31.87937732,0.78102639
-9.55192740,31.72720616,-0.24784268
-9.31178314,31.46183315,0.68080640
9.81627218,34.01771106,0.88872015
10.27499232,33.99861905,0.16053244
-6.27286202,33.18174396,-0.16399311
-6.16722151,32.73502766,0.90578586
15.29846678,33.19152076,0.73419343
15.61358112,33.08441529,0.22336852
-10.44200303,31.28000439,-0.31738421
-10.18846882,31.03633478,0.57045272
1.08802095,34.90073004,-0.06112804
-0.19527904,34.77869176,-0.11879715
0.60375742,34.63878949,0.97682398
-0.58895905,34.43396198,0.92910404
1.90305588,34.75829283,1.00310279
2.43308717,34.90866731,0.00099664
8.11071496,34.18108687,0.90106734
8.60788673,34.17745493,0.07630198
-5.05116157,33.61438586,-0.20874925
-5.02802866,33.12193216,0.90670326
16.28246257,32.68194552,0.66653398
16.57388569,32.55372288,0.17021260
-11.27028056,30.70367543,-0.40023328
-11.01775355,30.48292973,0.45169282
-1.42188689,34.64670313,-0.18104781
-1.70678249,34.22564953,0.88762577
3.32853594,34.79911743,1.00307327
3.87177296,34.87817953,0.03562373
4.84673871,34.62469076,0.96520672
5.38783604,34.66781978,0.01986210
-2.62694794,34.35387880,-0.23950016
-2.80816548,33.88463854,0.87204684
6.46143314,34.44195937,0.92320747
6.98818411,34.47311154,0.02190168
-3.84087293,34.07146694,-0.25757430
-3.91296235,33.56380075,0.87875987
17.24739392,32.08815583,0.63129825
17.52387135,31.96499798,0.13737763
-12.12039489,30.13933748,-0.48643849
-11.87287872,29.93561526,0.34029392
-14.14242427,25.78889198,-0.59850414
-14.01785346,25.71505975,0.18571935
19.40202306,27.22767797,0.22617185
19.69961846,27.26857449,-0.20083571
17.79758324,31.18467322,0.51736873
18.05848359,31.07751584,0.04357369
-12.58755918,29.32572186,-0.52580286
-12.35289780,29.15087056,0.26241971
-13.75765190,26.81932625,-0.61738460
-13.59034603,26.73298146,0.15453659
19.02655050,28.37487481,0.26350545
19.30278642,28.34826324,-0.18348580
18.32145492,30.26227284,0.42462624
18.57920801,30.18610392,-0.03007758
-13.06606626,28.51388829,-0.56308052
-12.84648185,28.36745076,0.19307568
18.67832009,29.31036087,0.33507710
18.93916508,29.25926933,-0.11847547
-13.40582348,27.66651104,-0.59207629
-13.21143144,27.54850616,0.16948668
8.11556921,13.37978675,0.21589786
6.74391068,13.18244974,0.22148215
9.30829941,13.68485797,0.22360754
-4.07732855,13.74860419,-0.25812709
-2.89440678,13.57716124,-0.13182160
-1.56053693,13.47385003,-0.00997561
5.36073556,13.06368119,0.24052702
-0.20509774,13.34370736,0.08664944
1.16889798,13.29489588,0.16169988
3.96355315,13.13295773,0.24400443
-5.30077443,13.91467686,-0.38369970
10.51564523,13.98238316,0.23568425
-6.55543682,14.17671823,-0.49552103
11.72440663,14.36351171,0.22298088
2.56373524,13.22887185,0.21325185
12.96064528,14.72604867,0.19544365
-7.82584295,14.42596571,-0.58451188
14.17792499,15.20120535,0.16869176
-9.07319054,14.77443729,-0.64210852
15.43349981,15.70667303,0.15917839
-10.33283594,15.13940099,-0.70463303
-11.52019394,15.64035515,-0.80941525
16.68206712,16.35856831,0.12250414
-12.58672204,16.25053208,-0.95371155
17.93326743,17.08238405,0.03878689
-13.20916840,16.78459752,-1.06322360
18.74794336,17.64882874,-0.05216961
19.54580204,18.21223153,-0.13720439
-13.78889041,17.34585405,-1.16780705
20.19876635,18.93537598,-0.20370531
-14.26039293,18.04059230,-1.24748853
20.83893001,19.65320271,-0.21785447
-14.73907543,18.70691161,-1.31866769
21.23686433,20.84476071,-0.20910320
-15.05980522,19.74752633,-1.34901921
21.62264459,21.97511996,-0.16251130
-15.39694140,20.74432276,-1.38582343
21.51991617,23.10935295,-0.18310963
-15.35751757,21.75238676,-1.36404149
21.40785406,24.17544562,-0.23020923
-15.32325099,22.74283590,-1.36597510
20.93338060,25.26143686,-0.38478292
-14.98566029,23.80700586,-1.33269251
-14.65676026,24.86357420,-1.32133437
20.49100517,26.29315606,-0.51941920
-14.29029430,25.90523096,-1.31339456
20.03195352,27.29813715,-0.59836040
-13.93548996,26.94289894,-1.31311085
19.60753048,28.31623629,-0.59397245
-13.60987481,27.82440654,-1.30733148
19.23331479,29.20043261,-0.54588020
-13.29013456,28.70179125,-1.30309508
18.87118583,30.09643235,-0.47035448
-12.80936010,29.53659346,-1.28984205
18.34252522,30.95092394,-0.40641797
-9.75067648,32.00894275,-1.12811408
-10.65343585,31.54614539,-1.16220058
-11.48441610,30.95055900,-1.21391429
15.94814871,32.94366864,-0.23315842
16.88099073,32.39297384,-0.28384140
14.91750005,33.27925518,-0.22583713
-12.33633214,30.37204972,-1.27940491
17.81439301,31.81272900,-0.32273194
-8.85792958,32.48258051,-1.10894254
13.86065786,33.56659531,-0.23621954
-7.61729332,33.04271633,-1.12031195
12.33753486,33.81188362,-0.32683837
-6.37291940,33.60601814,-1.14405601
10.74270519,34.04768248,-0.48115648
-5.09056834,34.07886602,-1.18452211
9.09931205,34.27795434,-0.66956314
-3.80843444,34.56980871,-1.21306853
7.48180183,34.64328673,-0.81100807
-1.22380167,35.15472885,-1.11612004
-2.51191778,34.85764412,-1.18310267
0.08740400,35.25823112,-1.05373995
2.84112396,35.27594820,-0.92817699
4.32257145,35.18068660,-0.88240914
5.86520463,34.90060174,-0.87198659
1.44160803,35.34468920,-0.99659628
9.47339064,13.89651511,-0.34168922
8.29284556,13.59385002,-0.37998637
-3.82335254,13.77322340,-0.94791851
-2.59770111,13.56706691,-0.82372890
6.95712871,13.37748405,-0.40833207
-1.24072033,13.43510444,-0.69251596
0.12114055,13.29054184,-0.58685281
5.61095066,13.19576487,-0.41682147
1.48634868,13.25728337,-0.50158953
4.24130869,13.18985934,-0.41729482
-5.09442478,13.95682764,-1.06681321
10.68017814,14.18739552,-0.31095949
2.86330176,13.22691388,-0.44479167
-6.39609315,14.21386837,-1.16838806
11.89662639,14.56191935,-0.30204573
-7.70804254,14.43848132,-1.26144181
13.14928199,14.92273941,-0.30933115
-8.99631181,14.75034177,-1.34549210
14.40111574,15.39007892,-0.32303698
15.69801221,15.89630129,-0.33853302
-10.28554962,15.07856611,-1.45189191
16.98537691,16.53806371,-0.39075808
-11.50628136,15.55925770,-1.58528145
-12.62012842,16.15685669,-1.73979256
18.28025262,17.23939091,-0.48390796
19.10616525,17.79377627,-0.55598698
-13.25793301,16.68725815,-1.84659516
19.91886650,18.35976210,-0.60623648
-13.84878470,17.24391096,-1.95495201
20.58504518,19.10153260,-0.62026311
-14.31841560,17.94637522,-2.03306681
21.24094073,19.82561964,-0.59369599
-14.78988063,18.62413411,-2.10998429
21.65119120,21.03098362,-0.54848230
-15.07699720,19.70729324,-2.13963643
22.03941816,22.15499591,-0.49398221
-15.38492802,20.75628815,-2.18009728
21.92283086,23.28285720,-0.51179257
-15.33989589,21.80622390,-2.12593132
21.79305575,24.32559411,-0.56954234
-15.31309471,22.82912733,-2.09735492
-15.00905100,23.91599138,-2.04562019
21.33133515,25.38829743,-0.75371468
-14.71389089,24.98585921,-2.02154436
20.88743923,26.38191480,-0.91463873
20.40593354,27.33470566,-1.01343488
-14.37723317,26.03160128,-2.00813546
19.95347885,28.29438728,-1.02504661
-14.04541893,27.06579232,-2.00858297
19.55179488,29.15677610,-0.97948924
-13.73073908,27.96909990,-2.00049882
-13.41918608,28.86482077,-1.99650183
19.17415548,30.03104537,-0.90416470
-12.92502392,29.70769809,-1.97162749
18.61955379,30.85862459,-0.83380267
-12.43925319,30.55149792,-1.95256958
18.08085807,31.70185387,-0.74213378
17.16107777,32.27187865,-0.69403605
-11.58244331,31.13608305,-1.89726752
-10.74628127,31.74108529,-1.85995696
16.25259013,32.83381984,-0.63515125
-9.83092052,32.20768118,-1.83102908
15.24035365,33.19409870,-0.61709225
-8.92997693,32.69197928,-1.81130964
14.20808478,33.51265107,-0.62497242
-7.65543196,33.29615801,-1.81628116
12.70415997,33.81788985,-0.72942585
-6.38225371,33.90983408,-1.81754569
11.13555472,34.11209900,-0.91996885
-5.06683777,34.41779199,-1.82337671
9.49738692,34.38283361,-1.16112328
-3.74968174,34.93596778,-1.82039292
7.85665761,34.79777576,-1.35825476
-1.08984293,35.54132234,-1.71196153
-2.41692698,35.23658211,-1.78121355
0.26176132,35.62645047,-1.64963211
3.09252485,35.57136877,-1.53816485
4.61999295,35.43395685,-1.49947118
6.20406042,35.10357564,-1.47081818
1.65269445,35.68851239,-1.59434590
-3.52191054,13.91598653,-1.54279330
-2.25741554,13.69335709,-1.42098252
-0.87840869,13.54597901,-1.28609918
8.43423403,13.87988425,-0.82760749
7.14578070,13.67855301,-0.88997929
9.59837154,14.15016937,-0.76367366
0.49079822,13.39285908,-1.17776623
5.85427047,13.46697269,-0.93915482
4.53524356,13.39546897,-0.96805182
1.84611331,13.36783771,-1.08221667
10.80202797,14.40898441,-0.71645306
-4.83175721,14.10957370,-1.65786523
3.19712565,13.36936626,-1.01212055
-6.16710952,14.36756971,-1.75532056
12.02541912,14.75036700,-0.68961406
13.29286467,15.08547457,-0.68642592
-7.49951158,14.59799539,-1.86667240
14.57830047,15.52481164,-0.70595546
-8.80453319,14.91922748,-1.99519810
15.92118935,16.01526140,-0.75260502
-10.11130346,15.25188148,-2.14726421
17.26135054,16.66545468,-0.84072035
-11.37555879,15.71478449,-2.29078515
-12.54290580,16.27278947,-2.44701196
18.61569434,17.41218042,-0.93562516
-13.19443180,16.77281718,-2.55886833
19.46192180,18.00175111,-0.98102105
-13.79365006,17.29965356,-2.68046028
20.29911731,18.58817067,-0.99861561
20.98510016,19.34040384,-0.98083081
-14.26024581,17.98521447,-2.76075838
-14.71956618,18.65729227,-2.84527298
21.65485873,20.05399988,-0.94196062
22.06847688,21.24726963,-0.89535109
-14.97234400,19.76158511,-2.86558426
22.45029340,22.34822622,-0.85677867
-15.25264188,20.83958640,-2.90150350
22.33285156,23.45709379,-0.89329060
-15.21241255,21.90535056,-2.82581421
22.19971348,24.47780704,-0.97466611
-15.19732534,22.93883851,-2.78054497
21.75514827,25.51454664,-1.17808493
-14.92895216,24.03090240,-2.71998506
-14.66685892,25.09977818,-2.69278766
21.29945198,26.46246291,-1.34036975
-14.36139974,26.13912999,-2.67461818
20.79013677,27.36712601,-1.44026518
-14.05731256,27.16384021,-2.67411700
20.30942871,28.28072577,-1.46639427
-13.76079311,28.08836809,-2.66780462
19.88076634,29.13315973,-1.43302285
-13.46527021,29.00338986,-2.66704784
19.48762744,29.99741462,-1.36866719
-12.96611678,29.85724957,-2.64146743
18.90947993,30.80804243,-1.30710796
-12.47450319,30.71186655,-2.62420270
18.36145219,31.63397293,-1.21958282
-11.61137495,31.30118896,-2.57482802
17.45551377,32.19203466,-1.16337025
-10.76901168,31.91419419,-2.54266463
16.57307204,32.75729395,-1.09078362
-9.84014535,32.38550344,-2.51371856
15.58927450,33.13501203,-1.05298291
-8.93075718,32.87983937,-2.48546729
14.59090686,33.48103221,-1.04406651
13.10428512,33.84656260,-1.12580883
-7.62329280,33.51873551,-2.45342417
-6.32832313,34.17172448,-2.41612820
11.55552486,34.20560235,-1.31147135
-4.99305954,34.71610149,-2.39691939
9.92283144,34.53199918,-1.57597550
-3.65815312,35.26786279,-2.37450240
8.24558823,35.00746350,-1.81311429
-2.31023670,35.58897916,-2.32207615
6.52625041,35.36082018,-1.97018547
-0.96275426,35.90955210,-2.24684707
4.87783994,35.72627548,-2.02776798
0.41074747,35.98651131,-2.17914496
3.29697073,35.88590376,-2.07155404
1.82352108,36.03475169,-2.12090472
-1.90688965,13.83328361,-1.88315303
-0.50220078,13.67145313,-1.74748132
8.55542342,14.12574839,-1.13459823
7.32111319,13.95230075,-1.22424126
9.69764467,14.36041133,-1.05522978
-3.20958089,14.07632400,-2.00495840
0.88187756,13.50964985,-1.63774464
6.09351011,13.73598237,-1.31012737
4.83547204,13.61429561,-1.37080178
2.22783230,13.49026935,-1.52843663
-4.55558937,14.29833096,-2.11633582
10.89205139,14.58488984,-1.00117721
3.54647652,13.52542452,-1.43835715
-5.91809169,14.58818114,-2.21053560
12.11803840,14.88996037,-0.97510358
13.39797763,15.19492428,-0.98807705
-7.26185303,14.86440873,-2.33338360
14.72136453,15.61295142,-1.04733481
-8.57390207,15.24171328,-2.49058315
-9.88549398,15.62065365,-2.67182464
16.12146061,16.11892962,-1.15123395
-11.16935719,16.08189712,-2.83614624
17.52703907,16.84382276,-1.26911455
18.95386790,17.67864693,-1.33380418
-12.35759108,16.60258693,-3.02579674
19.83335620,18.29483706,-1.35505007
-13.00718476,17.07137816,-3.16128900
-13.60209626,17.56779216,-3.31033311
20.70308053,18.88035753,-1.36335895
-14.05698027,18.22355365,-3.41299926
21.41006209,19.62607852,-1.35074582
-14.49690384,18.86788587,-3.52432955
22.09044339,20.32371556,-1.32918829
22.51023068,21.49583644,-1.31829551
-14.71840905,19.93768652,-3.54906627
22.89267151,22.57229659,-1.32374519
-14.97024565,20.99077980,-3.58342170
22.79217890,23.65254983,-1.40029025
-14.93816130,22.03641733,-3.50069216
22.65399241,24.63328725,-1.50131210
-14.93420405,23.05661501,-3.45426950
-14.70972378,24.13779665,-3.39474944
22.20201146,25.61221460,-1.68454279
21.72410062,26.50333151,-1.82155597
-14.49062567,25.19767912,-3.37377800
-14.22938296,26.23115867,-3.37110258
21.19580277,27.36724323,-1.92367577
-13.96874834,27.25308588,-3.38941536
20.69487945,28.24824999,-1.98165124
-13.70701677,28.21190768,-3.40399692
20.24112824,29.10445660,-1.98581226
-13.44327750,29.15895129,-3.42470790
19.83484815,29.97013348,-1.95618737
-12.94801823,30.03219304,-3.41455238
19.23590954,30.77473773,-1.92701317
-12.45761590,30.90466167,-3.41214541
18.68416803,31.59018304,-1.86538457
-11.58682991,31.50094698,-3.37085292
17.80795938,32.13762411,-1.81600730
-10.73612920,32.12165162,-3.34020769
16.97129316,32.70286244,-1.73643936
-9.78738034,32.59024010,-3.29450557
16.03522182,33.09386340,-1.66764129
-8.86551513,33.08405174,-3.24390769
15.08971670,33.46915621,-1.61862760
-7.51469133,33.75056063,-3.18225808
13.64721937,33.91022191,-1.64655005
-6.19446578,34.43864979,-3.13091046
12.14158682,34.36411881,-1.78855779
-4.84608048,35.01677591,-3.10126386
10.51143399,34.78397507,-2.02628547
-3.50644882,35.60743824,-3.07379136
8.76836730,35.34629767,-2.27618182
-2.15762046,35.97042825,-3.01030495
6.93864111,35.76611310,-2.48565827
-0.79618917,36.33438048,-2.92579137
5.19133867,36.16840085,-2.60668713
0.59457370,36.43386162,-2.83948024
3.53716637,36.33392278,-2.69291430
2.02885538,36.49728176,-2.76526185
8.67143265,14.33032930,-1.40701609
7.49050667,14.18469363,-1.52084445
-2.86791138,14.25737027,-2.41051999
-1.52506237,13.99038990,-2.29729314
-0.09919313,13.80979376,-2.16616700
9.78880158,14.53195652,-1.31553216
6.32580944,13.97544182,-1.63779593
1.29263883,13.63215527,-2.05435733
10.97050309,14.72381980,-1.26223092
-4.25557413,14.52063582,-2.50777753
2.62355258,13.61617209,-1.93242527
5.13335626,13.82386053,-1.72943400
3.90253782,13.68458053,-1.82292273
12.19596796,14.99350054,-1.25175632
-5.65545591,14.86367957,-2.58090242
-7.01914527,15.21054229,-2.68998916
13.48753674,15.27649170,-1.30359380
-8.33947842,15.67237632,-2.85627490
14.85357746,15.70795797,-1.43852541
16.31923926,16.30331838,-1.61113988
-9.64498459,16.12142170,-3.06626294
-10.91908909,16.59977196,-3.27522719
17.80940377,17.14448770,-1.71373847
19.33072163,18.02524718,-1.73360722
-12.09271260,17.11041339,-3.51283949
-12.71864392,17.55935569,-3.67302383
20.24651656,18.63805666,-1.75495032
21.14328898,19.21169209,-1.78163645
-13.28720059,18.01698751,-3.85207074
-13.71280220,18.60585849,-3.98173441
21.86466512,19.94834679,-1.80040526
-14.11802415,19.17596437,-4.11055056
22.54317273,20.63111850,-1.80695594
-14.30611571,20.15261323,-4.13301302
22.96090612,21.76909804,-1.84678249
23.32226450,22.79625043,-1.89153465
-14.53069748,21.14118515,-4.16131833
23.21169108,23.80223439,-1.98702204
-14.51560317,22.14864140,-4.08553989
23.04035199,24.70283526,-2.07729923
-14.53252184,23.15019537,-4.05166954
22.56959654,25.60201370,-2.21693386
-14.36658848,24.22490105,-4.01676521
-14.20936966,25.29049803,-4.02350225
22.08060169,26.44860792,-2.33509408
-14.01291912,26.33486023,-4.04789905
21.54516948,27.28990461,-2.44661967
-13.81541932,27.36873992,-4.09089110
21.03015303,28.15198094,-2.53716879
-13.60249584,28.36859989,-4.13077182
20.54476201,29.02059670,-2.58652112
-13.38191191,29.34343524,-4.17440087
20.11835905,29.89683859,-2.59766218
-12.89540355,30.22571301,-4.17733423
19.49650455,30.70883661,-2.60447667
-12.40979374,31.10217589,-4.18561530
18.94458879,31.52980748,-2.57560232
18.11257459,32.07980072,-2.54647696
-11.52499931,31.69560015,-4.13950679
-10.65658020,32.31118111,-4.09939044
17.34150258,32.65158232,-2.47631605
-9.67611314,32.76518239,-4.03366056
16.47906839,33.05687787,-2.39259844
-8.73320208,33.24440905,-3.96984945
15.61006838,33.46287447,-2.30546193
-7.33696261,33.91070304,-3.90333877
14.22542066,33.98465850,-2.24906368
-6.00356681,34.60381296,-3.88171442
12.75574108,34.53483547,-2.30670316
-4.66340200,35.18931245,-3.88767554
11.11916583,35.04973051,-2.48808841
-3.33616035,35.79960964,-3.87607724
9.31154846,35.69759535,-2.73356052
-1.99114321,36.20857701,-3.78446760
7.37987652,36.19935589,-2.97087978
-0.60994095,36.63494509,-3.66495507
5.54222829,36.64733794,-3.14167959
0.80644987,36.80424446,-3.53060373
3.82025694,36.80185853,-3.28149518
2.27490393,36.93329040,-3.41071719
-1.24243591,14.11610421,-2.58173726
0.19208894,13.92465340,-2.46427188
-2.61043844,14.39564535,-2.68152285
9.84983642,14.62573830,-1.51401283
8.74898377,14.44355014,-1.61091515
7.60303389,14.31671115,-1.74366771
1.57878570,13.73430384,-2.35627121
6.47788836,14.11867641,-1.88368478
5.32588246,13.95930773,-1.99341661
4.13363112,13.79880655,-2.10117315
2.88841422,13.71568054,-2.22487402
-4.02879930,14.68924167,-2.76255448
11.02207550,14.79840276,-1.46856957
-5.45788767,15.08179141,-2.81846016
12.24706634,15.04981712,-1.48626525
13.54742070,15.33737367,-1.59498033
-6.83781554,15.49085026,-2.91869183
-8.16697487,16.01428272,-3.09775188
14.94593647,15.83572413,-1.81583356
-9.46952503,16.50784643,-3.33566329
16.47411731,16.52321482,-2.00207419
18.04612211,17.41317732,-2.05732964
-10.72639268,17.00775948,-3.57746062
-11.86401987,17.52753969,-3.84583558
19.64366557,18.30401990,-2.07228134
20.58840408,18.91451729,-2.12205113
-12.45329325,17.94821144,-4.03043234
21.49687622,19.48120692,-2.17504514
-12.98564220,18.34803502,-4.23223219
-13.37729050,18.86235305,-4.37170385
22.21032071,20.20123564,-2.21372088
22.86325836,20.85938652,-2.22803632
-13.75029117,19.36852938,-4.49784743
-13.91840537,20.28381224,-4.52063216
23.24897479,21.93777453,-2.29522296
23.56345284,22.89515905,-2.35916807
-14.13897079,21.24192342,-4.55586298
23.42133119,23.81220238,-2.45488732
-14.14299659,22.23089025,-4.50080896
23.22151072,24.64407537,-2.53780426
-14.18398387,23.23180210,-4.48987133
-14.07245575,24.31704203,-4.48646964
22.75621394,25.49885654,-2.66066898
22.27708795,26.32886196,-2.77755815
-13.97209587,25.40201562,-4.52166246
21.74971632,27.16091746,-2.90296674
-13.82936395,26.45887664,-4.57143337
-13.67819483,27.48894197,-4.63455155
21.23034122,28.01117969,-3.01709435
20.71884088,28.89561881,-3.09731889
-13.50166969,28.49836928,-4.69553021
-13.31630112,29.47112615,-4.75977862
20.27451360,29.79173828,-3.13835203
-12.83690975,30.34473660,-4.77264498
19.63443693,30.62493056,-3.16987936
9.90745359,14.69110969,-1.74919689
8.82220728,14.52583158,-1.85107337
7.70262266,14.41426605,-1.99710052
-2.35325340,14.52374729,-2.95870589
-0.96286497,14.24163137,-2.87907202
0.46376022,14.04506472,-2.77235901
-12.35031145,31.21555297,-4.79103772
3.11235561,13.82610473,-2.53212110
4.32889629,13.91550849,-2.40451073
5.48585769,14.07806424,-2.28178561
19.07976191,31.46167816,-3.16902988
1.82592596,13.84612472,-2.66319915
6.60457379,14.22949634,-2.15209256
-3.80046395,14.84012398,-3.02099076
11.07027069,14.84918477,-1.71886773
-11.44212628,31.80426022,-4.73372769
18.27780555,32.01810441,-3.16351685
-5.25706440,15.28295534,-3.06461049
12.29417281,15.09774789,-1.78983381
13.60283660,15.43328047,-1.99229191
-6.65518524,15.75343468,-3.16368050
15.04634520,16.02720903,-2.27279254
-7.99908552,16.32520567,-3.36568005
-10.55065167,32.41691593,-4.68582172
17.55471638,32.58969589,-3.11829593
16.65961026,16.76752945,-2.40859920
-9.30452276,16.84755946,-3.63510420
18.32597767,17.68861659,-2.43909188
-10.52711380,17.37673667,-3.91118705
-9.54102421,32.86009407,-4.61282595
16.75622582,32.99691440,-3.05198667
-8.58545563,33.32691295,-4.55757485
15.96136115,33.41877306,-2.96556312
19.99939656,18.59101179,-2.49903754
-11.60334189,17.88425275,-4.22144549
14.64658834,34.00540282,-2.86856978
-7.17169993,33.98358438,-4.52882957
-12.15079697,18.23785552,-4.42429624
20.94403137,19.18336472,-2.57015208
-5.85400641,34.65961157,-4.56024322
13.21682840,34.63257863,-2.86687973
21.82307501,19.72037124,-2.62275088
-12.64736634,18.55610821,-4.63215103
-4.52935223,35.22002573,-4.58231791
11.57386000,35.21941879,-2.99410222
-13.00484266,19.01803323,-4.77648431
22.49976259,20.40211721,-2.67036365
23.10637807,21.02089211,-2.69025283
-13.35781592,19.50670372,-4.89921083
23.42043162,22.00129126,-2.76284477
-13.53466308,20.40099598,-4.91561654
-3.18522779,35.82282898,-4.55408549
9.73007226,35.92997209,-3.21344329
-1.79780166,36.26497726,-4.44058997
7.75552575,36.50096303,-3.43481076
-0.36109309,36.74508895,-4.30361293
5.88322060,36.97302505,-3.62857291
23.66446559,22.87343883,-2.83276590
-13.77671029,21.35915732,-4.95195497
2.58992280,37.17824231,-3.98563436
4.14348447,37.10142943,-3.80794541
1.09217419,36.98406076,-4.13944591
23.49217015,23.70983334,-2.94816457
-13.79485832,22.35189752,-4.93252053
23.27638009,24.49146778,-3.05000333
-13.85415393,23.37122910,-4.95767178
22.83826372,25.32349483,-3.17221072
-13.79215860,24.47072392,-4.98417402
22.38689781,26.14746699,-3.29742084
-13.73488617,25.55589655,-5.04141406
21.88026859,26.97693576,-3.43019309
-13.63140017,26.59220323,-5.10559474
21.36902868,27.82809316,-3.55132741
-13.51785295,27.58488595,-5.17942152
-13.37237015,28.57865808,-5.25999122
20.84117377,28.74574051,-3.64895155
-13.21155712,29.54069959,-5.35334977
20.38205703,29.68105705,-3.71062703
-12.71824635,30.41253193,-5.38818781
19.72327530,30.54829992,-3.76215642
-12.20605472,31.29438972,-5.43202640
19.15868978,31.39756641,-3.79205413
18.36938724,31.94700949,-3.81573788
-11.28573286,31.89232177,-5.36575669
-10.39466361,32.51536285,-5.31728461
17.67255801,32.49541384,-3.81087366
-9.39155887,32.94955375,-5.24340568
16.91252624,32.88099587,-3.78470178
-8.45809218,33.40060188,-5.20447939
16.17005733,33.29117227,-3.73469224
-7.07189420,34.02645707,-5.21062683
14.91281756,33.91636313,-3.65359507
-5.77655986,34.65273155,-5.26686802
13.52213204,34.60726000,-3.62738463
-4.41787459,35.16613545,-5.29150560
11.89324025,35.25149712,-3.69906341
-2.98785669,35.76629863,-5.26218534
10.04969646,35.98134597,-3.85181444
8.08526655,36.56600007,-4.02625124
-1.50206209,36.23616438,-5.14006755
0.02636417,36.74688826,-5.00755772
6.24843150,37.02310482,-4.24481189
3.06747417,37.21428443,-4.68746159
1.54303799,37.00933912,-4.84247954
4.58049147,37.14691208,-4.47075209
6.41186646,13.58420139,1.65691242
7.80471787,13.61473445,1.65779336
8.97941799,13.86766749,1.63391393
-2.00965408,13.99630390,1.31583257
-3.30606486,13.94432941,1.21322174
-4.41061603,14.07781188,1.10393098
10.17395184,14.12374095,1.63483041
-5.52179470,14.23858894,0.98100417
-6.65326671,14.42797699,0.85306926
11.39131893,14.33613657,1.64878067
-0.65844774,14.01273178,1.39717685
5.02059871,13.65797859,1.63350663
12.62319054,14.52416221,1.67247224
-7.81186062,14.64462646,0.74256015
13.75250400,14.95836777,1.67352475
-8.92906878,15.07399326,0.67590812
0.74984839,13.96940464,1.46216734
3.61544840,13.77746456,1.58402645
-10.08286524,15.53164175,0.64068252
14.89711542,15.44339267,1.69201595
2.18795570,13.87130171,1.52007436
16.05143389,16.00190443,1.69123328
-11.23136191,16.03640938,0.61729069
-12.28815082,16.62659123,0.59147463
17.19724978,16.67108246,1.61469485
-12.89273614,17.22048938,0.56977080
17.90962568,17.36831766,1.45803207
18.60106057,18.08909962,1.28294500
-13.45245692,17.83215854,0.54049244
-13.99222250,18.43508608,0.50289455
19.27117594,18.80184989,1.12423534
19.91877559,19.48891323,1.00223637
-14.53079893,19.00796482,0.45994392
-14.73182418,19.97704913,0.45995472
20.08281727,20.62100656,0.82792800
20.22404690,21.69527416,0.72079504
-14.92749451,20.91044147,0.48232676
-15.11048133,21.81688539,0.51035548
20.35599379,22.74357522,0.66453325
20.49126824,23.77812600,0.64854156
-15.28141950,22.70285435,0.52485477
-14.83758998,23.67492101,0.53861712
20.01858532,24.87231492,0.51048587
0.43653086,34.56190280,1.30053744
-0.73624528,34.26490810,1.26410564
1.70581083,34.66905438,1.31664305
3.11865298,34.68503463,1.30727960
-1.83021045,33.96334125,1.23823716
-8.35644918,31.65646624,1.08786491
-9.19695774,31.22599531,0.97902605
-7.23855730,32.05954455,1.17321924
11.33531183,33.72593653,1.05601563
12.93674496,33.57186116,1.00213268
14.06187370,33.31017873,0.92518612
-6.12483599,32.46605620,1.22552882
9.63311674,33.88401127,1.11230839
4.65818131,34.59008309,1.26521807
-2.88979056,33.67639710,1.22966308
-5.02733705,32.91517469,1.24323185
7.92837753,34.13006951,1.16282131
-3.95326978,33.42514035,1.23251327
6.28917915,34.47102679,1.21444440
19.59087555,25.99638447,0.41191008
-14.37462399,24.65824420,0.52482013
-10.04488855,30.78234750,0.86029842
15.12244888,32.98814696,0.85928477
16.14738150,32.58761317,0.81939762
-10.91220424,30.33493894,0.74059197
-11.81270865,29.89538695,0.63060674
17.15092480,32.10564785,0.81855568
19.20385940,27.13824581,0.38291428
-13.91113094,25.65511061,0.48894614
-12.20322326,29.08408250,0.56838879
17.61325877,31.17307958,0.69011782
-12.60713699,28.27360522,0.51637947
18.04574331,30.20729986,0.58410842
-13.46205314,26.66402357,0.44344844
18.84042151,28.30403431,0.41379651
18.45006654,29.24455719,0.49165722
-13.02696753,27.46639002,0.47586811
0.57451844,14.15130726,-2.91340446
1.92207454,14.02064758,-2.79672350
7.73916311,14.49667361,-2.12806155
6.64688666,14.38012347,-2.27965536
5.54163692,14.19407645,-2.41892912
3.19860628,13.95142527,-2.67247357
4.40151999,13.99384196,-2.55013671
8.85101031,14.53753003,-1.98210231
-0.83797205,14.27737509,-3.02376395
9.92004842,14.73108423,-1.87916437
-2.22910108,14.59688947,-3.08971471
11.06484653,14.92227872,-1.86286559
-3.68220447,14.96300384,-3.14053410
-5.15303400,15.38824201,-3.18850739
12.29874426,15.14517012,-1.97102899
13.62812107,15.47608174,-2.21091379
-6.56461600,15.83852617,-3.29556689
-7.90764136,16.47009878,-3.51035594
15.07644360,16.14653409,-2.50049543
16.71002414,16.94972487,-2.61940170
-9.20065075,17.04721699,-3.79012498
18.44385065,17.83670119,-2.64278973
-10.41259782,17.53630005,-4.08535949
-11.47404617,17.97271205,-4.42262587
20.15739471,18.68495294,-2.71569678
21.02027436,19.36300004,-2.80855181
-11.94667973,18.36449442,-4.61431966
21.81283509,19.97474248,-2.87136881
-12.37749424,18.73285206,-4.79680223
-12.78632933,19.11657463,-4.95637449
22.52526917,20.52556611,-2.89842581
-13.19525183,19.54457922,-5.09455630
23.16531091,21.03085414,-2.90154411
-13.24415322,20.44698067,-5.06459764
23.27289509,21.99179765,-3.00449323
23.30513546,22.84521339,-3.10883866
-13.34150337,21.38980079,-5.05776091
23.29146096,23.63440261,-3.20410379
-13.49994465,22.38727943,-5.09252474
23.25563282,24.39215223,-3.28711339
-13.71870348,23.42974249,-5.16781396
-13.65357898,24.51811845,-5.19607624
22.81788411,25.21857457,-3.41303093
22.36546771,26.03929211,-3.54094514
-13.59043617,25.58520571,-5.25220453
-13.52132990,26.61116310,-5.32332475
21.89645617,26.87462284,-3.66886768
-13.44364665,27.58944146,-5.40504579
21.41952718,27.73481851,-3.78474035
-13.14271877,28.53089103,-5.46171761
20.73012406,28.63870004,-3.89752484
-12.82342180,29.45632129,-5.53275707
20.12986989,29.55998860,-3.96948168
-12.48037206,30.38008868,-5.61685650
19.62357096,30.47228331,-4.01740524
-12.11018798,31.31423828,-5.71278561
19.19378577,31.35043493,-4.05575351
-11.11813535,31.81482191,-5.61339466
18.34552059,31.80256814,-4.09518117
-10.16367851,32.33316788,-5.54027792
17.59506411,32.25696980,-4.10777898
-9.26815319,32.87015245,-5.49709984
16.90190418,32.72160245,-4.09307201
-8.43750066,33.42274663,-5.48724717
16.22665376,33.20527852,-4.05713205
-7.03623168,33.95607334,-5.49424096
14.95161184,33.78296827,-3.98792668
-5.71005883,34.48976955,-5.54952433
13.54451545,34.43525830,-3.95185501
-4.34969733,35.06743787,-5.58688860
11.93986592,35.13888130,-4.00284241
-2.89909465,35.75242260,-5.58051220
10.12575245,35.90396164,-4.12963666
8.17126797,36.37215126,-4.28330531
-1.37619469,36.09848446,-5.43020598
0.16473938,36.48376621,-5.27517506
6.32021691,36.72920677,-4.49867730
1.70670389,36.84174944,-5.13826834
4.70390337,36.95112175,-4.75434905
3.24788266,37.12801584,-5.00936786
