-0.05653669,14.44761267,2.03414662
-0.77326955,14.34296795,2.02912499
-0.06975087,14.35242367,2.39508258
-0.79520565,14.25207157,2.38845737
-1.46719786,14.22745744,2.00924782
-1.49731731,14.15193300,2.36231951
-2.15043578,14.07557735,1.99619192
-2.18666109,14.02308361,2.33374024
-2.83552273,13.89514808,1.99458922
-2.87441013,13.87236612,2.31233819
-3.27048169,29.70698386,0.96302707
-2.47197097,29.74518944,1.00366374
-3.30803706,29.76351468,1.28300429
-2.50399231,29.80122972,1.32616996
-1.72850874,29.80714504,1.03342378
-1.75503854,29.86378347,1.35525438
-1.03340801,29.89368093,1.05881536
-1.05357815,29.94910378,1.37756670
-0.37879487,30.01098534,1.07780616
-0.39281466,30.06659348,1.39277468
-3.38301744,14.05264592,1.90784269
-3.42341309,14.04366118,2.22494998
-3.93670190,14.16481453,1.83708235
-3.97735765,14.16950956,2.14963154
-4.51047160,14.24008909,1.79025572
-4.55044987,14.25654289,2.09354248
-5.12044319,14.28989767,1.77372623
-5.16071268,14.31078710,2.06259563
-6.24212361,28.65160441,0.98947936
-5.43975975,28.87859027,0.93571234
-6.31054352,28.72264417,1.31230163
-5.50015154,28.94697416,1.26814088
-4.68170733,29.12717426,0.92654125
-4.73477844,29.19246610,1.26048660
-3.95897736,29.40081701,0.93092829
-4.00413263,29.46107953,1.25849044
-5.66116049,14.62065523,1.69991706
-5.70441246,14.64155055,1.99012615
-6.26200011,14.89620626,1.64755446
-6.30916106,14.91829856,1.93711001
-6.92621880,15.18946632,1.61975623
-6.97832701,15.20884171,1.90578923
-7.68413824,15.45735779,1.60011559
-7.74155867,15.47239640,1.87773762
-8.17428368,15.88247419,1.56131722
-8.23616908,15.89332459,1.84161748
-8.72048261,16.33810624,1.52632677
-8.78675542,16.34036088,1.80762375
-9.32625716,16.79051283,1.48604081
-9.39177365,16.78665277,1.76405475
-10.01959527,17.27639705,1.41886468
-10.07955871,17.27272118,1.69330375
-8.97185307,27.73569057,0.89438642
-8.17604847,27.94549210,0.91159017
-9.05043220,27.79307574,1.18270113
-8.25300494,28.00815423,1.21666141
-7.48278047,28.17218131,0.92667898
-7.55921901,28.23988414,1.24062170
-6.84125772,28.40729096,0.94621731
-6.91459045,28.47762840,1.26810782
-10.18021689,18.63675413,1.36251383
-10.25104819,18.62425641,1.65453825
-10.44831411,19.84722241,1.35426352
-10.52346344,19.82921762,1.64496972
-10.75946245,20.93847346,1.36531896
-10.83285801,20.92351944,1.64498718
-11.11651837,21.92952096,1.37633124
-11.19156792,21.92041611,1.64439414
-10.52499555,23.03262667,1.32644885
-10.60254336,23.03058973,1.60971482
-10.07323911,23.97340806,1.22764156
-10.15760485,23.98353341,1.52464502
-9.71432301,24.79500659,1.06639258
-9.80649213,24.82159712,1.37822750
-9.46166231,25.53934984,0.82649107
-9.55610211,25.58231756,1.15558466
-9.25576865,26.09331601,0.86108752
-9.35035109,26.14256938,1.18695461
-9.10856019,26.63598717,0.89721336
-9.20398472,26.69039171,1.21236756
-9.01307850,27.17831367,0.90152406
-9.10086303,27.23476635,1.20456654
-0.03578164,14.51784712,1.63861866
-0.74650408,14.40230591,1.63436603
-1.43669578,14.26307504,1.63234699
-2.11853205,14.09389649,1.64205199
-2.80611712,13.88510250,1.67081212
-3.23402749,29.66392198,0.63540355
-2.44203301,29.70278843,0.66732289
-1.70546354,29.76514746,0.69767265
-1.01773434,29.85338994,0.72525464
-0.36996886,29.97131497,0.74823394
-3.35210368,14.01603675,1.59226504
-3.90522719,14.11465954,1.53365897
-4.47995048,14.17828339,1.49789812
-5.09289059,14.20460256,1.48381320
-6.17485988,28.58487742,0.64735127
-5.37713417,28.81435044,0.59073441
-4.62820062,29.07049441,0.57264969
-3.91537762,29.35380313,0.59162645
-5.63326803,14.53287354,1.41301092
-6.22571493,14.83475578,1.36751999
-6.88708454,15.12033136,1.34341864
-7.63383781,15.40584711,1.32865156
-8.12007068,15.84346673,1.29074551
-8.66169770,16.29268933,1.25362282
-9.26919370,16.75758870,1.21170373
-9.95630119,17.23545055,1.16188246
-8.87154794,27.66344582,0.59284848
-8.09731368,27.87875635,0.58981189
-7.40094621,28.10057906,0.58977983
-6.76475880,28.33477681,0.60669277
-10.11670853,18.60751146,1.08397436
-10.37181568,19.84807440,1.05221493
-10.67993014,20.95123686,1.06577715
-11.01989803,21.93488132,1.09839785
-10.45158337,23.02408628,1.04808550
-9.97803243,23.95356484,0.92613720
-9.61447154,24.76101012,0.73058645
-9.36563158,25.48637907,0.47411877
-9.15061775,26.03358470,0.51772528
-9.00423033,26.57204977,0.55228065
-8.91486567,27.11217119,0.57788447
0.67280445,14.49841159,2.45428215
0.67697927,14.58952100,2.09798482
1.43991004,14.63948178,2.48697530
1.43786412,14.71681787,2.13672264
2.23590565,14.75696684,2.47808634
2.23178142,14.80974389,2.13707188
3.05831109,14.84750135,2.45776618
3.05752291,14.86742420,2.12705522
2.06021794,30.40743121,1.22748292
1.46725605,30.25484403,1.25723637
2.04634479,30.34649279,0.90570770
1.46043176,30.19679039,0.93155434
0.87014300,30.15260794,1.29812107
0.87042470,30.09535532,0.97284120
0.25443130,30.08940597,1.34667897
0.26177072,30.03367378,1.02569907
3.66000628,15.27427419,2.40196947
3.66160460,15.28007567,2.06648946
4.26578570,15.66263836,2.34428995
4.27000491,15.65463677,2.00813675
4.88337796,16.01164725,2.29663046
4.88907181,15.99166406,1.96461161
5.52919510,16.31240589,2.28241522
5.53183581,16.28988223,1.96374955
4.42729147,30.22713930,1.37069008
3.79203651,30.20189428,1.29772585
4.38232124,30.13206245,1.06298141
3.75614265,30.11675798,0.97685104
3.19828707,30.22250159,1.25870933
3.17031998,30.14563928,0.93149174
2.62636656,30.28814521,1.22690265
2.60561849,30.21988730,0.90105096
6.01438538,16.92634301,2.28613434
6.00742459,16.91102895,1.96966410
6.57225885,17.43963170,2.30113963
6.55536053,17.42963530,1.98867790
7.19519796,17.92018625,2.33052910
7.16604004,17.92081691,2.02418319
7.94199302,18.29745290,2.36203655
7.90162965,18.30824231,2.06889526
8.36395736,18.79651496,2.34940627
8.31376472,18.81509689,2.05486047
8.84951880,19.28125624,2.30979335
8.78992744,19.30873523,2.01463247
9.41266215,19.72194431,2.23524424
9.34997404,19.75304223,1.94410868
10.07775036,20.17013343,2.09330216
10.02007501,20.19395684,1.80763311
6.77580383,30.09313376,1.30961675
6.07572407,30.08966850,1.32182384
6.69744771,29.99861275,1.05895424
6.00783509,29.99384792,1.04902606
5.47566387,30.12069536,1.33174932
5.41505789,30.02260746,1.04406356
4.93054358,30.16742792,1.34277566
4.87751570,30.06998216,1.04208519
9.87715648,21.54650502,1.92849959
9.79808235,21.55920766,1.61596156
9.87248862,22.69912003,1.79499959
9.77863604,22.70052892,1.48420830
9.97390601,23.75011047,1.69984952
9.87454358,23.73702277,1.41249840
10.19564922,24.74538065,1.64515553
10.08639880,24.72112927,1.38818848
9.35645256,25.75449862,1.62988276
9.25486794,25.71484583,1.37258275
8.74247792,26.60378400,1.56162998
8.64292225,26.54882986,1.30427139
8.24412970,27.33708879,1.43005467
8.14419000,27.26712419,1.17016798
7.83065685,28.00652945,1.23893246
7.73267295,27.92633887,0.97346496
7.50779170,28.51072870,1.26216702
7.41387884,28.42504521,0.99827017
7.23144339,29.01854709,1.28936849
7.13987961,28.92698111,1.02916711
6.98425444,29.53749793,1.30123177
6.89906324,29.44395066,1.04495506
0.69323734,14.64529013,1.71028194
1.45304506,14.74962837,1.75833752
2.24757567,14.82284302,1.77856862
3.08059802,14.84997747,1.78069299
2.02644778,30.30264633,0.58213589
1.44730799,30.15559926,0.59837984
0.86446578,30.05445436,0.63697006
0.26323234,29.99447874,0.69132198
3.68922326,15.23150321,1.71440540
4.29847690,15.58879573,1.66311921
4.91852263,15.91058658,1.63385054
5.56785278,16.18171019,1.63422250
4.33571402,30.04844622,0.74644240
3.71665891,30.04151699,0.65447951
3.13764284,30.08243319,0.59447469
2.57976928,30.17010981,0.57058395
6.03710804,16.80605572,1.63990678
6.55972545,17.36752316,1.67266646
7.16407659,17.85667601,1.72416636
7.87709709,18.27172191,1.77355500
8.27611992,18.80038347,1.76089694
8.74750785,19.28752692,1.72186143
9.30437259,19.74152220,1.64893636
9.96732448,20.17093910,1.53520925
6.60685599,29.89077004,0.80421321
5.93878969,29.90020871,0.77273354
5.35122468,29.92777674,0.74680513
4.82225890,29.97631520,0.73620691
9.73906786,21.53198997,1.32143742
9.68854553,22.68419812,1.16454546
9.77123184,23.71947334,1.11091823
9.95551489,24.68835416,1.12584607
9.15815103,25.66899563,1.11584588
8.53494975,26.48666295,1.04345638
8.03723925,27.19479191,0.89518343
7.63457983,27.84549670,0.69600063
7.31354109,28.33623177,0.72727188
7.04153141,28.83274869,0.75436625
6.80847317,29.34706037,0.77976405
2.40731681,14.39559489,-9.42524103
1.78330707,14.33495935,-9.47369399
2.39441603,14.45457181,-9.18420966
1.77082022,14.39987461,-9.22409380
1.14491156,14.25035790,-9.53675042
1.13353603,14.31711064,-9.27877236
0.47424685,14.13353316,-9.60473515
0.46457215,14.19661984,-9.33916254
-0.25476123,13.98062748,-9.66798400
-0.26274155,14.03384594,-9.39528909
2.99872612,14.60033144,-9.19758160
3.01208901,14.54578217,-9.43243828
3.59187151,14.72691208,-9.22852142
3.60530584,14.68008684,-9.45801303
4.18794377,14.83195799,-9.26720465
4.20052622,14.79665233,-9.49233598
4.80513574,14.91922401,-9.30148829
4.81495850,14.89962854,-9.52435295
-1.52678830,30.17073897,-13.81213276
-2.23634610,29.90148485,-13.81871443
-1.53483184,30.18837178,-13.49137334
-2.24166781,29.91975867,-13.48879309
-3.01057333,29.76617472,-13.86053969
-3.01295806,29.78195998,-13.52784594
-3.81112665,29.66642015,-13.93437757
-3.81086063,29.67928983,-13.60540634
-4.65936444,29.61910348,-14.02191723
-4.65510881,29.62753601,-13.70128094
-0.76854091,30.05723998,-13.36874461
-0.75660838,30.04100447,-13.69036297
-0.03504186,30.06721194,-13.29081542
-0.01791965,30.05560461,-13.60572066
0.67416959,30.13768310,-13.25713852
0.69812376,30.13122120,-13.56215644
1.37973609,30.29077283,-13.26468636
1.41254190,30.29166097,-13.55835346
-0.94577575,14.13668105,-9.85322915
-0.95116384,14.18936421,-9.56606484
-1.69660690,14.25536268,-10.03171190
-1.69831084,14.30730783,-9.73069282
-2.52287639,14.33689872,-10.19742836
-2.52057357,14.38721347,-9.88085264
-3.43696781,14.38812837,-10.34154088
-3.43122763,14.43522302,-10.00709464
5.27449114,15.37700546,-9.46647801
5.28413559,15.36127691,-9.69675831
5.74295714,15.81853662,-9.64268443
5.75440718,15.80337629,-9.88009193
6.22876781,16.23884916,-9.82312666
6.24440533,16.22235431,-10.06828452
6.74814577,16.64178098,-9.99943629
6.77067668,16.62264352,-10.25417477
-5.41709487,29.23666155,-13.98065031
-5.40577996,29.24011403,-13.65558302
-6.23076730,28.95990548,-13.94241341
-6.21395945,28.96135558,-13.61791013
-7.01331874,28.67408914,-13.89524516
-6.99215243,28.67542626,-13.57390052
-8.00770971,28.45599416,-13.86487286
-7.97184086,28.44926381,-13.55848775
2.11946458,30.10611901,-13.14646747
2.16435744,30.11642835,-13.43593665
2.87493217,30.06771304,-13.06341121
2.93280056,30.08455454,-13.34578206
3.63238596,30.03446440,-12.98970825
3.70259728,30.05524192,-13.26365967
4.57923657,30.13365548,-12.95321396
4.66801297,30.16949730,-13.21337569
-4.38863988,14.60689425,-10.56721108
-4.37924316,14.65860892,-10.20593137
-5.39377258,14.82197241,-10.81215724
-5.38152191,14.87920622,-10.42423746
-6.42853297,15.04860560,-11.11176821
-6.41165724,15.11141517,-10.70693205
-7.51442522,15.28245976,-11.45113479
-7.49080046,15.34315218,-11.05017911
7.21421126,17.24227199,-10.25212845
7.24924365,17.21516096,-10.52339883
7.72390857,17.83919390,-10.49818302
7.77338760,17.80600433,-10.78711970
8.29211633,18.44467557,-10.75365323
8.35919274,18.40712789,-11.05570525
8.97861199,19.03910604,-11.02134500
9.06271307,19.00024983,-11.32541630
-9.84644144,27.33308348,-13.85255458
-9.28257445,27.57507335,-13.83671783
-9.81684325,27.32799470,-13.58159807
-9.24958946,27.57134845,-13.55170997
-8.81191836,27.86689123,-13.83626621
-8.77619558,27.86271372,-13.54089265
-8.39484239,28.16975048,-13.84905618
-8.35764137,28.16379730,-13.54779273
6.92759857,29.68032268,-12.86364406
6.21866802,29.73060467,-12.86286073
7.02039728,29.71490703,-13.09125235
6.31424454,29.76444315,-13.10120160
5.60455159,29.84920152,-12.88214176
5.70051522,29.88390200,-13.12899346
5.06228758,29.99253622,-12.91609026
5.15617843,30.02910447,-13.16992348
-7.98047802,15.69473016,-11.72421946
-7.95545815,15.75268727,-11.33117185
-8.47027644,16.11935252,-11.98554204
-8.44571363,16.16482310,-11.61183348
-9.00971672,16.56589446,-12.24220230
-8.98528063,16.59002140,-11.90060087
-9.65098968,17.04509174,-12.50825799
-9.62571954,17.04092816,-12.20924643
9.23188689,19.62976515,-11.21236335
9.32186627,19.59169590,-11.51961748
9.55113345,20.19661433,-11.38404892
9.64294381,20.16225214,-11.68974276
9.96416074,20.74407958,-11.55249110
10.05401584,20.71765066,-11.85029666
10.53028378,21.27962560,-11.74861641
10.61684528,21.26426278,-12.03162524
-9.50836061,18.16499265,-12.71297354
-9.46536810,18.16193562,-12.43500316
-9.49534957,19.26195482,-12.90306608
-9.44087967,19.25752285,-12.64194353
-9.57987262,20.27640651,-13.09489589
-9.51663492,20.27403004,-12.84379785
-9.75381147,21.17948355,-13.27953887
-9.67943851,21.17818629,-13.03339491
10.20045674,22.26849096,-11.80116196
10.29992982,22.25267918,-12.09543923
9.98713647,23.15774750,-11.85600887
10.09558688,23.14591800,-12.15432346
9.85529283,23.94555007,-11.94608726
9.96942507,23.93793464,-12.24129678
9.79232998,24.64578695,-12.07329122
9.91329158,24.64440834,-12.36031942
-9.60516382,22.18459466,-13.39221148
-9.52836107,22.18434009,-13.13630647
-9.57976514,23.05679127,-13.48485381
-9.50102434,23.05028318,-13.21854457
-9.61640529,23.86914114,-13.56480627
-9.53830090,23.85378811,-13.28614585
-9.71362898,24.71019655,-13.64317983
-9.63592867,24.68357480,-13.35726300
9.29399025,25.36607161,-12.11980014
9.41336022,25.37350591,-12.40394631
8.91444528,26.01168282,-12.20575683
9.03129752,26.03073809,-12.48521903
8.57919263,26.64106691,-12.32043062
8.69220310,26.67384950,-12.59400359
8.24822628,27.33366222,-12.45514563
8.35873319,27.38218875,-12.71845570
-9.68696268,25.33785056,-13.67743986
-9.61600195,25.30765015,-13.38691816
-9.73251713,26.01523125,-13.72796722
-9.67228345,25.98842074,-13.43941949
-9.79910325,26.69113197,-13.79580855
-9.75477200,26.67508798,-13.51489864
7.87447930,27.85002325,-12.52969977
7.98038272,27.90447990,-12.78647360
7.53801225,28.44806308,-12.63181720
7.64010744,28.50156308,-12.87863424
7.22851712,29.07382276,-12.75211617
7.32609098,29.11857044,-12.98843408
1.37464561,30.26331755,-13.03027318
2.07924857,30.10225912,-12.89119152
2.80994303,30.02119586,-12.79831498
3.59854095,30.02355436,-12.74568645
4.48420893,30.10923447,-12.73382130
4.77283784,15.00033301,-9.18751083
5.24556649,15.41888050,-9.31526640
5.71197451,15.83802006,-9.46714310
6.18371332,16.25497236,-9.63858269
6.67613116,16.66497722,-9.82076672
6.90824345,29.65611676,-12.70786180
6.19276057,29.73315481,-12.67260766
5.56101731,29.83256617,-12.66586953
4.99612309,29.95735603,-12.68683160
8.84432829,19.05260891,-10.77359902
9.11003565,19.63691222,-10.93285085
9.42741962,20.19992249,-11.09039316
9.80311116,20.74088008,-11.26051298
10.24423733,21.26000831,-11.45930443
9.98681729,22.28932752,-11.50059046
9.79669888,23.17110589,-11.55091243
9.65866266,23.94781668,-11.63885889
9.56683413,24.65440890,-11.77610915
-9.39650146,17.05048171,-11.88539919
-9.31799012,18.20247468,-12.13631075
-9.31830038,19.28396137,-12.36556223
-9.38883756,20.28820532,-12.58113336
-9.52686287,21.21218893,-12.78764747
9.12554049,25.33449897,-11.82169446
8.74931711,25.96515249,-11.92033065
8.43176272,26.57594410,-12.05555727
8.16800420,27.18799019,-12.20200549
-9.40969244,22.16670870,-12.87567595
-9.37451761,23.02216460,-12.95507194
-9.41466500,23.80504470,-13.02794451
-9.52443796,24.53921618,-13.10217367
7.75469320,27.76787481,-12.29332001
7.40972350,28.36587235,-12.40462331
7.12888683,28.99195846,-12.54180671
-9.51106537,25.24640597,-13.12851380
-9.56593790,25.93518058,-13.18036653
-9.67581639,26.61888388,-13.26997034
-9.82779570,27.30741859,-13.39704372
-1.53390802,30.16479162,-13.21825349
-0.77428518,30.08040423,-13.08574512
-0.04927484,30.06374433,-13.01438495
0.65960474,30.12194044,-12.99815052
2.38098815,14.56987507,-9.04933332
2.97936553,14.70465063,-9.05907710
3.57132997,14.81913767,-9.08854708
4.16569968,14.91715243,-9.13417699
1.76380302,14.51054206,-9.07488041
1.12846752,14.42052914,-9.11835135
0.46182346,14.29584402,-9.17725344
-0.25259173,14.13150228,-9.24864565
-2.25497873,29.94456881,-13.19569855
-3.00904720,29.78157745,-13.23316825
-3.80829134,29.66885965,-13.32136499
-4.66336601,29.60469492,-13.44174289
-5.39466861,29.24663067,-13.36093070
-6.17002045,28.93644885,-13.30625141
-7.00536786,28.67223488,-13.28108418
-7.92190844,28.45215189,-13.29263922
-0.93602573,14.26051858,-9.37506486
-1.67277767,14.36269518,-9.50995744
-2.47432985,14.44157171,-9.64438596
-3.34982710,14.49876672,-9.77413588
7.11271567,17.28439482,-10.06735060
7.59987798,17.89136555,-10.30235093
8.16508860,18.48447610,-10.52892326
-4.26781722,14.74529484,-9.96377355
-5.25310139,14.97765763,-10.16755629
-6.29459908,15.19424757,-10.40962635
-7.37944815,15.39841725,-10.72307262
-7.87571966,15.79861600,-10.96719851
-8.37408130,16.20288342,-11.24071772
-8.87859795,16.61769768,-11.54850672
-9.27721341,27.57548291,-13.31974012
-8.78382940,27.85447850,-13.27962894
-8.33548111,28.14633042,-13.27208175
3.20704560,14.93627891,-0.61530545
2.45002561,14.79821159,-0.62504360
3.77284217,14.35419077,-2.38358696
3.00979642,14.27236864,-2.38329542
-2.06742624,13.85925173,-2.48678280
-1.36933126,13.95378370,-2.48446893
-2.44637657,14.12468097,-0.66506104
-1.78568670,14.20687657,-0.69299865
3.81626346,15.20674690,-0.64950164
4.38772032,14.60105213,-2.41925296
-2.66118700,13.88469663,-2.51761998
-2.99754744,14.17015612,-0.68945226
-3.26827076,13.85756843,-2.51984270
-3.56206597,14.17338355,-0.67957426
4.42707621,15.45443437,-0.65691461
4.99750119,14.84469857,-2.43583508
1.71027778,14.62160222,-0.62183752
2.25717867,14.16059296,-2.37260744
-0.67167849,13.97853611,-2.45503482
-1.12263769,14.23942673,-0.68624239
4.95339155,15.89830488,-0.69038518
5.52928517,15.29587100,-2.49131300
-3.86249815,13.95405724,-2.56339229
-4.10959932,14.31660401,-0.71645161
0.04864040,14.12900782,-2.48886931
-0.43774704,14.42008795,-0.74464399
0.96876886,14.61052793,-0.70045556
1.50510015,14.21396357,-2.44147214
5.48857300,16.31785586,-0.68346081
6.06063331,15.74268959,-2.51406248
-4.48778224,14.00759527,-2.57323458
-4.68942296,14.41919605,-0.71461516
5.92069334,16.92675261,-0.68841576
6.49679884,16.38599958,-2.56092895
-5.09724841,14.20417103,-2.61982935
-5.24405771,14.67541605,-0.75180308
0.77828458,14.21805537,-2.50565149
0.26086739,14.56145816,-0.77864981
6.40007938,17.48586335,-0.64567087
6.96454167,17.00220726,-2.56368907
-5.75554141,14.38780606,-2.63041482
-5.85217865,14.90500900,-0.74985843
-6.43412661,14.69751006,-2.64809486
-6.48442920,15.23575732,-0.75774641
6.87749086,18.11467255,-0.60341118
7.41810799,17.71233632,-2.56178016
7.46716595,18.66463781,-0.52678571
7.96598562,18.36586106,-2.51656571
-7.18128630,15.04915729,-2.63334907
-7.20017438,15.57124410,-0.73454448
7.92195098,19.07751455,-0.49116181
8.37085911,18.86264737,-2.47865406
-7.72119377,15.41218843,-2.62360497
-7.73827890,15.88984257,-0.73202653
8.47001023,19.44690280,-0.45348124
8.85772150,19.32160501,-2.42545997
-8.31529671,15.81255477,-2.60570764
-8.33941870,16.22696284,-0.72425429
-8.84976381,16.52016289,-2.66908216
-8.87929906,16.84510016,-0.78085663
8.90032372,20.04326061,-0.51166142
9.25232237,19.99367302,-2.45890200
-9.48772641,17.24697351,-2.70886672
-9.51684672,17.46971580,-0.81929004
9.45092808,20.58926884,-0.55991202
9.75062942,20.61594746,-2.46909556
9.65950890,21.72636161,-0.76647976
9.94763557,21.79641432,-2.61499750
-10.10738985,18.67207990,-2.84082250
-10.05746555,18.76673821,-0.94812232
10.03866084,22.73994684,-0.84194649
10.25071144,22.85071433,-2.66413396
-10.94880003,19.90737550,-2.88397899
-10.76284496,19.91650850,-0.97460032
9.78481174,23.80932933,-0.86895748
9.96240937,23.90378710,-2.71521724
-11.21503203,21.11195977,-2.95513394
-10.88261942,21.10045078,-1.01220333
9.61486779,24.76326125,-0.79565636
9.71947513,24.83643279,-2.70545865
-11.40401740,22.12566174,-3.02286096
-10.97690701,22.11208664,-1.02797272
-11.05421173,23.08879142,-3.20022285
-10.55966582,23.09955798,-1.26344394
8.96737438,25.66541002,-0.87200128
9.05208943,25.71039762,-2.77801331
-10.72766989,23.91496295,-3.36686315
-10.20916299,23.92651245,-1.54621711
8.44079563,26.44568531,-0.98771022
8.48327178,26.48517626,-2.84813270
4.18061344,30.40407790,-1.32789134
4.68031404,30.30852722,-1.29779284
3.96455499,30.80253366,-3.21788937
4.45907007,30.66153298,-3.19862008
3.55176978,30.47014443,-1.42135055
3.33568602,30.92925123,-3.25461362
-5.82084251,29.48950585,-3.44748923
-6.65398496,29.08662225,-3.48193666
-5.47958193,29.09263283,-1.74127779
-6.29261558,28.77735517,-1.73017895
-7.29681422,28.74824509,-3.51679784
-6.92364215,28.49217791,-1.76503441
2.96695890,30.58444216,-1.46300448
2.74810993,31.10501652,-3.25910178
-5.06517175,29.92619797,-3.38786227
-4.73362013,29.44415661,-1.69714305
5.22750939,30.23933871,-1.23153883
4.99922743,30.54764417,-3.15467518
-8.00774108,28.43986873,-3.52848707
-7.61662654,28.23338217,-1.75868146
-0.81409393,31.36790136,-3.19489756
-1.46293732,31.25132041,-3.18606544
-0.52672935,30.59909995,-1.38169896
-1.16922269,30.50976855,-1.40687616
0.08690088,30.66830914,-1.40625372
-0.18108360,31.40643850,-3.19086969
2.39133599,30.65866951,-1.49800068
2.16672184,31.23504310,-3.27196857
-4.31281931,30.30601859,-3.34453882
-3.98673709,29.74768553,-1.65130597
5.75597302,30.04324528,-1.21097383
5.52616082,30.29555202,-3.13323963
-8.64433578,28.03640020,-3.56063995
-8.23395970,27.87677004,-1.80150031
-2.15820509,31.15513026,-3.17880848
-1.85608229,30.44404850,-1.42926980
0.67615840,30.76936218,-1.42112634
0.42336549,31.47598768,-3.18380103
1.25544644,30.75405618,-1.47105031
1.01370013,31.42309737,-3.23020335
-2.85812842,30.92265211,-3.23568721
-2.54687569,30.25087944,-1.50664730
1.82893863,30.77778623,-1.49056876
1.59384281,31.41107809,-3.26095146
-3.61013296,30.70338129,-3.29083363
-3.28714978,30.07535254,-1.57474607
6.35463069,29.87221953,-1.15294864
6.12137070,30.07270208,-3.08093775
-9.36913490,27.66816684,-3.56247674
-8.93371571,27.54715118,-1.80034163
-10.39756964,24.65442445,-3.51386142
-9.87064694,24.65287433,-1.78247729
7.95160942,27.13926383,-1.10252802
7.94773122,27.18666976,-2.93736820
6.64357859,29.35602260,-1.22018381
6.45468276,29.51083880,-3.07345033
-9.57568590,27.08038236,-3.60131382
-9.11080482,26.98558259,-1.92519523
-10.16224917,25.36305908,-3.62096028
-9.64338599,25.34168497,-1.98438994
7.54871077,27.80666710,-1.23537573
7.49413260,27.86856428,-3.02620352
6.98066313,28.87073562,-1.26319348
6.83986016,28.98869041,-3.04112617
-9.84415572,26.52192386,-3.61115736
-9.35417790,26.44988771,-2.01078093
7.24102433,28.33057405,-1.25533488
7.14133103,28.41879743,-3.04028099
-9.97096402,25.93782042,-3.63216735
-9.46340430,25.88984616,-2.01833041
4.27961479,13.96436355,-3.48907907
3.52055300,13.88615958,-3.48475617
4.90205209,14.22196740,-3.53769464
-2.38010222,13.61064419,-3.60513251
-1.74683441,13.60176899,-3.55899213
-1.00553996,13.70463444,-3.54948806
2.76478788,13.78767805,-3.47538593
-0.26597283,13.71815803,-3.52676068
0.48329031,13.85504562,-3.53481606
1.99129649,13.87911601,-3.50673284
-3.02894902,13.55299379,-3.63436732
5.51826637,14.48213083,-3.57293775
-3.67154137,13.61156073,-3.68240612
6.05690370,14.95510776,-3.62750393
1.23602029,13.92055571,-3.53769809
6.59618165,15.42418925,-3.65865892
-4.34724657,13.61802433,-3.70847060
7.04928083,16.08791730,-3.70164093
-5.01718335,13.76380998,-3.75233574
7.53492460,16.72409164,-3.71202855
-5.73796494,13.89791519,-3.76907130
-6.47941452,14.17793118,-3.78358417
8.00240439,17.46430167,-3.71453908
-7.28476745,14.51928069,-3.76792004
8.55861105,18.15386549,-3.68309750
-7.84615707,14.89688418,-3.76425655
8.95522485,18.68416102,-3.66552793
9.41917334,19.18641872,-3.63442535
-8.45061189,15.33183305,-3.75027671
9.76679699,19.92029976,-3.64261762
-8.97468077,16.12520888,-3.77636871
10.20086731,20.60675945,-3.63344355
-9.59682818,16.94675926,-3.78518331
10.30593832,21.86034774,-3.70694501
-10.20547379,18.50854094,-3.85588985
10.49612140,22.97157372,-3.72703477
-11.08023493,19.82918672,-3.88778391
10.14273885,24.05419782,-3.76648527
-11.40116301,21.07974065,-3.96591905
9.83222073,25.00664323,-3.77922046
-11.63452673,22.12364892,-4.05439412
9.14280985,25.89829956,-3.83095982
-11.33493159,23.11034037,-4.19459130
-11.04539603,23.95687908,-4.32382783
8.54643675,26.68723496,-3.88777547
-10.74169358,24.71200864,-4.43284204
7.98365647,27.39871171,-3.95799222
-10.52350423,25.42936944,-4.51204982
7.50293427,28.08619318,-4.02809071
-10.36357810,26.03110992,-4.55016390
7.12565949,28.66816167,-4.07848874
-10.26075912,26.63844799,-4.56584294
6.80057095,29.26907365,-4.11976303
-9.98958333,27.21787252,-4.58583189
6.39189102,29.82330002,-4.17932127
-7.70569806,28.99443983,-4.50056796
-8.42059046,28.65647507,-4.53217435
-9.05366683,28.22168006,-4.57043458
4.93282883,30.96072228,-4.27934956
5.45458778,30.67672055,-4.26040304
4.39595700,31.09467692,-4.30862626
-9.77848806,27.82497292,-4.58894552
6.04033446,30.41810357,-4.22251722
-7.06185562,29.36245508,-4.45725180
3.90178043,31.25180065,-4.32277156
-6.21422863,29.82486614,-4.41666190
3.25677636,31.41013670,-4.35532252
-5.44992353,30.31780449,-4.36970202
2.65006367,31.61236611,-4.36777573
-4.68285555,30.74236202,-4.34047508
2.04715768,31.75939104,-4.38113295
-3.96387775,31.17338820,-4.31773950
1.44927654,31.94747182,-4.38143897
-2.46883361,31.68420801,-4.25765549
-3.19064944,31.42536703,-4.28362290
-1.74481492,31.79934498,-4.27637975
-0.40386942,31.96866031,-4.30483392
0.22832738,32.03395923,-4.30941564
0.84565946,31.97130172,-4.34863190
-1.06910665,31.93254777,-4.30314440
5.27843874,14.21692151,-4.49066037
4.67728503,13.91685490,-4.45613894
-2.04112586,13.60869878,-4.46820682
-1.36749145,13.59217867,-4.43236898
3.94034976,13.81431709,-4.43709952
-0.59828241,13.68648270,-4.41439628
0.16348257,13.67757189,-4.39946402
3.20251941,13.70029103,-4.41539664
0.92429034,13.79647451,-4.40419194
2.43624988,13.79448109,-4.41274835
-2.73392572,13.54623051,-4.50113719
5.87480694,14.51962665,-4.51652923
1.68023026,13.84615429,-4.41384652
-3.42638974,13.58774065,-4.53913699
6.39622717,15.02721901,-4.54521902
-4.15484785,13.56588644,-4.56877526
6.92333368,15.52587071,-4.56064304
-4.88870493,13.67499892,-4.60612769
7.37981203,16.20569946,-4.58113961
7.87603806,16.84981496,-4.58240224
-5.67695763,13.76718020,-4.62768107
8.35504992,17.59547954,-4.57278899
-6.48715520,14.01901369,-4.63775529
-7.36094920,14.33744937,-4.62468080
8.92448082,18.28803132,-4.54413653
9.30987467,18.82303697,-4.52423887
-7.94793443,14.71688800,-4.61298505
9.75549084,19.33297369,-4.49772777
-8.57030687,15.15736461,-4.59269152
10.06704193,20.08234812,-4.48480848
-9.08852604,15.98469182,-4.58500949
10.45281469,20.78735440,-4.46537531
-9.69616771,16.83624511,-4.57094838
10.48041522,22.06253576,-4.49474084
-10.26031309,18.44869519,-4.60436814
10.58811603,23.19069227,-4.50771095
-11.10266092,19.79277712,-4.65059844
10.19698663,24.27392515,-4.52256083
-11.42546010,21.05864178,-4.72657693
9.85532010,25.22386336,-4.53647158
-11.67444240,22.10890879,-4.82397402
-11.43994235,23.10537057,-4.97085165
9.17940610,26.12205032,-4.60362074
-11.21331031,23.95957444,-5.10748839
8.58780785,26.91728163,-4.68423021
8.02539548,27.63455233,-4.77798003
-10.96662112,24.72016687,-5.22467121
7.54133828,28.32672240,-4.87255761
-10.79152704,25.43695994,-5.31830597
7.15398136,28.93162048,-4.93892584
-10.65965025,26.05605115,-5.36752641
-10.57827664,26.67710662,-5.40158394
6.82272317,29.55534942,-4.99902203
-10.29867004,27.26674152,-5.41933017
6.40309453,30.12247386,-5.05919264
-10.07843160,27.88271980,-5.42680621
6.04582378,30.72985044,-5.10796948
5.46277547,31.00548369,-5.14226677
-9.36100439,28.29299827,-5.39275526
-8.73453494,28.74152361,-5.34746800
4.94063694,31.30327747,-5.16347008
-8.01456240,29.09001733,-5.28727326
4.39803582,31.43491787,-5.17305848
-7.36745116,29.46872507,-5.22374625
3.89729037,31.58720930,-5.17199353
-6.50442864,29.96049995,-5.16859040
3.22981829,31.74729078,-5.19445314
-5.72920548,30.48284437,-5.12040765
2.60105135,31.94903659,-5.20331117
-4.94664001,30.93123472,-5.08399113
1.97635727,32.08603085,-5.20053286
-4.21140800,31.38114748,-5.06485597
1.35663315,32.26285639,-5.19109778
-2.68858490,31.93905623,-5.02925335
-3.42499442,31.65838570,-5.03952805
-1.94359376,32.07058492,-5.05022938
-0.55995983,32.26572904,-5.09496702
0.09295435,32.34126649,-5.11347077
0.73219100,32.28331051,-5.15249870
-1.24727535,32.21885747,-5.08393553
-1.76772909,13.84897305,-5.03596393
-1.06653740,13.81950490,-5.01103502
-0.28548584,13.89258957,-4.99742511
4.87810982,14.15547744,-5.12453546
4.17142240,14.02326583,-5.09976433
5.45582067,14.48659357,-5.14788340
0.48087897,13.86171139,-4.99755724
3.46277583,13.88576460,-5.07264334
2.71826082,13.96375380,-5.04790921
1.23560678,13.96518709,-5.00823615
6.03062412,14.81923077,-5.16649809
-2.49262895,13.79240478,-5.06869465
1.97860737,14.00771997,-5.02828811
-3.22353489,13.82433447,-5.10204106
6.53593239,15.34069216,-5.17943548
7.05133582,15.84908085,-5.18674689
-3.99358308,13.78614994,-5.13815509
7.51264598,16.51796408,-5.19505749
-4.78137695,13.86405004,-5.17785254
8.01826551,17.14718748,-5.19457808
-5.62660412,13.92197258,-5.21209805
8.50945693,17.87454519,-5.18654484
-6.49276588,14.14835080,-5.23411706
-7.42314750,14.44278967,-5.24228651
9.09130287,18.54972798,-5.17338105
-8.02760476,14.81237039,-5.24341612
9.46978384,19.07217643,-5.16643684
-8.66431436,15.23706716,-5.24086358
9.90358926,19.57262101,-5.16022859
10.19322356,20.30927968,-5.15066198
-9.17708578,16.04911045,-5.22958521
-9.76972493,16.87653193,-5.22291612
10.54749671,21.00882787,-5.14378765
10.52829958,22.26314132,-5.16583820
-10.27362421,18.45609652,-5.25318817
10.58725202,23.38102432,-5.19491708
-11.03976632,19.77221207,-5.33710752
10.19281350,24.45044403,-5.21266163
-11.33726049,21.01947542,-5.43544192
9.84905787,25.39279839,-5.24531262
-11.59023453,22.05541291,-5.56222490
9.20925365,26.28907283,-5.33833496
-11.42950682,23.04508267,-5.72919517
-11.27726009,23.89559151,-5.88682932
8.64134846,27.08586415,-5.44976985
-11.09924665,24.65472278,-6.01679651
8.09372408,27.80533855,-5.56562692
-10.97798923,25.36703818,-6.12789854
7.61860608,28.50000737,-5.68293652
-10.88587490,26.00343905,-6.19667056
7.22797874,29.13070432,-5.77197882
-10.83582815,26.64078549,-6.25518754
6.89621537,29.78051944,-5.85738731
-10.56421151,27.24439110,-6.27969080
6.46630804,30.36517799,-5.93250132
-10.34813765,27.87361398,-6.29957096
6.10208197,30.98926526,-6.00126246
-9.64567178,28.29087179,-6.24745187
5.51471883,31.27601272,-6.03215181
-9.02938744,28.74423581,-6.19345021
4.98709459,31.58280021,-6.05452261
-8.30958661,29.09290537,-6.11605229
4.43260476,31.71168007,-6.05564008
-7.66263572,29.47326046,-6.04192947
3.92020284,31.85959289,-6.04970040
3.22289625,32.01067721,-6.04892162
-6.77816023,29.98175681,-5.96043043
-5.98693076,30.52626869,-5.89685661
2.56753885,32.20399828,-6.04028744
-5.19284846,30.99896470,-5.85930239
1.91653436,32.33132133,-6.03131616
-4.44702164,31.47374105,-5.84821968
1.27161937,32.49854995,-6.02100383
-3.64871390,31.77837731,-5.82347205
0.62470555,32.50994727,-5.97256512
-2.89909393,32.08571869,-5.82009248
-0.03677446,32.55902030,-5.92910189
-2.13414278,32.23786858,-5.83672507
-0.71006873,32.46795688,-5.89385669
-1.41792540,32.40643979,-5.87068600
-0.84915739,14.08124479,-5.47423439
-0.06375031,14.13508084,-5.47149736
4.97305404,14.44256867,-5.66503088
4.29325476,14.28996317,-5.63902534
5.53357707,14.78969900,-5.68512194
-1.56874298,14.12314866,-5.49107396
0.70019078,14.09212735,-5.48844503
3.61149623,14.13566801,-5.61068603
2.88967811,14.19313359,-5.56895975
1.44283904,14.18417627,-5.50501317
-2.31734504,14.07677965,-5.52383571
6.09195618,15.13793474,-5.70398937
2.16882505,14.22317394,-5.53282431
-3.07690018,14.10749278,-5.56069684
6.58734605,15.65929430,-5.71749374
7.09461399,16.16565322,-5.73118875
-3.87961393,14.06535252,-5.60906091
7.56210662,16.81091371,-5.74457637
-4.71328630,14.12259353,-5.66185853
-5.60711914,14.16001218,-5.71876965
8.07486573,17.41667638,-5.75768824
-6.51949227,14.37168559,-5.76391198
8.57397419,18.11706576,-5.76494108
9.16137674,18.77031949,-5.78065591
-7.49394209,14.65326685,-5.80704262
9.52902547,19.27724501,-5.80090127
-8.10717795,15.01602013,-5.83662802
-8.74897372,15.42485324,-5.87064070
9.94709748,19.76623024,-5.83023652
-9.24895314,16.20239285,-5.88258024
10.21533842,20.48487769,-5.84560800
-9.81597235,16.98545173,-5.91215652
10.54126253,21.17397036,-5.87311412
10.48744118,22.38877130,-5.92003113
-10.23366384,18.48235164,-5.97990699
10.51383048,23.48316474,-5.99127709
-10.87631576,19.73862826,-6.14060635
10.13606513,24.52639799,-6.02842782
-11.11011083,20.93635568,-6.29206899
9.81026353,25.45491570,-6.09175826
-11.34055819,21.93573186,-6.47719330
-11.25001058,22.89843901,-6.67981529
9.22642620,26.33958137,-6.20947388
8.70030573,27.13335510,-6.34795144
-11.17828367,23.73360652,-6.86851643
-11.08666848,24.48470574,-7.02790307
8.18448289,27.85480210,-6.49254316
-11.04410485,25.19378658,-7.16814920
7.73113458,28.55404190,-6.63866490
-11.02508305,25.85785631,-7.26607770
7.34585033,29.21959851,-6.75923692
-11.03796968,26.52725687,-7.35690588
7.02026816,29.90625583,-6.88009550
-10.80609234,27.15771459,-7.39170274
6.58034056,30.51729547,-6.98159696
-10.62255135,27.81466008,-7.42897672
6.20886584,31.16812698,-7.08568484
-9.96080148,28.23448083,-7.36272737
5.61437679,31.47023106,-7.12604916
-9.37268675,28.68665308,-7.30624631
5.07933440,31.79184848,-7.16408930
-8.65762351,29.01691398,-7.20900135
4.50749052,31.91695391,-7.15935904
-8.01161181,29.38182185,-7.12279588
3.97886142,32.06007440,-7.15158243
-7.10577144,29.88763939,-7.03646792
3.24029030,32.20613264,-7.15613412
-6.29842732,30.44302253,-6.97945716
2.54788566,32.39680178,-7.15909759
-5.48629677,30.93573479,-6.93843152
1.86032924,32.51233564,-7.14698828
-4.72744239,31.44268576,-6.93296597
1.18108170,32.67085430,-7.13888164
-3.91832423,31.78229385,-6.91511870
0.50184717,32.67104465,-7.09176408
-3.15649898,32.13016869,-6.92658362
-0.19102935,32.71108720,-7.05534456
-2.36922024,32.31482787,-6.94135755
-0.89337842,32.59857266,-7.00891687
-1.62956570,32.51907692,-6.98028936
4.99068227,14.73502126,-6.28083160
4.33706018,14.56623838,-6.24990070
-1.40676906,14.37315088,-6.02969303
-0.67536645,14.31921809,-6.01915816
0.10551408,14.35791153,-6.02589335
5.53461081,15.08943325,-6.30493537
3.68175951,14.39616270,-6.21734159
0.85827846,14.31009856,-6.05607229
6.07626441,15.44413011,-6.33241055
-2.17318854,14.34047502,-6.06367962
1.58423271,14.39931583,-6.07960692
2.98677295,14.43068266,-6.16356769
2.28983494,14.44237520,-6.11586653
6.56104005,15.95205795,-6.35291475
-2.95766546,14.37438081,-6.10202443
-3.78920427,14.33829846,-6.15963395
7.05712683,16.44525925,-6.37940385
-4.66348876,14.39013339,-6.23567075
7.52428796,17.06090478,-6.41845730
8.03465018,17.64031366,-6.46592300
-5.59987970,14.42699884,-6.32681799
-6.54995790,14.64160223,-6.40977675
8.53158856,18.31104480,-6.50851803
9.11355469,18.94167420,-6.57436456
-7.55644556,14.92603512,-6.50830040
-8.16574966,15.28409712,-6.58072122
9.46168881,19.42972313,-6.63397048
9.85630167,19.90458984,-6.71203513
-8.79696525,15.67828793,-6.66901422
-9.26775341,16.40992296,-6.72684058
10.09746873,20.59836668,-6.76514092
-9.78749703,17.13880400,-6.81880832
10.39355163,21.26884987,-6.83997255
-10.08264704,18.52084759,-6.96687978
10.30422373,22.42257020,-6.92694944
10.30345661,23.46893931,-7.04812538
-10.55946253,19.69289788,-7.24631527
9.94953200,24.45593478,-7.09354209
-10.69349974,20.81280816,-7.46926114
9.65233786,25.34459341,-7.16997539
-10.87359543,21.76069777,-7.71852994
9.13316758,26.19403216,-7.29429246
-10.83341617,22.68914827,-7.95603391
-10.83599878,23.51524525,-8.16000989
8.66242440,26.96888378,-7.43782087
-10.83415599,24.27365276,-8.31673760
8.19444195,27.68384574,-7.57891815
-10.88153583,24.99935463,-8.45216391
7.77930201,28.38410382,-7.72165115
-10.95616291,25.71030691,-8.55325938
7.41567263,29.08422405,-7.85036573
-11.05370816,26.43045407,-8.65559191
7.11190991,29.80680238,-7.98957613
-10.89111167,27.09735190,-8.68103124
6.67318436,30.43858449,-8.10378745
-10.76712879,27.78797783,-8.72236471
6.30528341,31.10667489,-8.23930293
5.70996199,31.41704551,-8.28739389
-10.18408151,28.21339869,-8.63319470
-9.65794456,28.66641308,-8.56709399
5.17565241,31.74777872,-8.34408631
-8.97797490,28.97217612,-8.44647159
4.59237553,31.87079087,-8.33799484
-8.35278803,29.30984097,-8.34686675
4.05389433,32.01268610,-8.33558254
-7.43257871,29.78895103,-8.24030819
3.27928335,32.15433628,-8.34213647
-6.60544697,30.32926368,-8.17679206
2.55649863,32.34905390,-8.35621595
-5.76911298,30.81297609,-8.13564740
1.83710035,32.46444102,-8.35458445
-4.99049202,31.32978315,-8.14038919
1.12791634,32.63058007,-8.36411632
-4.16308777,31.68128656,-8.12373784
0.41836179,32.63506268,-8.31831570
-3.38300289,32.05391315,-8.14595670
-0.30452647,32.68336762,-8.29013562
-2.57105203,32.25536294,-8.16303327
-1.03851549,32.56447329,-8.23895909
-1.80574511,32.48316430,-8.21331183
-0.56582428,14.42617398,-6.58964455
0.20326187,14.45973565,-6.60340199
-1.29652279,14.48907349,-6.60743053
5.46952466,15.28587764,-6.92180966
4.94129377,14.92704565,-6.87989271
4.30925930,14.74727206,-6.84699900
0.93961473,14.41738513,-6.64188835
3.67590309,14.56459452,-6.81497486
3.00504504,14.57666447,-6.75011979
2.33076173,14.56759899,-6.69312563
1.64603552,14.51362481,-6.66029463
-2.06718969,14.47284900,-6.65253533
5.99421509,15.64486908,-6.97278121
-2.86153081,14.52329952,-6.70322436
6.46482603,16.14406742,-7.02216127
6.94424731,16.63051202,-7.08360246
-3.70709075,14.51174273,-6.77745900
-4.60482941,14.58185845,-6.88006882
7.39921487,17.22745438,-7.16801499
-5.56529145,14.64416531,-7.00661374
7.89408995,17.79353869,-7.26562056
8.37560040,18.45045509,-7.35615384
-6.53483135,14.88197963,-7.13182207
-7.55331743,15.18364375,-7.29046936
8.94230755,19.07273474,-7.47756603
9.26837618,19.55286738,-7.58564852
-8.14966195,15.54315651,-7.41877412
9.64223304,20.02159307,-7.71751657
-8.76245488,15.92975199,-7.57328416
-9.20551611,16.61936012,-7.68199572
9.86433529,20.69505821,-7.79568008
10.14535195,21.34570701,-7.90022608
-9.68750538,17.29965683,-7.83775370
-9.89837800,18.57498887,-8.07827594
10.03588442,22.43747261,-7.99896011
10.02387528,23.42265689,-8.13891538
-10.26046723,19.66470841,-8.47687780
9.67824399,24.33376456,-8.15910067
-10.30831793,20.71881218,-8.74647802
9.39440710,25.15798385,-8.22212206
-10.42211398,21.63367002,-9.02628208
-10.37857493,22.55003764,-9.25927622
8.92166981,25.95170913,-8.32680452
8.50086077,26.68840454,-8.46122424
-10.39343014,23.38174584,-9.43851199
8.08853065,27.38017502,-8.60095632
-10.41806460,24.15019664,-9.56323005
-10.49574652,24.88433146,-9.66848895
7.72751933,28.06531243,-8.74864057
7.40641495,28.77316129,-8.89385563
-10.61522352,25.61976792,-9.75049674
-10.76272911,26.35882944,-9.84955144
7.14441292,29.49720994,-9.06192961
-10.66079602,27.03077225,-9.86430623
6.72078498,30.11455422,-9.18467762
5.34467734,15.43267219,-7.90750525
4.83776336,15.07008391,-7.83355127
4.23566355,14.87134990,-7.76956706
-1.14336333,14.47618084,-7.65890852
-0.42820615,14.40360206,-7.61397040
0.31110814,14.43914152,-7.58773666
-10.59101712,27.71826318,-9.91310812
1.69212046,14.53174566,-7.59617890
2.34691092,14.61134147,-7.62402660
2.99056421,14.65059110,-7.66204726
6.36542055,30.75434009,-9.34383535
1.01519814,14.41477181,-7.58557222
3.63153717,14.66808339,-7.71283642
-1.90553849,14.49105258,-7.72736721
5.84662681,15.79648154,-7.99910053
-10.09621858,28.13883295,-9.81194316
5.76849844,31.04416671,-9.37911203
-2.69686954,14.58423819,-7.81509072
6.29393763,16.29136342,-8.11915903
6.74831308,16.77757281,-8.25547414
-3.54752905,14.63594689,-7.91954326
7.18660431,17.36647978,-8.41483682
-4.46442759,14.77004147,-8.04928728
-9.64558533,28.58274910,-9.74559981
5.23627609,31.35179562,-9.43672903
7.66797181,17.93228214,-8.57546805
-5.44893189,14.89883312,-8.20161167
8.13787450,18.59325932,-8.74187287
-6.43765459,15.18518393,-8.38578903
-9.03252575,28.87453941,-9.61772634
4.64605093,31.45726121,-9.41836577
-8.45953769,29.19280766,-9.51764211
4.10540766,31.58256547,-9.41455053
8.70641567,19.22072490,-8.93383948
-7.47099361,15.50269362,-8.62371777
3.31310320,31.70059565,-9.42496452
-7.56912089,29.64261924,-9.41025722
-8.06180725,15.83751480,-8.79488984
9.03769179,19.69417727,-9.05946296
-6.75170804,30.14819086,-9.35555779
2.58069629,31.88002838,-9.45794989
9.42606813,20.15382063,-9.21028497
-8.66597639,16.18104866,-9.00792769
-5.90777019,30.59804024,-9.30656199
1.85159320,31.99609031,-9.46189317
-9.09485461,16.79544747,-9.23080269
9.65789743,20.80908853,-9.33240059
9.96042290,21.43439594,-9.49062408
-9.55023828,17.38487183,-9.53682254
9.87824401,22.45793038,-9.55181176
-9.69795378,18.51175084,-9.90123189
-5.11386027,31.08394358,-9.31216771
1.13508525,32.17175298,-9.48827203
-4.27465501,31.41074733,-9.29546362
0.41452525,32.19986744,-9.45793245
-3.47862081,31.76002320,-9.32909095
-0.32079321,32.27606222,-9.45461444
9.89396093,23.37008839,-9.67550716
-9.93757579,19.51612174,-10.40088760
-1.86115166,32.14734350,-9.38069085
-1.07393516,32.19318174,-9.39984426
-2.64748657,31.94133372,-9.33243079
9.54740978,24.19558265,-9.69849808
-9.86616893,20.54577758,-10.70456456
9.26630487,24.93218579,-9.78756689
-9.86275138,21.47310532,-10.96907832
8.83474218,25.64756648,-9.87994457
-9.76956187,22.41189487,-11.10822330
8.46806136,26.31459296,-10.02977289
-9.75422037,23.25830490,-11.19751465
8.11694243,26.94465949,-10.19304395
-9.77237519,24.02951914,-11.24092507
7.81678122,27.56997240,-10.36887123
-9.85553216,24.75473165,-11.28396436
-9.99365364,25.49002345,-11.33152171
7.53995325,28.22896083,-10.54995911
-10.18161198,26.21843353,-11.41918788
7.31871328,28.89895970,-10.75193689
-10.12518470,26.86297539,-11.43401739
6.89520344,29.45153936,-10.86639536
-10.10552016,27.51376049,-11.50609354
6.53801300,30.02144341,-11.02131627
5.91403266,30.25309042,-11.00716913
-9.66877132,27.89261320,-11.40827121
-9.27448216,28.28714553,-11.35976129
5.36338636,30.50106712,-11.03167192
-8.70485457,28.51995974,-11.24894968
4.74909507,30.54757976,-10.98032270
-8.17360064,28.77201351,-11.17361925
4.19536685,30.61466688,-10.95707185
-7.31906211,29.12066410,-11.10180983
3.38070338,30.65958154,-10.94826063
-6.52629715,29.51265229,-11.08797993
2.64342504,30.77030806,-10.98267457
-5.69624030,29.84394075,-11.07487282
1.91959964,30.82779179,-11.00402792
-4.90773908,30.20830652,-11.11096883
1.21851940,30.95149648,-11.06598290
0.51507439,30.97598132,-11.04215487
-4.08540517,30.45265256,-11.06166731
-3.30139466,30.72355610,-11.06668317
-0.20036845,31.05686691,-11.06342299
-1.71049958,30.99635543,-11.05561270
-2.48494512,30.84674109,-11.03096465
-0.93872718,31.00498179,-11.03269080
2.28953383,14.95111117,0.45010859
3.08901199,14.98930243,0.48753217
3.67251293,15.37899979,0.41504089
-1.95446840,14.25536173,0.35682750
-2.62536216,14.06226679,0.43000036
-3.15661441,14.20101258,0.35392309
4.25132332,15.74491814,0.36972074
-3.69594279,14.30210106,0.30992437
-4.25751283,14.36414282,0.30069864
4.83553347,16.07938453,0.35757269
-1.28872035,14.40570960,0.31801726
1.52429932,14.86702115,0.41283563
5.44446476,16.36994318,0.38839693
-4.85722841,14.38593956,0.32606229
5.86673035,17.02261476,0.37777665
-5.38558423,14.71061781,0.25681668
-0.61373631,14.52137057,0.30454189
0.79008043,14.75017916,0.36379622
-5.96652492,15.00586947,0.22680419
6.33960340,17.61317400,0.40896635
0.08295108,14.60769998,0.30631103
6.89534759,18.13060530,0.47828672
-6.61771561,15.28337260,0.23120662
-7.35801309,15.55997444,0.25829779
7.56792165,18.56894427,0.57111231
-7.83380979,15.99980724,0.22304362
7.93815505,19.10139392,0.55641918
8.39218363,19.58391365,0.53413634
-8.36929279,16.45267831,0.19672415
-8.97792469,16.92126659,0.17470562
8.94349753,20.02578032,0.49964287
9.61077576,20.43827102,0.44744000
-9.67624774,17.40245784,0.15392115
-9.87487382,18.79404315,0.01452699
9.41976740,21.72293718,0.16940878
9.41330360,22.81284918,0.03561269
-10.19184920,20.02835047,-0.02948468
-10.55378123,21.10763867,-0.00930097
9.52462755,23.80130437,0.04502075
9.71983076,24.73152623,0.13608383
-10.92921764,22.05963039,0.03353281
-10.39749782,23.09112914,-0.10644492
8.97830351,25.65348577,0.10750298
-0.42860393,30.23341823,-0.41507284
-1.06332081,30.09591058,-0.45703967
0.19455727,30.24766954,-0.47491203
0.78664500,30.29466243,-0.52508418
-1.73623645,29.98500234,-0.49871839
-6.13975919,28.57091949,-0.68658295
-6.72652222,28.29586364,-0.73957280
-5.33921145,28.83923359,-0.73410988
3.61801758,30.12371005,-0.51089288
4.23776476,30.09001640,-0.40135599
4.71563082,29.99365646,-0.39556650
-4.59759770,29.14080554,-0.72359759
3.04009225,30.20512113,-0.57169315
1.36253301,30.37785741,-0.55260084
-2.45771265,29.89660938,-0.53715294
-3.89952935,29.47189885,-0.66353446
2.48540384,30.33215098,-0.58400081
-3.23632071,29.82823936,-0.57011823
1.93731410,30.50168471,-0.55058143
8.38928560,26.43056570,0.01563925
-9.95007240,23.95236151,-0.32795141
-7.36655561,28.04198308,-0.75234637
5.23660564,29.92134223,-0.35705329
5.81609809,29.87206284,-0.28901664
-8.07370325,27.80796803,-0.72811442
-8.86500419,27.58977068,-0.67723375
6.47438229,29.84397830,-0.20031826
7.91015949,27.11883891,-0.14519286
-9.60588112,24.69521408,-0.61136519
-8.90169563,27.01506862,-0.76548824
6.67587734,29.28816019,-0.24901407
-8.99109454,26.45923237,-0.83892609
6.91145647,28.76438922,-0.28790440
-9.37391567,25.37598964,-0.91091395
7.51661380,27.76825606,-0.34189061
7.18849608,28.26135781,-0.31803672
-9.14478025,25.91580255,-0.88836389
0.38462268,14.44724853,-8.30301958
1.06659591,14.54480783,-8.27210249
4.17958982,14.97506144,-8.39364741
3.57501038,14.87340063,-8.33586453
2.97003825,14.75747832,-8.29181409
1.71991940,14.60098306,-8.25972215
2.35654119,14.62247693,-8.26536701
4.79349783,15.06509485,-8.45760274
-0.34101330,14.29940079,-8.35333450
5.26845325,15.49144897,-8.56152039
-1.03293363,14.43602366,-8.43347053
5.73353158,15.91989971,-8.68851861
-1.77308211,14.53296974,-8.53039095
-2.57275302,14.59357460,-8.63606000
6.19946311,16.34686065,-8.83562346
6.68046496,16.76696447,-8.99559893
-3.44199381,14.62175594,-8.74646144
-4.34723531,14.85856874,-8.89482084
7.08856482,17.40906229,-9.20170314
7.54000744,18.03130816,-9.39729283
-5.31799774,15.08730716,-9.05937626
8.06588383,18.63027886,-9.58776582
-6.34605546,15.31547886,-9.26087243
-7.42309503,15.54572005,-9.53603505
8.70600082,19.19722285,-9.80751464
8.95061818,19.77916654,-9.93497293
-7.92247140,15.98091913,-9.73537170
9.25127727,20.33696268,-10.07316811
-8.42709611,16.40939897,-9.98351346
-8.94102490,16.83027648,-10.29970447
9.61621566,20.87293741,-10.23892154
-9.46879546,17.24510231,-10.69429244
10.05472889,21.38891380,-10.44996644
-9.39621561,18.40578271,-10.99276975
9.78320297,22.41920944,-10.45166576
9.59249625,23.30261194,-10.49658564
-9.41146381,19.46398536,-11.33022659
9.46497454,24.08535256,-10.60010010
-9.49746458,20.44297130,-11.64839174
9.39231160,24.80192784,-10.76345286
-9.64928940,21.35155112,-11.92256254
-9.53182335,22.30390207,-12.00338255
8.94702057,25.48763700,-10.82691297
8.56919212,26.12367637,-10.95155247
-9.49534195,23.15556018,-12.05967665
-9.53294034,23.93335875,-12.10625677
8.24866690,26.73754652,-11.11395708
-9.63841227,24.66223356,-12.15781812
7.97831063,27.34927118,-11.28731895
-9.63086508,25.35978411,-12.14833438
7.56432662,27.92649520,-11.39241400
-9.68614540,26.04175609,-12.17815014
7.21570185,28.51661797,-11.52063528
-9.78935802,26.72137956,-12.26282471
6.92784609,29.12771487,-11.67726248
-9.92862809,27.40655106,-12.40435013
6.69774103,29.76847025,-11.86668976
-9.38253821,27.68075257,-12.27371011
5.99033701,29.86364292,-11.80071982
-8.89019828,27.96823629,-12.19171989
5.36707775,29.97766536,-11.76965516
-8.43971648,28.26993313,-12.15154078
4.81097857,30.11334207,-11.77148170
-8.02151007,28.58616895,-12.14700381
4.30773578,30.27278965,-11.80261874
-7.11665131,28.83519269,-12.08131672
3.45166522,30.21837935,-11.77651263
-6.28493593,29.12706519,-12.07125785
2.68705246,30.23906934,-11.79656022
-5.50664347,29.46012800,-12.10787660
1.97562670,30.33496681,-11.85955379
-4.76702610,29.83209623,-12.18766115
1.28691838,30.50205571,-11.96977049
0.58251605,30.39862422,-11.90475630
-3.91002227,29.93687077,-12.06519006
-3.10398398,30.07961828,-11.99261715
-0.12165726,30.36656587,-11.89046595
-2.34106186,30.25909505,-11.98134215
-0.84726316,30.39696391,-11.93137660
-1.61102460,30.47957096,-12.03661943
