-0.25673938,14.52700505,0.62191612
-1.28230381,14.44864442,0.67031426
-0.21303327,14.36467423,0.73826551
-1.24581166,14.29925403,0.78550005
-2.20563640,14.40352688,0.73561171
-2.17636466,14.26867616,0.85380311
-3.05307971,14.38309759,0.82110907
-3.03148564,14.26436896,0.94417608
-3.84865193,14.37647887,0.92675857
-3.83523194,14.27478767,1.05482662
-4.60922987,34.05722657,2.35437918
-3.66760886,34.05413779,2.39952944
-4.57769111,33.99805667,2.52193317
-3.63713358,34.00902373,2.56808951
-2.61234480,34.06416674,2.46744790
-2.58631333,34.03236571,2.63344172
-1.42426650,34.11926364,2.55057155
-1.40438207,34.09613506,2.70955232
-0.08654128,34.22020718,2.62293474
-0.07404165,34.19978988,2.77348381
-4.49017397,14.48792071,1.01834287
-4.48673604,14.40073287,1.15118910
-5.11537707,14.58621662,1.10668885
-5.12204301,14.51323908,1.24333896
-5.73375277,14.66797583,1.18790643
-5.74986275,14.60723712,1.32662318
-6.35477574,14.72207976,1.25923729
-6.37955056,14.66999111,1.39923740
-7.57915645,31.79835178,2.21112408
-6.85963266,32.43932127,2.21941815
-7.57968705,31.75093942,2.38440572
-6.85143485,32.38420338,2.38971824
-6.14565278,33.02433734,2.25110663
-6.12890800,32.96499311,2.41910513
-5.40571396,33.56095854,2.29653921
-5.38079208,33.50041661,2.46346513
-6.86769480,15.07951470,1.35155341
-6.90391638,15.03425328,1.49377402
-7.39599577,15.41611970,1.42769206
-7.44279670,15.37264640,1.57088216
-7.95031080,15.73125749,1.48634135
-8.00730992,15.68419194,1.62989578
-8.53670653,16.03257046,1.52872187
-8.60363470,15.97748092,1.67144595
-8.91688700,16.38264141,1.54906872
-8.98861107,16.32686937,1.69206396
-9.33011074,16.71897406,1.55938907
-9.40672262,16.66115404,1.70308794
-9.78979290,17.03553059,1.56396650
-9.87198541,16.97319322,1.70881864
-10.31853760,17.31043980,1.55481897
-10.40745632,17.24261738,1.70335247
-10.09504575,29.17199354,2.22707204
-9.34901110,29.81748785,2.18090152
-10.12226391,29.15073428,2.39998018
-9.37013237,29.78894213,2.35848250
-8.70529636,30.48485793,2.16115193
-8.72068626,30.44824611,2.34047342
-8.12312146,31.14934557,2.17217359
-8.13176156,31.10621947,2.34944947
-10.48485613,18.23380188,1.55312743
-10.58861623,18.16385645,1.70912259
-10.73317264,19.06450658,1.57948928
-10.84895987,18.99509896,1.74343610
-11.08688930,19.81579818,1.64251480
-11.21131053,19.75059902,1.81389080
-11.56022629,20.53439778,1.75739396
-11.68923221,20.47859076,1.93361024
-11.19046308,21.72102506,1.84544598
-11.31334279,21.68075667,2.02658877
-10.91887135,22.89944721,1.93172496
-11.03320966,22.87265557,2.11401731
-10.73439699,24.08340769,1.98615395
-10.83875022,24.06645236,2.16719522
-10.60828336,25.27941421,1.98799009
-10.70140451,25.26939580,2.17003606
-10.47521611,26.24077831,2.07584514
-10.54865940,26.23073861,2.25213252
-10.35296593,27.21250879,2.13533086
-10.40926432,27.20033392,2.30902912
-10.22281729,28.18915230,2.18081492
-10.26353516,28.17289431,2.35364982
-0.29232224,14.69520829,0.50171736
-1.31137875,14.60348150,0.55103356
-2.22829262,14.54351705,0.61327170
-3.06904435,14.50872501,0.69445233
-3.85725173,14.48562941,0.79466386
-4.62204113,34.12418707,2.18296164
-3.67730861,34.10934739,2.22915346
-2.61620194,34.10475821,2.29963007
-1.42108954,34.14852743,2.38929474
-0.07589720,34.24458424,2.46938916
-4.48849364,14.58645969,0.88119607
-5.10309874,14.67182022,0.96540581
-5.71165731,14.73732579,1.04352131
-6.32373549,14.77859406,1.11285298
-7.56743339,31.85565157,2.02329777
-6.85496858,32.50742291,2.03755932
-6.14776525,33.09666587,2.07472519
-5.41345151,33.63070683,2.12374119
-6.82421091,15.12558847,1.20296657
-7.34125792,15.45699698,1.27713677
-7.88346799,15.77515592,1.33573489
-8.46166150,16.07877840,1.37801696
-8.83462889,16.43160514,1.39874744
-9.24144660,16.77126354,1.40911402
-9.69521845,17.08963726,1.40947054
-10.21383141,17.37418197,1.40119752
-10.06749467,29.19908613,2.03722868
-9.32542152,29.85599114,1.98323562
-8.68213714,30.53133167,1.96173766
-8.10555625,31.20377167,1.97725565
-10.35929569,18.30502198,1.39230939
-10.59285492,19.13606394,1.40294072
-10.94055616,19.88246779,1.45775499
-11.41480850,20.59087509,1.56789080
-11.05212185,21.76164879,1.64875631
-10.78837108,22.92599612,1.73392674
-10.61650027,24.09934144,1.78883416
-10.50486737,25.28910344,1.78746176
-10.39634171,26.25294363,1.88265911
-10.28844099,27.22628979,1.94452020
-10.17889399,28.20932632,1.98985628
0.94951934,14.41239158,0.70741271
0.90049473,14.58131663,0.58543396
2.22482248,14.46091741,0.65941889
2.17785097,14.63221550,0.53063989
3.57280240,14.46652977,0.57529075
3.53551526,14.63603435,0.44124237
4.93836079,14.38742121,0.45859149
4.91481580,14.54849231,0.32443298
6.59449984,33.72925118,2.54511197
4.83352413,33.87109201,2.64655364
6.63345780,33.75992550,2.36753773
4.86805003,33.89812203,2.48680321
3.07188601,34.01352034,2.71700973
3.09363905,34.03696247,2.56833003
1.41668839,34.11871810,2.76220374
1.42079063,34.13947017,2.61607799
6.06021100,14.37281298,0.36068424
6.04477429,14.52179014,0.22919706
7.15253856,14.29618602,0.28496470
7.13950795,14.42794527,0.15726166
8.21766736,14.19865560,0.23282096
8.20112840,14.30946458,0.10667303
9.26850293,14.12533325,0.19679063
9.24319601,14.21530949,0.06818390
11.48441127,31.83036867,1.85783739
10.52284823,32.24454618,1.98265569
11.47640040,31.85489906,1.69655232
10.52685889,32.27534542,1.80785283
9.41943547,32.68177823,2.15425041
9.43779819,32.71459117,1.96658167
8.10730650,33.16754449,2.35280591
8.14040087,33.19969382,2.16326619
10.15576354,14.43585862,0.22365565
10.11832453,14.51281258,0.09343358
11.06634745,14.77744330,0.24305038
11.01393111,14.84180987,0.11053157
12.00493845,15.17904479,0.25735908
11.93723561,15.23235681,0.12069754
12.99561494,15.64220992,0.27524614
12.91358326,15.68565869,0.13109305
13.62667074,16.10078734,0.29851521
13.53860719,16.13745681,0.15071564
14.28274943,16.58890634,0.32587334
14.19206476,16.61919119,0.17431448
14.97916438,17.10707702,0.35723469
14.88884689,17.13219311,0.20093170
15.71188844,17.66192919,0.39477460
15.62344363,17.68377201,0.23251033
14.58886448,29.87694595,1.47948553
13.61860715,30.38333715,1.56192384
14.55432066,29.88754003,1.31025886
13.58837148,30.39845004,1.40433162
12.81599614,30.87718638,1.64052930
12.79220897,30.89700080,1.48797632
12.12821077,31.35853465,1.73545638
12.11162376,31.38192169,1.58130120
15.85327120,18.50128214,0.39461076
15.74575105,18.52394362,0.23590652
16.08451347,19.38101586,0.39878879
15.96301337,19.40217508,0.24666472
16.41456937,20.31493204,0.41082969
16.28593496,20.33181310,0.26559748
16.84311758,21.31637872,0.43912430
16.71412703,21.32616033,0.29848919
16.51492747,22.21617271,0.48745078
16.39683792,22.22316579,0.36502288
16.30827362,23.25002841,0.58512015
16.20638955,23.25057041,0.47077970
16.13214982,24.40326095,0.69996878
16.03971979,24.39600806,0.58062977
15.91117896,25.64937928,0.80653040
15.82109666,25.63659485,0.67007990
15.59770541,26.67071733,0.99083645
15.51779019,26.65576874,0.83668264
15.23759501,27.72891700,1.17138560
15.16863712,27.71719127,1.00231743
14.88445562,28.80149794,1.33715936
14.83086597,28.79846779,1.16321180
0.85929857,14.75543633,0.45987736
2.13718245,14.80799958,0.39717815
3.50230950,14.81003270,0.30155500
4.89360019,14.71214862,0.18465369
6.67326994,33.79907991,2.17658447
4.91332462,33.93205015,2.31702016
3.13396041,34.06554258,2.41322783
1.44730579,34.16415061,2.46556832
6.02972437,14.67622678,0.09276471
7.12567563,14.56618509,0.02373952
8.18299588,14.42666088,-0.02627234
9.21587360,14.31472210,-0.06790094
11.46531291,31.89278657,1.53527876
10.52575432,32.32303695,1.63116504
9.44635124,32.76156537,1.77156278
8.16631397,33.24517068,1.96177528
10.07856051,14.59984762,-0.04381834
10.95704938,14.92252786,-0.03066740
11.86648059,15.30086329,-0.02627411
12.82514968,15.74688840,-0.02253570
13.44211925,16.19338384,-0.00685529
14.09309577,16.66892470,0.01075275
14.78614401,17.17817474,0.03278371
15.53037495,17.72477283,0.06150513
14.52025427,29.91096461,1.13649363
13.55675522,30.42410009,1.24346339
12.77040723,30.93023840,1.33501512
12.09689342,31.41962257,1.42766118
15.63071626,18.57054636,0.06596348
15.82809486,19.44597410,0.08234991
16.14019729,20.36816926,0.11086597
16.57050456,21.35339357,0.15029975
16.26813535,22.24430455,0.23827816
16.09223916,23.26127207,0.35354043
15.93508510,24.39732186,0.45854111
15.72400661,25.63417860,0.52969021
15.42896934,26.64959739,0.67878201
15.08980802,27.71290800,0.82814289
14.77205285,28.80430823,0.98221202
-0.54808021,16.45938897,-8.41598991
-1.38876665,16.39907361,-8.39870894
-0.55164062,16.49817619,-8.24355316
-1.39053782,16.43393455,-8.24020750
-2.18320481,16.33503755,-8.38410977
-2.18282954,16.36201627,-8.23676644
-2.94645273,16.27763304,-8.37514808
-2.94365964,16.29403422,-8.23559960
-3.69129968,16.23477907,-8.37610690
-3.68620910,16.23854275,-8.24063949
0.34398096,16.59507548,-8.23888311
0.34800791,16.55746505,-8.42651189
1.31380640,16.64613762,-8.24177240
1.31754064,16.61537793,-8.44300271
2.37548780,16.63085106,-8.27177224
2.37847656,16.61237046,-8.48017460
3.53603202,16.55019146,-8.33777037
3.53858139,16.54586954,-8.54408501
2.05727549,34.63975270,-8.85455411
0.67628843,34.06073668,-8.73881791
2.02622459,34.49210923,-8.59999224
0.63465188,33.90040086,-8.49196500
-0.72623480,33.58645909,-8.64757307
-0.77064010,33.42510305,-8.40829862
-2.11303770,33.22545387,-8.59722002
-2.15090233,33.06671785,-8.36537087
-3.47907047,32.97618004,-8.59455690
-3.50314953,32.81812883,-8.37262235
3.23624904,34.42454037,-8.60452461
3.25649366,34.53900343,-8.86676338
4.35332842,34.41767920,-8.61293681
4.36215849,34.49395334,-8.87844738
5.41791087,34.40358122,-8.63889346
5.41698839,34.44632983,-8.90192419
6.47437365,34.30988367,-8.69502538
6.46793852,34.33366119,-8.95041451
-4.31512347,16.36767752,-8.37656127
-4.30706829,16.35799012,-8.24209872
-4.92190385,16.51118089,-8.38934638
-4.91102441,16.48819703,-8.25318751
-5.52180177,16.66845579,-8.41272805
-5.50794720,16.63219257,-8.27256700
-6.12539941,16.84187828,-8.44589273
-6.10780911,16.79349435,-8.29904269
4.58951430,16.62774882,-8.36521019
4.59098346,16.63311014,-8.56789482
5.68286286,16.69618068,-8.40462627
5.68479489,16.70689567,-8.60380828
6.79804854,16.78191732,-8.45249076
6.80215801,16.79463606,-8.65281456
7.91049952,16.89949747,-8.51837438
7.91829460,16.91297190,-8.72668785
-4.70866283,32.12201266,-8.54036500
-4.71137731,31.98688344,-8.32589216
-5.92809176,31.36870161,-8.52446243
-5.90711588,31.25067768,-8.32057005
-7.22237884,30.70666198,-8.52828716
-7.17586247,30.59793050,-8.33689010
-8.68796856,30.15833072,-8.54931226
-8.61679164,30.04837726,-8.36899556
7.46010813,33.28943731,-8.70933549
7.44142266,33.31317912,-8.95008280
8.57662145,32.17642702,-8.82559823
8.54874537,32.21348933,-9.05283269
9.81276199,31.13237987,-9.02868992
9.78506151,31.18593552,-9.25145868
11.17502312,30.24370249,-9.26633634
11.16496547,30.31834340,-9.49470332
-6.69960103,17.12678377,-8.48481798
-6.67630272,17.06868764,-8.32813423
-7.30249675,17.43218770,-8.52866191
-7.27061351,17.36850762,-8.35888088
-7.95537723,17.75450302,-8.58113527
-7.91132623,17.68989253,-8.39475725
-8.68677932,18.08971899,-8.65247983
-8.62841311,18.02735380,-8.45206282
8.94203974,17.15646471,-8.60176715
8.95357899,17.17247655,-8.82366534
9.94244553,17.46677436,-8.73472284
9.95966024,17.49095713,-8.96907288
10.91753480,17.86384553,-8.91761472
10.94378750,17.90323687,-9.16013261
11.90001166,18.39026776,-9.15398595
11.94051709,18.45047197,-9.40069515
-11.03012376,28.44695337,-8.74022121
-10.38679696,28.83813049,-8.66926002
-10.96279857,28.34572556,-8.57169548
-10.31302128,28.73581813,-8.49846382
-9.78212442,29.25109561,-8.61497427
-9.70638856,29.14794011,-8.44142911
-9.21696202,29.69043708,-8.57556829
-9.14245913,29.58486767,-8.39885409
13.43619287,28.39687157,-9.79252109
12.80442153,28.75939619,-9.61737703
13.46057985,28.51386755,-10.01098465
12.82496391,28.85850800,-9.84541852
12.22587014,29.18884401,-9.47656100
12.23561348,29.27397576,-9.70786484
11.68803595,29.68338981,-9.36480114
11.68673428,29.76098556,-9.59494734
-9.06416785,18.39410717,-8.68936540
-8.99801744,18.33410134,-8.48532490
-9.48905845,18.69780611,-8.73940079
-9.41649031,18.63874915,-8.53920897
-9.97070654,18.99667929,-8.80480333
-9.89412931,18.93538075,-8.61775049
-10.52653475,19.29103016,-8.88642158
-10.44641312,19.22381394,-8.71526460
12.38044992,18.83583902,-9.27203522
12.42667595,18.90931902,-9.52394349
12.89432479,19.32762045,-9.41910349
12.94670651,19.41358327,-9.67504037
13.45309506,19.87026596,-9.59708992
13.51021728,19.96476690,-9.85413955
14.06588839,20.46277289,-9.80288681
14.12407931,20.56010973,-10.05651071
-10.56738680,19.82990800,-8.91373443
-10.47328598,19.76697616,-8.74841581
-10.65791538,20.38230567,-8.95368325
-10.54944358,20.32082318,-8.79444610
-10.80663533,20.95138652,-9.00246011
-10.68275473,20.88881480,-8.84748000
-11.02744729,21.54277470,-9.05566710
-10.88599588,21.47647838,-8.90203017
14.03830854,20.98162088,-9.80207667
14.10324392,21.08597991,-10.06756518
14.04311136,21.53749820,-9.83070072
14.11534099,21.64437296,-10.10472653
14.09106437,22.12581797,-9.88745875
14.17089189,22.23211727,-10.16340687
14.19478567,22.74078426,-9.96685800
14.28172353,22.84562522,-10.23599378
-10.87796939,22.34746796,-9.06448984
-10.72936121,22.27848713,-8.91276709
-10.81055746,23.19891364,-9.05491538
-10.65806645,23.12425953,-8.90374717
-10.83759937,24.10891708,-9.01773802
-10.68539316,24.02612786,-8.86549334
-10.96338611,25.09741680,-8.95344083
-10.81852384,25.00506683,-8.79812066
13.88265359,23.41026782,-9.96112223
13.97490627,23.50487084,-10.23342701
13.65831880,24.14383801,-9.96589832
13.75524283,24.23084799,-10.23357020
13.54632865,24.92642311,-9.96875147
13.64422200,25.01302219,-10.22696181
13.55560356,25.75573034,-9.96534234
13.64753820,25.84965983,-10.21075096
-10.92169000,25.84071648,-8.88475123
-10.79286843,25.74621962,-8.72646173
-10.92403086,26.64035840,-8.81990853
-10.81393600,26.54367432,-8.65798361
-10.96371016,27.50748269,-8.76865373
-10.87434311,27.40800673,-8.60309240
13.45850320,26.35074770,-9.90920561
13.53771468,26.44424599,-10.14946922
13.41672493,26.98308986,-9.85942849
13.47928535,27.07992381,-10.09290715
13.41605283,27.66093282,-9.81968387
13.45983210,27.76530877,-10.04542181
6.51091650,34.33199021,-8.42635337
7.51131294,33.31904381,-8.45606405
8.63524167,32.20043478,-8.58914227
9.87045777,31.14554311,-8.79962816
11.21544698,30.24105503,-9.03007314
3.54398735,16.54543341,-8.13093073
4.59759581,16.61621841,-8.16094840
5.68943090,16.68217936,-8.20311158
6.80151981,16.76854323,-8.24855549
7.90963985,16.88830099,-8.30410013
13.42428260,28.34918810,-9.54330803
12.80627829,28.73629757,-9.36325679
12.24357026,29.17927563,-9.22718473
11.71905741,29.67948694,-9.12258482
11.86686372,18.34351359,-8.88088050
12.34091526,18.77456958,-8.99621104
12.84760666,19.25130817,-9.14400953
13.39967272,19.78101745,-9.32594996
14.00898997,20.36655581,-9.53955130
13.97340013,20.88005433,-9.51766289
13.96991457,21.43603532,-9.52702393
14.00926657,22.02965007,-9.57123175
14.10469203,22.65194751,-9.64842742
-10.36213873,19.16593725,-8.50589887
-10.37551235,19.71584265,-8.54862661
-10.43875299,20.27268162,-8.60778438
-10.55863948,20.84039812,-8.67344733
-10.74616693,21.42466662,-8.73646406
13.78993942,23.34299697,-9.62809405
13.56460696,24.09577714,-9.63365868
13.45443141,24.88880816,-9.64929413
13.47045315,25.71761117,-9.66618118
-10.58283171,22.22705091,-8.75180551
-10.50737315,23.07046880,-8.74436328
-10.53448789,23.96718820,-8.70532615
-10.67366543,24.93905398,-8.63514178
13.38936050,26.31867614,-9.61850563
13.36616420,26.95197011,-9.58118581
13.38510416,27.62477317,-9.55566589
-10.66412926,25.68085147,-8.55967042
-10.70403190,26.47778331,-8.48801316
-10.78500095,27.34017811,-8.43107700
-10.89475430,28.27450593,-8.39918948
2.00274567,34.38935339,-8.33075058
3.22915873,34.35751630,-8.32405243
4.36388002,34.38876076,-8.32801673
5.44409807,34.40717329,-8.35769321
-0.54559186,16.52627573,-8.07484033
0.35048101,16.62167433,-8.05416421
1.32132784,16.66580815,-8.04215467
2.38368487,16.63907119,-8.06365264
-1.38380499,16.45908573,-8.08569886
-2.17474913,16.38049014,-8.09341162
-2.93415990,16.30283700,-8.10000271
-3.67551673,16.23538725,-8.10936433
0.60434012,33.79287804,-8.22845118
-0.80076102,33.32241436,-8.14996794
-2.17604438,32.96861214,-8.11280796
-3.52016176,32.71817000,-8.13232165
-4.71103389,31.91473537,-8.08910619
-5.88829343,31.19498651,-8.09479069
-7.13439019,30.54574479,-8.12741587
-8.54990279,29.98635510,-8.17673680
-4.29420597,16.34280639,-8.11164388
-4.89625166,16.46045779,-8.12168895
-5.49101759,16.59189602,-8.13792014
-6.08807441,16.74094634,-8.15908045
8.93717208,17.14706933,-8.36838460
9.93202497,17.45445788,-8.47903886
10.89843082,17.83970826,-8.64555093
-6.65180658,17.00672863,-8.18045566
-7.23856546,17.30102373,-8.19959479
-7.86719791,17.62223165,-8.21834062
-8.56866635,17.96420560,-8.25250661
-8.92823822,18.27677204,-8.27106834
-9.33813298,18.58660684,-8.31267190
-9.81093201,18.88410905,-8.38949392
-10.23997207,28.66894641,-8.32145601
-9.63261741,29.08498881,-8.25908098
-9.07127208,29.52391103,-8.21131233
0.67490775,34.60202540,1.04234847
-0.69159156,34.54841922,0.97378475
1.28012238,34.91089737,-0.28052823
-0.08312606,34.82482986,-0.29083790
2.18725652,34.46181200,0.98001588
2.70173642,34.81673572,-0.34560554
-1.95508177,34.57262506,0.89629035
-1.41264677,34.86128067,-0.30603748
3.74663336,34.37090925,0.82989828
4.15292794,34.82912442,-0.42612877
5.30184069,34.31981982,0.64938567
5.63054079,34.89842595,-0.49141608
-3.12972846,34.66232386,0.83485304
-2.72504596,35.02937698,-0.31757950
6.84431336,34.30446378,0.51340098
7.12052198,34.97096278,-0.51940581
-4.21754336,34.76841191,0.78220168
-4.01194845,35.27315917,-0.33312093
-5.08152573,34.28731010,0.68363224
-5.03377671,34.84864184,-0.42108434
8.21514898,33.83409950,0.41768402
8.45314177,34.50177181,-0.53742754
-5.88172456,33.73595761,0.57330976
-5.97451236,34.31280542,-0.53679427
9.48514592,33.36217676,0.41396623
9.69633634,33.96629976,-0.51073515
10.60466610,32.86658225,0.44947461
10.80905225,33.37246394,-0.48478119
-6.65089559,33.09234339,0.45464235
-6.86491017,33.63766971,-0.67200263
11.56612304,32.32959970,0.45903789
11.77219351,32.72124774,-0.51911584
-7.42157117,32.33853656,0.34551714
-7.74125476,32.81313436,-0.80244628
12.14191340,31.78072512,0.38100933
12.30159336,32.10358962,-0.64105783
-7.94299114,31.61306703,0.23482619
-8.28031935,32.04154764,-0.91733033
12.73790975,31.21369103,0.26576947
12.84942179,31.48281234,-0.80259778
-8.49811968,30.85034855,0.15763834
-8.84760878,31.24101565,-1.00443994
13.42089481,30.64262613,0.10477769
13.48756276,30.88508509,-0.99333261
-9.10809505,30.07152492,0.12960391
-9.46182871,30.43336787,-1.05577871
-9.80002122,29.30868642,0.16748027
-10.14421183,29.64571837,-1.06479834
14.25950084,30.09408942,-0.09484328
14.28865400,30.34389501,-1.18920028
14.38219381,28.97450381,-0.27397982
14.39109538,29.25366942,-1.33590034
-9.80894875,28.28414021,0.14202402
-10.13154440,28.57385588,-1.13840527
-9.81795210,27.28068476,0.14843474
-10.11893189,27.51932695,-1.16994459
14.58827481,27.90103981,-0.39431714
14.54895451,28.22494967,-1.43076432
14.83391458,26.88704887,-0.47352776
14.71866420,27.26199427,-1.49734278
-9.83090460,26.30083911,0.13793272
-10.12512073,26.49067263,-1.18894460
-9.85929939,25.34314504,0.07926220
-10.17211610,25.49161004,-1.22279812
15.04310909,25.94863489,-0.55826965
14.85465452,26.36683426,-1.56998314
1.67291746,35.24713093,-1.42626869
0.30477039,35.01629607,-1.42510029
3.08317938,35.27205404,-1.48104845
4.52330162,35.39661498,-1.52450499
-1.06185603,34.95130294,-1.42175385
5.99499666,35.54609135,-1.54167787
-2.46107120,35.10063817,-1.41402788
7.47574864,35.64002881,-1.52697743
-3.88205626,35.41290194,-1.41237518
-9.80970863,24.17855201,0.12411760
-10.12463077,24.27011345,-1.18909628
15.14065413,24.76822153,-0.56763665
14.79721006,25.23638660,-1.60374824
8.78048298,35.08591183,-1.49737395
-5.01260001,34.99972570,-1.48222470
15.15366027,23.72158917,-0.68251717
14.73035150,24.19612502,-1.71304179
-9.85784640,23.06658888,0.10728801
-10.19485423,23.12099179,-1.18966808
9.97324103,34.40199234,-1.44980985
-6.04699690,34.44306190,-1.57600901
-7.01826581,33.71891033,-1.67947637
11.03792909,33.64144884,-1.44531776
15.14628275,22.82036631,-0.90492823
14.73364990,23.22323748,-1.88822666
-10.02846739,22.00011696,0.07681511
-10.38199936,22.03735083,-1.19755631
11.98085274,32.83939575,-1.53437549
-7.97327691,32.83763227,-1.76855583
15.27558126,22.03706648,-1.17456377
14.92314411,22.29355903,-2.08548227
-10.31456921,20.95756086,0.07004860
-10.65901244,20.99392705,-1.19128051
12.47413223,32.15510333,-1.67865852
-8.51067488,32.06091743,-1.84843053
-9.91329907,20.29069222,0.05485823
-10.28916358,20.31560878,-1.16571085
14.82940992,21.14994921,-1.29917400
14.58062167,21.33761128,-2.18598998
13.01651550,31.49299062,-1.84069288
-9.07826613,31.27283847,-1.90898057
-9.61854870,19.56488040,0.08356470
-9.99863722,19.56962845,-1.11440862
14.55416859,20.29598006,-1.41502806
14.41627505,20.40146270,-2.28196538
13.68005991,30.88515775,-2.00471209
-9.69320829,30.49197621,-1.94896971
-9.42531943,18.74131254,0.13973159
-9.77897653,18.70942146,-1.05084344
14.44516536,19.45302333,-1.50546258
14.40971646,19.48611293,-2.36260266
-10.37352151,29.73974463,-1.97012302
14.51017414,30.36285690,-2.15618841
-9.33709606,17.81011946,0.20186344
-9.63219123,17.72283910,-0.99301253
14.47784109,18.60368383,-1.55764014
14.52268956,18.59310923,-2.42067043
14.63619510,29.32246328,-2.25306213
-10.35127421,28.67466941,-2.04960696
-8.87818549,17.44534495,0.22808231
-9.10524183,17.26781072,-0.94791576
13.78593279,18.05647602,-1.54767637
13.87240207,18.00769096,-2.42861367
13.17116674,17.53700210,-1.52887992
13.29091345,17.45758616,-2.43458538
-8.49181554,17.06751672,0.24026196
-8.66653702,16.80968485,-0.92187204
-8.15831328,16.68914594,0.24090378
-8.29912201,16.36802211,-0.90896717
12.61353218,17.04458511,-1.50606866
12.75868871,16.94032231,-2.43902453
12.09702370,16.57686483,-1.48278443
12.25989700,16.45242742,-2.44235766
-7.86341119,16.31642091,0.23262352
-7.98658264,15.95050977,-0.90456423
-10.33552612,27.62735838,-2.10259458
14.78993561,28.34760831,-2.31464606
11.25334858,16.10376949,-1.40965139
11.37767444,15.97994701,-2.41544915
-7.36925113,16.00833606,0.20357498
-7.46991787,15.61215223,-0.91406994
10.45911853,15.70420921,-1.33803160
10.52875245,15.60180553,-2.37699378
-6.91547997,15.71674501,0.16562354
-7.00405550,15.31450402,-0.93865562
9.68188699,15.36951699,-1.27743932
9.68910740,15.30626063,-2.33087582
-6.48773921,15.43137063,0.11721211
-6.56706664,15.03356175,-0.98065776
-10.34160586,26.60230890,-2.14404105
14.92878223,27.42901220,-2.36001749
8.89925896,15.07954600,-1.23461759
8.84428087,15.06302282,-2.28496450
-6.07418443,15.14117570,0.05620782
-6.14141847,14.75323857,-1.04256128
4.77293681,15.56278447,-0.89564841
5.88864926,15.50919424,-0.97657443
4.66592747,15.69089740,-1.94866522
5.73975028,15.64333054,-2.01215306
-3.81214755,15.01044688,-0.17874586
-3.03895056,15.08983208,-0.25922877
-3.74557851,14.72498175,-1.32452181
-2.91470446,14.88954228,-1.41523501
-4.40963652,15.06534232,-0.11524472
-4.39149224,14.72905188,-1.24560086
3.41566318,15.69259871,-0.78030732
3.40413576,15.82980420,-1.86784505
-4.97657639,15.10882049,-0.05385279
-4.99695961,14.74109309,-1.16993624
6.94873341,15.37543807,-1.04849219
6.79702368,15.49200044,-2.08506055
2.09132255,15.70219520,-0.65453587
2.18606508,15.83793129,-1.78537992
-2.20179577,15.19361758,-0.32987017
-2.02646250,15.08734619,-1.49599271
7.94739960,15.21048090,-1.12996643
7.82891240,15.27325905,-2.17695690
-5.52691296,15.13498595,0.00378405
-5.57538263,14.75167000,-1.10156401
-1.28487962,15.32989174,-0.39560219
-1.07531851,15.31231239,-1.56955781
0.85290986,15.62207696,-0.54690462
1.03006144,15.73226412,-1.70880700
-0.27105156,15.49178996,-0.46760943
-0.05682179,15.54310365,-1.64174870
15.01377014,26.55697899,-2.41482570
-10.38923666,25.60231473,-2.19306389
3.37282533,35.85254065,-2.54410276
1.95208685,35.71635681,-2.51012452
0.57116495,35.31694897,-2.51333957
14.89788127,25.42445139,-2.43062313
-10.36149704,24.36308909,-2.18307024
-0.81644869,35.09540320,-2.51995227
4.83584188,36.05051006,-2.56566604
-2.24394511,35.11455772,-2.53215179
6.33740687,36.21943730,-2.56866038
-10.44856761,23.18703953,-2.18886241
14.76481524,24.33805834,-2.51289220
7.83817081,36.26752581,-2.55147692
-3.69577318,35.32495035,-2.55907128
9.13130251,35.55939137,-2.49872299
-4.87094399,34.83043899,-2.61220899
-10.64861394,22.07752025,-2.19090494
14.70034372,23.28238928,-2.65665036
-5.95554106,34.20513519,-2.67498586
10.26287569,34.67200964,-2.44474339
-10.93454517,21.01504580,-2.17991872
14.84220640,22.25992914,-2.82861117
11.24955460,33.71053824,-2.45892071
-6.98457755,33.42673634,-2.73748618
14.56646296,21.26991548,-2.92044584
-10.58736211,20.33402711,-2.14334408
12.15275154,32.75421411,-2.57823414
-8.00934394,32.51406346,-2.78598566
-8.54309612,31.76690484,-2.83799033
12.60440577,32.02831269,-2.71806537
14.48042622,20.30485178,-3.01502080
-10.32009849,19.59455223,-2.09947584
13.12560954,31.35411302,-2.87065193
-9.10652739,31.02116227,-2.88424725
14.54990610,19.37501074,-3.10210094
-10.12227912,18.74473488,-2.06072259
13.77496054,30.76169415,-3.02446038
-9.71401606,30.29160151,-2.92884749
-9.98583293,17.75627126,-2.04076401
14.72018136,18.48843342,-3.17570866
-10.38009215,29.59376762,-2.97826325
14.56699267,30.26899652,-3.17156139
14.12228215,17.86070788,-3.18975568
-9.42152131,17.24700122,-2.00885048
13.58010713,17.27572041,-3.21028088
-8.94498473,16.71490374,-1.99644672
-10.35431988,28.56830619,-3.04036956
14.65868836,29.28150406,-3.25458963
-8.54683534,16.19418057,-1.99674471
13.07423084,16.73067383,-3.23478136
12.58899966,16.22187652,-3.26175790
-8.21366243,15.70290420,-2.00572102
-7.65251420,15.29889564,-2.02698711
11.66655672,15.72638263,-3.27599085
14.75119370,28.35742153,-3.31499406
-10.33273932,27.56100688,-3.09837257
10.74263242,15.35419011,-3.27793105
-7.15114204,14.97008206,-2.06820180
-6.68229712,14.68274504,-2.13039896
9.80228700,15.09461336,-3.26463042
8.84729377,14.90846907,-3.24046302
-6.22660140,14.41519088,-2.21376608
-10.32691768,26.57565615,-3.15990925
14.81374128,27.48055696,-3.36221784
-4.40876538,14.43784595,-2.41931983
-3.73506028,14.45781939,-2.48645961
3.29908175,15.66981973,-2.81903101
4.49886910,15.53311987,-2.89175444
5.55170991,15.51968591,-2.95308022
-2.87621477,14.66797246,-2.54462533
6.63168599,15.38648436,-3.03423171
-5.03847424,14.42778328,-2.34876584
7.73169208,15.15602084,-3.13506849
-5.63868373,14.42201793,-2.27876877
-1.96811387,14.90191553,-2.59286775
2.14960759,15.68179799,-2.76035109
1.04906576,15.58060701,-2.71356075
-1.01055576,15.14972954,-2.63517702
-0.00408102,15.38711455,-2.67678009
-10.35562165,25.61514252,-3.23247273
14.82386473,26.63389367,-3.41133580
-10.30731269,24.41247881,-3.24397183
14.64527192,25.51007958,-3.40225456
-10.37769384,23.26598412,-3.25182128
14.47804559,24.40188433,-3.44061478
3.54454218,36.19727822,-3.53253521
2.09553169,36.01857269,-3.53580866
0.69242449,35.49604000,-3.56407115
-0.71016777,35.14431753,-3.60878791
5.03780044,36.40779263,-3.54178732
14.41913804,23.30306837,-3.52867678
-10.56944176,22.17833844,-3.24144598
-2.13503216,35.01366035,-3.67149075
6.56405885,36.55084069,-3.55956085
-3.56658701,35.05219035,-3.75073682
8.07777957,36.53415962,-3.57954472
9.36343850,35.68434886,-3.53785215
-4.75338940,34.43509783,-3.79032517
14.60308800,22.24099872,-3.65361963
-10.85663734,21.13399652,-3.21607008
10.44521542,34.62866375,-3.49881486
-5.87098058,33.73412632,-3.83075329
14.41907104,21.26486628,-3.73031057
-10.56824646,20.46072555,-3.14255575
-6.95407679,32.92840658,-3.87139025
11.36456462,33.52403531,-3.53906535
14.41655186,20.32637264,-3.82844184
-10.35239723,19.74569643,-3.08177463
-8.05107104,32.03106843,-3.91200343
12.24765046,32.49072266,-3.69586959
12.67240676,31.77394716,-3.84300055
-8.58203601,31.34113561,-3.95370384
-10.19650307,18.94257154,-3.04590268
14.54803072,19.44199021,-3.93686384
-9.14127629,30.66245454,-4.00357766
13.18113965,31.12316087,-4.00385313
-10.09068233,18.01641888,-3.04331121
14.75375053,18.62237885,-4.04521382
-9.74179189,30.00689845,-4.06657831
13.80928320,30.55591574,-4.16208267
14.20096829,17.97540930,-4.05613045
-9.52285946,17.50792366,-3.00642467
-9.03305953,16.95514298,-2.99939293
13.69581243,17.37627133,-4.08437663
-10.39720546,29.38274384,-4.14851122
14.54542294,30.07395542,-4.30654952
-8.62062781,16.40026397,-3.01265369
13.21732539,16.82205338,-4.12439064
-8.27950337,15.86797356,-3.04013412
12.74985049,16.30891962,-4.17194687
-10.35556404,28.39801150,-4.18688713
14.59168353,29.12181608,-4.37422989
-7.69924161,15.40158878,-3.08074497
11.80809693,15.79382333,-4.22227935
10.83052568,15.42995874,-4.26199728
-7.19054732,15.02613569,-3.14152575
14.62466408,28.22570268,-4.42711807
-10.31143011,27.43576679,-4.24030344
-6.71739636,14.70581725,-3.22009222
9.80697261,15.20360321,-4.27782385
-6.25508776,14.41693765,-3.31555584
8.75695856,15.05976162,-4.27052012
7.56084875,15.29720928,-4.16911968
-5.66553623,14.39128244,-3.38204630
6.41604054,15.48586251,-4.06273704
-5.05725349,14.37623363,-3.45236508
-4.41272786,14.37736786,-3.52190105
5.33316027,15.55860102,-3.97299438
-3.72017119,14.39656135,-3.58687278
4.30632985,15.51752077,-3.90528450
3.15745384,15.63230546,-3.81524076
-2.84821470,14.62566849,-3.62742784
2.06183818,15.63713341,-3.75416402
-1.93770196,14.87176927,-3.65758234
-0.99051317,15.12092143,-3.68029731
1.00886111,15.53803846,-3.71867191
-0.00760119,15.34797255,-3.70131283
-10.27695516,26.49939000,-4.31112134
14.63079233,27.37132686,-4.46426658
-10.27008904,25.58959511,-4.39690100
14.60486585,26.54403016,-4.48980134
14.40271618,25.44198108,-4.44889928
-10.16200553,24.43654238,-4.42616678
14.24134442,24.35334450,-4.42383150
-10.18011210,23.34033920,-4.43811772
14.21054458,23.27700234,-4.43486649
-10.33432547,22.29919459,-4.41970579
2.18103867,35.74667531,-4.47651898
0.77456976,35.17937208,-4.52358434
3.62549722,35.90411993,-4.44732423
-10.60136677,21.29713791,-4.38500769
14.41757491,22.24611918,-4.50107660
5.09789613,36.08845299,-4.45916621
-0.62627041,34.75821112,-4.58990957
-2.03574220,34.50548840,-4.67005205
6.58531768,36.20286955,-4.50632831
-3.44511363,34.38708683,-4.77012384
8.04870895,36.15576806,-4.57557215
-10.37020130,20.63831927,-4.28546985
14.28627517,21.33239181,-4.55891078
-4.65060143,33.69072981,-4.80964468
9.28547153,35.24398061,-4.58651884
10.33555388,34.14846188,-4.61897079
-5.80908653,32.96910385,-4.86198459
14.31750850,20.46378870,-4.65655734
-10.21015232,19.95676949,-4.21204887
11.25254262,33.04374419,-4.72818342
-6.95705022,32.20466216,-4.92960069
-10.10984628,19.21469526,-4.17790219
14.46361775,19.66094892,-4.78235271
12.18630082,32.04664063,-4.92117938
-8.14632450,31.40664123,-5.01834684
12.60069996,31.37962466,-5.04545544
-8.67367489,30.80441704,-5.07263542
14.66717939,18.93497362,-4.92341529
-10.06466195,18.37863363,-4.18961504
13.07880065,30.77358105,-5.15871874
-9.22667931,30.21858188,-5.14347757
14.13523698,18.30148686,-4.93325430
-9.53939205,17.91461952,-4.13860845
13.64622860,17.71823208,-4.96898527
-9.08944800,17.38548076,-4.12117340
-9.81544051,29.65449716,-5.23567740
13.63065797,30.23440700,-5.24969281
13.17888622,17.18207311,-5.02210476
-8.70659250,16.83773006,-4.12882661
-8.38258418,16.30157080,-4.15666762
12.71739569,16.68896421,-5.08635444
-10.45224346,29.11370032,-5.35302650
14.24276033,29.75816954,-5.32051997
11.75678077,16.18316959,-5.15603664
-7.78832789,15.79896267,-4.19597371
-7.25762169,15.39490683,-4.26418404
10.74665334,15.84449826,-5.21047556
-10.36622186,28.16551738,-5.37182663
14.21381286,28.84863205,-5.34364152
-6.75688616,15.06026895,-4.35215557
9.68512317,15.63234422,-5.23504182
-6.26193468,14.77001878,-4.45504439
8.59911853,15.47157455,-5.23428334
14.17771562,27.98680767,-5.36347790
-10.26871516,27.24763683,-5.41554659
-5.65514320,14.71548045,-4.52762661
7.38604908,15.59847383,-5.14607295
-5.03146481,14.67588627,-4.60169353
6.22315908,15.66998173,-5.04720861
5.13270882,15.65450685,-4.95549278
-4.37735901,14.65133591,-4.67102384
4.10857017,15.56640490,-4.88370039
-3.68331875,14.63888616,-4.73072735
-2.82697351,14.83225244,-4.75178549
2.97752145,15.66925967,-4.78297749
1.91157159,15.67691486,-4.72845108
-1.94283903,15.03438002,-4.75590087
0.89419116,15.58717157,-4.71663377
-1.02961206,15.23585589,-4.74703538
-0.08438245,15.41846982,-4.73297677
14.13870204,27.16409336,-5.37438685
-10.17495268,26.36166038,-5.48088597
-10.10486110,25.50742775,-5.55975270
14.10410521,26.37190475,-5.37481528
-9.90962792,24.41541384,-5.58606643
13.94736157,25.31502217,-5.32733134
13.85487347,24.28471872,-5.28096867
-9.85986567,23.38305795,-5.58957890
13.88659596,23.28252951,-5.25628911
-9.97049126,22.39964157,-5.56131122
14.11164057,22.33517099,-5.28065662
-10.21849063,21.44771744,-5.51820879
14.00651679,21.51933650,-5.31476423
-10.05467293,20.80450213,-5.40267955
2.21075508,34.92830320,-5.68083277
0.82505696,34.39263609,-5.70371838
3.57730118,35.01270192,-5.62974809
4.91804188,35.14528403,-5.63398547
-0.56507807,33.97255787,-5.74275374
-1.96124028,33.66761003,-5.79745840
6.23699675,35.23516119,-5.68705441
-9.96344384,20.15284785,-5.31719739
14.02306522,20.74490989,-5.38823206
-3.35458748,33.46565828,-5.90174454
7.52364910,35.19556083,-5.78233058
8.64660078,34.31128568,-5.83465035
-4.57129637,32.75326480,-5.93226766
-5.75362684,32.07675767,-6.02029273
9.68736731,33.28413797,-5.96940628
-9.93006927,19.46794648,-5.26828414
14.12920332,20.03437174,-5.50197180
10.70177647,32.27203257,-6.18386900
-6.94191139,31.41875177,-6.15695424
-9.94858439,18.72904799,-5.25662276
14.28303628,19.40158752,-5.65335202
-8.19984900,30.77587825,-6.33680605
11.78980030,31.37540069,-6.39530098
12.22327595,30.77987920,-6.47431031
-8.70484609,30.26334754,-6.41583931
13.76276809,18.80676444,-5.66127595
-9.47083814,18.34021333,-5.19609549
13.28001121,18.26242583,-5.70192807
-9.06612773,17.88681134,-5.16964501
-9.23535735,29.76114920,-6.51387099
12.68135245,30.23303677,-6.52952914
12.81699488,17.76550561,-5.76397534
-8.71844066,17.41147575,-5.16527813
-8.41531522,16.94089679,-5.17705208
12.36121849,17.31131807,-5.83946436
-9.80521659,29.26673889,-6.63216280
13.16715551,29.73587344,-6.57167052
-7.81306005,16.48241787,-5.19588939
11.40278962,16.85107734,-5.90968192
10.41030970,16.54132337,-5.96443109
-7.25483175,16.10381709,-5.23737549
13.68422824,29.28692644,-6.62157242
-10.43235948,28.77606441,-6.77194408
9.38477084,16.31395061,-5.99950826
-6.71894228,15.79379703,-5.29268446
-6.19025034,15.52623386,-5.35887910
8.34153106,16.10219700,-6.02110136
13.60390353,28.46398026,-6.59939439
-10.29079326,27.86160584,-6.76823506
-5.57742787,15.45403504,-5.41113808
7.18701260,16.09875934,-5.96818726
-4.95666995,15.39516068,-5.46704225
6.05424919,16.06249191,-5.89195565
4.96509520,15.98931827,-5.80496348
-4.31761251,15.34518429,-5.52358964
-3.65067993,15.29942854,-5.57723474
3.92958210,15.88152536,-5.73095800
2.78783115,15.97772419,-5.62082921
-2.83688343,15.44338683,-5.59770526
1.72621077,15.99677839,-5.57008808
-1.99840810,15.58383513,-5.60563084
-1.12936636,15.71432045,-5.60133579
0.72714934,15.93826262,-5.56815790
-10.14938470,26.98754043,-6.79627030
13.53066901,27.68164408,-6.59186077
-0.22215896,15.82351284,-5.58894120
13.47871551,26.93159462,-6.58835177
-10.02814047,26.15186651,-6.85149936
13.46054318,26.20787456,-6.58295489
-9.95069582,25.35078717,-6.92600720
-9.73164379,24.32882689,-6.95956880
13.34148958,25.22378943,-6.50319774
-9.66640288,23.36099955,-6.98087500
13.31993864,24.27007050,-6.41992910
13.42778028,23.35742861,-6.36259692
-9.75389622,22.42998681,-6.97655807
-9.97488435,21.51997669,-6.95790760
13.69782599,22.51254001,-6.38729576
-9.81897755,20.88728805,-6.84781958
13.61943890,21.80285947,-6.39636002
13.63116482,21.13235928,-6.47120304
-9.75100261,20.25550984,-6.74732422
13.71070701,20.50902784,-6.61952082
-9.75374054,19.61441590,-6.67341864
13.83223620,19.94129939,-6.84425117
-9.81641354,18.95230437,-6.64482729
-9.34491997,18.64948798,-6.48177334
13.29622449,19.40421887,-6.72456239
12.81520861,18.90727916,-6.69518354
-8.95663985,18.28881224,-6.38374759
-8.62714229,17.90178940,-6.33749037
12.36546217,18.44775691,-6.71876087
11.93202938,18.02131878,-6.77295272
-8.34014815,17.50991083,-6.33152822
11.01625550,17.55816975,-6.80425475
-7.73914340,17.12343827,-6.30158253
-7.17830041,16.78746097,-6.31721438
10.08082506,17.20228304,-6.85249160
9.11170713,16.90477777,-6.90117935
-6.63368899,16.50814173,-6.35492087
8.11152816,16.62880828,-6.94377971
-6.09582284,16.26844892,-6.41008752
7.01005246,16.52514003,-6.92426335
-5.49382544,16.18782348,-6.44935459
5.90286008,16.44347227,-6.87063075
-4.88874325,16.11785271,-6.50346119
4.81264221,16.37701382,-6.79228720
-4.27185144,16.05356939,-6.56660527
3.76048208,16.30319092,-6.72001810
-3.63510581,15.99068899,-6.63212998
-2.86584100,16.10933879,-6.64781629
2.59772488,16.42834349,-6.59769264
-2.07584241,16.21941320,-6.64818128
1.52767676,16.47807926,-6.54956382
-1.25348952,16.31339968,-6.63206905
0.53820647,16.45654530,-6.56349762
-0.38509990,16.37979656,-6.60442243
0.17430577,34.45670624,1.84872060
-1.19463086,34.37185322,1.74820012
1.74174928,34.35146515,1.83380621
3.43204079,34.24629300,1.72895739
-2.41782314,34.35496269,1.64034103
5.14826839,34.12984865,1.54703673
-3.51564363,34.39693930,1.55880524
-4.50210869,34.44918651,1.50075923
6.80583683,34.03343117,1.34171569
8.21576739,33.50954364,1.14258774
-5.30107780,33.94972163,1.41655138
9.47413756,33.03175732,1.04503883
-6.03941692,33.39705796,1.33100484
-6.75039233,32.77303943,1.24687332
10.56473873,32.56650901,1.00869417
11.50836769,32.08436341,0.98011412
-7.47041826,32.06451244,1.18268317
12.10606645,31.57452593,0.89720822
-7.97903812,31.37237740,1.09297291
-8.53147988,30.65109003,1.04496543
12.73657498,31.04457904,0.79990334
13.46877364,30.50022924,0.67448060
-9.15495494,29.92290892,1.05554582
14.37059650,29.95903053,0.51355726
-9.88061312,29.21850176,1.13496397
-9.93862192,28.21933547,1.10970311
14.55560079,28.83643827,0.34337216
14.82519928,27.74777638,0.21562989
-9.99813378,27.23513651,1.09722739
15.13333180,26.70653511,0.12053083
-10.05144958,26.26595994,1.05657035
-10.09630248,25.31083029,0.96356072
15.39902579,25.72980198,0.02188296
15.57534115,24.51592542,0.00298289
-10.14100590,24.14505491,0.99162686
-10.24373687,23.01176001,0.94948843
15.66990797,23.41885560,-0.09487141
15.75130213,22.45738464,-0.26171214
-10.44534940,21.90690987,0.88525035
15.95259692,21.62783852,-0.45603227
-10.76331888,20.81215060,0.84192523
-10.30500022,20.13626751,0.77428017
15.49943459,20.70132098,-0.54149947
15.19273880,19.82609782,-0.62149352
-9.99200695,19.40639761,0.76408434
-9.80777035,18.58000026,0.79359085
15.03439117,18.97506903,-0.68093640
-9.72609885,17.64627859,0.83540992
15.00577045,18.12434326,-0.70670922
14.28380315,17.58521967,-0.70759413
-9.25234181,17.31904885,0.85272861
-8.84119326,16.96900245,0.85781594
13.62831028,17.07813687,-0.70072139
-8.47562144,16.60837501,0.85134887
13.02406914,16.60158824,-0.69123788
12.45809317,16.15272754,-0.68361060
-8.14349258,16.24441060,0.83438358
11.56158797,15.70410161,-0.64326818
-7.60507463,15.93729247,0.79381488
10.71405008,15.32753742,-0.61152305
-7.10592230,15.63294065,0.74149637
-6.63423336,15.32856471,0.67753090
9.88873232,15.01237875,-0.59561733
-6.18012781,15.01767928,0.60120739
9.06731012,14.73773540,-0.59638621
-3.84444653,14.83842558,0.33344138
-4.44877349,14.90941247,0.40361090
4.81995742,15.21975373,-0.32002783
3.42288236,15.34090326,-0.20027398
5.96050247,15.16559048,-0.40516692
-3.07565010,14.89638164,0.24945464
2.05986217,15.34703341,-0.08205942
-2.24938723,14.96740161,0.18084461
-1.34472513,15.06429867,0.12372664
0.79475989,15.28155244,0.00749875
-0.33838421,15.18913216,0.06774557
-5.03132040,14.96471420,0.47337383
7.04676190,15.03179700,-0.47032641
-5.60455427,15.00144479,0.53996343
8.07745744,14.86875640,-0.52867864
2.10780186,34.56407320,-6.93547355
0.72760541,34.02844194,-6.88574415
3.41066135,34.60463620,-6.86286159
-0.66148678,33.60004847,-6.85439116
4.64149094,34.68871706,-6.83596926
5.82314333,34.74284811,-6.86825293
-2.04600157,33.27069775,-6.85600895
-3.41978373,33.02555759,-6.93283564
6.97301326,34.69287044,-6.97298283
-4.61167108,32.30479720,-6.92142267
8.03253690,33.78169150,-7.02869012
9.12016336,32.75423659,-7.21931115
-5.78065098,31.62411308,-6.98895322
10.27415681,31.74405970,-7.49783102
-6.97994177,30.96478773,-7.10756364
11.51471530,30.82834923,-7.75022166
-8.29612590,30.32890325,-7.25744903
11.98287673,30.23771224,-7.83638828
-8.80220100,29.82844682,-7.32242848
-9.34575441,29.33647577,-7.40456032
12.46004445,29.70263976,-7.91182948
-9.94001491,28.85396725,-7.50505056
12.95855535,29.21988586,-8.00253336
13.49396210,28.78144205,-8.14134305
-10.59740119,28.38264152,-7.62469103
13.42323668,28.04604128,-8.07932451
-10.45444382,27.46923802,-7.63959898
13.36907064,27.34399960,-8.04182325
-10.33527133,26.60451148,-7.68761603
13.35129772,26.66693602,-8.02527137
-10.25833462,25.78569827,-7.76164242
-10.23989684,25.01030923,-7.85063398
13.38596096,26.00920621,-8.02898837
-10.07796562,24.02552618,-7.90894932
13.33485644,25.10818044,-7.93306542
-10.04857883,23.10946785,-7.93475566
13.39754000,24.22111435,-7.87031831
13.58187918,23.36208553,-7.86937844
-10.13781099,22.24046981,-7.92149151
-10.32846555,21.40011015,-7.88678557
13.89294542,22.55905959,-7.98514471
-10.13683754,20.80908523,-7.78263130
13.80156367,21.88024608,-7.95865959
13.77976539,21.23732292,-8.00703383
-10.02787145,20.21576204,-7.70295365
-9.99326850,19.61368186,-7.65666971
13.80888908,20.63808670,-8.12727550
-10.02417293,19.00075573,-7.64578755
13.86979613,20.09031583,-8.30382165
13.29061285,19.57175416,-8.00890371
-9.50715524,18.70683317,-7.56877583
-9.08453249,18.37071065,-7.54295403
12.77267149,19.09365819,-7.82325258
12.29805976,18.64740883,-7.72626645
-8.72814369,18.01505570,-7.54878345
11.85062116,18.22916714,-7.68929419
-8.41804363,17.65874156,-7.57171071
10.92542745,17.74895572,-7.59489586
-7.78166405,17.29122043,-7.58502949
9.98978492,17.36593032,-7.56571334
-7.19563798,16.96519775,-7.59763849
9.01981933,17.04668708,-7.56380113
-6.63299439,16.68623020,-7.59779985
-6.08204600,16.44713672,-7.59041863
8.01466765,16.76465093,-7.57487383
6.91711914,16.63818409,-7.55218480
-5.48109018,16.34515531,-7.57610345
-4.88012227,16.25949877,-7.56654625
5.81080441,16.54681126,-7.51091654
4.71918709,16.48284922,-7.45397706
-4.27136739,16.18485977,-7.56272377
-3.64630532,16.11682469,-7.56360381
3.66207798,16.42265398,-7.40539145
2.49441445,16.55109197,-7.31521725
-2.89452669,16.22354785,-7.54160671
1.42197610,16.60718189,-7.29868118
-2.12455306,16.33010325,-7.51095434
-1.32229602,16.42696827,-7.46734136
0.43811902,16.58471674,-7.34379694
-0.47199785,16.50006238,-7.41219735
