0.26781841,14.24588539,1.43030584
-0.32455863,14.08193952,1.36612944
0.22273474,14.13661051,1.72128876
-0.37772318,13.98317569,1.65326306
-0.95352904,13.92498747,1.29449173
-1.01008012,13.84432161,1.57463572
-1.63320114,13.75552619,1.21661632
-1.68897683,13.69720853,1.48440932
-2.37231111,13.58362042,1.13299343
-2.42402367,13.54993649,1.38757696
-2.58062722,30.17959460,1.77745102
-1.87149754,30.28095287,1.82473719
-2.65578648,30.19720024,2.14843409
-1.94167196,30.30027154,2.20974976
-1.22032519,30.38837494,1.87925141
-1.28571133,30.41088977,2.26843135
-0.60817572,30.49971164,1.95112363
-0.66790779,30.52166653,2.33367500
-0.01887445,30.61742410,2.03401853
-0.07241574,30.63813967,2.40208065
-2.96310054,13.69815741,1.07760262
-3.00896981,13.67911062,1.33000206
-3.60519808,13.79409409,1.02319013
-3.64547236,13.78843230,1.27147403
-4.30092292,13.88254207,0.98514471
-4.33830792,13.88845467,1.22673416
-5.05589137,13.97961579,0.97888328
-5.09631756,13.99046550,1.20994865
-5.89333525,28.81405361,1.67018781
-4.90291180,29.13630063,1.68592051
-6.00648636,28.86048983,2.00242028
-5.00723487,29.16909858,2.03489867
-4.03617244,29.47218339,1.70683919
-4.13010589,29.49519043,2.06585040
-3.26678074,29.81921969,1.72483019
-3.35029860,29.83755456,2.09005641
-5.72749902,14.33787659,0.99918298
-5.77211258,14.35294366,1.23255698
-6.48414678,14.70690587,1.02064840
-6.53685339,14.72438477,1.25617080
-7.32511534,15.15643510,1.05200275
-7.38980429,15.16943626,1.28911043
-8.28936276,15.65114955,1.06260168
-8.36743611,15.65286592,1.29852543
-8.92194269,16.22326911,1.05930805
-9.00843679,16.21498548,1.30461961
-9.63297619,16.83253898,1.05619182
-9.72729124,16.80865516,1.31069613
-10.42446018,17.42005458,1.04709806
-10.51989412,17.38306246,1.30620570
-11.32213936,18.00411674,1.00511302
-11.41364793,17.96225693,1.26757581
-9.64385737,27.71759322,1.01678811
-8.55209307,27.93073343,1.20331240
-9.75485935,27.77746975,1.34533288
-8.66716249,27.99376498,1.54375319
-7.57890145,28.20268111,1.37960649
-7.69793666,28.26424699,1.71940595
-6.69127801,28.50231476,1.52968405
-6.80977000,28.55752178,1.86872027
-11.56848676,19.23516184,0.99141248
-11.68275397,19.19643082,1.29574692
-11.94254684,20.31915050,0.89652150
-12.07240185,20.28476929,1.21875119
-12.39534310,21.29513311,0.76004918
-12.52409103,21.26912593,1.06652894
-12.93355053,22.19321594,0.62209056
-13.05552882,22.17351498,0.89862478
-12.37903830,23.22007256,0.56056118
-12.48207005,23.20952607,0.84258953
-11.95922650,24.10826678,0.55592543
-12.05526542,24.11004310,0.85238681
-11.55297213,24.88907569,0.53238583
-11.65391741,24.90660801,0.86019573
-11.14504557,25.60077954,0.42015245
-11.25451790,25.63248456,0.79539569
-10.73583223,26.11439183,0.60256726
-10.85010808,26.15529393,0.97925705
-10.34551125,26.62670804,0.78283465
-10.46612088,26.67745953,1.15143723
-9.97695549,27.15606108,0.91557853
-10.09424676,27.21260214,1.26951319
0.29113223,14.34183657,1.11162792
-0.29865374,14.16228958,1.05075022
-0.92914327,13.97905428,0.99551839
-1.61065637,13.79049854,0.93952590
-2.35599989,13.59291062,0.87972192
-2.49925807,30.14148837,1.35149847
-1.79175198,30.23295945,1.36777267
-1.14469798,30.33374847,1.41468021
-0.53826518,30.44488508,1.49392063
0.04366044,30.56616325,1.59733126
-2.95252658,13.68391888,0.82732656
-3.59621518,13.76628449,0.78207183
-4.29163647,13.84275362,0.75215691
-5.04590671,13.91882308,0.74387976
-5.77701414,28.77088956,1.29046561
-4.79471099,29.09999857,1.29652008
-3.93740773,29.44049305,1.29177337
-3.17865333,29.78718288,1.30484322
-5.71307885,14.26911849,0.76360600
-6.45214201,14.65524287,0.79158906
-7.28080896,15.09726608,0.81942487
-8.22100519,15.61072537,0.82864515
-8.84326222,16.19844957,0.81747033
-9.54209985,16.80818255,0.79887972
-10.33077035,17.41678350,0.77699759
-11.21641698,17.99749255,0.74237016
-9.50431913,27.64688226,0.65398011
-8.42653877,27.86839315,0.81909471
-7.44625500,28.14101847,0.98716431
-6.56500004,28.44639802,1.14422451
-11.44990439,19.22917732,0.67048860
-11.79254741,20.33076379,0.51937293
-12.24567405,21.31413701,0.39342533
-12.78210195,22.20760912,0.30989645
-12.28010791,23.21835911,0.25075336
-11.84843673,24.09576065,0.22076326
-11.43601141,24.86563103,0.14311194
-11.01569796,25.56283310,-0.01344797
-10.59464272,26.06730798,0.17967356
-10.20121181,26.57262022,0.35349829
-9.83785995,27.09512708,0.51295116
0.79200108,14.33769257,1.85768994
0.82965769,14.45034107,1.56687264
1.34454386,14.54603397,1.98535303
1.37213498,14.65402874,1.69968535
1.89389675,14.74594224,2.09145278
1.91026970,14.83974459,1.81732884
2.45102045,14.93444878,2.19617274
2.45829585,15.00689612,1.93671864
2.30708940,30.72617785,2.42081484
1.70757512,30.69430284,2.41386141
2.33233733,30.69986733,2.09941739
1.74278458,30.66800933,2.07113564
1.11659469,30.67095983,2.40717541
1.15982454,30.64435333,2.04847230
0.52604087,30.65034682,2.40275421
0.57526817,30.62642014,2.03579586
2.90395046,15.42718744,2.26273731
2.90448755,15.49129780,2.00821010
3.35659499,15.89900702,2.30718399
3.35251888,15.95370994,2.05978549
3.82394371,16.34279097,2.34144213
3.81712091,16.38847582,2.10266396
4.32668393,16.74346483,2.38441902
4.31655077,16.78681360,2.15726267
4.70091114,29.81354239,2.54191281
4.06869582,30.02799025,2.48233057
4.67817366,29.77555436,2.28491745
4.06074224,29.99500762,2.20831954
3.46626063,30.25209638,2.45271760
3.47099272,30.22239562,2.16188592
2.88167967,30.48417990,2.42569860
2.89734508,30.45621054,2.11979299
4.76328514,17.39310933,2.41975521
4.74927533,17.43614440,2.19386804
5.26450560,17.94455130,2.46271970
5.24633720,17.98555849,2.23693593
5.83573697,18.45394651,2.52264581
5.81136290,18.49745792,2.29665558
6.52765149,18.86015346,2.60222760
6.49440869,18.90749066,2.37823363
6.98185141,19.30976458,2.65862263
6.94220281,19.35837628,2.42967835
7.51497003,19.73034051,2.72005255
7.46759352,19.78305387,2.48587231
8.14242877,20.08893857,2.78384761
8.09100374,20.14298010,2.54793302
8.90281161,20.41537131,2.83740930
8.85473349,20.46131957,2.60122487
7.04709456,28.98493949,2.57160100
6.34379669,29.15291023,2.53483237
6.96981827,28.93323620,2.34872097
6.28214009,29.10398236,2.30036311
5.74696644,29.35877200,2.51922234
5.69833040,29.31168699,2.27720547
5.20501348,29.58302516,2.51931393
5.16951062,29.53986554,2.26881713
8.97209980,21.53794279,2.81798468
8.90873594,21.57574934,2.55353652
9.20951605,22.46282213,2.79746187
9.13349993,22.49484460,2.52699260
9.53947510,23.28832848,2.78906700
9.45664447,23.30889432,2.53001369
9.97073772,24.05622957,2.81676381
9.87791837,24.06517880,2.57348455
9.33099116,24.91759847,2.70504362
9.23512412,24.90923758,2.44463979
8.85338693,25.64619176,2.61078786
8.75029508,25.61976308,2.33376428
8.44590040,26.30168749,2.51392357
8.33602411,26.25777072,2.22438814
8.08757357,26.92878012,2.39264291
7.97645668,26.87223315,2.09787551
7.78663445,27.41643291,2.46363310
7.68257148,27.35683138,2.18489913
7.51941251,27.91804947,2.52560124
7.42140792,27.85748428,2.26560257
7.26925662,28.43654519,2.55628504
7.18155101,28.37967540,2.31463091
0.85031671,14.53764642,1.25212175
1.38955075,14.72541216,1.39457570
1.92424291,14.89733455,1.53550007
2.47091126,15.04389691,1.67286878
2.35741303,30.65534596,1.75844150
1.78023099,30.61858411,1.69504937
1.20772367,30.59072336,1.64361618
0.63171661,30.57299426,1.60971238
2.91286343,15.50385536,1.74629804
3.35779635,15.95220408,1.80938524
3.82125472,16.37415773,1.86705388
4.32266868,16.75291684,1.92448487
4.65385628,29.73002470,2.01793406
4.05017042,29.94820379,1.92635329
3.47432510,30.17748548,1.85151368
2.91242672,30.41377810,1.79507659
4.75358328,17.40237907,1.95682652
5.23986035,17.97948633,2.00443729
5.80219975,18.48347746,2.06763682
6.47073535,18.91137788,2.14341310
6.91209072,19.37417157,2.18863673
7.43189756,19.79053745,2.23556193
8.05281426,20.15703027,2.28807797
8.80548227,20.46456155,2.35198764
6.87810969,28.86399385,2.12125613
6.21737136,29.04636684,2.06273497
5.64521630,29.25506768,2.02621478
5.13105316,29.48446056,2.01197268
8.86007368,21.57621990,2.27473812
9.05961291,22.51252883,2.21731120
9.36916815,23.32754402,2.23288782
9.75956260,24.06931019,2.30388583
9.13961233,24.89438188,2.16492758
8.63287530,25.58512954,2.02804686
8.21360041,26.20852938,1.89646845
7.86116882,26.81021367,1.77707041
7.56815161,27.28937024,1.88849126
7.31273431,27.78840009,1.98483269
7.08519165,28.31272272,2.06190771
2.95849581,15.88760151,-8.67505136
2.49033036,15.91569869,-8.76002344
2.91779444,15.98127288,-8.44225517
2.45583410,16.00588262,-8.52347472
2.00447030,15.92989100,-8.85126746
1.97645656,16.01256296,-8.61206976
1.48240509,15.92608336,-8.94216570
1.46006811,15.99563518,-8.70173649
0.89856245,15.90240529,-9.03293999
0.87974559,15.95267926,-8.79214610
3.36608990,16.02791252,-8.38597463
3.41272286,15.93143548,-8.61730329
3.80471535,16.05320269,-8.34043349
3.85636246,15.95746399,-8.56948277
4.24780997,16.05364295,-8.30012692
4.30298601,15.96267902,-8.52599252
4.71182495,16.02974456,-8.25944513
4.76855388,15.94744952,-8.48197861
0.12674635,30.23135719,-11.19709885
-0.40041788,29.89403403,-11.21136505
0.07756730,30.19682362,-10.93422282
-0.44385634,29.86444356,-10.94732676
-0.93689376,29.68483832,-11.25163382
-0.97496686,29.65921713,-10.98432508
-1.47516958,29.52537241,-11.32331865
-1.50792130,29.50417712,-11.05341428
-2.04162509,29.43965147,-11.43049154
-2.06681984,29.42022029,-11.15721162
0.60105167,30.12347070,-10.83545677
0.65886304,30.15993930,-11.09707017
1.14280304,30.16593399,-10.75809511
1.20974470,30.20453364,-11.01839269
1.70110979,30.23749013,-10.70796828
1.77819336,30.27613316,-10.96713517
2.29429118,30.35126187,-10.68404918
2.38427805,30.39010560,-10.94395817
0.37817574,16.17781744,-9.19016974
0.36323027,16.21548374,-8.93949461
-0.20181363,16.45559159,-9.36696944
-0.21154874,16.47918569,-9.10813127
-0.86071901,16.74808948,-9.57580795
-0.86377518,16.75638327,-9.30717426
-1.61300223,17.07582808,-9.82680156
-1.60760167,17.06891002,-9.54308729
5.07253822,16.25821560,-8.27586540
5.13299642,16.17898266,-8.50650681
5.44038248,16.45651431,-8.29480755
5.50514785,16.37926091,-8.53379712
5.83321742,16.62676495,-8.31323675
5.90339201,16.55135159,-8.56130085
6.26642012,16.77770619,-8.32940507
6.34421209,16.70373828,-8.58780400
-2.62865567,29.05213078,-11.46440178
-2.64955061,29.03481658,-11.18345787
-3.28492575,28.80448005,-11.54074768
-3.29910230,28.78859694,-11.25229796
-3.97327775,28.56930902,-11.63663347
-3.97909714,28.55249075,-11.34365115
-4.88845364,28.42074941,-11.81821155
-4.87202826,28.38747377,-11.52552938
2.86708214,30.08958815,-10.55627600
2.97060896,30.12807234,-10.81490777
3.49720877,29.91932636,-10.44926956
3.61508174,29.95359099,-10.70978202
4.15449379,29.71192886,-10.34853299
4.28589319,29.74003821,-10.61054604
5.04537510,29.55255905,-10.25572114
5.19919796,29.58543785,-10.51371516
-2.40081291,17.64543516,-10.16925448
-2.37967294,17.63389849,-9.86459482
-3.28634813,18.27293237,-10.55503298
-3.24330930,18.27161128,-10.24042747
-4.28662948,18.91877451,-10.94911574
-4.21460821,18.94531455,-10.64311544
-5.45984873,19.49078728,-11.34898589
-5.35947584,19.55703467,-11.06187112
6.66789572,17.05986900,-8.38623954
6.75842715,16.98632617,-8.66087670
7.12608373,17.34340381,-8.45554924
7.23283461,17.27273988,-8.74433530
7.66682487,17.64762254,-8.54959290
7.79464900,17.58324660,-8.84471594
8.35899535,17.97835144,-8.65554542
8.51030090,17.92287941,-8.94814465
-7.14397011,27.46968534,-12.21389869
-6.43815483,27.66489841,-12.08141908
-7.12054413,27.42262988,-11.96220109
-6.41314251,27.62255742,-11.81572956
-5.84688651,27.91351314,-11.97557688
-5.82281945,27.87495433,-11.69687959
-5.33695155,28.17475592,-11.89187034
-5.31564361,28.13855263,-11.60505945
7.41970995,28.37575962,-9.92482369
6.64987334,28.63724951,-10.03044056
7.57760803,28.40544712,-10.16643325
6.81148492,28.66382679,-10.27823459
6.02201581,28.95167922,-10.11855225
6.18398775,28.97882725,-10.37100190
5.49552799,29.26664485,-10.19412804
5.65510587,29.29701310,-10.44933504
-6.04695488,19.93590969,-11.53650961
-5.94321638,20.02489576,-11.26150450
-6.69330124,20.31191819,-11.71634643
-6.59441041,20.41130219,-11.46768203
-7.41313567,20.64007372,-11.88394123
-7.32837217,20.72907040,-11.66553690
-8.25633441,20.93982216,-12.02973982
-8.19333977,21.00200370,-11.83587597
8.64327404,18.36345839,-8.75159799
8.80561802,18.31383104,-9.04534822
9.01060090,18.75250038,-8.84076439
9.18013761,18.70775367,-9.13504951
9.49943504,19.14894188,-8.92848881
9.66901150,19.11107580,-9.21719125
10.18400242,19.55715152,-9.02004397
10.34516306,19.53120504,-9.29620628
-8.22492797,21.57175007,-12.04174849
-8.16490763,21.63085413,-11.84967836
-8.30480457,22.15359452,-12.06047545
-8.25187959,22.20280057,-11.87037703
-8.44913201,22.68336919,-12.09312922
-8.40257485,22.72160661,-11.90412144
-8.64773694,23.16714964,-12.13749301
-8.60090546,23.19346654,-11.94739573
9.91567449,20.31612278,-9.12329583
10.09226021,20.29383359,-9.41713257
9.78769041,21.05218046,-9.22537549
9.97025293,21.03847947,-9.53746664
9.75975672,21.75829807,-9.34431975
9.93923541,21.75364858,-9.66822165
9.80923233,22.42990021,-9.46382032
9.98466746,22.43506710,-9.78264180
-8.41103796,23.72596481,-12.09830977
-8.37355082,23.74295672,-11.89854442
-8.26918283,24.23711954,-12.07296678
-8.23803667,24.24068974,-11.86361509
-8.14716239,24.74500407,-12.06540500
-8.12177299,24.73254370,-11.84511806
-8.02288054,25.31498932,-12.08442572
-7.99636966,25.28226911,-11.85529058
9.36421844,23.18749492,-9.54043011
9.52993579,23.19673826,-9.85790854
9.03931421,23.91025855,-9.58022012
9.19735812,23.92528536,-9.88367346
8.76231669,24.64123972,-9.60659188
8.91543496,24.66423172,-9.89048952
8.50460081,25.46042782,-9.63635420
8.65882850,25.49462729,-9.89581953
-7.77806606,25.76806299,-12.07643788
-7.75391394,25.72390014,-11.84095812
-7.56627766,26.30223893,-12.10203745
-7.54101332,26.25069511,-11.86202050
-7.35986192,26.88337986,-12.15594308
-7.33517986,26.83206441,-11.91122406
8.17157514,26.11034104,-9.66860930
8.32538254,26.14776045,-9.91809015
7.89393199,26.85206427,-9.72548073
8.05032158,26.88999072,-9.96857118
7.65266577,27.62467692,-9.81748930
7.81147451,27.65957329,-10.06022076
2.24200412,30.29560674,-10.47755900
2.78288081,30.06218131,-10.31894263
3.38208160,29.86265310,-10.19071545
4.07288279,29.69109871,-10.09405796
4.90504044,29.54193163,-10.02354189
4.65423103,16.12889858,-8.13196065
5.00835647,16.33753745,-8.11738243
5.36825257,16.52595169,-8.11571725
5.74631679,16.69686083,-8.12533497
6.15688092,16.85242765,-8.14509581
7.36639176,28.34958523,-9.74606426
6.58506018,28.64096598,-9.80907662
5.93133266,28.93871402,-9.87385501
5.37835405,29.23900478,-9.94380002
8.16968849,18.02643661,-8.40165852
8.45583305,18.40306663,-8.46028909
8.81451058,18.78427896,-8.53075490
9.26118770,19.17037680,-8.62384779
9.80923980,19.55726467,-8.74937022
9.62070280,20.35128342,-8.81061632
9.52054597,21.08231100,-8.88606686
9.49124533,21.77751572,-8.98888038
9.52010898,22.45441520,-9.11910195
-7.88006932,21.06618693,-11.61912107
-7.97887155,21.71651903,-11.62941818
-8.11558419,22.27572329,-11.65337592
-8.27658585,22.77731551,-11.69184393
-8.45737013,23.24510091,-11.74377461
9.13786955,23.17672050,-9.16179383
8.82110753,23.89098736,-9.22061747
8.56716950,24.60564474,-9.29320684
8.37468109,25.32693685,-9.36981640
-8.28864193,23.75909511,-11.68481523
-8.15691594,24.24015332,-11.64467780
-8.05247256,24.70797790,-11.63106453
-7.96951106,25.18105696,-11.64918518
8.00666180,26.05960978,-9.42250190
7.71564351,26.80392338,-9.49616062
7.50065382,27.56430937,-9.59988066
-7.70740803,25.66945385,-11.62168011
-7.48144293,26.19083489,-11.63335097
-7.29417168,26.75933091,-11.68922084
-7.14979050,27.38162746,-11.79664492
0.03740855,30.13402036,-10.71553396
0.55598975,30.10159515,-10.60173438
1.08601031,30.12022542,-10.52541403
1.64209380,30.18594066,-10.48519248
2.88595247,16.10071762,-8.29887838
3.32389186,16.14261271,-8.23757978
3.75696818,16.16176980,-8.18955697
4.19651229,16.15780919,-8.15462136
2.43226040,16.11861413,-8.37099968
1.95842320,16.11544642,-8.45408830
1.44867600,16.09025380,-8.54678919
0.88437617,16.04058713,-8.65313271
-0.48975855,29.84843585,-10.70797372
-1.01090792,29.62677915,-10.74103742
-1.54305145,29.46994166,-10.81523472
-2.10550918,29.38119174,-10.93590965
-2.67726068,29.03075277,-10.91811881
-3.31113036,28.75877374,-10.95874258
-4.02471953,28.54623669,-11.06787082
-4.85019703,28.37785022,-11.25890597
0.36750557,16.27100851,-8.76655027
-0.20092612,16.50960966,-8.91059747
-0.83474066,16.77085424,-9.09239768
-1.54392857,17.07263376,-9.32040149
6.52919336,17.14800545,-8.18885009
6.96265219,17.43535190,-8.24397180
7.49284791,17.72435019,-8.31220676
-2.28105196,17.63721692,-9.61765264
-3.11605227,18.27391136,-9.97059773
-4.07561217,18.94517693,-10.36104819
-5.19629899,19.56756570,-10.78433028
-5.79940789,20.06278544,-10.97048548
-6.45360326,20.47456781,-11.18686711
-7.14961145,20.80312251,-11.41549142
-6.45291217,27.60482079,-11.60620877
-5.85116414,27.84911633,-11.45174296
-5.32292751,28.10742192,-11.33658401
2.45262790,15.62123222,-0.75097805
1.92807290,15.36869691,-0.96793790
2.91057135,15.21796290,-2.13098814
2.33111189,15.02498464,-2.30803645
-2.09925520,14.21635361,-2.99068664
-1.41491866,14.31261703,-2.94592870
-2.26632812,14.17798054,-1.53480422
-1.58374819,14.30792953,-1.56581432
2.88143124,15.97690812,-0.59129872
3.38239853,15.52871040,-1.97730968
-2.69992632,14.23273121,-3.03949073
-2.86398946,14.17978141,-1.52866289
-3.33764348,14.21817403,-3.08552349
-3.49787297,14.15921630,-1.49746328
3.31752163,16.31455731,-0.42410462
3.84592292,15.83851187,-1.81582877
1.39735536,15.09815625,-1.15794648
1.73950856,14.82192355,-2.46594257
-0.76296128,14.36843363,-2.88830777
-0.94231507,14.40631125,-1.56092253
3.72503306,16.80127970,-0.29992630
4.26890771,16.30630686,-1.67750070
-3.96938257,14.31972470,-3.16098819
-4.11887966,14.27526538,-1.49088554
-0.10725954,14.54325555,-2.84487297
-0.31626738,14.64448695,-1.56116684
0.84528272,14.98743155,-1.35661590
1.13962272,14.76365171,-2.63223537
4.16200162,17.25157943,-0.18077018
4.69809175,16.76682493,-1.54709598
-4.64481823,14.39747114,-3.24291659
-4.77455137,14.37930166,-1.46071483
4.57348797,17.81417263,-0.11887604
5.08661852,17.36622253,-1.46321383
-5.29792693,14.60785538,-3.36219687
-5.38823855,14.64303944,-1.46303344
0.53109742,14.68399196,-2.77456407
0.27825018,14.85643188,-1.51524225
5.04439257,18.31828038,-0.06846023
5.52175685,17.92875629,-1.40593706
-6.00528536,14.82227597,-3.49031199
-6.04528993,14.92784244,-1.45191621
-6.72571619,15.16477292,-3.63890000
-6.70425444,15.35675175,-1.47448594
5.54606534,18.86035381,-0.06042365
5.98940565,18.53675005,-1.39946036
6.14551621,19.34623442,-0.06085587
6.57319433,19.07891010,-1.41702596
-7.51582924,15.58670994,-3.77628792
-7.43750535,15.86814651,-1.51054683
6.61870534,19.70542451,-0.08548578
7.03660158,19.47305684,-1.44138534
-8.07782826,16.01715670,-3.85735303
-7.98305280,16.34725618,-1.58348187
7.18383577,20.02386749,-0.10233292
7.59992870,19.82530129,-1.45951653
-8.69523327,16.52993049,-3.92129483
-8.61462108,16.87650004,-1.67987900
-9.26140231,17.28272557,-4.02960712
-9.19629839,17.60484045,-1.86124964
7.69919483,20.50474160,-0.17212197
8.13592898,20.33089284,-1.50492323
-9.99448413,18.03564359,-4.12726953
-9.94241892,18.30215391,-2.04259941
8.34890564,20.92035392,-0.17243111
8.79165408,20.79200718,-1.49941281
8.79455200,21.82017556,-0.24297792
9.29065385,21.74292677,-1.50498100
-10.77209013,19.20676868,-4.29253621
-10.59221273,19.40862026,-2.38676460
9.41795464,22.59757103,-0.13614962
9.92266955,22.63009183,-1.41076373
-11.84750871,20.26984329,-4.39507360
-11.52116296,20.38886728,-2.63058205
9.41291910,23.47471753,-0.10596826
9.96935956,23.59086738,-1.35783707
-12.33305799,21.36600678,-4.41395049
-11.88712224,21.39536572,-2.77264136
9.46375351,24.23387740,0.00644870
10.02369110,24.43552732,-1.26973833
-12.81119057,22.44149273,-4.38173148
-12.31795244,22.35348573,-2.77649231
-12.61211510,23.52676882,-4.33032810
-12.14408376,23.34150395,-2.85203112
8.98427098,24.98499871,-0.05949765
9.57563967,25.24061329,-1.26220174
-12.27344378,24.47082275,-4.23931266
-11.89736313,24.22612042,-2.85778573
8.57284213,25.63786567,-0.09046570
9.15276710,25.93746430,-1.23977944
4.67740258,29.84082610,0.16126538
5.12329610,29.60547080,0.21505734
5.00963620,30.50534858,-1.14218478
5.47615384,30.25366453,-1.08911588
4.12418506,30.07939560,0.02962853
4.41225678,30.76625524,-1.24102554
-4.77038990,30.28242626,-2.50784158
-5.68214868,29.87684946,-2.71571633
-4.47681995,29.49360568,-1.25350538
-5.40536775,29.11809367,-1.43509683
-6.41390817,29.47964969,-2.92827042
-6.16992350,28.76781465,-1.68665289
3.59756677,30.33670146,-0.07278447
3.84224041,31.03333166,-1.32546860
-3.95279771,30.63094768,-2.34841780
-3.65615081,29.84565508,-1.11820853
5.61406458,29.39095050,0.29006874
5.99125987,30.01923037,-1.02386787
-7.24981777,29.09320466,-3.14031295
-7.04529237,28.43264661,-1.93084926
0.23489372,31.35609886,-1.92600368
-0.39826599,31.28275372,-1.99586447
0.32492080,30.75091233,-0.63512248
-0.25808871,30.69015392,-0.73391012
0.89358002,30.78868940,-0.55201424
0.86318192,31.39213550,-1.82609203
3.06889506,30.52959657,-0.18531745
3.26243619,31.21939697,-1.43365751
-3.16827270,30.85506911,-2.26106496
-2.88266197,30.11220993,-1.04398224
6.10018715,29.07564968,0.30495548
6.49879287,29.67207690,-1.00111164
-8.08139415,28.62307126,-3.36700991
-7.92243950,28.03605577,-2.19879484
-1.06117016,31.26991931,-2.03807799
-0.87476932,30.65618687,-0.80251632
1.44830673,30.84678173,-0.44729140
1.47816352,31.47010969,-1.70400326
1.99821075,30.78330194,-0.37074483
2.08235494,31.42801759,-1.62424642
-1.73348650,31.15380128,-2.11916366
-1.50397542,30.50885354,-0.89555073
2.54435758,30.73350330,-0.27459599
2.68381905,31.41062049,-1.52835602
-2.45778979,31.08733740,-2.18081526
-2.19023899,30.38472432,-0.96089860
6.66721007,28.79368548,0.34801384
7.09376493,29.35933958,-0.95972990
-9.08202853,28.24902235,-3.52819728
-8.96057507,27.71503809,-2.34211735
-11.73720312,25.27296855,-4.13440588
-11.46272951,24.99566077,-2.80633354
8.15338615,26.23001347,-0.07830409
8.71235851,26.57032120,-1.22065523
6.94198513,28.26477851,0.22058124
7.38864015,28.77697938,-1.01690478
-9.60104850,27.66147538,-3.68337782
-9.48230338,27.20493091,-2.52014640
-11.17740822,26.00136622,-4.03213314
-10.98735492,25.70019150,-2.78098286
7.80317075,26.81583854,-0.05445493
8.33499358,27.19501079,-1.19341441
7.27112008,27.78272326,0.11177553
7.74449132,28.24453429,-1.05587726
-10.22536407,27.13092270,-3.79621789
-10.08872992,26.73625237,-2.63707470
7.51348848,27.28348547,0.02512232
8.01229184,27.70326536,-1.13010990
-10.67490301,26.56241944,-3.91673982
-10.52180218,26.21691521,-2.70644917
3.38139287,14.91856347,-3.01737672
2.77376702,14.77299415,-3.18620976
3.88245265,15.19889004,-2.88496893
-2.39699980,14.29372357,-4.06641891
-1.78904813,14.24332560,-3.97030839
-1.09274097,14.30542611,-3.89397625
2.15627893,14.61277716,-3.34402855
-0.42772205,14.32355073,-3.81463483
0.23947678,14.46865322,-3.73115877
1.52479362,14.60973617,-3.49461828
-3.04663485,14.30782510,-4.17203642
4.37132483,15.47901930,-2.74803546
-3.69673651,14.43080103,-4.30214793
4.79615905,15.93775704,-2.61812712
0.89154796,14.57696669,-3.63090738
5.21683281,16.39911130,-2.48975919
-4.40017109,14.51990443,-4.45510485
5.57460515,17.02495767,-2.38011466
-5.09377393,14.72905535,-4.64401202
5.97750947,17.62055867,-2.28318329
-5.85384707,14.93189730,-4.85474526
-6.63707782,15.26054771,-5.07799687
6.40797227,18.27442892,-2.21661006
-7.50845805,15.66379539,-5.27905711
6.97621853,18.85355416,-2.17594088
-8.12255540,16.08168563,-5.39113605
7.42953314,19.27194456,-2.16739152
7.99060329,19.65100352,-2.15941953
-8.79712411,16.57570238,-5.45489159
8.50552472,20.19461645,-2.16014382
-9.40463396,17.31812453,-5.48336097
9.14917789,20.69747404,-2.13629623
-10.16577166,18.05802822,-5.46477850
9.61124694,21.69752363,-2.12154576
-10.91207151,19.25520673,-5.40943196
10.22808233,22.65272093,-2.06744199
-11.92682127,20.34535934,-5.35752050
10.27953434,23.66033731,-2.06233619
-12.33675576,21.48331420,-5.28548305
10.34676277,24.55668811,-2.04244681
-12.74322509,22.57840729,-5.22814534
9.92116351,25.39598023,-2.06437751
-12.50990948,23.67084738,-5.11510478
-12.15825205,24.60667677,-4.97929875
9.50748826,26.12846528,-2.06715657
-11.63285785,25.39987940,-4.82526189
9.06209313,26.79587318,-2.06270121
-11.09972018,26.12122240,-4.67429415
8.67092241,27.45546968,-2.04357380
-10.62920800,26.70881528,-4.54319628
8.35170865,28.02990800,-2.01276682
-10.21468150,27.30473674,-4.40805207
8.08744980,28.64162963,-1.96535362
-9.61702994,27.85887154,-4.27236329
7.70674345,29.23077796,-1.94543849
-6.64988908,29.77018316,-3.55336088
-7.43412763,29.36797158,-3.73395899
-8.20035996,28.87052356,-3.93988424
6.22393034,30.54690201,-1.95007490
6.76075645,30.19264984,-1.93656469
5.66778113,30.75965365,-2.00288246
-9.13292749,28.47391759,-4.10989351
7.39221233,29.86545667,-1.90875517
-5.96317049,30.18076570,-3.37985098
5.16588576,30.98263865,-2.04843770
-5.08051516,30.61085572,-3.21286121
4.50449424,31.20299641,-2.14455253
-4.28550767,30.96962227,-3.08868504
3.87621299,31.41942756,-2.23405147
-3.50815445,31.16921965,-3.02761982
3.23416348,31.54050551,-2.34493676
-2.79889976,31.36299976,-2.97820843
2.59713365,31.66834759,-2.44732624
-1.38672526,31.47904316,-2.88256970
-2.07050619,31.39511372,-2.93737276
-0.70191933,31.46093983,-2.86045431
0.62906946,31.55188410,-2.72733771
1.29188439,31.65095944,-2.61768495
1.94379117,31.64087121,-2.53984476
-0.04070048,31.51769359,-2.81428228
4.23023724,15.22084272,-3.72504488
3.74468942,14.95492277,-3.85886636
-1.96971271,14.48199631,-5.02477174
-1.35464328,14.41475863,-4.90828374
3.14552089,14.83303496,-4.00972760
-0.66383293,14.46025577,-4.78722137
-0.00521953,14.46074073,-4.67669227
2.54067915,14.69036856,-4.15938242
0.65065310,14.59160111,-4.55320221
1.91458431,14.70454609,-4.29538121
-2.62992249,14.51055927,-5.16140314
4.70499280,15.48347276,-3.59065435
1.28957846,14.68512047,-4.42883004
-3.29922625,14.64230788,-5.30425983
5.10565180,15.91736752,-3.44697958
-4.02697793,14.74045164,-5.47861092
5.50365354,16.35411874,-3.30148281
-4.76047050,14.95950246,-5.67380947
5.83709835,16.95196068,-3.15337525
6.21820984,17.52626003,-3.00878681
-5.56974127,15.17901638,-5.90071701
6.62094398,18.17228796,-2.87223084
-6.41384563,15.53858998,-6.12677750
-7.36623527,15.96498046,-6.35354040
7.17154894,18.75154372,-2.76304088
7.60133317,19.17399335,-2.70667069
-8.03132677,16.38786630,-6.47250198
8.14376289,19.56210572,-2.66306530
-8.76555074,16.86410897,-6.54857590
8.63225667,20.11628449,-2.62857052
-9.41730072,17.58307794,-6.53732856
9.25823730,20.63529845,-2.60045148
-10.19931904,18.28190418,-6.47087602
9.68444177,21.63968183,-2.59754154
-10.87139200,19.46802235,-6.26028964
10.28752258,22.61803817,-2.60964844
-11.77859714,20.54040550,-6.11395878
10.35206106,23.63906416,-2.64538505
-12.10997025,21.66382242,-5.94135625
10.44351362,24.55715029,-2.67724774
-12.45454203,22.71959401,-5.84354814
-12.22728360,23.77795671,-5.69315061
10.06770080,25.41836779,-2.73584674
-11.90104438,24.68210728,-5.54090173
9.68168280,26.17912089,-2.77015357
9.24400666,26.87852500,-2.78939714
-11.42225213,25.45464040,-5.37228116
8.84661460,27.57346225,-2.78859979
-10.94225024,26.16108086,-5.20881708
8.51350793,28.20244610,-2.76183565
-10.51767657,26.76078116,-5.05765711
-10.14688068,27.36840014,-4.90864403
8.24170732,28.86965238,-2.71867770
-9.58170937,27.93131179,-4.74702779
7.83317682,29.49393233,-2.69129429
-9.12464971,28.54892073,-4.58132659
7.50265048,30.15575115,-2.65597203
6.85278942,30.48846166,-2.67820155
-8.24769260,28.95103017,-4.40706241
-7.52290832,29.44168027,-4.22840882
6.30216904,30.83848664,-2.69337442
-6.77003735,29.83157595,-4.07218262
5.72118240,31.02197719,-2.73110986
-6.10998781,30.22913099,-3.93026645
5.19805286,31.21148239,-2.76646553
-5.24618954,30.66018350,-3.80278286
4.49302935,31.38882461,-2.85949518
-4.47104955,31.02491501,-3.71165809
3.82553890,31.55862529,-2.95207569
-3.70883326,31.22605517,-3.66056189
3.14489040,31.62962752,-3.05418909
-3.00909022,31.41030671,-3.62164161
2.47439924,31.71407824,-3.15088197
-1.61593463,31.50920186,-3.54079413
-2.29393187,31.43717774,-3.58481863
-0.92797237,31.47865597,-3.51850478
0.42848874,31.54663081,-3.40466211
1.11301067,31.64997858,-3.31131726
1.79062772,31.65819126,-3.23676862
-0.25665108,31.52289694,-3.47985078
-1.56644890,14.74104404,-5.64047858
-0.94867589,14.65030226,-5.52855765
-0.27014861,14.67754371,-5.39535504
3.96787854,15.11769480,-4.49108020
3.39834673,15.00037780,-4.62879380
4.42614695,15.37421786,-4.35751371
0.37465148,14.66172834,-5.27970030
2.82546699,14.86126752,-4.77012367
2.22303621,14.87703783,-4.89108201
1.00845808,14.77975216,-5.14322939
4.87741667,15.62400069,-4.22525535
-2.23202159,14.79644315,-5.77672207
1.62177690,14.86127526,-5.01535786
-2.91472528,14.95732216,-5.90416444
5.25645599,16.02520624,-4.07376512
5.63789547,16.42700003,-3.91820775
-3.65804381,15.09042351,-6.06583404
5.96442955,16.97293333,-3.74701279
-4.42157156,15.34778554,-6.23809291
6.34009841,17.50190559,-3.57245378
-5.26561334,15.60484036,-6.45911504
6.73269844,18.11205480,-3.39116620
-6.15147361,16.00305441,-6.68711970
-7.15794832,16.44949878,-6.94508239
7.27388817,18.66952708,-3.23405231
-7.84726718,16.87572003,-7.08306633
7.68331506,19.08115630,-3.14578192
-8.61217925,17.33381362,-7.19086518
8.20535444,19.46468965,-3.07813644
8.66712309,20.01396777,-3.01833226
-9.28910365,18.01722523,-7.17372945
-10.08901769,18.65664299,-7.11658047
9.27059829,20.53496200,-2.98826833
9.66343325,21.51807257,-2.98916805
-10.71297650,19.78130134,-6.84495763
10.25224035,22.49123330,-3.04643247
-11.53220896,20.79690590,-6.67352085
10.34064130,23.50968200,-3.11192987
-11.80515788,21.86753234,-6.45898409
10.47118607,24.44120047,-3.18895316
-12.10424880,22.86190297,-6.35288724
10.15904318,25.32473685,-3.27973530
-11.90553459,23.86564332,-6.19416495
-11.62290338,24.72738303,-6.04773841
9.80618333,26.11605941,-3.34403236
-11.20212017,25.47081592,-5.87881648
9.37509416,26.85080262,-3.38106453
-10.77818977,26.15408822,-5.71643426
8.97049390,27.58332526,-3.39537922
-10.39410646,26.75710604,-5.56197272
8.62256510,28.27243617,-3.38235460
-10.05786631,27.36686357,-5.41852721
8.34600621,29.00028736,-3.36032708
-9.51685231,27.93013000,-5.25100293
7.91825381,29.67031743,-3.35533115
-9.07583466,28.54085601,-5.10668308
7.58386420,30.37246598,-3.35566502
-8.24879094,28.94036352,-4.92945086
6.92031772,30.71648123,-3.38817673
-7.55891945,29.41473949,-4.78231515
6.36068631,31.06888056,-3.42100582
-6.83603159,29.78739349,-4.65657710
5.75666961,31.23116146,-3.46421863
-6.20269123,30.16905769,-4.55574510
5.21342943,31.39500315,-3.50818706
4.46482549,31.53287138,-3.59603408
-5.35886728,30.60446445,-4.46376457
-4.60642595,30.98714113,-4.40124565
3.76001134,31.66291034,-3.68586321
-3.87035230,31.21410433,-4.36693613
3.04153773,31.69314488,-3.78896941
-3.19138796,31.41534429,-4.34325578
2.33908936,31.74496455,-3.88915273
-2.49539388,31.45286886,-4.29859405
1.62771362,31.66280226,-3.96357884
-1.82858157,31.52731119,-4.25388063
0.92912897,31.64223733,-4.03246637
-1.14273866,31.49257577,-4.21679898
0.22867016,31.53859153,-4.10750884
-0.46526868,31.53067432,-4.17380399
-0.59463562,14.95649610,-5.96397093
0.06886863,14.96129742,-5.84062104
4.12097096,15.30909177,-5.02659258
3.58163475,15.20149576,-5.15030086
4.55649866,15.55048923,-4.90182067
-1.20855554,15.07311238,-6.06426071
0.69721726,14.92700912,-5.73683635
3.04110219,15.07404447,-5.27920810
2.46423488,15.09339759,-5.37978049
1.30398301,15.02288555,-5.60554001
-1.87221037,15.15904912,-6.18956596
4.98865029,15.78338798,-4.77880509
1.88855913,15.08515186,-5.48647598
-2.55757976,15.35138685,-6.30395524
5.35546599,16.14850913,-4.63450247
5.72930297,16.51149291,-4.48446277
-3.30644031,15.52166999,-6.45275391
6.06023596,16.99961829,-4.30895043
-4.09085123,15.81317876,-6.60991069
-4.95769594,16.10724083,-6.82542197
6.44061238,17.47634269,-4.12427250
-5.86844124,16.54597706,-7.04931584
6.83235456,18.04067416,-3.91549747
7.36823122,18.56837930,-3.72223355
-6.89597171,17.03174938,-7.31452472
7.75933564,18.96191868,-3.61022477
-7.57759666,17.48215459,-7.45609757
-8.33687244,17.94494058,-7.58490388
8.26027922,19.33399909,-3.52296788
-9.01902541,18.59179400,-7.58388261
8.69333719,19.86756140,-3.43817167
-9.82264530,19.17492265,-7.56975836
9.26933637,20.37848443,-3.40239359
9.62103700,21.31772581,-3.39443604
-10.42221038,20.19912938,-7.32325562
10.18435268,22.25606889,-3.47667767
-11.16952490,21.13038318,-7.18577187
10.28912362,23.24988625,-3.55729132
-11.40342151,22.10935049,-6.97886009
10.45428356,24.18273908,-3.67375709
-11.66958568,23.01971281,-6.89235719
-11.52141150,23.94358381,-6.75316644
10.21784448,25.09067210,-3.79718586
9.91436995,25.91827475,-3.89573416
-11.30186987,24.74778111,-6.63638974
-10.94681210,25.44933712,-6.49739549
9.50329003,26.69144950,-3.96249951
-10.57711712,26.09651928,-6.36535517
9.09899203,27.46353265,-4.00635420
-10.22711780,26.69190569,-6.23622178
8.73734143,28.22193104,-4.02517256
-9.91477207,27.29289535,-6.12994442
8.45629073,29.02122239,-4.04785252
-9.38475392,27.84383601,-5.97697864
8.01066798,29.75520496,-4.09237083
-8.95057350,28.44323068,-5.87981113
7.68059795,30.52514342,-4.16435956
-8.17475061,28.83481183,-5.70718616
7.00773289,30.91061815,-4.23560006
-7.52872297,29.29945758,-5.60486062
6.44363458,31.29863384,-4.31930438
-6.84914703,29.66175040,-5.50582312
5.81154168,31.45953647,-4.38424123
-6.25755786,30.04268029,-5.44680172
5.24417982,31.61661875,-4.45275645
-5.45439061,30.51160187,-5.41737064
4.43833322,31.73616541,-4.57631992
-4.74630154,30.95349010,-5.42028917
3.68509301,31.84404196,-4.70235750
-4.05037838,31.24803937,-5.41638988
2.91929520,31.83921624,-4.81563448
-3.40293540,31.51479732,-5.42197641
2.18015826,31.87180229,-4.93030397
-2.73276750,31.58439436,-5.37677063
1.43475345,31.76671671,-5.00419566
-2.08203399,31.68504320,-5.33933682
0.71120797,31.74936974,-5.08432427
-1.39918088,31.64496574,-5.27927183
-0.00945272,31.65393880,-5.15120266
-0.71550418,31.67918853,-5.22762438
4.20840056,15.63845746,-5.58296127
3.70330524,15.54595151,-5.68556659
-0.83234588,15.50238650,-6.48858241
-0.23165116,15.37293050,-6.39643118
0.40505715,15.36661807,-6.28329775
4.62002284,15.85531930,-5.47487243
3.19996924,15.43426148,-5.79539128
1.00349194,15.32419607,-6.19075136
5.03314914,16.06166050,-5.36940972
-1.48577343,15.60676753,-6.60444092
1.57394796,15.40464278,-6.07129295
2.65977725,15.45577720,-5.87619223
2.12097880,15.45233968,-5.96611218
5.39192902,16.37486298,-5.23864704
-2.16958942,15.81528258,-6.70644670
-2.92084393,16.01230448,-6.83831824
5.76378912,16.68394653,-5.10221317
-3.71722689,16.33986830,-6.98130591
6.10866106,17.09937703,-4.94553508
6.50452199,17.50759751,-4.77681656
-4.59351902,16.68761955,-7.17721545
-5.50653098,17.19573377,-7.37665495
6.90923218,18.00503209,-4.56767304
7.44927172,18.48592416,-4.35947403
-6.51994224,17.76154251,-7.62971846
-7.17134650,18.24695524,-7.77509976
7.82468231,18.85265621,-4.23135151
8.30469885,19.20599692,-4.12746434
-7.90146505,18.72105152,-7.92518710
-8.57270649,19.32366057,-7.95276156
8.70827619,19.71062181,-4.01416044
-9.35267302,19.85444768,-7.98605897
9.25486190,20.19852558,-3.96379111
-9.91587725,20.75697723,-7.81027625
9.55806606,21.06689714,-3.92808468
10.07426803,21.93328201,-4.00801480
-10.58019429,21.57869207,-7.74035339
10.16110417,22.86284036,-4.07346113
-10.79169745,22.41617717,-7.57507138
10.33035878,23.76658727,-4.20096536
-11.03274897,23.20239873,-7.51853290
10.15802737,24.67562124,-4.34454069
-10.94216903,24.00809093,-7.42715364
-10.79750742,24.72680254,-7.36887533
9.91912439,25.52605643,-4.48300819
-10.52831450,25.36767906,-7.29173160
9.54060601,26.32430812,-4.58387244
-10.22778518,25.96758194,-7.22032186
9.13844465,27.11660124,-4.65986384
-9.92256014,26.54828624,-7.14572779
8.75112446,27.92345596,-4.71396131
-9.64251747,27.14135817,-7.09656108
8.43979282,28.76893338,-4.78143462
-9.12734890,27.68270348,-6.96740993
7.95831032,29.55356264,-4.87155122
-8.70319235,28.28400510,-6.90482643
7.62121736,30.38383800,-5.01912819
6.95099344,30.83601389,-5.14080928
-7.97533545,28.67689970,-6.74315572
-7.38051079,29.15587124,-6.67808783
6.39315751,31.28652832,-5.29139835
-6.75158925,29.51846860,-6.60016750
5.75057079,31.48609709,-5.39528132
-6.20955261,29.90978509,-6.57294612
5.17462398,31.67144860,-5.50442009
-5.45298606,30.42032456,-6.58446731
4.33010786,31.80652758,-5.66855133
-4.78674566,30.92127083,-6.63179740
3.55198096,31.92241862,-5.82839001
-4.12314969,31.26883140,-6.65762127
2.76755113,31.91792999,-5.96188037
-3.49910785,31.59352862,-6.68899288
2.02107075,31.96412567,-6.09921552
-2.85334992,31.70891795,-6.64284181
1.27503167,31.87768746,-6.18184157
-2.21904656,31.85273487,-6.60522718
0.55462073,31.89403171,-6.28067468
-1.54787607,31.83161227,-6.52659329
-0.16625023,31.82696143,-6.36111674
-0.86899992,31.87746080,-6.46233545
0.06699661,15.74321760,-6.78969977
0.67628074,15.74075632,-6.68956836
-0.51158395,15.87719246,-6.87847999
4.60837889,16.22492272,-5.96959608
4.22221678,16.01927441,-6.05992134
3.75265217,15.93390633,-6.15241805
1.24362938,15.70492507,-6.60929972
3.28755627,15.82829982,-6.25390922
2.78490926,15.83976047,-6.31896132
2.28298693,15.82752495,-6.39509794
1.77517787,15.78275687,-6.49513537
-1.14473338,15.99286227,-6.98786152
4.99959590,16.41710720,-5.88385422
-1.81303618,16.21810535,-7.08133358
5.34541778,16.69704447,-5.77309834
5.70955290,16.96835096,-5.65901866
-2.55092452,16.44682207,-7.19741641
-3.34097605,16.81964939,-7.32270130
6.05939699,17.32832577,-5.52768147
-4.20340493,17.23930021,-7.49747124
6.46438974,17.68009494,-5.38676116
6.88297219,18.11274724,-5.20136375
-5.09101504,17.83312129,-7.69003682
-6.06354445,18.48337190,-7.95760908
7.43524810,18.53911988,-5.01230306
7.80395269,18.87402802,-4.89933556
-6.67293691,19.00115063,-8.12235381
8.27357541,19.20102023,-4.80895920
-7.36028142,19.49387862,-8.29061819
-8.00605398,20.06522954,-8.33158388
8.65930538,19.66633714,-4.68896420
9.18622204,20.11959246,-4.63510388
-8.74569881,20.55889231,-8.38718943
-9.25973865,21.35906076,-8.27471538
9.43726535,20.90818125,-4.59097388
9.88062927,21.68655684,-4.66331156
-9.85169356,22.07241987,-8.26366611
9.89861806,22.51473974,-4.68144270
-10.04370076,22.76361661,-8.14405437
10.00767179,23.34675187,-4.77708862
-10.26126771,23.41408268,-8.11149136
-10.21489500,24.08879500,-8.06402482
9.83263932,24.20908087,-4.90990347
9.61491864,25.03761735,-5.06740649
-10.13655798,24.70889217,-8.05523074
9.26613192,25.82677633,-5.20421026
-9.96017979,25.28193300,-8.04358964
-9.74615157,25.83611147,-8.03671779
8.87390359,26.61074114,-5.31397154
8.48012370,27.43458118,-5.40035818
-9.50864398,26.40238854,-8.01952080
-9.27745350,26.98842212,-8.01515849
8.15601995,28.29401283,-5.49886368
-8.80315319,27.53364982,-7.91258277
7.65236811,29.09497089,-5.60478869
4.67418436,16.56281311,-6.77111924
4.31477459,16.36875158,-6.83821157
3.88111285,16.27786430,-6.89631336
-0.07342456,16.25182071,-7.49553623
0.47615695,16.10292150,-7.42087615
1.04181022,16.08271498,-7.33024395
-8.39245648,28.12998352,-7.85370648
2.06104131,16.11409554,-7.16579958
2.53177530,16.16294495,-7.08839005
2.99127764,16.17554581,-7.02111968
7.29747714,29.93015106,-5.78080344
1.56506753,16.03448459,-7.25606761
3.45254042,16.16404385,-6.96608943
-0.67792413,16.39546693,-7.58968765
5.04199595,16.74019303,-6.71090803
-7.70858842,28.53596825,-7.70454733
6.63671688,30.41232031,-5.92106740
-1.31038152,16.66634568,-7.68415558
5.37084101,16.99865503,-6.63998061
5.72138601,17.24431445,-6.56991135
-2.00994118,16.96277114,-7.80622125
6.06869243,17.56214926,-6.48540991
-2.76674771,17.41377408,-7.96092471
-7.13405603,28.99756202,-7.63245183
6.08315901,30.87390685,-6.09347522
6.47540409,17.86919423,-6.39651787
-3.59428310,17.92278963,-8.19357857
6.89535540,18.25909159,-6.28294875
-4.44199235,18.60431690,-8.47606008
-6.52630229,29.32779783,-7.55460421
5.44879575,31.08942563,-6.21222716
-5.99522037,29.66857867,-7.52051898
4.88334780,31.27841746,-6.33521641
7.45915250,18.63685486,-6.17370736
-5.39992681,19.32203619,-8.80199334
4.04720800,31.40944102,-6.51368123
-5.23111758,30.09678939,-7.51693637
-6.02166870,19.83616169,-8.96924269
7.82601881,18.93814769,-6.09486378
-4.55326053,30.50719080,-7.54908050
3.29639968,31.52376857,-6.68812310
8.29998456,19.22590854,-6.04217691
-6.72245327,20.31109755,-9.16417434
-3.89262627,30.79582913,-7.55809130
2.55795591,31.53851573,-6.82448510
-7.35135019,20.84842108,-9.25608784
8.66536933,19.65648903,-5.97330361
9.17244278,20.06108948,-5.97716628
-8.05448261,21.28330131,-9.40769484
9.32084499,20.79324438,-5.88711862
-8.52593551,21.95059889,-9.32697109
-3.27461015,31.08383110,-7.57727292
1.86634512,31.59886507,-6.96729006
-2.65909054,31.21796790,-7.53853825
1.17879124,31.54187958,-7.06222822
-2.05579543,31.38655808,-7.50973736
0.51849993,31.56460657,-7.17587961
9.62054196,21.49275907,-5.90689283
-9.05103130,22.51028418,-9.38418091
-0.79754717,31.51389877,-7.35912861
-0.14886020,31.49854279,-7.25670759
-1.43150284,31.42376361,-7.42726929
9.45022380,22.21001720,-5.84815547
-9.15503657,23.08135752,-9.27811354
9.36164082,22.91889151,-5.90308623
-9.27749342,23.59039399,-9.26715378
9.07060771,23.68039933,-5.99118055
-9.22570430,24.11855975,-9.20573594
8.80275011,24.43643686,-6.14092480
-9.16349616,24.60702825,-9.20369128
8.49428827,25.18710788,-6.29803230
-9.04053531,25.07342183,-9.21303977
8.20182599,25.94977090,-6.45771016
-8.89033811,25.53657502,-9.25887219
-8.70159334,26.04104324,-9.31689272
7.91584575,26.76323057,-6.60748705
-8.50639335,26.57598386,-9.41484026
7.69257528,27.57645979,-6.77581875
-8.09780563,27.09647906,-9.32563132
7.23728968,28.31216452,-6.90070058
-7.72387412,27.65335669,-9.31465975
6.88976005,29.02944265,-7.10763175
6.22969966,29.46534266,-7.19948322
-7.11510910,28.03742504,-9.07684945
-6.57156492,28.43664200,-8.95557739
5.69107727,29.87118736,-7.35900136
-5.98572543,28.69612216,-8.80351883
5.07758346,30.07105879,-7.43643247
-5.45873804,28.94701856,-8.71894199
4.54873916,30.24378993,-7.53629097
-4.68057554,29.24572346,-8.65526478
3.78426257,30.38563000,-7.69516712
-3.98558436,29.53354967,-8.64633987
3.12412831,30.52237150,-7.87532486
-3.32019794,29.73609951,-8.62960113
2.48209084,30.57229232,-8.01743230
-2.70415602,29.97082915,-8.65005854
1.89350358,30.65540292,-8.18504848
1.29803744,30.63435403,-8.24999115
-2.12603764,30.11998904,-8.59989596
-1.56351355,30.31678166,-8.58556451
0.73027507,30.66122994,-8.35143688
-0.42537021,30.54461490,-8.48638168
-0.99777508,30.40530310,-8.51758131
0.14365433,30.57516927,-8.39818170
1.90477070,15.24500742,0.25264505
2.44219996,15.39020106,0.50690794
2.86101485,15.85808455,0.58572261
-1.58196534,14.10532406,-0.29903585
-2.29621661,13.87594203,-0.20574784
-2.88306575,13.96236127,-0.24161517
3.28258184,16.30736576,0.67153572
-3.50859318,14.03115981,-0.25164339
-4.17536452,14.08637875,-0.23249978
3.72280631,16.72682070,0.76485291
-0.92214624,14.31832780,-0.36887883
1.37452784,15.07673085,0.01273325
4.20046743,17.10386804,0.86570250
-4.88918376,14.13521419,-0.18408562
4.60621097,17.73963465,0.86984085
-5.51916016,14.46953973,-0.19550645
-0.30523065,14.51161913,-0.39678697
0.83669472,14.88852445,-0.19878576
-6.20395132,14.83278373,-0.19178814
5.07087433,18.29989242,0.88868384
0.27777678,14.68272385,-0.36762945
5.61187777,18.79135137,0.92307894
-6.96229811,15.25158615,-0.18200335
-7.82158335,15.75342329,-0.18612917
6.25794355,19.21446278,0.97862572
-8.36296507,16.34944900,-0.27851506
6.68022884,19.66662205,0.95220321
7.18129714,20.07831712,0.94338244
-8.97955347,16.97583532,-0.38871239
-9.70368745,17.60487469,-0.50384841
7.78620179,20.44351840,0.97103894
8.53113531,20.74747673,1.06452953
-10.56019865,18.20657572,-0.60598986
-10.72809009,19.39553713,-1.02848302
8.59534035,21.82391577,0.83842030
8.81421001,22.71299977,0.78656509
-11.14996069,20.45981725,-1.27155822
-11.76268210,21.43195582,-1.32677402
9.14391918,23.47668933,0.87971890
9.54878897,24.17225817,1.06970508
-12.46064758,22.32487947,-1.27577438
-12.06829185,23.29043189,-1.41841082
8.94775875,24.92673953,0.90071058
0.23297885,30.54424639,0.17148185
-0.33141429,30.41654580,0.04221873
0.80176448,30.53468800,0.22154847
1.35499448,30.54303352,0.30075599
-0.92368847,30.31033699,-0.05177967
-5.45879938,28.78481260,-0.35199728
-6.20040656,28.43482390,-0.58223342
-4.49989561,29.12900364,-0.30558852
4.05274513,29.88906583,0.82461045
4.62582113,29.67905985,0.98016707
5.07056065,29.42841895,1.00275742
-3.66284461,29.46873466,-0.26736084
3.50859913,30.11509466,0.69714492
1.90249122,30.56799818,0.40547570
-1.56069057,30.22468539,-0.10572183
-2.92317096,29.80844030,-0.20869626
2.97854437,30.35506433,0.59941390
-2.26310972,30.15670616,-0.11699572
2.45323458,30.60715078,0.53252287
8.45286544,25.56637666,0.78901383
-11.67644532,24.13157893,-1.51532287
-7.04243274,28.10232527,-0.81192327
5.55403386,29.19675488,1.04823339
6.09779835,28.98867706,1.12002841
-8.01215538,27.81221909,-1.00075129
-9.13495698,27.59777203,-1.07708633
6.73314364,28.80901882,1.22047534
8.04207947,26.15707107,0.71732452
-11.24717388,24.87432349,-1.62847993
-9.46855788,27.04596669,-1.30991399
6.92444185,28.23624363,1.08626778
-9.86469720,26.53415889,-1.47783345
7.14314021,27.70229141,0.94681434
-10.78923080,25.55308882,-1.76733271
7.69808662,26.73944379,0.67105470
7.39789895,27.20611248,0.80686454
-10.30956772,26.04337429,-1.61937219
1.26259668,16.20967043,-7.81946322
1.77153735,16.23884151,-7.73395965
4.00769035,16.34536153,-7.43528522
3.57130374,16.32684858,-7.47638094
3.14054078,16.28481390,-7.53056319
2.24671591,16.24093184,-7.66000612
2.70420098,16.21860829,-7.59769015
4.46110588,16.33906765,-7.40705173
0.70030610,16.15012289,-7.92129550
4.79972325,16.56689614,-7.35930129
0.17947600,16.36895957,-7.99881854
5.14245292,16.77593844,-7.32116344
-0.39093854,16.59116340,-8.10185835
-1.02483685,16.82752237,-8.23672979
5.50136975,16.96786278,-7.29041343
5.89053458,17.14401154,-7.26569688
-1.73154299,17.09169029,-8.41407830
-2.45542520,17.61997032,-8.63624175
6.22338687,17.47454122,-7.23058137
6.61413615,17.79136759,-7.19867653
-3.25958881,18.21173956,-8.92230691
7.10128726,18.09711352,-7.17367807
-4.15832069,18.87534114,-9.25788010
-5.19676037,19.56941126,-9.65828616
7.74280608,18.39289602,-7.17361547
8.00958088,18.76594294,-7.13718820
-5.78013560,20.12983206,-9.80815785
8.36507536,19.12690723,-7.12316874
-6.43238671,20.61377526,-10.01351024
-7.14502375,21.00649567,-10.29173185
8.83235942,19.47563532,-7.16159240
-7.90755280,21.29916573,-10.60442279
9.43039496,19.81357672,-7.30162373
-8.09222150,21.96269847,-10.48731785
9.24698844,20.60674236,-7.14431703
9.17308794,21.33190068,-7.06108350
-8.31741682,22.52004095,-10.45593760
9.19177336,22.02561207,-7.08360983
-8.55743080,23.01087412,-10.52133457
9.28432769,22.70953395,-7.23404437
-8.79846760,23.46231875,-10.66825000
-8.68090465,23.96714188,-10.56527827
8.90669787,23.44561743,-7.22886655
8.59843676,24.16970192,-7.33150715
-8.57528203,24.43618821,-10.53033786
-8.46698674,24.89016987,-10.56340798
8.34421919,24.89226294,-7.49497877
-8.35095909,25.34607437,-10.64954046
8.13755973,25.62036983,-7.69106727
-8.06916971,25.82009535,-10.60436296
7.74625817,26.36285631,-7.81029107
-7.80300074,26.32331555,-10.59789346
7.43144388,27.11098587,-7.98240967
-7.55998117,26.86420218,-10.63097870
7.20077556,27.85606794,-8.22027145
-7.34835408,27.44848339,-10.71923459
7.05547822,28.59578522,-8.52114263
-6.68896310,27.71735600,-10.39788485
6.28238477,28.91019236,-8.49590108
-6.11528235,28.00477555,-10.14948545
5.64400546,29.21112254,-8.52042544
-5.60252485,28.29551218,-9.98087452
5.10789142,29.49628283,-8.58737969
-5.13448737,28.58539180,-9.88049429
4.64853412,29.76950057,-8.69038796
-4.34377452,28.79644305,-9.67481213
3.84557187,29.88599186,-8.74109085
-3.63729641,29.01325416,-9.57307005
3.16850443,30.01028464,-8.85095379
-2.99117429,29.25685450,-9.54729156
2.57234586,30.16042421,-9.01657545
-2.39285162,29.55668854,-9.60266616
2.02997404,30.35112801,-9.23869612
1.43259147,30.24057544,-9.20342103
-1.82705256,29.63260449,-9.47176964
-1.28116322,29.76547499,-9.40469744
0.87160545,30.17839107,-9.22886504
-0.74051431,29.95797364,-9.39913454
0.33340521,30.16925839,-9.31526278
-0.19097096,30.21491719,-9.46461604
