-0.91580064,15.61065755,1.78571351
-1.78599564,15.72938467,1.73456631
-0.95092831,15.48040454,1.97774364
-1.81784746,15.59719748,1.91700716
-2.66853273,15.81098852,1.67406628
-2.69720277,15.67817657,1.84716591
-3.56521091,15.84121949,1.60585062
-3.59135661,15.70913253,1.77101145
-4.47929242,15.81057757,1.53578450
-4.50478081,15.67991204,1.69573117
-4.74887129,33.17353354,2.14847601
-3.41056450,32.99928553,2.31696547
-4.76300131,33.14045759,2.31571119
-3.42939360,32.97398514,2.47437924
-2.14891163,32.82025511,2.45345925
-2.16909300,32.79943695,2.60437232
-0.95404436,32.64575855,2.55870668
-0.97296690,32.62680029,2.70554837
0.17643820,32.48282284,2.63348115
0.16065699,32.46267035,2.77772748
-5.24542500,15.88507359,1.46859892
-5.27106107,15.75527984,1.62769907
-6.04058986,15.91325554,1.40928879
-6.06825238,15.78646039,1.56820795
-6.88017866,15.89781234,1.35680865
-6.91205540,15.77651103,1.51526849
-7.78645886,15.83291416,1.30648589
-7.82470920,15.72099083,1.46386149
-9.24061559,31.45099297,1.72531313
-8.22956977,31.91249785,1.80577999
-9.26859702,31.45125011,1.90987075
-8.24584258,31.90017353,1.98868684
-7.11960238,32.35690580,1.90558642
-7.13048050,32.33492346,2.08427780
-5.94544572,32.77827477,2.02208029
-5.95616942,32.74918377,2.19480195
-8.55337935,16.16716401,1.34159705
-8.60179716,16.06028112,1.49669909
-9.41455652,16.48598545,1.35739044
-9.47315248,16.38547690,1.50826368
-10.38193689,16.79999774,1.33326441
-10.44970297,16.70422134,1.47874823
-11.44572193,17.12195481,1.25347142
-11.51776552,17.02897440,1.39275722
-12.14749818,17.53591322,1.18219218
-12.21429524,17.44847560,1.31994128
-12.88775365,17.93821407,1.07267016
-12.94719863,17.85745611,1.21003328
-13.65704693,18.31537546,0.93192518
-13.70990498,18.24282261,1.06958610
-14.47067128,18.64368240,0.75048648
-14.51559684,18.58333400,0.89133911
-11.89655302,29.67008703,1.44907646
-11.11035928,30.01703611,1.49369957
-11.97215183,29.68783858,1.62231241
-11.17861139,30.03110370,1.67363509
-10.46249635,30.45625621,1.55612205
-10.51958245,30.46425421,1.74046331
-9.86059163,30.94256281,1.63578238
-9.90310668,30.94537212,1.82118278
-14.66033945,19.66362615,0.72887036
-14.70949353,19.61064984,0.86859519
-14.89395854,20.52052602,0.68930188
-14.94736299,20.47999128,0.82691917
-15.17718729,21.28785633,0.64121293
-15.23554031,21.25916247,0.77668188
-15.51301877,22.03081244,0.60952095
-15.57621932,22.01279810,0.74399528
-14.94865770,23.10408248,0.81375981
-15.00988913,23.09446305,0.94510557
-14.41002099,24.23597439,1.02527077
-14.47339419,24.23239318,1.15461335
-13.86229631,25.38583869,1.20391743
-13.93364027,25.38704606,1.33249426
-13.32051847,26.49620524,1.30705957
-13.40064420,26.50402263,1.43835270
-12.84000346,27.31166963,1.42127271
-12.92446079,27.32359459,1.55837145
-12.43246195,28.08675428,1.47219190
-12.51792659,28.10359446,1.61837447
-12.10503646,28.85426147,1.47654301
-12.18792774,28.87400249,1.63450408
-0.88552951,15.73966193,1.56868967
-1.76038869,15.85925922,1.53106392
-2.64760293,15.94053051,1.48402510
-3.54795625,15.97138517,1.42802019
-4.46442803,15.93880887,1.36564490
-4.73829728,33.24306889,1.97927296
-3.39922643,33.06116680,2.15803685
-2.13844273,32.87367032,2.30147493
-0.94591347,32.69352136,2.41102998
0.18118748,32.52859170,2.48878958
-5.23093082,16.01649868,1.30112944
-6.02497213,16.04383781,1.24355431
-6.86254111,16.01940639,1.19166132
-7.76375431,15.94402891,1.14234562
-9.20449086,31.48210658,1.53095226
-8.20909369,31.96414758,1.61435813
-7.10792549,32.42058948,1.72040940
-5.93535504,32.84504981,1.84529571
-8.52168318,16.27406012,1.18030171
-9.37274569,16.58719297,1.19989297
-10.32874098,16.89830631,1.18219235
-11.39060043,17.21040957,1.10692534
-12.09378591,17.61998872,1.03918815
-12.83864649,18.01456966,0.93193679
-13.61744267,18.37761504,0.78762623
-14.43214216,18.69582941,0.60945313
-11.82339741,29.66343997,1.26690684
-11.04241572,30.02338139,1.30208676
-10.40054109,30.47297980,1.36051163
-9.81284392,30.97038935,1.43944377
-14.61295741,19.71260868,0.59224063
-14.84695360,20.55714342,0.54804166
-15.12747699,21.31324974,0.50248506
-15.45926099,22.04716540,0.47286631
-14.89632138,23.11376096,0.68082548
-14.35218797,24.23957129,0.89614311
-13.79735446,25.38433214,1.07508868
-13.24948633,26.48894630,1.17414323
-12.76434124,27.30216467,1.28140815
-12.34900593,28.07120034,1.32257406
-12.02555146,28.84008862,1.31156179
-0.10382462,15.29076209,2.04325747
-0.06584978,15.41362098,1.84580581
0.73126463,15.08811770,2.09379692
0.77055765,15.20171873,1.89487101
1.55078434,14.87726627,2.13189761
1.58952264,14.98144763,1.93545641
2.35328753,14.66394593,2.16727951
2.38963123,14.75888722,1.97556560
4.01434189,31.33685741,2.81683295
3.14357902,31.56483727,2.78578687
4.01267417,31.37416869,2.68201221
3.14251207,31.60257016,2.64869428
2.22827374,31.82710201,2.78098067
2.23016942,31.86152103,2.64074715
1.23946086,32.12586325,2.78683123
1.24757507,32.15358563,2.64416100
3.03687127,14.62570170,2.18497115
3.06860721,14.71300927,1.99512292
3.70908915,14.58304913,2.20784057
3.73530417,14.66308669,2.02167360
4.37586957,14.53793725,2.23754796
4.39595865,14.60982160,2.05554159
5.04313811,14.48207990,2.27489970
5.05663143,14.54709925,2.09666696
6.88738134,29.10437449,3.20973699
6.12143585,29.62829748,3.08011302
6.86142002,29.10065465,3.05610785
6.10296498,29.63833516,2.93410335
5.41350362,30.17135108,2.96237105
5.40184864,30.19410121,2.82265159
4.72280733,30.73502621,2.86904219
4.71654793,30.76739911,2.73298254
5.63226033,14.78811568,2.35209720
5.63734580,14.84766304,2.17733025
6.23205251,15.05432262,2.42668095
6.22773070,15.11073292,2.25631648
6.85635114,15.30028258,2.49839232
6.84231601,15.35512693,2.33154582
7.53213682,15.51467732,2.57099969
7.50762539,15.56930221,2.40605105
7.99018420,15.79452237,2.61978082
7.95973163,15.84540237,2.45624594
8.48860862,16.06290762,2.67170637
8.45326119,16.11024418,2.50967043
9.04769583,16.31333625,2.73079417
9.00837448,16.35798215,2.56890270
9.67667014,16.55598771,2.80544151
9.63385005,16.60016673,2.64145010
9.81276116,27.07827109,3.34361740
8.91262053,27.54694118,3.32732669
9.78903611,27.06792647,3.16901791
8.88194860,27.53337733,3.15483793
8.14259967,28.04965930,3.29711202
8.11011355,28.03775327,3.12912753
7.47754981,28.57300849,3.25744846
7.44693145,28.56502979,3.09612280
9.93625472,17.36973168,2.82463126
9.88484592,17.41133363,2.66097686
10.28282537,18.16996613,2.85636174
10.22455285,18.20929686,2.69328613
10.72968816,18.96931579,2.91633667
10.66762276,19.00603203,2.75271572
11.28662165,19.78318403,3.02527784
11.22351447,19.81601507,2.85918758
11.10945621,20.82710827,3.03537750
11.05503319,20.85208454,2.87112518
11.00112823,21.83973372,3.08706499
10.95505015,21.85622758,2.92383875
10.90046783,22.82789611,3.13474368
10.85793886,22.83563176,2.97012195
10.75190834,23.79815426,3.12789561
10.70978222,23.79734432,2.95918344
10.50750292,24.56417610,3.19526571
10.46956107,24.55778640,3.02450204
10.25645557,25.35455834,3.24323416
10.22229578,25.34407023,3.06983046
10.01499723,26.18602774,3.28762119
9.98528080,26.17347194,3.11246987
-0.03150507,15.53515065,1.62106046
0.80744228,15.31455081,1.66753435
1.62706199,15.08666767,1.71084970
2.42553346,14.85463378,1.75766933
4.00745378,31.42635521,2.54897908
3.13627862,31.65779150,2.51365965
2.22457799,31.91622679,2.50237161
1.24574411,32.20426196,2.50223714
3.10035160,14.80435182,1.77992494
3.76190288,14.74695991,1.81019677
4.41663141,14.68365332,1.84860919
5.07125286,14.61471110,1.89483973
6.83523572,29.10922035,2.90183595
6.08528382,29.66401981,2.78923255
5.38919150,30.23090685,2.68426932
4.70877902,30.81534991,2.59886620
5.64349420,14.90651816,1.98239067
6.22444994,15.16913217,2.06518307
6.83139907,15.40637696,2.14460646
7.48537359,15.62150643,2.22310343
7.93127447,15.89489848,2.27575810
8.42123912,16.15506173,2.32973271
8.97009456,16.40386524,2.39058731
9.59689843,16.64174029,2.46591088
9.77254451,27.06724926,2.99361797
8.85339958,27.52792254,2.97964576
8.08097710,28.03710441,2.95984565
7.41935537,28.56953459,2.93423411
9.84074134,17.45329273,2.48469433
10.17074589,18.24974908,2.51640224
10.60658388,19.04473966,2.57716367
11.16312921,19.85030567,2.68324220
11.00393397,20.87868992,2.69907380
10.90809196,21.87479893,2.75403513
10.81367061,22.84566408,2.79944234
10.67169249,23.80095228,2.78525068
10.43376202,24.55576676,2.84995986
10.18928197,25.33777826,2.89337004
9.95991826,26.16690920,2.93428156
-1.09286214,16.96775550,-7.86644565
-1.94300239,17.09664931,-7.95585295
-1.09997823,17.06830446,-7.64201435
-1.95222125,17.19929697,-7.72866550
-2.80324758,17.15841621,-8.04826223
-2.81470434,17.26152552,-7.81937917
-3.68638320,17.14219108,-8.14010634
-3.70021560,17.24344945,-7.90986210
-4.60320493,17.04337377,-8.22886275
-4.61943562,17.13939004,-7.99694188
-0.24596942,16.96686283,-7.55722785
-0.24110395,16.86838830,-7.77961831
0.61051242,16.81607252,-7.48167705
0.61306157,16.72053710,-7.70015371
1.47568555,16.62460687,-7.41601670
1.47563146,16.53306794,-7.62893358
2.34985963,16.40179177,-7.35963605
2.34700184,16.31571005,-7.56525297
0.92053492,35.81193181,-7.64591136
-0.24902711,35.40874109,-7.78653159
0.95349124,35.79012170,-7.39596853
-0.21783759,35.38595228,-7.53018168
-1.47259695,34.98917228,-7.93736960
-1.44588977,34.96060695,-7.67458631
-2.76911711,34.58719840,-8.10939648
-2.74919146,34.54826642,-7.84283602
-4.16048073,34.24080592,-8.31046541
-4.14988077,34.18850588,-8.04607440
2.00532073,35.70891953,-7.24323758
1.97759043,35.72140899,-7.49631743
2.98442669,35.58792517,-7.10448004
2.96370955,35.59589040,-7.36080489
3.91318821,35.41437336,-6.98040110
3.90110189,35.42135940,-7.23864461
4.82643288,35.18040102,-6.87118046
4.82428966,35.18919757,-7.12871141
-5.42117138,17.16254917,-8.28215786
-5.43836299,17.25188445,-8.04376389
-6.26569933,17.22535076,-8.32319737
-6.28341993,17.30507306,-8.07919596
-7.13700392,17.24394387,-8.35613480
-7.15475379,17.31141427,-8.10759662
-8.03216279,17.23514495,-8.39233989
-8.04916846,17.28877617,-8.14175388
3.12761894,16.44942137,-7.30205290
3.12531900,16.36881974,-7.50539837
3.89469865,16.47338104,-7.25534396
3.89414304,16.40070111,-7.45519211
4.65173625,16.47747296,-7.21948334
4.65423638,16.41621807,-7.41573871
5.40041325,16.46766177,-7.19553249
5.40756308,16.42160461,-7.38898799
-5.50033159,33.45858545,-8.42663101
-5.50129199,33.41012069,-8.16178226
-6.85836478,32.71081968,-8.53674205
-6.86059110,32.66225029,-8.27792742
-8.24255680,32.00565020,-8.64007290
-8.23439506,31.95145988,-8.39300771
-9.70121558,31.37210094,-8.77361409
-9.67487597,31.30601644,-8.54583448
5.61283452,34.40111425,-6.75860176
5.62424272,34.41083757,-7.01477084
6.44603054,33.45349867,-6.70914262
6.47308501,33.47503732,-6.95268886
7.38912225,32.38105138,-6.71794002
7.43342339,32.42363949,-6.94210918
8.51163324,31.29366425,-6.75191481
8.57109072,31.36045899,-6.95810431
-8.90320520,17.38257106,-8.44404581
-8.91940975,17.42150184,-8.19318538
-9.79612537,17.53335139,-8.52441083
-9.81002084,17.55762245,-8.27786558
-10.71747300,17.71711491,-8.64507433
-10.72660775,17.72688894,-8.40675231
-11.68091204,17.97295708,-8.81912951
-11.68096282,17.96974692,-8.59141420
6.12814011,16.59553913,-7.18980965
6.14309709,16.56837919,-7.38332786
6.86054304,16.71311132,-7.20431413
6.88499068,16.70748083,-7.39984624
7.62266822,16.83577678,-7.24410036
7.65778520,16.85219817,-7.44387082
8.44920326,16.98600997,-7.31462173
8.49545776,17.02154101,-7.51979400
-12.23992747,29.75275294,-9.20067479
-11.50980441,30.10797038,-9.06313617
-12.21280013,29.69000665,-9.01271698
-11.47910946,30.04151005,-8.86660059
-10.85059077,30.49724486,-8.94516365
-10.81948847,30.42943307,-8.73840078
-10.25276805,30.92059106,-8.84883282
-10.22330964,30.85304782,-8.63137576
10.63229104,28.84232267,-6.96283370
10.03158306,29.40523444,-6.89915415
10.67551085,28.92350782,-7.16441812
10.08547428,29.48551904,-7.10027051
9.47672505,29.99918158,-6.84757220
9.53616264,30.07695198,-7.04881706
8.97146650,30.62851809,-6.80057493
9.03234281,30.70193823,-7.00315076
-12.16765209,18.33098336,-8.93062902
-12.16287478,18.32050605,-8.70746213
-12.69756509,18.70142295,-9.07307390
-12.68564501,18.68393372,-8.85566668
-13.28533019,19.08592866,-9.24851618
-13.26451622,19.06106850,-9.03851018
-13.94264175,19.48907638,-9.45533003
-13.91351540,19.45593807,-9.25294614
8.90852994,17.23568872,-7.35780417
8.96078335,17.28050305,-7.56628304
9.41291144,17.49508295,-7.41041254
9.47019006,17.54824839,-7.62024278
9.97461431,17.77373304,-7.47089145
10.03542810,17.83437846,-7.67835734
10.60526735,18.08137764,-7.53192257
10.66826955,18.14851500,-7.73379401
-13.97462803,20.23894826,-9.51425250
-13.93553307,20.20098316,-9.31213103
-14.02261415,21.00741530,-9.56849257
-13.97330784,20.96440672,-9.36710695
-14.09810733,21.79360223,-9.62074066
-14.03907897,21.74554599,-9.42023425
-14.21424475,22.59848930,-9.67801267
-14.14657243,22.54547686,-9.47868440
10.75491121,18.68647374,-7.53291757
10.82548937,18.75886822,-7.73872242
10.94438191,19.32291968,-7.54293511
11.02008548,19.40112223,-7.75130090
11.17634804,19.99876284,-7.56061066
11.25253055,20.08438924,-7.76838587
11.44348446,20.72274103,-7.57654340
11.51625462,20.81588158,-7.78126121
-13.90050240,23.62293176,-9.65717901
-13.83215772,23.56757393,-9.46203010
-13.63377890,24.65654254,-9.63949342
-13.56729342,24.59897355,-9.45055935
-13.40454342,25.69883432,-9.60662272
-13.34129148,25.63878319,-9.42311113
-13.20595537,26.74939884,-9.54388837
-13.14657538,26.68681963,-9.36424675
11.37472440,21.73900460,-7.56298203
11.43793909,21.83634577,-7.77109600
11.32522177,22.83426180,-7.52673535
11.38033154,22.93353461,-7.73723626
11.27689101,23.99358659,-7.46325738
11.32914131,24.09382014,-7.67504746
11.22715303,25.20564738,-7.37339014
11.28120666,25.30608354,-7.58502845
-12.91244447,27.48121343,-9.44667617
-12.86123158,27.41952137,-9.26778395
-12.64690989,28.22121878,-9.35110316
-12.60346025,28.15979046,-9.17069355
-12.41988841,28.97571688,-9.26644949
-12.38424396,28.91370773,-9.08289003
11.05535455,26.09508559,-7.27524367
11.11038800,26.19179449,-7.48757165
10.89304129,26.99861850,-7.16830929
10.94765729,27.09068106,-7.37900763
10.75007903,27.91314322,-7.06095334
10.80081271,28.00014725,-7.26760086
4.82350795,35.16314584,-6.60667327
5.59751087,34.38183124,-6.49541760
6.41494349,33.42583282,-6.46061803
7.33920482,32.33745163,-6.49141797
8.44444046,31.22981453,-6.54479985
2.35147813,16.48992376,-7.13802696
3.12769257,16.53552129,-7.08141396
3.89238078,16.55377418,-7.03783320
4.64612708,16.54810534,-7.00664777
5.39039961,16.52369676,-6.98840875
10.57772613,28.76801912,-6.75655814
9.96648636,29.33058083,-6.69479806
9.40670541,29.92640569,-6.64411576
8.90137191,30.55916756,-6.59643926
8.40145041,16.95254075,-7.10774375
8.85352393,17.19170035,-7.14577905
9.35134134,17.44224454,-7.19414101
9.90814767,17.71386356,-7.25269991
10.53701324,18.01590566,-7.31670919
10.67561283,18.62051189,-7.30911719
10.85696584,19.25531462,-7.31195806
11.08703799,19.92739838,-7.32846576
11.35754131,20.64516846,-7.34730392
-13.89517168,19.42744915,-9.04674935
-13.90574163,20.16927561,-9.10592085
-13.93177440,20.92854373,-9.16193017
-13.98622304,21.70529613,-9.21702387
-14.08349870,22.50074195,-9.27743383
11.29588012,21.66038084,-7.32906373
11.25284206,22.75510654,-7.29052218
11.20607047,23.91282775,-7.22705274
11.15433658,25.12217371,-7.14058258
-13.76724471,23.52116750,-9.26568290
-13.50368806,24.55093584,-9.26100103
-13.28077545,25.58874609,-9.23948142
-13.09004832,26.63436108,-9.18430009
10.98229896,26.01311787,-7.04522095
10.82253084,26.91773403,-6.94452827
10.68588362,27.83466784,-6.84543801
-12.81331328,27.36836625,-9.08813763
-12.56375638,28.10881907,-8.98896413
-12.35259635,28.86267543,-8.89744806
-12.18929701,29.63854791,-8.82255320
0.97262564,35.77599584,-7.14137928
2.02000927,35.69813965,-6.98463462
2.99390726,35.57649248,-6.84179302
3.91683887,35.40044333,-6.71492716
-1.10154418,17.16062343,-7.40053948
-0.24661763,17.05920069,-7.31808354
0.61038468,16.90787744,-7.24638598
1.47627063,16.71550374,-7.18675885
-1.95497869,17.29213757,-7.48369740
-2.81948539,17.35424562,-7.57217437
-3.70792348,17.33450735,-7.66165245
-4.63084831,17.22546934,-7.74818411
-0.20260831,35.37925641,-7.26624743
-1.43613708,34.95848848,-7.39994111
-2.74500593,34.54503578,-7.56000433
-4.15149184,34.17506220,-7.76370327
-5.51199513,33.40523009,-7.87548313
-6.87022782,32.65521511,-7.99869279
-8.23240373,31.93158273,-8.12888168
-9.65390620,31.26384966,-8.30649254
-5.45204664,17.33241793,-7.78758245
-6.29953394,17.37711752,-7.81680952
-7.17341164,17.37261250,-7.84064172
-8.06989859,17.33760263,-7.87385306
6.11085906,16.63276770,-6.98579307
6.83443718,16.72717148,-7.00228697
7.58636517,16.82506708,-7.04121546
-8.94222766,17.45768448,-7.92644002
-9.83337598,17.58038536,-8.01733568
-10.74754992,17.73669537,-8.15631238
-11.69487945,17.96761388,-8.35330476
-12.17247756,18.31201143,-8.47377659
-12.68753842,18.66946212,-8.62963499
-13.25642490,19.04015145,-8.82202529
-11.45299884,29.98859979,-8.66611286
-10.79341966,30.37806863,-8.52491194
-10.19920678,30.80563863,-8.40473622
0.05496995,33.57256730,1.47973225
-1.07788822,33.77197224,1.36241305
-0.02174603,34.68591064,0.44733585
-1.14285042,34.85396964,0.32680498
1.13620289,33.15431822,1.52710526
1.06597145,34.19136000,0.50794661
-2.25715584,33.98758370,1.21082031
-2.30053886,35.02214063,0.18748096
2.15782661,32.78580306,1.55446404
2.12654631,33.75001806,0.54917219
3.12713913,32.45770820,1.58527087
3.15545071,33.36459505,0.58860106
-3.50268748,34.20528003,1.02369171
-3.53014865,35.18157485,0.03238323
4.06055116,32.16419179,1.63081382
4.15812952,33.02523148,0.63659368
-4.84584000,34.40523181,0.80497535
-4.87393968,35.32119718,-0.13650383
-6.05840940,33.93657911,0.61209436
-6.13402639,34.81423150,-0.31658118
4.78345382,31.45352134,1.66684058
4.94486266,32.22852657,0.67004649
-7.21635851,33.42387229,0.42955317
-7.35478174,34.25432234,-0.49529420
5.46948041,30.76030293,1.72292758
5.67668708,31.44800076,0.70604518
6.15941851,30.06750736,1.77984659
6.39579923,30.65519559,0.72768633
-8.26294525,32.84031898,0.26929396
-8.45165472,33.58879122,-0.67032064
6.90620258,29.37294871,1.82575870
7.17203123,29.84913929,0.72718830
-9.16672673,32.17143672,0.13930313
-9.37289167,32.77676880,-0.84363552
7.45525352,28.76320324,1.79469944
7.70454465,29.18337767,0.66666582
-9.64845680,31.51220770,0.03508198
-9.81536596,31.99879523,-0.98923704
8.09139486,28.16836391,1.76446581
8.33098421,28.54307374,0.61444010
-10.13826423,30.84978979,-0.04573410
-10.27527889,31.21280530,-1.12133258
8.84960159,27.61576606,1.74884862
9.08395548,27.95758216,0.58472711
-10.72280654,30.23246923,-0.08772298
-10.84914007,30.48478365,-1.22235945
-11.48641620,29.71664913,-0.08377336
-11.63105297,29.88607829,-1.28165825
9.76636350,27.14183235,1.75533252
9.98927772,27.45869843,0.58382948
9.94470319,26.25458846,1.69234011
10.17296044,26.54802927,0.51196749
-11.71385341,28.83868337,0.06549865
-11.88942916,28.97884598,-1.20240666
-12.09843723,28.05042822,0.19202896
-12.31837601,28.18368312,-1.11007936
10.16704892,25.44734025,1.65608548
10.39711577,25.71504153,0.46631047
10.40558820,24.69233447,1.61504114
10.63923980,24.93011134,0.41937807
-12.59127597,27.29261274,0.24430167
-12.86218635,27.43871751,-1.06173054
-13.15827754,26.50952486,0.19519035
-13.46751101,26.68865101,-1.10369842
10.63999693,23.96622935,1.54411342
10.88330407,24.16693919,0.35047377
-0.02797708,35.57622669,-0.60524200
-1.14253265,35.66481326,-0.70870399
1.06289491,35.07933849,-0.55431777
2.14518694,34.60463115,-0.50471022
-2.28760917,35.73753317,-0.82394999
3.21385955,34.17032657,-0.44754512
-3.49982835,35.78721443,-0.95164683
4.26685625,33.77921280,-0.38038727
-4.81956455,35.80698606,-1.09260112
-13.72264714,25.43013882,0.13379352
-14.00935922,25.63275465,-1.13850745
10.73777372,23.02413017,1.54120446
10.98988333,23.17238309,0.32965166
5.10543246,32.89799715,-0.33183264
-6.08500016,35.24316723,-1.24718884
10.78913428,22.07779852,1.46816167
11.06562441,22.16683410,0.25526567
-14.26639528,24.31784464,-0.04619614
-14.50139140,24.53116183,-1.30175701
5.87032319,32.03025956,-0.29615357
-7.33968815,34.63630096,-1.40487552
-8.49249120,33.91535490,-1.57307691
6.60687239,31.14471671,-0.28787043
10.83913786,21.11162383,1.37368387
11.14921179,21.13707506,0.16673293
-14.77812740,23.22719671,-0.28809537
-14.96562465,23.42164385,-1.52868168
7.39894933,30.24433224,-0.30733645
-9.46417285,33.00732521,-1.76470860
10.94295273,20.12065297,1.30548672
11.28536550,20.08446560,0.09988478
-15.30366961,22.19039654,-0.53597383
-15.45951403,22.33943064,-1.76015968
7.89717280,29.54049728,-0.37670033
-9.90203958,32.17856301,-1.92644007
-14.98007086,21.46651417,-0.50591372
-15.13884360,21.53421550,-1.72394597
10.39619317,19.33937776,1.19330754
10.79936308,19.24888284,-0.00307093
8.48925091,28.86808546,-0.43888279
-10.36639635,31.34219215,-2.08361239
-14.70568911,20.73544602,-0.46286318
-14.86791681,20.73082977,-1.68032118
9.98089617,18.55801999,1.10787027
10.43493572,18.39868465,-0.08919790
9.20292934,28.25280843,-0.48107532
-10.95506392,30.56980642,-2.22439512
-14.47901113,19.93640125,-0.42298118
-14.64599767,19.88109084,-1.64253091
9.68075996,17.76980161,1.03752659
10.17261232,17.53068165,-0.16190847
-11.76109572,29.93617808,-2.34327684
10.05852385,27.71960213,-0.49591820
-14.31123760,18.98574304,-0.41270477
-14.48290598,18.92836458,-1.63149064
9.47045454,16.96948747,0.98022679
9.98504486,16.65045269,-0.21727267
10.22656815,26.78123323,-0.57382967
-12.05931047,29.03596192,-2.33848673
-13.50304689,18.71406637,-0.22866842
-13.69020345,18.59616617,-1.45065491
8.88578122,16.69745212,0.90265412
9.38325884,16.32866829,-0.28740975
8.37514339,16.42524890,0.83511968
8.84679917,16.02342739,-0.34784512
-12.74130272,18.40052893,-0.09449111
-12.95814184,18.24780478,-1.32080642
-12.02440282,18.05072983,-0.01022425
-12.28247632,17.88464101,-1.24001116
7.92121752,16.15112929,0.76962973
8.36269135,15.72812871,-0.40491800
7.51005335,15.87149189,0.70266940
7.91839975,15.43711199,-0.46084309
-11.35910811,17.67650999,0.02775058
-11.66113624,17.51118154,-1.20221502
-12.52552726,28.25415416,-2.32824654
10.43927149,25.91589637,-0.62671545
6.88180185,15.65842329,0.60366515
7.21617019,15.24526194,-0.54830511
-10.33919010,17.42820014,0.05605103
-10.66639256,17.26483499,-1.16735877
6.29800129,15.43378492,0.49892672
6.56000172,15.05192796,-0.63909463
-9.43190649,17.16202955,0.02533036
-9.76591765,16.99803157,-1.17886926
5.73627218,15.19283513,0.38925875
5.92850923,14.84800031,-0.73427873
-8.61870128,16.87553535,-0.03908874
-8.93602842,16.70439783,-1.21144076
-13.08931299,27.53053622,-2.34988908
10.67477335,25.09395770,-0.67647440
5.17857410,14.93155219,0.27622482
5.30496507,14.62638199,-0.83438280
-7.87603670,16.55996655,-0.11705479
-8.15432018,16.38046144,-1.25153100
2.54274643,15.27070530,-0.06005713
3.21895683,15.19018266,0.01127288
2.49916068,15.02716780,-1.23083607
3.20953738,14.94216270,-1.13695859
-4.52077501,16.56151321,-0.10281242
-3.56806862,16.58859924,-0.12906700
-4.63766047,16.35309153,-1.27110536
-3.65285031,16.40110124,-1.30730664
-5.32427558,16.64206918,-0.10569484
-5.48267176,16.43746620,-1.25487138
1.73502692,15.53360512,-0.15264630
1.66583116,15.32136307,-1.33398719
-6.14409014,16.66915642,-0.11038540
-6.34735010,16.46453908,-1.24733879
3.87998413,15.10496262,0.09378265
3.91038173,14.84467053,-1.03706250
0.90413521,15.79048740,-0.21743695
0.82151952,15.60065756,-1.40816236
-2.63299871,16.53837868,-0.17249812
-2.70419657,16.36210588,-1.35836528
4.53131235,15.01789367,0.18323653
4.60694929,14.73824934,-0.93512664
-6.99001446,16.64226699,-0.11461510
-7.23556037,16.44267844,-1.24682518
-1.71709527,16.42387085,-0.21821933
-1.78856633,16.25132359,-1.40926085
0.05141154,16.03600510,-0.24980816
-0.03250845,15.85795980,-1.44416721
-0.82173415,16.26041143,-0.25382088
-0.90031334,16.08256344,-1.44510502
10.91720178,24.28992058,-0.74080349
-13.68273391,26.80491881,-2.42831204
1.13256876,35.89400444,-1.51605245
0.01926973,36.37215331,-1.57463480
-1.11972778,36.38134389,-1.68645914
11.05807036,23.23601096,-0.76651152
-14.20177452,25.77306808,-2.47288845
-2.28100738,36.34438778,-1.80860292
2.23807579,35.39299853,-1.45616506
-3.49586886,36.25469662,-1.94198768
3.33183554,34.90457303,-1.38589152
-14.65802984,24.66461183,-2.59538719
11.17484629,22.16550996,-0.83073398
4.41151683,34.44783035,-1.30559133
-4.79847689,36.10439566,-2.08724072
5.27142055,33.47826491,-1.25604025
-6.04723248,35.41591261,-2.22914488
-15.09342174,23.52576901,-2.76281715
11.30617598,21.07205609,-0.90423683
-7.29248170,34.69259042,-2.37436439
6.03481432,32.51377407,-1.23785940
-15.55845725,22.41395277,-2.94292586
11.49202144,19.96322318,-0.95985676
6.75212264,31.52803049,-1.26087267
-8.45438885,33.87118261,-2.53720235
11.08233875,19.08333162,-1.03850041
-15.26313647,21.56780842,-2.89628692
7.52147355,30.53415359,-1.31458312
-9.46159840,32.87261241,-2.73879365
-9.91068135,32.04309559,-2.89967846
7.96221522,29.80529916,-1.39537894
10.77580119,18.18562309,-1.10403736
-15.01182672,20.72526361,-2.84581096
8.49717054,29.11348540,-1.46563919
-10.40679836,31.21893589,-3.06689640
10.55296487,17.27417958,-1.15791765
-14.80262925,19.84722837,-2.80214125
9.15064897,28.47780924,-1.51594524
-11.03402509,30.46777521,-3.23530697
-14.64141513,18.89566668,-2.78347152
10.38994325,16.36335593,-1.19691138
-11.86392959,29.85609631,-3.40385203
9.94223635,27.91711288,-1.54160461
9.77218274,16.01679930,-1.23144282
-13.87047795,18.46462328,-2.58859876
9.21110439,15.70642686,-1.25580001
-13.16713076,18.02447033,-2.43773260
-12.17955428,28.98930509,-3.44935434
10.09347525,26.96275455,-1.61090349
-12.52315989,17.58731965,-2.32745249
8.69674230,15.42177539,-1.27793352
8.21921087,15.15150264,-1.30224109
-11.92982891,17.16211319,-2.25337939
-10.93558762,16.86721506,-2.15492383
7.44151534,15.01501044,-1.34551461
10.30022945,26.07556659,-1.66516906
-12.62852480,28.22303177,-3.50191285
6.71545099,14.88220628,-1.40154630
-10.01569903,16.59859760,-2.10750964
-9.15018743,16.33645599,-2.09252608
6.02129547,14.73782472,-1.47285333
5.34302490,14.57112040,-1.56128042
-8.32137578,16.06697249,-2.10071019
-13.14932479,27.50528904,-3.58094396
10.54128950,25.22869978,-1.71800160
-5.56145178,16.26547898,-2.10254976
-4.69452542,16.21603530,-2.12920469
1.58010573,15.32170514,-2.09639256
2.42346676,15.01012707,-1.98031021
3.15416771,14.92788373,-1.86916959
-3.70061165,16.32824122,-2.16329541
3.88034245,14.82462876,-1.75820746
-6.45457409,16.24425015,-2.08672029
4.60779027,14.70443480,-1.65388361
-7.37403456,16.17035206,-2.08485870
-2.75503742,16.32984002,-2.20366551
0.73408100,15.60878036,-2.18595231
-0.11455073,15.86364915,-2.23726892
-1.84938805,16.23906327,-2.23764524
-0.97300792,16.07567972,-2.25432885
-13.68342590,26.78293636,-3.69584203
10.79980851,24.39785463,-1.78139922
-14.14800295,25.75475799,-3.75935526
10.97323451,23.29846727,-1.81593721
-14.56833785,24.65401850,-3.86238387
11.12993988,22.18191964,-1.87897973
1.29564421,36.48760317,-2.45724678
0.15069298,36.92672058,-2.54961724
-1.03666324,36.87203279,-2.67937323
-2.24370802,36.74415940,-2.81708572
2.41889129,35.99469567,-2.37046259
11.29864779,21.04855323,-1.95344561
-14.97882628,23.52562377,-3.99242313
-3.49203893,36.53314243,-2.96230464
3.51910290,35.48823014,-2.28323118
-4.80613941,36.23046368,-3.11649057
4.59881839,34.99531193,-2.19867130
5.45835057,33.97858159,-2.15606977
-6.05149221,35.41733008,-3.24005005
11.51542749,19.91420088,-2.01952789
-15.41750018,22.42779387,-4.13694242
6.20805266,32.93705758,-2.17320960
-7.27887865,34.56032394,-3.37880129
11.17122618,19.02927364,-2.09625238
-15.16638501,21.58786408,-4.08315831
-8.42650505,33.61328244,-3.55153290
6.90311233,31.86179786,-2.24874257
10.91689838,18.13622464,-2.16368186
-14.95491748,20.75269194,-4.02951205
-9.47136459,32.53353371,-3.77906096
7.65519194,30.78542538,-2.35427367
8.04601498,30.04397997,-2.44847263
-9.94631122,31.73976367,-3.94325007
-14.77884904,19.88884612,-3.98492700
10.73386463,17.24248642,-2.21888581
-10.49156358,30.97982732,-4.12473468
8.52927958,29.34384154,-2.52450346
-14.64037724,18.96554000,-3.96611644
10.60050720,16.36296504,-2.25704733
-11.16566903,30.30732124,-4.32418232
9.12468530,28.69598835,-2.57940231
9.98284392,16.01858236,-2.25437966
-13.89570347,18.49377276,-3.76070505
-13.22208971,18.00541855,-3.59281975
9.41586789,15.72208102,-2.23623983
-12.00923980,29.76548926,-4.54283716
9.84997120,28.11181296,-2.61280285
-12.60832108,17.52108870,-3.45906796
8.89017321,15.45987677,-2.21403790
-12.04245161,17.05842143,-3.35518741
8.39772043,15.21638826,-2.19608209
-12.31641212,28.94327197,-4.63041052
9.98546841,27.14528695,-2.65825914
-11.05649589,16.73017752,-3.18479794
7.56944451,15.12587407,-2.17286646
6.79515605,15.04027303,-2.17620562
-10.12917175,16.47128890,-3.06916247
10.18793897,26.23984011,-2.70243058
-12.71396336,28.19285599,-4.73483561
-9.24398078,16.24570760,-2.99665018
6.05712219,14.94084569,-2.21063247
-8.38743312,16.02619377,-2.96152140
5.34049168,14.81519101,-2.27953917
4.58199321,14.94651450,-2.35825131
-7.43139777,16.15619775,-2.90996064
3.83505941,15.05823184,-2.45967990
-6.49976192,16.25618246,-2.88874551
-5.59532006,16.29575028,-2.88863984
3.09291211,15.14587223,-2.57442425
-4.72064580,16.25380568,-2.90341973
2.34959700,15.20446301,-2.69309437
1.50275913,15.50249881,-2.80741020
-3.72960938,16.39680709,-2.91491610
0.65908290,15.77101600,-2.89532185
-2.79248359,16.41946124,-2.93686532
-1.89791198,16.34336779,-2.95745887
-0.18301673,16.00398007,-2.94611419
-1.03272542,16.19017066,-2.96643778
-13.15706350,27.47283438,-4.85948197
10.43557937,25.37379420,-2.75111181
-13.60412055,26.74234931,-5.00059006
10.70779329,24.52620332,-2.80911238
10.89737248,23.39889215,-2.84900309
-13.97824107,25.70105842,-5.07196250
11.06356359,22.25922124,-2.91483552
-14.33578893,24.60502203,-5.14592088
11.22800170,21.11172677,-2.99883444
-14.70749989,23.49017600,-5.22630532
0.38234107,36.94714045,-3.65270810
-0.84018984,36.81533193,-3.78913735
1.53125066,36.60215729,-3.51109332
-15.12429931,22.40355692,-5.32297908
11.43067564,19.97869966,-3.08820147
2.63790533,36.18923797,-3.38291652
-2.08719260,36.60212413,-3.92522442
-3.37170373,36.30083912,-4.06078241
3.70544017,35.73965160,-3.26947867
-4.71108562,35.90906309,-4.20278117
4.74403073,35.27453987,-3.17824453
-14.93748805,21.56988006,-5.26181133
11.12612491,19.11837784,-3.17513846
-5.97794410,35.05600220,-4.28648231
5.57192343,34.28138502,-3.13230756
6.30070790,33.21017462,-3.18160732
-7.20744550,34.14136742,-4.41640789
10.90411076,18.26361202,-3.25690972
-14.79134199,20.74307248,-5.20636764
6.98709552,32.07910726,-3.31816133
-8.36811630,33.14230138,-4.60999501
-14.67530606,19.89801745,-5.16208773
10.74759766,17.41943472,-3.32755386
7.75211855,30.94708227,-3.49969097
-9.49506758,32.07766571,-4.88484402
8.11397639,30.20481655,-3.61619912
-10.00576425,31.37104666,-5.06521982
10.63608778,16.59638719,-3.38110140
-14.58492681,19.01136460,-5.14153811
8.56317380,29.50376227,-3.70001857
-10.59338519,30.71711714,-5.27356364
10.02863736,16.27734981,-3.34787043
-13.87377797,18.53846805,-4.93843622
9.46891938,16.01249868,-3.29341646
-13.22799813,18.04756613,-4.77020137
-11.29071158,30.14936979,-5.51210407
9.11368952,28.84996136,-3.75233631
8.94751640,15.78422130,-3.23282905
-12.63826510,17.55878445,-4.63017574
-12.09218120,17.09181914,-4.51242047
8.45687468,15.57422868,-3.17749488
-12.11100147,29.68450537,-5.77876520
9.77843395,28.25015748,-3.77726999
7.60679916,15.53366486,-3.08740215
-11.10816316,16.75890316,-4.28569107
-10.17553580,16.51785600,-4.10169817
6.81103712,15.49098234,-3.03635042
-12.37929098,28.89692343,-5.89926227
9.90045941,27.28375014,-3.77309078
-9.27869335,16.32545828,-3.96250452
6.05241258,15.42492337,-3.02933966
-8.40540134,16.14887939,-3.87082667
5.31658681,15.32314298,-3.07102468
10.09110646,26.37301898,-3.78216186
-12.70080991,28.15210634,-6.03847024
-7.45098998,16.28896626,-3.77324915
4.54901123,15.43210178,-3.13118475
-6.51696039,16.39941696,-3.71803156
3.79308022,15.51218505,-3.22177129
3.04266504,15.56131438,-3.33069666
-5.60936283,16.44726109,-3.69231896
2.29216961,15.57669196,-3.44640427
-4.73282488,16.41018662,-3.68751532
-3.74838640,16.57415555,-3.67138480
1.44446485,15.83447635,-3.54695777
0.60346387,16.06500147,-3.62217872
-2.81973818,16.61493890,-3.67270577
-0.23377276,16.26320644,-3.66512075
-1.93425150,16.55440030,-3.68067169
-1.07734973,16.41641198,-3.68417273
10.32847745,25.50291232,-3.80669700
-13.04590512,27.42026762,-6.18833563
-13.38909797,26.67478417,-6.33334589
10.58720463,24.65614640,-3.84411641
-13.66015694,25.61927684,-6.38581645
10.75727226,23.52833259,-3.87616500
10.88514908,22.39758353,-3.93442673
-13.94739250,24.53145364,-6.40675905
10.98799190,21.26784340,-4.01692427
-14.28165480,23.43445324,-6.42017535
11.11921815,20.16189283,-4.11642389
-14.68787409,22.35785514,-6.46041454
10.82564440,19.34669258,-4.20886727
-14.58433506,21.53057026,-6.38278992
0.66903646,36.20999484,-5.04332886
-0.53410437,35.98704029,-5.13192806
1.74863269,36.02776431,-4.86509467
2.77193022,35.78498581,-4.70138678
-1.77465020,35.71579767,-5.20930315
-3.06310239,35.39258964,-5.29272515
3.75141915,35.48871693,-4.56470760
-14.52449900,20.71539608,-6.31866942
10.61639220,18.54423403,-4.30537529
-4.41672465,35.01880637,-5.41248887
4.70957579,35.14652690,-4.46971142
5.48539960,34.27113452,-4.40287415
-5.71309647,34.24809624,-5.46234402
-6.97923655,33.40571842,-5.62560058
6.22488161,33.26600839,-4.48544519
-14.48860540,19.89643089,-6.26988537
10.47972147,17.75471243,-4.40076044
6.97397191,32.16060030,-4.68224955
-8.22543396,32.50667473,-5.89122458
-14.46203365,19.05995429,-6.24492470
10.39554833,16.98655337,-4.48653340
-9.50426895,31.59902621,-6.26348723
7.83142442,31.01469634,-4.89393817
8.20338346,30.28333991,-4.98361540
-10.04882008,31.01790847,-6.47084369
9.83013494,16.70813733,-4.44276176
-13.80979155,18.62390700,-6.02898893
9.31623807,16.48500506,-4.37184682
-13.20590653,18.17561542,-5.85425461
-10.64934975,30.48125763,-6.69992359
8.64864044,29.59284545,-5.03389272
8.83772061,16.29550882,-4.29013449
-12.64431752,17.72880711,-5.71111772
-12.11632680,17.29909531,-5.59030916
8.38410874,16.12045574,-4.20923742
-11.32158219,30.00484410,-6.95255258
9.18108019,28.94941128,-5.05892824
-11.12864259,16.99857345,-5.34076572
7.56171971,16.13512517,-4.05653064
6.77972908,16.13692408,-3.95065091
-10.18537270,16.79442009,-5.12204856
9.81516937,28.35819600,-5.07399846
-12.07794509,29.59375201,-7.22105968
6.02674424,16.10220209,-3.90193321
-9.27564435,16.64539446,-4.94293267
-8.38839137,16.51963644,-4.80998727
5.29197727,16.01708268,-3.91577202
9.90113622,27.40246490,-5.03428690
-12.26622074,28.81290847,-7.34288132
-7.43901864,16.66359262,-4.68144637
4.53012177,16.09960218,-3.96176333
-6.50687877,16.77909982,-4.59844418
3.77704767,16.14289360,-4.04551028
3.02756593,16.14966649,-4.15239550
-5.59951065,16.83187930,-4.54841270
-4.72255254,16.79947635,-4.52404532
2.27658010,16.12147277,-4.26946125
1.43000875,16.33682446,-4.36142542
-3.74331303,16.96496483,-4.48421730
0.59084014,16.53027664,-4.42637173
-2.81955017,17.00928519,-4.47011902
-1.93871865,16.95419068,-4.47124885
-0.24433626,16.69744703,-4.46093415
-12.49598649,28.05511444,-7.48300873
10.05402761,26.49709191,-5.02587242
-1.08552545,16.82407838,-4.47574880
10.25756713,25.63268582,-5.05197432
-12.75551347,27.30558813,-7.62845067
10.48493327,24.79513376,-5.10221412
-13.03373586,26.55386762,-7.75989379
-13.23397632,25.50136065,-7.79468254
10.59413193,23.67032974,-5.13962361
-13.47392972,24.44595481,-7.77852633
10.67111237,22.55937059,-5.19490950
10.72817861,21.46121329,-5.26584798
-13.77569766,23.39259652,-7.74327249
-14.16109087,22.34915005,-7.73781830
10.82282110,20.39713274,-5.35393559
-14.09730363,21.54244916,-7.64230223
10.54240378,19.63380849,-5.42108888
10.34622382,18.89218095,-5.50839195
-14.08720281,20.75123537,-7.56439890
10.22814572,18.16884596,-5.61325449
-14.10608492,19.96736829,-7.50406473
10.16185979,17.47270470,-5.71941455
-14.13100807,19.18499728,-7.46751664
-13.54744279,18.79312944,-7.21796181
9.59471952,17.20423993,-5.68608104
9.09561550,16.98664279,-5.63404287
-13.00615430,18.40299551,-7.02190843
-12.49521627,18.02033660,-6.86896171
8.64475539,16.80311114,-5.56978835
8.22798809,16.63725801,-5.49912264
-12.00598419,17.65242579,-6.74796347
7.45613694,16.68350375,-5.32497240
-11.04958925,17.42325114,-6.49086978
-10.11781138,17.28310703,-6.26471691
6.72683156,16.72645397,-5.18091444
6.01592754,16.72592948,-5.09009245
-9.20664802,17.19078009,-6.07778062
5.30823037,16.66128302,-5.06589086
-8.31144361,17.11105817,-5.94129793
4.56774880,16.72654199,-5.08319126
-7.37067363,17.24004211,-5.82083443
3.82619251,16.74333317,-5.14552716
-6.44582682,17.32826634,-5.75179977
3.08067190,16.71823980,-5.23901549
-5.54596396,17.34826610,-5.71847850
2.32785071,16.65587000,-5.35195438
-4.67677527,17.28309677,-5.71044325
-3.70812839,17.41911967,-5.65787880
1.47372597,16.84426266,-5.43090030
-2.79108600,17.44567275,-5.62527947
0.62705635,17.01042304,-5.49546843
-1.91359571,17.38314401,-5.60404856
-0.21440811,17.15087727,-5.54493385
-1.05987473,17.25432910,-5.58524329
0.13136183,32.97349596,1.97934067
-1.00009795,33.15398092,1.88228125
1.20132818,32.61563718,2.01028716
2.19604850,32.29827975,2.02558437
-2.18984669,33.35557220,1.75033688
3.13066566,32.01131206,2.04911121
-3.44736336,33.56891323,1.57867561
-4.79131008,33.77686187,1.36554078
4.02757225,31.75058996,2.09232263
4.73241370,31.09057139,2.13697173
-5.99195280,33.34515775,1.19735022
5.40967106,30.44963445,2.20877105
-7.14860615,32.87706863,1.03799876
-8.21094743,32.35659952,0.90180714
6.09782058,29.81722856,2.29057736
6.84089045,29.19018587,2.37070556
-9.14908177,31.78041403,0.79784954
7.40187448,28.61459341,2.37035965
-9.68069167,31.20108473,0.70467235
-10.20884001,30.62351229,0.63373703
8.04585929,28.04863905,2.36583906
8.80849836,27.51528302,2.36592153
-10.81656683,30.08815899,0.59713567
9.72837405,27.04818059,2.37626166
-11.58648621,29.64726460,0.59735210
-11.80879077,28.80301473,0.71166521
9.91327778,26.16086007,2.31716437
10.14249214,25.35097877,2.28321197
-12.16530045,28.03423455,0.78575680
10.38680736,24.59168390,2.24573638
-12.61849561,27.27936216,0.79129564
-13.14420361,26.48542256,0.71344686
10.62291476,23.86119014,2.18113574
10.74222765,22.92100008,2.19401877
-13.70332402,25.39661449,0.63134058
-14.25675078,24.26949006,0.45321847
10.80884937,21.97182242,2.13788574
10.87057438,21.00137970,2.06246569
-14.78570519,23.16423651,0.22818455
10.98936866,20.00263683,2.01925799
-15.32686369,22.11996266,0.00389795
-15.00054929,21.40757417,0.03370161
10.42821717,19.21904437,1.90890499
9.99625873,18.44147133,1.83683742
-14.72408362,20.68075135,0.07809548
-14.49433087,19.87449452,0.12080624
9.67772681,17.66102827,1.78821194
-14.32097008,18.90005842,0.13530461
9.45005089,16.86846009,1.75181758
8.84924758,16.61851454,1.67578237
-13.50782894,18.61290588,0.31468366
-12.73386733,18.27757877,0.45299552
8.32585188,16.36257838,1.61229125
-11.99797589,17.90523438,0.54884948
7.86044372,16.10057833,1.55250568
7.43829173,15.83066263,1.49137566
-11.30866415,17.51231547,0.60283985
6.80738036,15.62344777,1.39956995
-10.26292741,17.23421826,0.65653473
6.22258470,15.40148471,1.30278807
-9.33153002,16.94974034,0.65327543
-8.50405081,16.65381528,0.61504604
5.66266528,15.16055760,1.19970711
-7.76162446,16.33252280,0.55985597
5.11030378,14.89643218,1.09155979
-4.46524160,16.32970303,0.69823857
-5.24452003,16.41111652,0.66009308
2.51215248,15.19587284,0.84784891
1.71548786,15.44494086,0.76966568
3.17886529,15.12924064,0.89486349
-3.53642815,16.36267240,0.71126308
0.89245154,15.68531313,0.71105576
-2.61987511,16.33048837,0.70284741
-1.71532240,16.24513982,0.68124072
0.04423123,15.91217334,0.67459947
-0.82483052,16.11763302,0.65803727
-6.04408643,16.44009559,0.62387236
3.82978490,15.05522200,0.95339789
-6.87714512,16.41470050,0.59079103
4.47140514,14.97689087,1.02000070
0.87886481,35.81662001,-6.08459903
-0.31758703,35.52145870,-6.16309658
1.92658683,35.71207121,-5.90963056
-1.56453205,35.20075242,-6.23591977
2.90686057,35.55717190,-5.74700471
3.83937262,35.34898609,-5.60854828
-2.87128832,34.86224772,-6.33147624
-4.25663694,34.51111749,-6.48946488
4.75449743,35.08612085,-5.50730966
-5.59466539,33.79183988,-6.55861596
5.50480569,34.29305124,-5.41019090
6.26452984,33.33344074,-5.44543557
-6.91066287,33.01523675,-6.72008433
7.08771293,32.23747667,-5.57356551
-8.21522302,32.19805833,-6.94685166
8.07193037,31.09764323,-5.71343451
-9.55848414,31.39016273,-7.25488854
8.49717634,30.39154005,-5.78211299
-10.09863929,30.86603028,-7.41962058
-10.68951003,30.37950111,-7.60758669
8.98674587,29.72874459,-5.83094844
-11.34908076,29.94314720,-7.81768819
9.55270022,29.11162686,-5.87201854
10.20220256,28.54001316,-5.91884961
-12.09329123,29.56207455,-8.03884751
10.29325903,27.59629026,-5.94609989
-12.26310244,28.78345248,-8.14465605
10.43359061,26.68769616,-5.99432706
-12.48004198,28.02683389,-8.26742268
10.61287413,25.80616097,-6.06004418
-12.73385151,27.28152550,-8.39462702
-13.01334477,26.53974024,-8.51065308
10.81113969,24.94265166,-6.13324783
-13.20716891,25.49257549,-8.55570788
10.87250699,23.77391542,-6.17586884
-13.43643598,24.44992837,-8.55512080
10.91965049,22.63554227,-6.21194622
10.95986229,21.53426739,-6.24609186
-13.71591796,23.41336796,-8.53385076
-14.06379242,22.38559704,-8.53065506
11.03483648,20.49107770,-6.29183006
-13.97801915,21.58703306,-8.44784707
10.74524821,19.75408657,-6.30334129
10.52731702,19.04975017,-6.34281434
-13.94345885,20.80713986,-8.37430697
-13.94132253,20.04169986,-8.30672928
10.38124443,18.37376790,-6.41018409
-13.95344505,19.28757046,-8.24842929
10.28400096,17.72962437,-6.48359099
9.68506402,17.43849648,-6.44434223
-13.36011363,18.90640630,-7.98683146
-12.82435501,18.53453066,-7.77501752
9.16198392,17.18812535,-6.40664735
8.69563796,16.96724719,-6.37009490
-12.32705430,18.17243773,-7.61232636
8.27075745,16.76390443,-6.33391033
-11.85459223,17.82389330,-7.49045652
7.49185836,16.73484027,-6.22920888
-10.91697255,17.60718904,-7.25864699
6.76521259,16.73457026,-6.13164520
-10.00056708,17.47128948,-7.07577845
6.06082382,16.72029318,-6.05645100
-9.10051516,17.37340997,-6.94045481
-8.21383972,17.27940328,-6.85626267
5.35733686,16.66144491,-6.02052686
4.62059876,16.72997713,-6.01219754
-7.29073685,17.36340020,-6.79095270
-6.38613938,17.40917473,-6.75860276
3.87649073,16.75390131,-6.04165531
3.12315728,16.73553667,-6.10261427
-5.50796265,17.39640052,-6.73952366
-4.65947500,17.31212053,-6.72361369
2.35874662,16.67913226,-6.18795048
1.49121384,16.88727256,-6.24012837
-3.70852555,17.44132399,-6.64012965
0.63283123,17.06318790,-6.29792670
-2.80114492,17.47262005,-6.56294155
-1.92661895,17.41894851,-6.49355993
-0.21820577,17.20267459,-6.36146028
-1.07063593,17.29686967,-6.43280085
